1118524524599881728
1118522261957435392
1118520317356302336
1118519461571694593
1118518862931218432
1118517167350112256
1118516354414518273
1118514944864063488
1118513221860720643
1118512455053979649
1118512038513393665
1118511915423158272
1118511350605594625
1118509913909661696
1118429954298060801
1118429024626278401
1118427379117056000
1118426944473915393
1118426602038120450
1118425785180872704
1118425781347082240
1118424693277638657
1118424603922137089
1118423787442196480
1118423615878434817
1118423193751052288
1118422398309740544
1118422178612031493
1118422124522242049
1118421520957812736
1118421173941960704
1118420951044169728
1118420265048866816
1118420108530135040
1118418289993162752
1118415123004235776
1118634332602630146
1118634280572395520
1118634265233756165
1118634150469173248
1118634146308423681
1118634104340324352
1118633939596382208
1118633926413701131
1118633797778591744
1118633760747028480
1118633670573740032
1118633624679723013
1118633416788983810
1118633375017906177
1118633268910407680
1118633250434555904
1118633233581838336
1118632946393653251
1118632886280826881
1118632819822137345
1118632747671719937
1118632607292493825
1118632587591864320
1118632536333344768
1118632531446902784
1118632324873248770
1118632247027015680
1118632209295073283
1118632060078493696
1118632054344777728
1118632007343517700
1118631972052656129
1118631909599346688
1118631647258316802
1118631615524110338
1118631576487829504
1118631500457684992
1118631453305253888
1118631374607532032
1118631374322319364
1118631364880928768
1118631327115481088
1118631242117857280
1118631156721881095
1118631058411540482
1118630801334312962
1118630745189376000
1118630528121561090
1118630491693944834
1118629805375860736
1118629789722714112
1118629725595893760
1118629605794041857
1118629581836230656
1118629487460143104
1118629433127178241
1118629326323421185
1118629155682365442
1118629119284084741
1118629071842361345
1118628868171214849
1118628609118416896
1118628324320923654
1118628245535109125
1118628199523655680
1118628068288024576
1118628062969700352
1118628050978078720
1118627983307231238
1118627361300340736
1118627244065341440
1118627144945602562
1118626926711721985
1118626822265155586
1118626807362801666
1118626656430768128
1118626319686938629
1118626210412679169
1118626151503728647
1118626142167154691
1118626140615319554
1118626138954391554
1118626028694458370
1118625997455351808
1118625860477755392
1118625859391361031
1118625801644191751
1118625748376539136
1118625745130196993
1118625726394183680
1118625610375532546
1118625495074185217
1118625135781711872
1118624939089825792
1118624904818118664
1118624865051979777
1118624861717520385
1118624859314098177
1118624832692850688
1118624814137266183
1118624736261607424
1118624699360083969
1118624575468777472
1118624468224675841
1118624450054885376
1118624361714520068
1118624311642873856
1118624281745928193
1118624271113306112
1118624130570620928
1118624095611047939
1118624031685607424
1118623902736031750
1118623835408994304
1118623763887722496
1118623754727448576
1118623750126219266
1118623712339791872
1118623613551370242
1118623605565345792
1118623458131423233
1118623308705161217
1118623307648110592
1118623284755668992
1118623280045408257
1118623198164209664
1118623085035499520
1118622967976607745
1118622797503389698
1118622789827813378
1118622763135250435
1118622731963129857
1118622630561681409
1118622598856945664
1118622290474938370
1118622269838897152
1118622250998038528
1118622143691022337
1118622140536950788
1118622087734878208
1118621999574786056
1118621892200542209
1118621789037449216
1118621771069104129
1118621739116834816
1118621726143913984
1118621708469055488
1118621632933912576
1118621583680131072
1118621485214646280
1118621245141082113
1118621238128197632
1118621013913239553
1118621013401587713
1118620996678950914
1118620861332893703
1118620802230956032
1118620744831913984
1118620563294097412
1118620552770523138
1118620150037655555
1118619999508336640
1118619862673260544
1118619773724778496
1118619528475242497
1118446132101705730
1118446129174028293
1118445812244074497
1118442726222024705
1118441364490833921
1118441316050972673
1118440851938529283
1118439984569159680
1118439694998495233
1118439521857822720
1118437733452718080
1118436293426450434
1118433199036567552
1118477233813950464
1118474796470116352
1118474446661214208
1118473694966353920
1118473680747663360
1118473657133744128
1118473093620617218
1118472296753135616
1118471213897134085
1118468580444639232
1118467354797563905
1118467197242880000
1118466897010397184
1118465486176575488
1118327269213208576
1118325417151090694
1118315615389929473
1118315599485120513
1118508413250445317
1118507897808465920
1118506953041428480
1118505187776319488
1118503880394977280
1118503195347693569
1118502974500810752
1118501895923019776
1118501287149088768
1118501225887145985
1118501090717241344
1118500675686674432
1118500602059870208
1118500133124157440
1118499600606699520
1118499419694030850
1118498398091599873
1118498225265180672
1118498121099747331
1118497543749607424
1118497391676657665
1118497219294965767
1118497180170563587
1118496766746406912
1118496385316401152
1118496229338513409
1118494383110860806
1118494301737164800
1118493958282330112
1118492892560019461
1118491758751559681
1118490737744777218
1118490065242443777
1118488559726493696
1118485782983888897
1118485554801336320
1118482678926516224
1118480245131304960
1118480056177897474
1118479897004007425
1118479155618824193
1118478826642788354
1118461963862990848
1118461461859381248
1118461169130516480
1118460142658437121
1118460044696096768
1118460023422824448
1118459149879336960
1118458572319248384
1118458141170130944
1118456450941095936
1118456013277937664
1118454851929767936
1118453251307970560
1118452598435209216
1118450700508381185
1118450552805969920
1118449136720842753
1118447496349356032
1118447494659289088
1118376912466919424
1118602196969504769
1118601532277002240
1118599625009553410
1118599277683650565
1118598603885424648
1118598084123144192
1118597056237453312
1118596655844958208
1118595232478703618
1118595069278347265
1118594917008400385
1118594605015023626
1118593854603767815
1118593628228681729
1118593386947260419
1118593069287464960
1118592085777473536
1118591390450057217
1118590629053964290
1118590410736193538
1118589233164275712
1118589098384666626
1118588611836952577
1118394730658836480
1118393990196412416
1118390732660912128
1118390107550179328
1118388934319509504
1118387807402246144
1118384958744166400
1118555547756892160
1118555361966022656
1118555184446226433
1118554729632526336
1118554545947316224
1118554375956434944
1118554068492988416
1118553957578760199
1118553842952679425
1118553804163751936
1118553335534116867
1118552349943971840
1118551249023053824
1118550935687585795
1118550303874396161
1118548870005514242
1118548820432949248
1118547631519731713
1118547472798949378
1118546781896347649
1118546754889232385
1118545912400416769
1118545515862323200
1118545341987606528
1118545184919302144
1118542993869422602
1118542050524389377
1118541638895271937
1118541293272088576
1118541192965296128
1118541025058926593
1118359440355414017
1118357931781709825
1118351546113073152
1118345441412829184
1118619107967029249
1118618944758218758
1118618128030863368
1118617871528099840
1118617677294030849
1118617586420396036
1118617407910752256
1118616409137975298
1118616208650190848
1118615514337693697
1118613958515154944
1118613753531121664
1118613170644500483
1118611033285976064
1118610462080413696
1118610132806635521
1118609085069516800
1118608986029416449
1118608428610486274
1118607834394927104
1118607760822816771
1118606955717779456
1118605725452963840
1118605666866749440
1118604792052486145
1118664957653082112
1118664804112195585
1118664715427811328
1118663963259150336
1118663598732120073
1118662741462593542
1118662630921658368
1118662492501233664
1118662314381729792
1118661090802655233
1118660882349940740
1118660585598717953
1118660265124487168
1118660121020764161
1118660066385829889
1118659447759544320
1118659227038486528
1118658877636083712
1118658838360723459
1118658332263370752
1118658009478070273
1118657946253008897
1118657818352148480
1118657702081761281
1118657613380636672
1118657003088416775
1118656973082435587
1118656748561289217
1118656669465100294
1118656384386699264
1118656215771439110
1118656131923087360
1118655975718830080
1118655862090891264
1118655742356197378
1118654621839446016
1118654567103762432
1118654329370574849
1118654265688457223
1118654184495230976
1118653506590859264
1118652975390625798
1118652644963364864
1118652304788422656
1118651548035354625
1118650900292218881
1118650738849329152
1118650704879423488
1118650534767079424
1118650205338054659
1118650085812908032
1118649908779716608
1118649597759492096
1118649183815307265
1118649110641500162
1118649025102790658
1118648667559403520
1118648400658993153
1118648386842918913
1118648247495667712
1118648004142092289
1118647582174208000
1118647516675883008
1118647397796782081
1118647371649306625
1118647360949760000
1118647281308315665
1118647277319536640
1118647041800982529
1118646976864759808
1118646948146364416
1118646860703510528
1118646789547147264
1118646692562313221
1118646640276070401
1118646248809148417
1118646225643941890
1118646189975580672
1118646126041808896
1118645980818284544
1118645932927672320
1118645910916018176
1118645883602599936
1118645859867082752
1118645749175263232
1118645425051979777
1118645282395295747
1118645206528618497
1118645111133544449
1118645096176586753
1118645082595500032
1118644994410188801
1118644981462446080
1118644760384765957
1118644730106195968
1118644238462402560
1118643982601469952
1118643967061524480
1118643708717617156
1118643628023402499
1118643589892976641
1118643138204188673
1118642906020155392
1118642775174594560
1118642746921816064
1118642709823094785
1118642703045152769
1118642678713995264
1118642651564257281
1118642468315181056
1118642429677187077
1118642320491069446
1118642215323086848
1118641681694437376
1118641641928179717
1118641640766414849
1118641615025987589
1118641485442879488
1118641419068039169
1118641202167939072
1118641178814099456
1118641016112914438
1118640840870629376
1118640756787380224
1118640630366793729
1118640278594887681
1118639648593653760
1118639496176783360
1118639468989353985
1118639360382001157
1118639086057730050
1118639039291305986
1118638804850618368
1118638696679510017
1118638668602802179
1118638526789312513
1118638213113970689
1118638121279610880
1118637765309153281
1118637530600103937
1118637396940267521
1118637272465838081
1118636953895866370
1118636940784472064
1118636539737718790
1118636463883784192
1118636306781876225
1118635768816316419
1118635637089894400
1118635468017610752
1118635318599725056
1118635064319971330
1118635037463863296
1118635032749445123
1118634930316152834
1118634811332202496
1118343710847246338
1118341227945107456
1118339488072310784
1118337379654406144
1118334397500067840
1118334286677954562
1118334104716697600
1118333301733904386
1118332962964156417
1118332523552092161
1118331847581163520
1118586654514667525
1118584636471422981
1118583482635022336
1118582733343723520
1118581449765150721
1118579969624461312
1118579781056987136
1118579476730978304
1118579335886192643
1118579255296897024
1118577858602053632
1118577750061801472
1118577569362776078
1118577563696234502
1118575326383280135
1118574821175066624
1118574259083853825
1118574213483380737
1118570746001936384
1118570199345717249
1118569598914301954
1118568703543717888
1118567696545665024
1118565555437494272
1118565006197633029
1118564738328399873
1118564544002121728
1118563948666728448
1118563768240365575
1118563148456394754
1118559503560204288
1118559334718267393
1118558609711878144
1118558283248304128
1118557567469408256
1118557300229320705
1118557286597844993
1118557209489702913
1118556137736085508
1118556021205680130
1118308629403394049
1118307031096733696
1118306378735427584
1118303212493316096
1118539723629367301
1118539318312734720
1118538864161959936
1118538857388150786
1118538282860711936
1118537773055651841
1118537404795772928
1118537189367984128
1118536982790062081
1118536254197518336
1118536131350597633
1118536024618098689
1118535531141435394
1118534362616692737
1118533664051277824
1118533466650488840
1118532431588528129
1118529790133309440
1118529257230225409
1118527204416266241
1118527137856851971
1118525286969167872
1118525184347127808
1118525120631517185
1118524985281339392
1118524666052841474
