1132235804057772032
1132234936281423872
1132234839128727552
1132234261992562688
1132234049953705984
1132233994710454273
1132233926645301249
1132233740200108032
1132232718065033216
1132232253239693312
1132231703655796737
1132231435270709248
1132231344132632576
1132231072043982850
1132230856389595136
1132230777394081792
1132230616596877312
1132230421092143104
1132230302611451905
1132230273830146048
1132229652666343424
1132229330162061312
1132228722004770816
1132228325991243776
1132228230356725760
1132227454855200770
1132227344192745472
1132226897398648833
1132226477670445056
1132226316948910080
1132224656122044424
1132224422041939968
1132224258879442945
1132224213853659136
1132223762189946881
1132223216112623616
1132222950638215168
1132222875145003008
1132222659452739584
1132222613487534080
1132222465332174849
1132220908058419202
1132220770212622337
1132220741837918209
1132079086011072512
1132079054113218566
1132079023012667394
1132078952888115200
1132078496564613120
1132078233036283904
1132077896271400960
1132077533095239680
1132077114478473222
1132076788258148352
1132076534037123073
1132076126589743105
1132076014992015360
1132075604453527552
1132075016772759552
1132074988721397761
1132074808362098690
1132073967924129793
1132073795856916482
1132404430236725251
1132404191555674112
1132403038474387457
1132402914708926464
1132401936345358337
1132401924026904583
1132401149208932352
1132399972274581504
1132399789667168256
1132399746138693633
1132399486884622336
1132399132092588032
1132398142605996032
1132397365749379072
1132397099990114305
1132397076564905984
1132396884432175104
1132396602549821440
1132396136008962049
1132396010351812608
1132395983353057281
1132395592490061825
1132395306895724544
1132395293381734401
1132395154290044929
1132395089718906886
1132395015559405569
1132394555775623169
1132394431208800256
1132394245891825664
1132394217236340737
1132393929603788801
1132393847084994562
1132393403843600385
1132393338366255104
1132393285568421890
1132393268598075392
1132392875713540096
1132392773322235904
1132392585010532352
1132391799522304001
1132391784569593858
1132391662406295557
1132391296046387200
1132391011664257024
1132390531907112960
1132158294624223232
1132158265599696896
1132158205931315200
1132157831824793601
1132157688480239616
1132156696472637440
1132156434567897088
1132155690968125440
1132155403314388993
1132154764563587074
1132154665812914176
1132151630944722945
1132150383785021440
1132150256718663680
1132148528388726784
1132148271898513408
1132148115127930880
1132143619362775040
1132143423064924160
1132143380643889152
1132109779302617090
1132109298551709696
1132108680873283584
1132107861004312577
1132106654168825856
1132106052412092418
1132105860044525568
1132105021531787264
1132105004968566790
1132104239436713984
1132103952198197249
1132103805930225664
1132103727890993152
1132103473972097026
1132102859917594624
1132102023858524160
1132100176275955713
1132099762864320512
1132099684254801920
1132099563945365506
1132099460992053249
1132099437260488704
1132098851488317442
1132098162980806657
1132098128088322049
1132096888507781120
1132095755311652865
1132095729885827072
1132125282704482309
1132125172222300161
1132124296661352448
1132123382022049792
1132123291462885377
1132123103813873665
1132122735394430978
1132122607392821248
1132122175232774144
1132122079640244224
1132121865504399360
1132121045983481862
1132120067364315137
1132119868076171265
1132119600252854272
1132119440391196673
1132119277887057921
1132119210295881729
1132119145649037314
1132118207697866753
1132113184658141187
1132111763112177664
1132111550335062017
1132111342264049664
1132281516556521473
1132281200163397634
1132281012661235719
1132280966750310402
1132280829680529409
1132280796629413888
1132280672754765824
1132280504265396226
1132280482371125253
1132279601475067904
1132279350416617473
1132279291583127552
1132279182933843968
1132279067577917440
1132278929656635392
1132278297126219776
1132278185901658114
1132277042957963266
1132276853010567168
1132276846933041152
1132276432292290561
1132276001088638976
1132275899607519232
1132275497726095362
1132275372907745283
1132274929746022401
1132274921214742528
1132274792512532482
1132274719418474496
1132274572944977920
1132274395383250945
1132274205523873792
1132273831782027264
1132273771354759169
1132273575119998977
1132273480404275201
1132273173700009984
1132273099003637762
1132272901695131648
1132272769977192448
1132272552477372418
1132272504909815808
1132271627054473217
1132271590178283520
1132271496758534144
1132271312708227072
1132270979504381952
1132270940736376834
1132270766626680833
1132269898820771840
1132269675524644870
1132269057204465664
1132268477333540864
1132267840004939777
1132267779669798912
1132266954721566721
1132266724823306240
1132342855404359681
1132342199331545088
1132342181623160835
1132341812469870593
1132341515689312257
1132341242187198464
1132341145978245127
1132340909230690304
1132340727244120065
1132340298456084480
1132339736281014272
1132339385268097024
1132339356897808384
1132339279177420800
1132338838842630146
1132338147973619712
1132336795796959232
1132336253549142021
1132336171302948866
1132336024825356288
1132335585723592705
1132335487648174083
1132335476109664256
1132335327836803072
1132335256214921218
1132335192625111040
1132335125520420866
1132335045979586560
1132334824885297152
1132334816920317952
1132334217315201024
1132333968563539968
1132333669266415618
1132333583560056832
1132333444435009537
1132333361622597632
1132332920742580229
1132332751619858432
1132332707877404672
1132332677716037632
1132332518424895489
1132332420299149313
1132332197992701954
1132332183526477826
1132332130074267650
1132332012742893573
1132331946028216320
1132331169759023105
1132330880473681920
1132330258005397505
1132329311464251392
1132328895825494017
1132328739738652673
1132328653625409537
1132328499312766981
1132328463988396032
1132328335089000448
1132327855893803008
1132250999463264256
1132250493672144896
1132249152077873152
1132248341507481601
1132246172524007425
1132245269314191360
1132244859425828865
1132244756728307712
1132244292645380098
1132244050596253697
1132244032309092352
1132243859260542976
1132242886458781696
1132242507465728001
1132242113507266560
1132241912197459969
1132241837224153089
1132241828902838273
1132241624581451781
1132241580612608000
1132241124368822273
1132240515372658688
1132240346400919554
1132240001524277248
1132239813644570624
1132239702793302024
1132238666905071618
1132238446259527685
1132238120307646465
1132237098029731841
1132236587310473216
1132190004946526208
1132189864915537920
1132189066387173376
1132188233381666817
1132186727433605120
1132184655359123456
1132184520801886208
1132184228588904448
1132183892356681733
1132183753957285888
1132183638399889409
1132182638524096512
1132181913333043202
1132181780386242561
1132180973171478528
1132179743745331200
1132179106244714496
1132178861184212993
1132178518937354240
1132177884733427718
1132177495338442752
1132176993968152578
1132176617797636096
1132176252167696385
1132175746921836544
1132175720900227073
1132175673756409856
1132175595855441920
1132174923563249664
1132358175934623744
1132357874221502464
1132357754214113281
1132357252650807301
1132357065647841285
1132357029207642117
1132356781009711110
1132355867465125893
1132355817213255683
1132355377025167360
1132353755440209920
1132353672208355329
1132353556206559232
1132352928990281728
1132352568737222656
1132352555915403266
1132351697261666306
1132350177833037825
1132350098661232640
1132349849549123589
1132349254595485697
1132349106859339776
1132348548643741696
1132348425448689664
1132348298428407809
1132348047336366081
1132347836228460544
1132347282819551234
1132347282618060800
1132346875946967041
1132346458735226882
1132346359644925955
1132346116719222784
1132346084406251520
1132346066257498113
1132345797817901056
1132345714657382400
1132345373207552000
1132345370636410881
1132345023998119936
1132343244157796354
1132343136942940160
1132435469432631296
1132434627002609664
1132434516067397632
1132434086113337344
1132433792331726851
1132433727072677889
1132432151742472192
1132431993126477825
1132431463838883841
1132431225593958400
1132431197173420034
1132430607638831104
1132430507600490496
1132430171359916033
1132429653447200768
1132429615891271680
1132429573503606784
1132429372504379396
1132429006723325954
1132428990755561472
1132428764795822085
1132427771576238080
1132426737445249024
1132426718680178692
1132426224725372928
1132425484472655874
1132425230088134662
1132424074213257216
1132423451413815297
1132423264146477056
1132423010147799041
1132422746850381824
1132422172205572103
1132422038046556160
1132422000079777795
1132421085260001281
1132420848810430466
1132420412711886848
1132327455031738368
1132327377344880640
1132327364518645762
1132327073283022849
1132326889601818624
1132326695539761153
1132326427133714433
1132326310246834177
1132326189086007296
1132325634477314049
1132325456219398144
1132325356025864192
1132323811465072642
1132323485081133056
1132323128200368128
1132323011854577670
1132322993823244288
1132322622212067328
1132322312013979651
1132321932693651461
1132321697862955013
1132321649641086978
1132321386775683073
1132321378009587712
1132320826605355008
1132320554550218752
1132320402191994880
1132319899001528321
1132319843527602177
1132318654211743744
1132317985312583680
1132317885496483846
1132316797317857282
1132316440667803649
1132316050610106369
1132315435951677440
1132315317332520960
1132314841635545090
1132314753098047489
1132314700589490178
1132314392735997952
1132314305897127936
1132314148082262016
1132313628022059008
1132313525886554113
1132313303882117120
1132313143189938176
1132266361768615936
1132266291514023936
1132264221570490369
1132264122408738822
1132262632252223488
1132262520226549760
1132261711602421765
1132261570417954816
1132261528902619136
1132259267392806912
1132259020423741440
1132257245176258562
1132256946827005953
1132255320414146562
1132254901755666433
1132254852933935104
1132254193199210496
1132253941192904705
1132253811173552128
1132252658994012160
1132252480623009792
1132251931391299584
1132251694048468993
1132251313419444226
1132205279167242240
1132205218773573632
1132205212872183810
1132205212037394434
1132204623039795202
1132204492060078080
1132204032984985600
1132204020989399041
1132202237889896448
1132199290619801600
1132198508801323008
1132198086242066432
1132197725108396032
1132197172383035392
1132197065507909632
1132197046516166656
1132196678033903616
1132196575873261568
1132196548832448512
1132196433912745984
1132196414828765185
1132196366397181953
1132196227846672384
1132195870278078464
1132195437098754048
1132195253610352640
1132195218915151873
1132194845584371713
1132194427462664192
1132194320054775809
1132193793367773184
1132193733552873473
1132193639751331841
1132192260274184192
1132192094624387072
1132191538627457029
1132191258724560898
1132191120782516224
1132191062162903040
1132191046870425605
1132142900521951237
1132138543541760001
1132138219435364353
1132138148992040960
1132137751661252608
1132136794139402241
1132135032796196864
1132134111609442305
1132133404621729792
1132132202752249856
1132131936871301120
1132128864551878657
1132128236329218048
1132127946859274241
1132389036075696128
1132388979070951425
1132388773214457858
1132387803629793285
1132385982240706560
1132385742825631750
1132384951251423232
1132384374291402753
1132384359862984706
1132384057415938048
1132383396133576711
1132382298308042754
1132380838069456897
1132380731630587906
1132380582011441152
1132380169908436997
1132380034000412673
1132379497448300550
1132379307203092480
1132377576574468096
1132377245073530880
1132377197040115713
1132376514367053824
1132375743797841921
1132375594145144832
1132375265554915328
1132375083693907968
1132374941708500992
1132374906887385088
1132374888277266432
1132374839002652672
1132374537553686528
1132374502258741248
1132174110145110016
1132173006191583232
1132172935693709312
1132172121352785921
1132171209188270080
1132171156419534849
1132170362383421440
1132170201410228224
1132170124876759040
1132170040382328835
1132170002872918016
1132169989983821824
1132169521765191680
1132169380836646912
1132168665821044736
1132167816906498048
1132167650753355776
1132167244576940032
1132166784554024961
1132165886494879744
1132164690132512768
1132164594204647425
1132164463035994113
1132163257429569536
1132162430086393856
1132161897992736768
1132161886558932992
1132161885502156805
1132161433095925762
1132161058221776896
1132160751479738370
1132160407672635392
1132373448850694144
1132373124069171200
1132372891134304256
1132371414928023557
1132370811510247424
1132369857889132552
1132369837446049792
1132369088733425667
1132367938944548864
1132367739333611521
1132367082388152320
1132366793924857856
1132366084819095552
1132365770405498880
1132365731948105729
1132365081625280513
1132365060389724160
1132365004936744961
1132364804344156165
1132364556813197312
1132363926296043520
1132363866376232960
1132363787103809536
1132363375843921925
1132363034935123974
1132362653144248320
1132361892243156992
1132361883640565760
1132361178875699200
1132360784867205120
1132360782971375617
1132360228790579206
1132360098268012544
1132359885167955973
1132359764682465280
1132359628141027329
1132359265782517762
1132358616466513922
1132358462984327170
1132296736813256704
1132295883108827137
1132295517550055425
1132294043189350401
1132293896225079296
1132293626145452033
1132293125186215938
1132293047574601729
1132292410317443072
1132291946683277314
1132291722912894977
1132290953874759682
1132290899004841985
1132290639578615808
1132290628753207296
1132290394140676097
1132290006800883712
1132289918565322752
1132289827955793921
1132289824730353664
1132289558492667904
1132289518931857409
1132289378632388608
1132288899324235776
1132288777571975168
1132288589323223041
1132288208178360321
1132288038678278145
1132288003403993088
1132287934462398465
1132287777045749760
1132287428440596480
1132287408966234113
1132287247338885122
1132287189965053953
1132287149259100160
1132286535716335619
1132285732452732929
1132285578022670337
1132285509923950593
1132284917835030528
1132284704999268352
1132284498266284043
1132284329868980234
1132284209878491141
1132284037635219456
1132283898052919296
1132283653554364416
1132283513137508353
1132283439191871490
1132283061972942849
1132282694619025408
1132282603346776064
1132282480571101184
1132282424187080704
1132282400606760966
1132282171639631872
1132220666252599296
1132220499294076928
1132220286458138624
1132219866310561792
1132219715814797313
1132217420792209408
1132217258959355909
1132217191561158656
1132217115438534656
1132216355321573376
1132216047065608192
1132216043064123392
1132215741636173824
1132215350710480898
1132214937760206848
1132214694255693824
1132210901480890368
1132210876197457921
1132210120044228609
1132209626680893440
1132209582363815936
1132209335713587200
1132208934792630273
1132208473947693057
1132207873042341888
1132207807447654401
1132207382287847424
1132206886412070912
1132206643897339904
1132206521406746624
1132206041641508864
1132205808287199232
1132419567286927360
1132419297203105794
1132418531763589120
1132417978237181952
1132417052239630337
1132416584885121025
1132416341581938688
1132416235180896256
1132415992179646464
1132415455413465089
1132415209451208705
1132414967326621696
1132414023520202752
1132412873215533056
1132412567467503621
1132412003686014977
1132411671857836037
1132410059135356928
1132409541948260355
1132409335169077249
1132407848443363328
1132407726649298944
1132407621921726469
1132406824378994694
1132404889399812098
1132094353793589248
1132093393784455168
1132092452909793280
1132092209103233024
1132092145236697089
1132092120888729600
1132091992027074561
1132091829753700352
1132091040977031168
1132090202887995393
1132089948839006208
1132089891603582979
1132089552804417537
1132089472718446599
1132089429768712193
1132088793736122374
1132087813976072192
1132087488418394112
1132086983671599104
1132085616886341638
1132085202912763904
1132084375363956737
1132083506132213760
1132082660438945792
1132082530272759808
1132082264303706112
1132081435567960066
1132081278851964930
1132081271402840069
1132081235499655169
1132080830636072960
1132080659026108416
1132080656836636672
1132079517005230080
1132312191892426754
1132312027697950720
1132311457482231810
1132311085154013184
1132310896510873600
1132310807256023040
1132310477063770113
1132309775683870725
1132309771820904448
1132309677415501824
1132309675725197312
1132309620645683200
1132309266893869058
1132309088128229376
1132308999578247168
1132308629351276544
1132307690124992514
1132307513708294146
1132307282472120322
1132307156823367687
1132306492499980289
1132306118892564485
1132305638409814016
1132305620873428993
1132305597842513920
1132305528724578309
1132305209710055426
1132305105863217153
1132304340499279872
1132304211461283840
1132304179626532869
1132304066535665669
1132303625571774465
1132303251125280768
1132303087094251521
1132303076646371328
1132303051606372352
1132302819233542149
1132302784278274049
1132302759338958848
1132302571367010304
1132302349039472642
1132302090070568960
1132302071296712704
1132300995336314881
1132300644755263489
1132300615269408768
1132300608466247680
1132300148137242625
1132299897414311937
1132299893006131201
1132299885682647040
1132299672633118721
1132299321959997442
1132299114690109440
1132299073011294209
1132298134439243777
1132297874555977728
1132297392580177922
