1154747728452313088
1154746659261296641
1154746385809510401
1154745787450089473
1154745441029885952
1154745383861530624
1154744403946291201
1154743434676264962
1154742463371927552
1154742351178489856
1154741980028706818
1154740290856587264
1154739794141995017
1154739417849819137
1154739192821407744
1154738716113547264
1154737018494214145
1154736980632264704
1154736555950522369
1154810424472330246
1154810370105794561
1154810087376134144
1154809914231021568
1154809840910446592
1154809824649064448
1154809584202260481
1154809545597902848
1154809138041511936
1154808713108234240
1154808600218484736
1154808587312607232
1154808226249973760
1154807774578204672
1154807255847636993
1154807239636639745
1154807115959152641
1154807078072045569
1154806530031665153
1154806435835981824
1154806387957833728
1154806039457357824
1154805786595528704
1154805738331660288
1154805718740025345
1154805613664190464
1154805514116698112
1154805316955103234
1154805268963663873
1154805248357228545
1154805143398862848
1154804785868091392
1154804753437609984
1154804738027900929
1154804701709266944
1154804686370811910
1154804514622513152
1154804440215543808
1154804421689319425
1154804229678256134
1154803960814981122
1154803643851427840
1154803579024269312
1154803362703060993
1154803162290765828
1154803068954959878
1154802959202471936
1154802572110323717
1154802526975221760
1154802283806412800
1154802148250550272
1154802133532848129
1154801982927966208
1154801879378997256
1154801801104953344
1154801784759754758
1154801410560552960
1154801367606804480
1154801212103057408
1154801110542147584
1154800608328769537
1154800585956364288
1154799680489791488
1154799678216556545
1154799516178092033
1154799257234432000
1154799169816715267
1154799040892211202
1154799000400404481
1154798978791333889
1154798846779764736
1154798672900689920
1154798577543258112
1154798045386723329
1154797813563310080
1154797577688293376
1154797540853858304
1154797470137966594
1154797390844616707
1154797360167342080
1154796970315304960
1154796954569912322
1154796725477019648
1154796672200974336
1154796467778936832
1154796439488335874
1154796060105170945
1154796047719440385
1154796023438610433
1154795924905955334
1154795601013481472
1154795599851659264
1154795399342886912
1154589501441884161
1154587653855240197
1154587574620557313
1154587511307550721
1154583247193554945
1154581328559529984
1154580368629964800
1154579775559589888
1154577037295849479
1154575972114370560
1154685397722685440
1154684351982067712
1154683249777696768
1154681346733858816
1154679311154237440
1154678493717753856
1154677510715707392
1154677325688168449
1154676922439237632
1154676175719084032
1154675975826870273
1154673671899930624
1154636717925777408
1154636710086696960
1154627895349800960
1154627078672801792
1154627003800141824
1154624513579081728
1154624154076884992
1154622374404341761
1154903835183321088
1154903756762472448
1154903675942461440
1154902255637860355
1154901217438359553
1154901131409186816
1154900447733436416
1154899113277894656
1154898891491500033
1154897731929825280
1154897687134650369
1154897388483403776
1154897178931978240
1154895854194454529
1154893713140867077
1154893705138057216
1154893072465051648
1154891974232682497
1154890709771718657
1154889634217771008
1154889513455554561
1154889345658163201
1154889299738804224
1154889292654751745
1154889183842000896
1154778962914172929
1154778151278522368
1154778126649450496
1154778095770988547
1154777859241721861
1154776822808289285
1154776215510835200
1154774284620877825
1154774063115640833
1154772954921615360
1154771300403077121
1154771279767134210
1154770079634067456
1154769943327576064
1154769170644516866
1154769136242909184
1154768448574185472
1154768138921283584
1154768050954129409
1154767578977525762
1154767008594051072
1154766927710961665
1154765494655651841
1154765186814947329
1154764207075860481
1154604827026108416
1154604772525334530
1154604735871246337
1154602187860955136
1154598814386479104
1154597855874695174
1154669818257248256
1154669436470734848
1154669107754733570
1154664996871258113
1154664843548463104
1154664742293770240
1154664529512620034
1154663928338767872
1154663607789084673
1154662671129575424
1154661414855835648
1154660804215627776
1154660403097378817
1154659441062699008
1154659122614157313
1154658191365550080
1154657681581510657
1154656982223216640
1154656923507142656
1154656008331022336
1154888499583246337
1154887869111996416
1154887613830062080
1154886582266212352
1154886516042108928
1154886110100803586
1154885613482577922
1154885577579356161
1154884946563076097
1154883939384864770
1154882549342253056
1154882492412944384
1154882368903270408
1154881514359939072
1154881201934667780
1154881180958744576
1154880976742420480
1154880933729726464
1154879898160377857
1154879367731908609
1154879070011842563
1154878695124942849
1154877405112283136
1154877339140075521
1154877229689638912
1154877097460076544
1154876742026301440
1154876342661459968
1154876235278888962
1154875929572851721
1154875350163214337
1154875178037456896
1154874122775801856
1154874051212521473
1154873991481495552
1154873449120194560
1154763335960686599
1154763091260903424
1154762324344860673
1154762296167714816
1154762274718044161
1154762266069409792
1154761549371678721
1154760605997441026
1154760445322043392
1154760172214149120
1154760021407916034
1154759607127953408
1154758942964232194
1154758607197618177
1154758537467314176
1154758536083230720
1154758534694932482
1154757797399224321
1154757435246051328
1154757381022244866
1154756935553470464
1154755550435008517
1154755466754482182
1154754652178698240
1154751963717865472
1154748389373988864
1154701433771458560
1154701064613924864
1154700403533144066
1154700321928765441
1154700111680802816
1154699861436129285
1154699852711956480
1154698163149778944
1154697680775536640
1154695953431109633
1154695851203268608
1154695017010749440
1154694416415809536
1154693134514888704
1154692928788467712
1154692870118338561
1154692734885781505
1154692278893461504
1154692078674284546
1154691740198199296
1154691359460089856
1154689940443357184
1154689389148168192
1154689208130269184
1154687175172247557
1154686898134245376
1154841128493047808
1154841023694200832
1154840961744363520
1154840695108059136
1154840606973337600
1154840551948242944
1154839875520090112
1154839862136201216
1154839733035573249
1154839482342023169
1154839465715752960
1154839278683340800
1154838496844099584
1154838287972032514
1154838098087313408
1154838055452368896
1154837637343186944
1154837508213157888
1154837000886919169
1154836638247346177
1154836390040997888
1154836114135326725
1154835800653271040
1154835757749682181
1154835377510895620
1154835344505880576
1154835011901829120
1154834609563152384
1154834405711646725
1154834336870539264
1154834079306698759
1154833842588573696
1154833486009774081
1154833392984309762
1154833338018017281
1154832751058706433
1154832292461731840
1154832277609832449
1154832196588453888
1154831934352003072
1154831918409682945
1154831709281628161
1154831542629425152
1154831508114485249
1154831223342161920
1154830811927064581
1154830787453132800
1154830706226298880
1154830541168005121
1154830497316528128
1154829875108339712
1154829728123162624
1154829655817510912
1154829592861007872
1154829529380249601
1154829335808921600
1154829069885804547
1154829019369607170
1154828901006417920
1154828832597323776
1154828141707309057
1154827538138447873
1154826993806036992
1154826472512729088
1154826315922624512
1154826114121863169
1154826004986093569
1154825852045201414
1154824916493115392
1154824852722855937
1154824682824183809
1154824115397824512
1154824043679408133
1154824026499497985
1154823744226877440
1154823654456344576
1154823473291644929
1154823410842779648
1154823299534209025
1154823198153891841
1154822989998907392
1154822977424371714
1154822847635890177
1154822845589065728
1154822808272326656
1154822398358589440
1154822383154470918
1154822358101712897
1154822304188260354
1154822223900958720
1154822111405514752
1154822031411728386
1154821938570829825
1154821765740290053
1154821630142689280
1154821604985073664
1154821602577539072
1154821602468491264
1154820704149237760
1154820572599201798
1154820263009300481
1154820071900024835
1154819802789294081
1154819766973943808
1154819455475752961
1154819448030863366
1154819229759131648
1154819085290655744
1154818536432427008
1154818469441024000
1154818201798283266
1154818071414149120
1154817994637369344
1154817951779962882
1154817921648091137
1154817779922550784
1154817720518619136
1154817677040467969
1154817204262789120
1154817159681458178
1154817004156571648
1154816886422540288
1154816462441373696
1154815950048374786
1154815949964492802
1154815472627519488
1154814988155883520
1154814290681040898
1154814209525309441
1154814071348375553
1154813941723357185
1154813645492301825
1154813476893876225
1154813438419451915
1154812384684445697
1154812294712516608
1154812004214956032
1154811941216563200
1154811918604853248
1154811743039905793
1154811438801854466
1154556994650615809
1154556217676587009
1154554895493664768
1154554334979481600
1154552022328385536
1154551428410535936
1154549989898510336
1154549282264928256
1154547982265651207
1154546525705400320
1154546301503041536
1154545967728717824
1154545700409085952
1154544726890037248
1154543639550279680
1154543299765706752
1154542971271995392
1154716714887761920
1154716487300583426
1154714554145869824
1154711240570224640
1154711227253362688
1154710349859491841
1154709125999316992
1154708016803041280
1154707954962243586
1154707717170302976
1154707543559745536
1154706207778598912
1154703799220654080
1154703126924091392
1154702938134081536
1154702550131757057
1154620251780407296
1154619078662918145
1154619070869848064
1154618923528048640
1154618899201179648
1154616059665760256
1154614149567041537
1154613313566851074
1154612674333986817
1154612103753453570
1154610782883106816
1154610448055975936
1154609825336217600
1154609512076251138
1154654063377735681
1154647142742540288
1154645236334891008
1154641658404909056
1154640383730753536
1154640191291871232
1154573045975138304
1154572607011901440
1154572095277453314
1154570731608563713
1154570299180048384
1154567376270061568
1154566371335757824
1154562699545776128
1154562380040290304
1154561245128712192
1154559043194773504
1154732160693297152
1154731714729525248
1154731651370541057
1154729544273682433
1154728889135931392
1154726039223848960
1154724334176485376
1154724042756128773
1154723699955650561
1154722682480615424
1154720985230299136
1154720898513027072
1154720497978023937
1154720328276303872
1154719683913719808
1154718628983578624
1154717652180447232
1154871650560561152
1154871646550818816
1154871494398361601
1154870949185040384
1154870922609876993
1154870319452024832
1154869708543279104
1154869606248529921
1154869089208172546
1154869086569897984
1154869021373685760
1154868804104667147
1154867715661803521
1154867711463305219
1154867538989395974
1154866881016279040
1154866849261113344
1154866833607888896
1154866810736525313
1154866649385897984
1154866563415269376
1154866419017945088
1154866323542949889
1154866072543289345
1154865908751458304
1154865889851924481
1154865815835029504
1154865643877019648
1154865356844032000
1154865137771143169
1154865137112666118
1154865136953200644
1154865136525385728
1154864974516445184
1154864954153021441
1154864539923636227
1154864391881445376
1154864275384676352
1154864125232783360
1154864045125713921
1154863753860714496
1154863279992463361
1154862983270608898
1154862947853905920
1154862681553326085
1154861987311960064
1154861846215766017
1154861576828137472
1154861003298889729
1154860782456332288
1154860720506494977
1154860686738108422
1154860468432977922
1154860213956165633
1154859555282661378
1154859495698444290
1154859483648188416
1154859402085617666
1154858702265933824
1154858627687243776
1154858162920579073
1154858074454159360
1154857636938092545
1154857556067721216
1154856938724872193
1154856576903262209
1154795181117513728
1154795167167262720
1154795136519475201
1154794997700579329
1154794806201212931
1154794723078561792
1154794676597252096
1154794478726725633
1154794469746708481
1154794331695472642
1154793964861644800
1154793906770448389
1154793493790900224
1154793467647811584
1154793330280140801
1154793280086913026
1154793228379525120
1154793070505922560
1154793023592529920
1154792965245689856
1154792936896376832
1154792451393183747
1154792385358028801
1154792255661563904
1154792215417434113
1154792078481809409
1154792043950067715
1154792027902631937
1154791858368761857
1154791856892448769
1154791799174696960
1154791749312765952
1154791380323057665
1154791199821193218
1154791040840343554
1154790731992764417
1154790631211970561
1154790396104302592
1154790212033228802
1154789601044815874
1154789510741397506
1154789415765663744
1154788928274219009
1154788924449021954
1154788641119621120
1154788526803881986
1154788334536814592
1154787754540244992
1154787744394219520
1154787344001699840
1154787326255673346
1154787210421518336
1154786731465441280
1154786530390659073
1154786335376465921
1154786171920060417
1154785844969869313
1154785610625949697
1154785290453749765
1154785222942220288
1154785047704231936
1154784996672049152
1154784963621003265
1154784935108141056
1154784429367152640
1154783899278553089
1154783781833908224
1154783156958060544
1154783098367807489
1154782473739522050
1154782407683379201
1154782203571769344
1154782054430781440
1154781729334448129
1154781723915444224
1154781454108438528
1154781210251550721
1154781085601021952
1154780411228237825
1154856383080206337
1154856368060456961
1154856226150211584
1154856041777176581
1154855952761286658
1154855795110158337
1154855794493546498
1154855666827182080
1154855193378512897
1154855183152664576
1154854919754657797
1154854835226677248
1154853824454103040
1154853780506255363
1154853732460441601
1154853495889170432
1154852866785521664
1154852547586379777
1154852352160960512
1154851640735932416
1154851350955679744
1154851296857341952
1154850438774235137
1154849725440581632
1154849451393146881
1154849404576239617
1154849248531361792
1154848877067067392
1154848518412132354
1154847845587070977
1154847337308676096
1154847204412219393
1154847202122043393
1154847199194505217
1154846946969960448
1154846918033457154
1154846389693812736
1154846052429762560
1154845797420294145
1154844630392983553
1154844475119874048
1154844263202676736
1154844252326780928
1154843470307168256
1154843270872281089
1154843089384742914
1154843038662955009
1154842986246598657
1154842969951952901
1154842741416837121
1154842604481273856
1154842451212951559
1154842288536936449
1154841712340193280
1154841563484315648
1154841410337693697
