1047951995489988608
1047951898354040833
1047951269015445504
1047950251695386624
1047950247773622272
1047949829484306438
1047949251878170624
1047949206831284225
1047947907478048773
1047946723157577728
1047946579192295424
1047946486326034432
1047945824758632448
1047945816202272768
1047945513067327494
1047945429038628864
1047943841804963840
1047943737165434886
1047942710240325632
1047941711706636288
1047941464779628544
1047941370214797313
1047941272277856256
1047940671066128384
1047940061822631944
1047939980268584960
1047939903089266688
1047939068242403329
1047938744567914496
1047938343001104384
1047938287384416256
1047937957318017024
1047936984575082496
1047839580198785024
1047838840059297794
1047838559447797760
1047838392082477056
1047838382288764929
1047838187060690945
1047838067913121793
1047836215989481473
1047835515997700096
1047834984172670977
1047834940073762817
1047834889884770304
1047833755761737728
1047833721636712449
1047831904827953152
1047831490468433920
1047830967623278593
1047828561443348484
1047828515918401539
1047827291131326464
1047825548351885312
1047825268243668994
1047824919336292354
1047652521785708546
1047651084234313730
1047650572063653888
1047650005450969088
1047649873691140096
1047648770702204928
1047648749588307968
1047647875457568768
1047647792020295681
1047646743331069959
1047645806948487168
1047644460924981248
1047642192112771072
1047639892493303808
1047639639920533504
1047967299427360773
1047966866604314624
1047966623569793026
1047966375900135424
1047966058479587328
1047965354784378885
1047963794209738752
1047963106939482112
1047963008356573184
1047962837157433344
1047962417152634887
1047960086168178689
1047959802041851906
1047959609649106944
1047959291876003840
1047959115044212736
1047958778430275585
1047958742380290048
1047957829573902336
1047957517559640069
1047957140604956672
1047957135567593480
1047956787578556416
1047956286497804290
1047956181883478016
1047955709760090112
1047954275752534016
1047953662662696962
1047953647139676160
1047953572124680193
1047953201205596160
1047918757304123392
1047918732427890688
1047916997843898369
1047916842780688386
1047916747217625089
1047916079643860997
1047915537949384707
1047913291157327872
1047913127558434817
1047913051905773572
1047912600174903296
1047912520898564097
1047909284099575809
1047909216185241600
1047908840891547648
1047908162437664768
1047908161691275264
1047906906038317057
1047906108206206977
1047905995895099397
1047905966681862144
1047905910574776321
1047904360641056768
1047904171444371457
1047935997118300161
1047935550710325249
1047935092314853377
1047934560405807104
1047934401387139072
1047933216777281536
1047932041633943553
1047932035849965568
1047932033010475008
1047931318061944832
1047931131834904578
1047930731106844672
1047930369608101889
1047930292374126592
1047930276083425280
1047930198749057026
1047929703988744193
1047929617758208000
1047929459901440002
1047929380536823808
1047929358726385666
1047928847767916546
1047928846396416000
1047928336767488000
1047928132622340103
1047928105342517248
1047928105036333056
1047927930947551232
1047927382886244352
1047927345154314241
1047926819775811585
1047926717644525568
1047926598870028288
1047923412734230528
1047922857190146049
1047921140931461120
1047886564657967106
1047886050637570049
1047883184854224896
1047883085482622978
1047883027291037697
1047882133048451072
1047881950508306435
1047881925132615680
1047881407719264256
1047881313858904065
1047881191573966848
1047880551460294657
1047880449081716737
1047880405649686529
1047879604449492992
1047879047106031622
1047878468132909056
1047878394787090432
1047877267488215044
1047876522659303425
1047876184619536384
1047876156140257280
1047875377962659840
1047874960138465281
1047874239834083328
1047874225049128961
1047874205541421056
1047874197341556737
1047874170099359746
1047873311995285504
1047873188330233858
1047872791926718464
1047872177217912834
1047872125254565889
1047871796383498242
1047871687423930369
1047871518062116864
1047870997582553089
1047870767130497024
1047870371746250752
1047869725202685952
1047869660757200897
1047869228412547072
1047868997440397312
1047868904226398213
1047868459835641857
1047867891423612928
1047867859697901569
1047867340812169216
1047866472633171968
1047866188028694529
1047865414070538240
1047865175053926401
1047864591953416192
1047864339003310081
1047863772340084738
1047863755890077696
1047863745605722119
1047863494513774592
1047862729053274115
1047862630440996874
1047862163728203776
1047861933486034945
1047861497886470144
1047861475505782784
1047861424251387904
1047861074588909568
1047860996403019776
1047860930330206214
1047860446089400320
1047860440695558144
1047860415365955584
1047860132439314433
1047859764095582208
1047859532095836160
1047859459631042561
1047858902061264896
1047858141289959425
1047857597032759297
1047857179791970305
1047857141468393472
1047857048799473664
1047856635002216451
1047856170113716224
1047856137297522688
1047808826181734401
1047808658774659072
1047808218427260928
1047808049346465793
1047807097784741889
1047805533418389504
1047804819912777728
1047804780888776704
1047804374628663296
1047804027499696128
1047803530801700865
1047803524376154113
1047803125661220864
1047801818426871808
1047801808134045696
1047801413898788864
1047800544381812736
1047798916866080769
1047797974120718336
1047797732767936513
1047797689390436353
1047797679915511808
1047796860713410560
1047794330591793152
1047794212245319680
1047999359479173120
1047997719007117315
1047997007099351040
1047995798338723840
1047994724286681088
1047991437269323776
1047991116006604800
1047990427347968000
1047990075039109120
1047989353593495552
1047987158697566209
1047986566038269953
1047668509499691008
1047668262673272832
1047664890784223233
1047664774362910720
1047662201002242048
1047661893937025024
1047660966538874880
1047660064994217984
1047659057291694080
1047658036280610816
1047657789043171334
1047656756791279616
1047656077070749696
1047655253959692288
1047855510995853313
1047855142924693504
1047855014989815808
1047854357541277696
1047853585495732225
1047853474967379969
1047853414074527749
1047853396231766017
1047853209321136129
1047853200156573696
1047852763022016512
1047852256371138560
1047852215115964416
1047851896931803136
1047851337998774272
1047850790516350976
1047850152302600192
1047850111789748225
1047849897402224640
1047849652781891584
1047849578677133315
1047849187239518208
1047849152082845697
1047849123297341440
1047849118830346241
1047848541681586176
1047848261292380161
1047847825764175873
1047847721128812544
1047847717999849480
1047847617508593665
1047847611749859332
1047847492614856704
1047847187919585281
1047847110312255488
1047846915524763648
1047846875859226624
1047846572346601472
1047846480571236352
1047846222390808576
1047846221057073152
1047845813316018176
1047845695112323072
1047845567186063360
1047845362298445824
1047845310368690176
1047845068378333185
1047845050393276418
1047844644258635776
1047844613141090308
1047844589208576000
1047844423336321028
1047844341228625920
1047844058855608321
1047843979549540352
1047843942547435521
1047843882694840320
1047843823399919617
1047843383107096576
1047843164172644352
1047843104848371712
1047843039807397889
1047843022136782848
1047843017510383616
1047842862665224197
1047842739294031872
1047842560763412481
1047841761001799680
1047841700570439680
1047841619788161024
1047841614520078337
1047841378116546561
1047841365432958977
1047840884342120448
1047840556867436545
1047824157407416321
1047822838273597445
1047821907662233600
1047821843036610560
1047821676547903488
1047821139588907008
1047819448932098048
1047819098078543872
1047818973872644098
1047818652081442816
1047818504156590080
1047818460103933954
1047817933282533376
1047817683226382337
1047817378594271240
1047817227821633537
1047816854813564929
1047816434456379392
1047815619020824576
1047815371628195840
1047815276551651328
1047814683154165765
1047813352926445569
1047813342939635717
1047812714272317443
1047812389754818562
1047811990834401281
1047811650588475392
1047811216809320450
1047810157718245376
1047809895498764289
1047809784316157953
1047809372397690880
1047809327770292225
1047809091270205442
1047809091249164288
1047745718637776897
1047744946541940737
1047743838218018816
1047743809453477893
1047743552938278913
1047743289804423169
1047742884735320070
1047742318231543808
1047740602555588608
1047739963066990592
1047737254179950592
1047736850008264705
1047735990746603520
1047735845984202752
1047735835255234560
1047735524864221185
1047735111368810497
1047733827672702976
1047732541879406592
1047732145815539718
1047793502485143553
1047792761724948481
1047792701117222912
1047791397200433152
1047790313513922560
1047790310003265536
1047790308824702977
1047790071087157248
1047789449684246528
1047789448564367360
1047789027385118720
1047788954227863552
1047788948322283520
1047788199060406277
1047787945229340673
1047786794132168704
1047786224205877249
1047785550776868865
1047784470957449218
1047783912150192131
1047782399403151360
1047782131089518592
1047780298761461761
1047683609979707392
1047683303309021184
1047682163036975104
1047682158507307009
1047679497204654080
1047679292681998339
1047678479976677376
1047677646677659648
1047676173877108737
1047675861384777728
1047675709110571008
1047675214824464390
1047674457353936897
1047674088913817600
1047673476016996352
1047672728839319552
1047671235969212416
1047671162233221120
1047668599572246528
1047714240780361728
1047713777091825664
1047713425533685760
1047712825840476160
1047712559082754048
1047712555832168448
1047711205949886466
1047710901783080960
1047709622407065600
1047708654881783808
1047707937005821952
1047704654044381184
1047704496279891968
1047704382505025536
1047703860091994113
1047703641602383873
1047703210226532352
1047703034762092549
1047702622797422592
1047702003894370304
1047701413810200577
1047699981359112193
1047699512465260544
1047730005156016128
1047729881176584192
1047726442614644737
1047725515476545536
1047725000109772800
1047724688397369344
1047724325057581056
1047724196275671041
1047722926047412224
1047722780232482816
1047722624191741952
1047722350475718656
1047722260667162624
1047721841857626113
1047721741991129088
1047721240612327424
1047721239567982593
1047721238641008641
1047721234077605890
1047720738789122048
1047720113464438786
1047719725457858560
1047716904880824320
1047777677573283841
1047777515102789632
1047776810434539520
1047776580750249984
1047776050212687874
1047775611605794816
1047773810748022787
1047773416822951937
1047773319074799617
1047772839548313600
1047772270024773632
1047772209626767360
1047771649771094017
1047767259572318209
1047765822205304832
1047765177050046464
1047764992693587968
1047764538349834240
1047763034804957184
1047762927187632128
1047903280544641024
1047903124457963521
1047902398759325696
1047900444851412995
1047899729814835200
1047898949355327488
1047897813819052032
1047897384578174979
1047896896117911552
1047896245933498368
1047895971433254912
1047895897982599169
1047895480842293249
1047895199794573315
1047894266318602240
1047894113817776128
1047893882204303360
1047892750719442944
1047892703789441024
1047892041676595200
1047891955613663233
1047891637609877505
1047890910246256642
1047890091648176128
1047889416864165889
1047888727115223040
1047888678780059649
1047699102178234368
1047699038030589953
1047697871351554051
1047697065009188869
1047695303669821441
1047694272294576128
1047693892886433793
1047693794374811648
1047693737831354373
1047693417218752514
1047689886528987136
1047687241517162496
1047684444906246144
1047761536104747009
1047761005160407041
1047760783776653312
1047758978833436672
1047758253722091520
1047758225960001538
1047758065016029184
1047756380151537665
1047754713469530112
1047754518576947200
1047752725377761281
1047752485270638592
1047752147998203904
1047752079970902016
1047751825410150400
1047750938792931328
1047750704025227264
1047983489352519680
1047982356005576704
1047982291581063168
1047982023003066368
1047982012253057024
1047981050432028673
1047980525892374528
1047978936896868353
1047978739609604097
1047978458603802625
1047976971756556290
1047975956407877643
1047975938569396224
1047975561191153664
1047973418090582016
1047971420087701504
1047971041702805504
1047968686689148929
