1025122443491532801
1025121341178032128
1025121058989506561
1025120585863651328
1025120559942828032
1025120304799145984
1025119198526234626
1025119093622546432
1025118758656987141
1025118305244200961
1025118259274756096
1025114853361549314
1025113950621519872
1025112525849993217
1025112120550191104
1025111493220548608
1025111393886982144
1025110405931261952
1025110385605656576
1025109940283826176
1025109256973045761
1025109220960686080
1025107836462944259
1025107755114188800
1025090275306348545
1025089126247292928
1025088403610783744
1025088260626886656
1025087489910947840
1025087068467339264
1025086915362611200
1025086591554002944
1025086536927375364
1025086468312719361
1025086410578173954
1025085088067772416
1025084577172189184
1025084315447840770
1025084291162808320
1025084234892025856
1025084002103963653
1025083849749848064
1025082834107551745
1025082813769560066
1025082620261134337
1025082528992911360
1025081410175021057
1025080879104884738
1025080570055991296
1025080410915725312
1025080392657846272
1025080350760951808
1025080329135185922
1025079855686344704
1025079778376916992
1025079742343663619
1025079559035609088
1025079558851059712
1025079242072248321
1025078958977675265
1025078920788541440
1025078743247867904
1025078395305160705
1025077636442320896
1025077508281126912
1025076859766276096
1025075906648461312
1025010979019599872
1025010962598961152
1025010533186056192
1025009758791553025
1025009742647894017
1025009634711625728
1025008745233797120
1025008480925769728
1025008458830172160
1025008316009799682
1025007323939565571
1025007099317833728
1025004566377455616
1025004565207437312
1025004145290489857
1025003856957263872
1025003460981227520
1025002496652181504
1025002121228374017
1025000968608509957
1025000917874163712
1024999133034237952
1024998873637576704
1024998202695708672
1024996638903939073
1024995376267493378
1024992481224601601
1024992351519952896
1024991837440942081
1024991345088258048
1024990461856034816
1024990450602659840
1024990187561074688
1024989909478776833
1024989508209651714
1024989481756225537
1024989466916732928
1024989071834329088
1024988846939930627
1024988781693333504
1024988549203025920
1024988436548214785
1024987632655323143
1024987203854905345
1024986174027386880
1024985795000713217
1024985794057003010
1024985220456607744
1024984566069641216
1024984442153009152
1024984416911806464
1024984394598162432
1024984235965390848
1024984157523509248
1024983934151675909
1024983911745634304
1024983711840968705
1024983387281534976
1024983386832683008
1024982595212324865
1024982152444878848
1024981908948545537
1024981321892986880
1024981111418572800
1024980944376098818
1024980682597126144
1025027004738031616
1025026628232126464
1025026338506395648
1025024977890828288
1025023909190619143
1025023786054234112
1025022343473778688
1025022144391118848
1025021633495531520
1025021447666786304
1025021443741032449
1025020926176501760
1025020896770240512
1025020822568816641
1025020684865552384
1025020570931486720
1025020554145947648
1025019742485131268
1025019634586710021
1025018126801543168
1025018125916532736
1025018122967900160
1025017775708725249
1025016658501324800
1025016000939548672
1025015860312850432
1025015663281283072
1025015571182759937
1025013709184221184
1025012642233106432
1025012258571800577
1025154281798819840
1025154227600011266
1025154015280156672
1025153987845283841
1025153930039357441
1025153548999421952
1025153473921175554
1025153402341400576
1025153380577103872
1025153292995887105
1025153288575037440
1025152913818169347
1025152712466415622
1025152371662434306
1025152333506924545
1025152244969299968
1025152006632157186
1025151678574718976
1025150613649285121
1025150173784301569
1025150031953883136
1025149924260773888
1025149818040135686
1025149723462828034
1025149493531090944
1025149490389573634
1025149375859830785
1025148790691557377
1025148589222363138
1025148132735238149
1025147889658605568
1025147639883620352
1025147115641733121
1025146969361145863
1025146884053250049
1025146834833027080
1025146769972318214
1025146755292135424
1025146467567132672
1025146198074830848
1025145988653101057
1025145914598584320
1025145731483611136
1025145461294989312
1025145229480001536
1025145223733755904
1025144090038624256
1025142954745319424
1025142942384758784
1025142883807059968
1025142872381812742
1025142845366304768
1025142695218610176
1025142419002671104
1025142047873933313
1025141885843726336
1025141810115608576
1025141805782847488
1025141238465552384
1025141056244011008
1025140715054133255
1025140640550674433
1025139935999799296
1025139935257550848
1025139757112848385
1025139677010046976
1025139354799366144
1025042594802401281
1025041357394436097
1025041341556768768
1025041327564550144
1025041312838385664
1025041298468659203
1025041282308001793
1025041048555335681
1025035693750472710
1025034163185954817
1025030827657388032
1025030658131992576
1025029724593172483
1025027704389820416
1024866260172120064
1024865952196775937
1024861674245898240
1024860848702013442
1024860610289254402
1024859576997306368
1024858986728890370
1024857577283305472
1024855790459514880
1024915445143367681
1024915444409364480
1024914336425410560
1024913816029720576
1024913673620471808
1024913380921024512
1024912957757710336
1024912914925473792
1024912458065043456
1024911847089000448
1024910177370161152
1024908656729645056
1024907925716750336
1024904952018358272
1024904943306780672
1024903883183869953
1024903688744304640
1024902631624507393
1024902445984403456
1024901997319938048
1024900894314426368
1024900444781535233
1024849465616654337
1024845195395915782
1024844617357971457
1024843717767778305
1024843096436219904
1024842807901646848
1024840412597563392
1024840119461838848
1024839702447382528
1024839465838116864
1024837155783303168
1024835396872548353
1025138867140263937
1025138752870645760
1025138716707352576
1025138414688108546
1025137875577438208
1025137697717927938
1025137277498994690
1025137051992305664
1025136334820794371
1025135986609725440
1025135869144035330
1025135843470712833
1025135687035707392
1025135610875576321
1025135572027887622
1025135368386105349
1025135086247833601
1025134898829516800
1025134743787134977
1025134648270221313
1025134644151418881
1025134377007763456
1025134315129249794
1025134120731590657
1025134117531406336
1025134117116174336
1025133979719090177
1025133959867445248
1025133440784654337
1025133277366177794
1025133244075978759
1025132487167627267
1025131935176245249
1025131931992764416
1025131805777817600
1025131718326607872
1025131681253011456
1025131648076066816
1025131518161821696
1025131381855334401
1025130802017910790
1025130540251447301
1025130404410531841
1025130315906523138
1025129667915927552
1025129569555283969
1025128455984357376
1025128309670244354
1025125616566378496
1025124384724410368
1025124080037576708
1025106492284788736
1025105468073566208
1025105379779325952
1025105374209339392
1025105320022949888
1025103919423401986
1025103093069950976
1025101591966351360
1025100224811814912
1025099936705044480
1025099707670904832
1025098929476694019
1025098305150349312
1025097437046685696
1025095523013980161
1025094974659080193
1025094801052626945
1025094388463149056
1025094315612106752
1025093946429648896
1025092814575742977
1025092480591687681
1025091957146705921
1025091436881043457
1024818276902129665
1024817354931400704
1024816993868951552
1024816181126090763
1024815676630990849
1024814377705369600
1024814116765163522
1024814095269277697
1024813665042804737
1024811121411276801
1024809916270366720
1024809541232410624
1024809033755230214
1024808888875532288
1024808020709072897
1024807759047524352
1024807708199927809
1024807567858520065
1024807306167504897
1024807281219653633
1025073596044062722
1025073287947276289
1025073130522460165
1025072419827003392
1025072134199029760
1025071321284104192
1025071230028853248
1025070882866245632
1025070440866357249
1025070088809066497
1025069585039585281
1025069584670437382
1025068793842884608
1025068686573543424
1025068338999963648
1025068295546920960
1025068185987571712
1025067595567783936
1025067326549516288
1025067086001786880
1025066983757361153
1025066195609899010
1025065862900805632
1025065503734292480
1025065376596611072
1025064956495060992
1025064284504707074
1025063426542825472
1025062958643081216
1025062944445526017
1025062510536351744
1025062169476513792
1025061750562070529
1025059908801179649
1025059666039062528
1024963768110010368
1024958006264520704
1024957720280096770
1024957285918011393
1024956943369166849
1024956292278960128
1024955522649186305
1024955223096193024
1024954871487840257
1024954508147929088
1024954375926632448
1024954054349402113
1024952954124750856
1024952123551870976
1024950491774676993
1024950093601038337
1024979029533884416
1024978667334782976
1024978067545051136
1024977222267019264
1024976448711475201
1024976158633418757
1024976055415857152
1024975878646902784
1024975604049793024
1024975191229837312
1024974969846071296
1024974841345007616
1024974785623642112
1024973787098492928
1024973564569628672
1024973424815423488
1024973113711181825
1024972997852061696
1024971958260322304
1024971905869078528
1024971100420222977
1024970861688877057
1024970522118049792
1024970471719223297
1024968311358902272
1024967952272109570
1024967675309694976
1024967097959497728
1024966477387059200
1024965762488909825
1024965754700095488
1024964603682455552
1024964540243443712
1025169174090444800
1025169043718848512
1025168895198547968
1025168548463865865
1025168464326090752
1025168355756580864
1025168321854033920
1025167917023936517
1025166973645336576
1025166867101634560
1025166352166924290
1025166124755890179
1025165884514594816
1025165652703752192
1025165605824065536
1025165460977971201
1025165362608963584
1025165158769930242
1025165126171852801
1025164924241276928
1025164687934144513
1025164585991585792
1025164534498164736
1025163931659198469
1025163784967610371
1025163274546016256
1025163229100695555
1025163169428369410
1025162982349787136
1025162642271416321
1025162108290269184
1025161807328174081
1025161651585277952
1025161396642832386
1025161328149884929
1025161185929375744
1025161059391467525
1025160997781291008
1025160644172152833
1025160537787772929
1025160470670532608
1025160014447689728
1025159861104005121
1025159850060333056
1025159838823854081
1025159613078032386
1025159557541244929
1025159451291074560
1025159311901843457
1025159151440330752
1025158796971307008
1025158438752382976
1025158325800001536
1025158174444318720
1025158158669373440
1025158025319985152
1025157868826312705
1025157721295863810
1025157325357834243
1025157262124429312
1025157047980118018
1025156927440003072
1025156768899518464
1025156592570916865
1025156584475959296
1025156525055254529
1025156502649282560
1025156469543632896
1025155960413859842
1025155896652050436
1025155298435231745
1025155100111712256
1025155030234669056
1025154407762210824
1024931244126162944
1024930299380039681
1024929966134308864
1024929132977811456
1024927927048306688
1024927579298586624
1024927089579974656
1024926877687967745
1024926636335136768
1024926566650994688
1024926093835427840
1024925800234147840
1024925429348687874
1024923253012398081
1024921561072107520
1024920915275075584
1024918528087019520
1024917923947835393
1024917720926744576
1024881449323847680
1024880233806225408
1024878627626790912
1024877331423404032
1024876641523122181
1024875277665665024
1024875115581005825
1024872569260974080
1024872471273631744
1024872233250959361
1024870925756448768
1024870922480697345
1024868674824495104
1024867892838449152
1024866824448438272
1025058253322022914
1025055483160395777
1025055462591541249
1025053413304881154
1025053084785897472
1025052612012457986
1025049947513733121
1025049286655008768
1025048589939167232
1025047322256973825
1025046660945268736
1025046382615425024
1025046230538379265
1025045611874271233
1025045097744932864
1025044849685397505
1025044326764539904
1025043433596088321
1024833435423014912
1024832569240690688
1024832269456834561
1024831119143972865
1024830511267512321
1024829749963710464
1024828423406080000
1024828069423587328
1024827015239753728
1024825906160959488
1024825154050842626
1024822714761134081
1024822644208750592
1024821357522038786
1024819338065391616
1024818609896476672
1024818347420991488
1024899272720801796
1024899144060555264
1024899028876701698
1024898438700388352
1024897988450107392
1024893534313140224
1024893476192903168
1024892454305247235
1024891771065647104
1024891137608151040
1024889367565762561
1024889006390169600
1024888714219216896
1024888345451790338
1024886385172508672
1024885984519966720
1024884302650126336
1024946587569537024
1024946277015056385
1024945396680994816
1024943616727416832
1024943547760496641
1024942905004380160
1024931803931525120
