1102152556443299840
1102151735475400704
1102151525827252224
1102151167742799872
1102151154237038593
1102151046682603520
1102151039497715712
1102150855820627968
1102150148988289024
1102150020298608641
1102149914082009088
1102149720045223937
1102149000394883073
1102147588873220097
1102147296974655488
1102146970829897728
1102146134561177600
1102145953988050944
1102145802946965504
1102145565930840064
1102144998005506048
1102144361133936641
1102144080316751872
1102143613511913472
1102143163353972736
1102143084169740289
1102142991140077570
1102142867579912198
1102142703524024320
1102142489396498432
1102142411818573824
1102142194448781312
1102142122797555712
1102142056024092672
1102142040375144448
1102141928827703298
1102141392900579328
1102140941228486656
1102140613707919361
1102140221393649664
1102140028715745280
1102139955864895488
1102139802445537280
1102139791636717568
1102139463482908672
1102090204628738048
1102089472190091264
1102088697573449729
1102088381998092288
1102088333851799553
1102088216331644929
1102087427303370752
1102087386622763008
1102086468858728448
1102086199160774656
1102086198917390337
1102085843085414401
1102085822596218880
1102085816950632449
1102085800982921218
1102085792602734592
1102085118351556608
1102084560492380161
1102084071482671104
1102083189504278529
1102082427705573376
1102082223556227072
1102079337619054592
1102078682544394241
1102078649711222784
1102078649300246528
1102076646591328256
1102076150329806848
1102076020012662784
1102059547043160064
1102059252376571907
1102058654721687554
1102058591534628864
1102058272503332867
1102058099928694784
1102058006710284288
1102057700102422528
1102057529784315904
1102057467905822720
1102057311017807872
1102056857496100865
1102056819483131904
1102056774159556608
1102056711131664384
1102056668404350977
1102056653153808384
1102056644983341056
1102056644903612417
1102056641170731008
1102056633381937152
1102056617330257920
1102056562854715395
1102056560321331200
1102056011920171009
1102055399262441474
1102055036807454720
1102054922814713857
1102053622941048832
1102053556897697794
1102053334096199681
1102052647471927296
1102052599111606272
1102052128237871104
1102052094217998336
1102051477793714176
1102050505444847617
1102050028623822848
1102049831479136256
1102049506328231936
1102048536848404480
1102047906943696896
1102047802316730368
1102047759907971072
1102046902424612864
1102046520747180032
1102046012066140166
1102045866104369152
1102044496974483456
1102339455808126981
1102338409627115526
1102338144475795456
1102337780980559873
1102337674067664897
1102337365228417025
1102336616843173888
1102336378552037376
1102336124905840641
1102335752371871744
1102335701931061249
1102335563183607810
1102335378273550337
1102334217432850432
1102333876590993409
1102333702376439815
1102333667068792832
1102333416580759554
1102332809270697989
1102330992386297857
1102329016613253120
1102328991866736640
1102328612223619073
1102328576140021760
1102328546226257927
1102328520171229185
1102328317934559234
1102328022194110471
1102327837862907904
1102327822545285121
1102327792572776449
1102327733898698752
1102327288308396033
1102326956538896391
1102326520973086720
1102325993346342914
1102325952615464960
1102137513446203393
1102137160344526848
1102137134943752192
1102136672039374849
1102136151933157376
1102135075620171778
1102134795683934209
1102134686355197954
1102134497846398976
1102134494054793216
1102134489633968128
1102134429521231872
1102134309580869632
1102134200965177344
1102134085483413504
1102134019083460619
1102133864594464768
1102133807266836480
1102132097668579328
1102132075837173761
1102131710463012864
1102131617760337920
1102131499179143168
1102131398528454664
1102131295906398209
1102131278051241984
1102131048027172865
1102130754891309056
1102129726573998080
1102129571384737792
1102129335954231296
1102129213363101697
1102129131670638592
1102128530630926337
1102128312644710400
1102127927465074691
1102127917214109697
1102127339415195648
1102127122406146049
1102126738686033920
1102126511992246277
1102126500713771008
1102126491083653120
1102126464378568704
1102126021296316416
1102125855378206720
1102125732598374400
1102125574301118464
1102125522933477377
1102125351776342017
1102124929796001792
1102124865811873794
1102124689164562437
1102124590879334401
1102124002238218241
1102123859333922816
1102123599559884801
1102123598066712576
1102123590806372352
1102277371137347584
1102277261523329025
1102277252589539328
1102276888276267008
1102276828373368832
1102276730096619521
1102276152197111809
1102275505431154688
1102275334064373760
1102275204133216257
1102275192842268672
1102274943407009794
1102273726157066241
1102273684742524928
1102273282592698368
1102272458076405765
1102269958929743872
1102269340680929281
1102269261790277634
1102269127815761924
1102268707642982401
1102268658443845632
1102157800082493440
1102157527612047360
1102157488407875584
1102157458666110976
1102157225135652866
1102157014267060226
1102156964249944065
1102156835757453317
1102156781885812737
1102156468932014080
1102156301386350593
1102156013149532160
1102155990861000704
1102074900557246464
1102073532782137345
1102073102324752384
1102071756741922817
1102071712793985024
1102071328297889800
1102071099880235008
1102070068656132096
1102070018320285696
1102068863280300032
1102068714315362304
1102068160914698240
1102067445056049152
1102067236720787456
1102066545709146112
1102066510669832192
1102066116367659008
1102065094026964992
1102064813050597377
1102064711615631360
1102064022843805696
1102063549785010177
1102062869007470592
1102062839643205633
1102062323957747713
1102062299995492352
1102012013218328576
1102011682883358720
1102011192921473025
1102010953204264966
1102010735721353221
1102010579080880139
1102010400143482880
1102010143426990081
1102009683965960192
1102009618165911553
1102008834061680641
1102008548781944833
1102008300315525122
1102008161999958016
1102007933607526400
1102007925785092096
1102007900132818944
1102007624189595648
1102007227811012608
1102007189240188928
1102006328636116993
1102005733493796865
1102005668377026560
1102005607970701312
1102005419411570688
1102005402017783808
1102005149021528064
1102004818057543680
1102004672733302785
1102004619092344832
1102004466058960898
1102004312237051904
1102003151693967360
1102003060581285888
1102002802820349952
1102002153915211776
1102001525713498113
1102001327633240067
1102000874371665921
1102000267967516672
1101999850344857602
1101999752202223616
1101998633883521029
1101998388780785664
1101998143732965377
1101997947586314241
1101997941500325888
1101997939608571904
1101997691783938048
1101997385671233541
1101997098453610496
1102261103940329473
1102260895676276736
1102260601995198464
1102259607810891777
1102258630206935040
1102258496467337216
1102257837827346443
1102257395085004801
1102257042646093825
1102256524985016321
1102256427064791042
1102256277030428674
1102256168590868480
1102256163888848896
1102256070678867968
1102255831179943936
1102255825555468288
1102254717957218304
1102254667436883973
1102254344915820544
1102254311176916992
1102253864294670336
1102253392863416321
1102253236487180288
1102252950972440577
1102251655490404353
1102251534434398209
1102251443040460800
1102250448067747842
1102250283026051072
1102249780246392833
1102249475391795200
1102249365853405184
1102247897368809473
1102247554484502528
1102247276825722881
1102247264905543681
1102247144784711680
1102246508550909954
1102292705906962432
1102292498876112897
1102291601085341700
1102291061429264384
1102290186149466117
1102290054280429569
1102289598061916166
1102289136227176448
1102289066396213248
1102288827840978945
1102288807456583680
1102288154248257537
1102288148346884096
1102287532287377408
1102287132004048896
1102287085636145154
1102286583871361024
1102286334432104448
1102285554115399680
1102285170110017538
1102285026266398721
1102284987947147264
1102284759152189442
1102283999248936960
1102283709565358080
1102283368287404033
1102283007426207745
1102282903873040386
1102281768827342850
1102281506591043585
1102279105930653696
1102279042970144768
1102278964159172609
1102278475749175296
1102278408627720193
1102278265069289472
1102278232865296384
1102278226926338048
1102277935271047168
1102277930292523009
1102027717820727296
1102026733941870592
1102026495453741062
1102026399957676034
1102026332299558912
1102026044175990787
1102025889045467142
1102025874017271813
1102025134439874560
1102025056731820032
1102025056178327553
1102024862728679424
1102024798367084547
1102024716871700480
1102024702141362177
1102024676883288064
1102024016506773507
1102023379492720641
1102023284399398912
1102022303548760065
1102021186546995200
1102020273602084864
1102019808755937280
1102019635111636994
1102019033434488837
1102019019802984449
1102018802148130817
1102018797958057985
1102018039489462272
1102017769342668800
1102017294228611072
1102016866657189888
1102016547529375744
1102016479749238784
1102016323528220672
1102015812037152768
1102015734744379392
1102015549792382976
1102015323539210240
1102015283563249664
1102015159713873920
1102014871376486400
1102014754808389632
1102014709430185985
1102014267883180032
1102014148316221440
1102014078921302016
1102013935102935040
1102013631355650048
1102013382012604416
1102013242908467200
1102013030244724736
1102012945939263488
1102012737306144770
1102153837194948609
1102153152269172736
1102152997491089410
1102152779248922628
1102152643248418816
1102268211343622144
1102268019231866883
1102267957416210432
1102267955931435010
1102267542779891712
1102267037001297920
1102266832680112131
1102266740917104640
1102266676131782656
1102266536230830080
1102266311445544965
1102264444955082753
1102263634435166210
1102263599815421953
1102263386715422720
1102263228082487296
1102262389460881410
1102262363288412160
1102308617234145281
1102308496643518465
1102307769615597569
1102307659007574016
1102307658374221824
1102307029706788865
1102306813075177472
1102306693139128321
1102305814046339074
1102305297127915521
1102305180517912576
1102304390826913799
1102303006635294721
1102302210959003648
1102300748942098432
1102300379667197952
1102300185915518981
1102299963353116672
1102299746650210304
1102299536784007174
1102299274900135936
1102298431689613314
1102298347073757185
1102296911346839552
1102296720829046784
1102295614849773568
1102295483270098944
1102295126389522432
1102294970311106560
1102294382328274945
1102293567123402752
1102184734556327937
1102184539156303873
1102184455870074881
1102183992525287425
1102183445051199494
1102183257020526592
1102183248426352640
1102181936829743104
1102181833415053313
1102181573280124928
1102181033494171648
1102180424053387265
1102179777287544832
1102179104248528901
1102178877890326528
1102178872987136000
1102178479494385665
1102177369668886529
1102177104735678465
1102176937089351680
1102176796949299200
1102176421299044352
1102175952589807618
1102175533536817153
1102175250844921857
1102175043000262656
1102174693065412609
1102174194903760896
1102173815633780737
1102172901023928320
1102172670840524800
1102172621347655680
1102171304608845824
1102171079718531073
1102170824188997633
1102170592617197568
1102170451533549568
1102122315159093249
1102121442945069056
1102121435810725888
1102120934251597824
1102120052973887488
1102120017661956097
1102119908245192704
1102118853872705536
1102118481447788545
1102118100995112960
1102117650669416450
1102117591630401536
1102117407664103425
1102117362168401928
1102117317113188352
1102117202566828034
1102117140751179776
1102116905094180865
1102116805987000321
1102116802807640064
1102116678010327040
1102116656988471297
1102116583118393345
1102116261473923072
1102116204846743552
1102115989385166848
1102115591593156608
1102115503110184961
1102115344158810112
1102114290603970560
1102114175835201536
1102113989226651648
1102113677682110465
1102112906689343488
1102111868234153984
1102111378528235520
1102110957466255360
1102109408467791872
1102109389085966336
1102108462316773376
1102108326446325760
1102042923804360704
1102042648586739712
1102042600293441536
1102042327344799746
1102042146721402881
1102042141071687680
1102041982241787907
1102041469928370177
1102041447090536449
1102041171377958914
1102041085453496320
1102041010970996738
1102040995573760000
1102040912543268865
1102040900832616448
1102040664274022401
1102040274367332353
1102040243337904128
1102039950999068674
1102039822045245440
1102039686149738496
1102039520306974721
1102039016940154880
1102038970576355329
1102038806964944896
1102038777273430022
1102038768637358085
1102038766338879488
1102038733350678528
1102038726971150337
1102038709988442112
1102038698374430721
1102038686915575809
1102038686596767745
1102038254189187073
1102038212808265728
1102038204776099840
1102038198757347328
1102038160912142337
1102038041277972480
1102038014795104258
1102037983035908096
1102037764193820673
1102037368637452288
1102037125820829696
1102035413366202370
1102035274887036928
1102034996464926720
1102034762930274304
1102034734815870976
1102034242287034368
1102033351161065472
1102033219673878530
1102032768320634880
1102032228706672640
1102032080593133573
1102031916948180992
1102031792872345601
1102031442882768896
1102030975872073728
1102030967395487744
1102030510962941952
1102030308189327362
1102029692700364800
1102028864371462144
1102028736449470464
1102028599585062912
1102028375026270209
1102028328939204608
1102028297582587904
1102028020162924545
1102106880384647170
1102106772272111618
1102106667490164736
1102106000763600896
1102105831531835392
1102105689919504385
1102104945807917056
1102104931756994561
1102104482991796224
1102103902240018434
1102103464673464320
1102103347560108033
1102103050007781378
1102102364599869440
1102102117223989248
1102101938601046019
1102101796628164609
1102101687873921024
1102101334998818816
1102101127548620801
1102100923453792257
1102100219016163329
1102099981073149952
1102099623492177921
1102099071752376320
1102098874351542272
1102096328971223040
1102095780205219840
1102095150250184706
1102094959069417472
1102093856265375747
1102093129597870081
1102093124522950656
1102245764762222593
1102245577885184000
1102245389556539393
1102245222577303554
1102245056365449222
1102244796951920641
1102244546115715072
1102243711591895041
1102243654553518082
1102243653312020481
1102243370536185856
1102241711319732226
1102241594340794372
1102241354313277444
1102241343961739265
1102241337322209280
1102241179167543296
1102241045461561347
1102241014855671809
1102240869707669504
1102240265601990656
1102239853930901505
1102238999287078917
1102238908492992512
1102238797033598977
1102237945388515330
1102237862706110464
1102237617041620992
1102237115612626944
1102236953045581826
1102236551302561792
1102236052482392064
1102235631537831936
1102235320311922690
1102235319099781121
1102235237235507200
1102234858347220993
1102234518453436417
1102234358159679488
1102233232316268546
1102233185130295296
1102232843059646464
1102232670048829440
1102232648020307973
1102232561844187136
1102232409813209090
1102232035513520129
1102231886468911104
1102230777276846080
1102230743298781184
1102200028997799936
1102200010622537729
1102199466260684800
1102199465274982401
1102198862062800896
1102197798609608706
1102197403610943494
1102197387978780672
1102197285264461826
1102196991399026690
1102196544172892160
1102196384025985025
1102196233072979968
1102196053347131392
1102195272816431105
1102195251106775047
1102194741754675200
1102194006262394881
1102193969688182785
1102193957868572675
1102193821243396096
1102193649939607552
1102193527298158592
1102192249717342209
1102192034058825730
1102192015658414082
1102191900059041795
1102191899731943424
1102191764750901248
1102190765088915456
1102190471277883398
1102189427818926080
1102189349599363072
1102188509903945728
1102187747429756928
1102187734930780160
1102186610903392257
1102185536847036416
1102215171626409984
1102215131621089280
1102215095546007554
1102215060619911168
1102214662840561665
1102214545987186689
1102214489326399490
1102214286221496320
1102214101261058051
1102213916619202560
1102213446593138689
1102213400556457984
1102213337444691968
1102213249779593217
1102213141944025088
1102212043812139008
1102211653850943495
1102211101960347648
1102210836750229504
1102210657171136512
1102210593640120320
1102210094098509824
1102208581997338625
1102208337821736960
1102208329332465670
1102208063275237377
1102207688123899904
1102207485488873474
1102207102796193792
1102207086467973122
1102206934952960000
1102206897107677185
1102206747094278146
1102206207488606209
1102205494419169286
1102205385547702272
1102204797212680193
1102204749292679169
1102204145912684544
1102203946117013507
1102203627744215041
1102203241239060480
1102203013266137088
1102202610105438208
1102202141467443200
1102202073628753920
1102201731113500672
1102201705230422016
1102201344365117441
1102201273812692992
1102200412889931776
1101996845725814784
1101996794492477440
1101996373023617025
1101996193628991488
1102324016205840384
1102323692162428928
1102323449702350848
1102322945005883393
1102322768505458690
1102322717292818432
1102321985592279040
1102321660810518528
1102321594838536192
1102321215102840832
1102320255760650240
1102320241940455424
1102320241479245827
1102319586777710593
1102319583036358657
1102319579806777344
1102319576036134917
1102319569555853314
1102319566326247424
1102319562853355523
1102319559007236096
1102319379050582023
1102318581939871747
1102317788952174593
1102316789550198784
1102316467511537665
1102316268680593414
1102315841608212480
1102315427940708352
1102315133424959488
1102315122393997313
1102315115892756480
1102314453205282816
1102313776832040960
1102313755277443080
1102313712952709122
1102313528273367046
1102312706026209281
1102312694345011204
1102312694047215616
1102312692012990464
1102312297115123712
1102312108144902144
1102311476449165322
1102311437786116101
1102311406379192320
1102311334245478400
1102311082847277057
1102311023242108928
1102310972692316161
1102310924399067144
1102310220850782209
1102310186704883713
1102309927912124416
1102309924099506178
1102309329288527873
1102309168122343425
1102308942716289024
1102308921467899905
1102355036028440577
1102354717001334784
1102352144613687296
1102351908608663554
1102350486466908161
1102350412240293888
1102350289141747713
1102349185498664960
1102347471789920257
1102346479694462976
1102346183266234368
1102345408699944961
1102345216080654336
1102342132470333448
1102342119694442501
1102341588032909312
1102341388266553345
1102341142660571136
1102341015892099073
1102340940373655553
1102340851718672386
1102340588228227074
1102340535208079366
1102340387405000704
1102339964317167618
1102230308160712709
1102230073237794816
1102230002727378946
1102229907600375809
1102229645594935296
1102229637877387264
1102229553802559488
1102229530343804935
1102229119146885120
1102229097126739973
1102228959884963840
1102228752535375872
1102228720885137408
1102228604472176640
1102228275605184513
1102228140464603136
1102228115588288513
1102228050467532806
1102227856539701248
1102227719419555840
1102227326912397313
1102226421177507840
1102226165606072320
1102225713028059138
1102225628651085825
1102225293878743044
1102225244608176131
1102224745297309696
1102224662359093249
1102224487381168131
1102224386260533248
1102224322654072838
1102224075760517121
1102224005464051712
1102223711388741633
1102223490671878145
1102223435529441281
1102223192238800896
1102222546706022401
1102222474505265153
1102222372285833216
1102222311711821824
1102222171559133190
1102222100327206914
1102221082822565888
1102220448815894529
1102220445472874496
1102220167734530051
1102219602979946496
1102219579504373760
1102219424658948096
1102219378442022912
1102218886592765952
1102218418831454208
1102218335054430210
1102218331044700161
1102217652905394176
1102217207591981058
1102216980948574208
1102215918468382720
1102215822699827200
1102215418268303360
1102169154076004352
1102169131175084032
1102169012191014913
1102168207425716225
1102168128774127617
1102168019588038658
1102167623855271941
1102167358809014272
1102166815122354176
1102165648719966211
1102165643875569665
1102165001131896833
1102163614868389888
1102162828331569152
1102162164654198786
1102162105480986625
1102162008697237507
1102161250874646528
1102160610551304192
1102160330942238726
1102160072841535490
1102160066986340352
1102160060208369664
1102159565788008449
1102159302658269184
1102159161758896128
1102159080649572353
1102158426535284736
1102158278816079872
