1106175763043094529
1106174943958454274
1106174362728755200
1106173764193128449
1106173578834255872
1106172806469869568
1106172714212118529
1106172684658827265
1106172199784726538
1106171427399651328
1106171297367711744
1106170472314462208
1106170316055695360
1106170313438433280
1106170195419123715
1106169995011055616
1106169814723293185
1106169158562136064
1106168952143654912
1106168821050535936
1106168466065711104
1106168223815344128
1106168021993877504
1106167873347543040
1106167367493660678
1106167338330542080
1106167255715463169
1106167161037320193
1106166492205404160
1106166257680900097
1106166253998227456
1106166169730453504
1106165912401526796
1106165625154613248
1106165421928054784
1106165401325617154
1106165198988165121
1106165124266483712
1106164509473816576
1106164484392042496
1106164462220800000
1106164276451004416
1106164244859502592
1106164134327001089
1106163804893646850
1106163637436272642
1106163569886818305
1106163534759710720
1106163422947889152
1106163079077752832
1106163045531697157
1106162953106219010
1106162236744183808
1106162054019338240
1106161971991318528
1106161803988557824
1106161535582261249
1106161492649525249
1106161433899921408
1106161426568232960
1106160886044082176
1106160883519143936
1106160879937245189
1106236866804809728
1106236763083673600
1106236731802583045
1106236650567417859
1106236229073494028
1106236135922110464
1106235913049440256
1106235902588792840
1106235780610048000
1106235765313417216
1106235559356305409
1106235348412039168
1106235207550676993
1106234956928311297
1106234896043913216
1106234885361057794
1106234864309817344
1106234451397431297
1106234436897644545
1106234434586640384
1106234168927813633
1106234086568407041
1106233866975621120
1106233826328670208
1106233797794631681
1106233707092824064
1106233195647913984
1106232956580962305
1106232462211014656
1106231060612956160
1106230967339896832
1106230929540833281
1106230769800892417
1106230634769313793
1106230532160008197
1106230442913685506
1106230210020761601
1106230049471111168
1106229989295292418
1106229952586891264
1106229682809303047
1106229664652115968
1106229207250726914
1106229167534673920
1106229121124712448
1106228899325710336
1106228887015645189
1106228546261782529
1106228494428749828
1106228336123133952
1106228169407979524
1106228145252941830
1106228115423051776
1106228052906962949
1106227861453561856
1106227350377771009
1106226931916304384
1106226840778301442
1106226717021163521
1106226529518919680
1106226505351348225
1106226323813552129
1106226116870705153
1106225818915753985
1106225492355661832
1106225180525936640
1106225153921429504
1106225123135311872
1106224858512396290
1106224798072520704
1106224579343724545
1106224552072368128
1106224531486711813
1106224465543946241
1106224382928523265
1106224238854316034
1106224042850181120
1106223580365369344
1106223567480541184
1106223552032899072
1106223483284045825
1106223460953407490
1106223112780214273
1106222959247548416
1106222869607038976
1106222454668562432
1106222352742924289
1106221948919574528
1106221793373810688
1106252128970891264
1106252109085925376
1106252061375717377
1106252032665702400
1106251957558231040
1106251584181276672
1106251454472294401
1106251056713875456
1106250239130955776
1106249950852046848
1106249897022496770
1106249821978091520
1106249738658213894
1106249376953966592
1106249187404836865
1106249170443255808
1106249095369424905
1106249012087267328
1106248946178052096
1106248857032294400
1106248507420262400
1106248493281140736
1106248451002503168
1106248349320134656
1106248140636782592
1106247970163322880
1106247912697315334
1106247529237229569
1106247384240177152
1106247163678351360
1106246919817515010
1106246523577401346
1106246322141757442
1106246196052537344
1106245969887158272
1106245823288016901
1106245336543174657
1106245229252796416
1106245121287340033
1106245002953400323
1106244896388608001
1106244823684657152
1106244655606362113
1106244621976264704
1106244558965362693
1106244321903292416
1106244231234895873
1106243928754475009
1106243672201400320
1106243609932652545
1106243481771626502
1106242679204130817
1106242385141551106
1106242364157448192
1106242105666650112
1106241815726997511
1106241392655958017
1106241338851368963
1106240971929501696
1106240838248685571
1106240165390008320
1106240083923918848
1106240043994226688
1106239974175920128
1106239690473201665
1106239612215873542
1106239486839525376
1106239371118821376
1106239305419247617
1106239223059963905
1106239095318171649
1106238934416265216
1106238751775305731
1106238581591277569
1106238377236402176
1106238039054012418
1106237752503398406
1106237680503799808
1106145490679316480
1106145370176999424
1106144493877645313
1106144222300856320
1106144183348273152
1106144143385001984
1106144101156773888
1106144074149457925
1106143704253816832
1106143192381095936
1106143185959616513
1106143090920906752
1106143063435563009
1106142978555498496
1106142918774087680
1106142720509132800
1106142489054990336
1106142376110645248
1106142101912326145
1106142080949194753
1106141674265178112
1106141307712368640
1106141247654297600
1106141114422226945
1106141047611023360
1106140921115095040
1106140371023728646
1106140302165700608
1106140288081412097
1106140022816821248
1106139567143428096
1106139376373899264
1106139040351440896
1106138587475660801
1106138514251530242
1106138362019143681
1106138320277508096
1106138245962874880
1106137651248193536
1106137602300805120
1106137496751140864
1106137432502734849
1106137267050037248
1106137020932415488
1106136897292767232
1106136362103783424
1106135484000960512
1106135120866619392
1106134569789599744
1106134429204779008
1106134410951254017
1106134304701276161
1106134294882406400
1106134129010245632
1106133572518187008
1106133273124786176
1106132888913887232
1106132796769255425
1106132691110498307
1106132664824881152
1106132231544758272
1106131930888720384
1106131842229399552
1106131559772499970
1106131494232358914
1106131325147328512
1106130863316705283
1106160601812733954
1106160395432198144
1106159954078167041
1106159813690646529
1106159358226976771
1106159338761052166
1106159122951688193
1106158671354970113
1106158494963523590
1106158213957853185
1106158187382632448
1106158059007684608
1106158029307731968
1106157766073176065
1106157509599989761
1106157488682999808
1106157310731149312
1106157246537449478
1106156853812125697
1106156851509395456
1106156755548102656
1106156317738065922
1106156037499953152
1106155981745111041
1106155736084725760
1106155280461713408
1106154475864182785
1106154397384536064
1106153990105063424
1106153710688722944
1106152585696677889
1106152293085274112
1106152019029561350
1106151970539212800
1106151769900503040
1106151736807288832
1106151446431457280
1106151395789410305
1106151236766654467
1106151013520683016
1106150143768842240
1106150109413339136
1106150018459811841
1106150008993341440
1106149963812294656
1106149892014178308
1106149764217765888
1106149761890045952
1106149680780587008
1106149511192342528
1106149443915694082
1106149277498105856
1106149259282395136
1106149027949760512
1106148961855823874
1106148928251138048
1106148821669740544
1106148707282681856
1106148369486020609
1106148367590133761
1106148254343987200
1106148240280506368
1106148170118111232
1106148091961462784
1106147979113742336
1106147955906625536
1106146882416340992
1106146399891189760
1106146319310168065
1106146159960035328
1106145771987128320
1106145590398803968
1106114515865866242
1106114261493993473
1106113976289583104
1106113612727250944
1106113315846213632
1106113186070126592
1106112928229384192
1106112452176109568
1106112026948956161
1106111601159999488
1106111460374138880
1106111161110413312
1106111075274108928
1106110946420748288
1106110557080506368
1106110520480927746
1106109957710082048
1106109480327147520
1106109338844839937
1106109269894664193
1106109055905554432
1106108716502282240
1106108689939742720
1106108455176282113
1106108145393254400
1106108000287277056
1106107993446322176
1106107816610271232
1106107794959163392
1106107220247212032
1106107097001984001
1106107084607840256
1106107006543261697
1106106815698350081
1106106554095468545
1106106548949041152
1106105956155428865
1106105762672242689
1106105760784609281
1106105734218108928
1106105608124723201
1106104846648729600
1106104324223049729
1106104109365714945
1106103881929580544
1106103553678991360
1106102786033364992
1106102721126400000
1106102312475348993
1106102225770692608
1106102000394162177
1106101863840182272
1106100366859395072
1106100130610999297
1106099941502390272
1106099872636325889
1106099854768398337
1106099625314975749
1106313032941162498
1106312937218531328
1106312374955462661
1106312324066000898
1106312155597623298
1106311764973678592
1106311619443736576
1106311544500117505
1106311521318129670
1106311288349556736
1106311273409589248
1106310859691880448
1106310653197856770
1106310450352979968
1106310287697870848
1106310069627555841
1106310024413003784
1106309908797026306
1106309853503541249
1106309745479204865
1106309677908938752
1106309276128022529
1106309256511438848
1106308913773887488
1106308540820537346
1106308412848160769
1106308335299715072
1106308202604515328
1106308153874931713
1106308118969872384
1106307936358404101
1106307495536910336
1106307330457636883
1106307184697184266
1106306758627086336
1106306608609529874
1106306594915127300
1106306317461782528
1106305787545161729
1106305487719542784
1106305123075018754
1106305106516021250
1106303864792322049
1106303494238146571
1106303305951645698
1106303295574945792
1106303262024589312
1106303056260399104
1106303002288230405
1106302918548996097
1106302809413206016
1106302792845660168
1106302747882618880
1106302610632519680
1106302508543160321
1106302080631869451
1106301868693774341
1106301828323569664
1106301347257815058
1106301004830724096
1106300535261614081
1106300437295173641
1106300115805966354
1106299894170439680
1106299882871099401
1106299872444104704
1106299422692917248
1106299421497556992
1106299147932626945
1106298777386782725
1106298662622126080
1106298125508055044
1106297978799583232
1105992176100614144
1105992171621093392
1105991935246909446
1105991589325873154
1105991584921804800
1105991416587714560
1105991407431532546
1105991239541743617
1105991100102266880
1105990541509099520
1105990022224928768
1105989987613503490
1105989838199816192
1105989810659954695
1105989556065763333
1105989216188669952
1105989172618235905
1105988976773603329
1105988373196369920
1105988252195004417
1105988236789379072
1105988029158690819
1105988011957866496
1105987517935955979
1105987485031587840
1105987220517736448
1105986937570164736
1105986848311005185
1105986556962078720
1105986217621970944
1105986118858743809
1105986067428229121
1105986046288908289
1105985636400418817
1105985525977096192
1105985487993430016
1105985149580255238
1105985043271483392
1105984991773761537
1105984874891132928
1105984511530143745
1105984501287657472
1105984494232842240
1105984238862643200
1105984202871320578
1105984155484082182
1105983878152577024
1105983868794953729
1105983852810395649
1105983640280940545
1105983617828904960
1105983582550585344
1105983241331318785
1105983179876417538
1105983067062181888
1105982753772838913
1105982719543017473
1105982671983919105
1105982624558923778
1105982607429459969
1105982401124151298
1105982386414600192
1105982364537233408
1105982289559908357
1105982246752739329
1105982089281843200
1105982077571342337
1105981926916149255
1106037963782119424
1106037766725476352
1106037687310528512
1106037544012128257
1106037501746180097
1106037378450378754
1106037048895389696
1106036859875065856
1106036567070531584
1106036383804604416
1106036305845207045
1106036193236443136
1106035996653699085
1106035892932698112
1106035814473973760
1106035203435196417
1106035178328281088
1106034804234043392
1106034417745649664
1106034356223504384
1106033950743506944
1106033944623931392
1106033768714784768
1106033326375292928
1106033130656403456
1106033010124701698
1106032919556939776
1106032648420511745
1106032260233465856
1106032228612501504
1106032147863867400
1106032115093786624
1106032063969320960
1106031722037051392
1106031656878501891
1106031496190582784
1106031400405397505
1106030751017918465
1106030614568935424
1106030364831682565
1106030350508027906
1106030348473913345
1106030166223015938
1106029973209399296
1106029670968053767
1106029485026172929
1106029423982190593
1106029382441693184
1106029260551192577
1106029201155489792
1106028705003040771
1106028696497016833
1106028630172418048
1106028557556314112
1106028532726202374
1106028487469469696
1106028337112248321
1106028321576386560
1106028262831022080
1106028171743252480
1106027665302016000
1106027646125629440
1106027490508587008
1106027243845898240
1106027222274633741
1106027210035654658
1106026870972153857
1106026857973977094
1106026737295482881
1106026716885979137
1106026395380015105
1106025713793150976
1106025223621611521
1106025203774222337
1106025174095130624
1106025160295890944
1106025121897164801
1106025093912846336
1106024998060187648
1106024996189528066
1106024920000184320
1106024808783982592
1106024789951434752
1106024656836820992
1106024621684416512
1106024387310870528
1106024359284617217
1106024230913802243
1106024028714655744
1106023794169266176
1106023682760019973
1106023353045807104
1106023158283296769
1106023148237938689
1106022954603708416
1106022931887341569
1106221673580134400
1106221352233635840
1106221285179355136
1106221020908642304
1106220636886757377
1106220466061168644
1106220454618918912
1106220216978235392
1106220115547312128
1106219551769792512
1106218990672711680
1106218977959792640
1106218354929479681
1106218002570072065
1106217939538198529
1106217704657248258
1106217392093478912
1106217185775542272
1106217155605995521
1106216862365437952
1106216585897959425
1106216470432890881
1106216170313707520
1106216101275410432
1106215542740926465
1106215487602491392
1106215381604007936
1106215336561598468
1106215330752487425
1106215308295991296
1106214685974712327
1106214663509983232
1106214620308529152
1106214435910123522
1106214150529646592
1106213564967079936
1106213496629293056
1106213430514454529
1106212898039349250
1106212607407677442
1106212523609489408
1106212498645139456
1106212077524475904
1106212040203476992
1106211935459008514
1106211444704661505
1106211189606871040
1106211120359055366
1106211099987320835
1106210899394650112
1106210845141463041
1106210774631043073
1106210219749720065
1106210154947772416
1106210060106121216
1106210022206271488
1106209704370298880
1106209500674093056
1106209483661860865
1106209397770989573
1106209334021652481
1106209311057862656
1106209221660545024
1106209086683664384
1106208853337796610
1106208481713872897
1106208295281479680
1106208083301289984
1106207886886297600
1106207481473220608
1106207225440280576
1106207023069315072
1106206980274819074
1106206882442735617
1106206747633434625
1106206608756015106
1106328304531828737
1106328216975765504
1106328160394772486
1106328116333441024
1106328096570044418
1106328081038540803
1106328005398261761
1106327898724675584
1106327596776779780
1106327394783240192
1106327141250224128
1106327128356851712
1106326852271001600
1106326660239052802
1106326655881101314
1106325843419246592
1106325685893775362
1106325652742029319
1106325646282838020
1106325511196807168
1106325249937866752
1106325211333476352
1106325052423897088
1106324656607379458
1106324602211495936
1106324559991439361
1106324401388179458
1106324374230061056
1106324301920108544
1106324249130778624
1106324179085856768
1106323996470071297
1106323993416486912
1106323875183452160
1106323687878377472
1106323675404476417
1106323609046446081
1106323602960498688
1106323581376421888
1106323525093208065
1106323486673383424
1106323361049792512
1106323274177437696
1106323149434617856
1106322728947208196
1106322702619443201
1106322604766445569
1106321959808319488
1106321903138926594
1106321895937462274
1106321659248541696
1106321640147877888
1106321609130983427
1106321578525188103
1106321481192144899
1106321390880194561
1106321314233507841
1106321221170483201
1106321187385327617
1106321133060702208
1106320765148975104
1106320613654835206
1106320409841020928
1106320040394133508
1106319608166924290
1106319545701203968
1106319376616222727
1106319152959143936
1106319132767801344
1106318880971128832
1106318813010821124
1106318668160393217
1106317921398206464
1106317854494937088
1106317583488307200
1106317550986514433
1106316972797673472
1106316803930619904
1106316393551708161
1106316328783085568
1106316289386184705
1106316237041131520
1106316169303085058
1106315017555709953
1106314989214879744
1106314892573896704
1106314871132569603
1106314242293149698
1106314235091386368
1106314219979456520
1106314194356527108
1106314161003335681
1106314073170423810
1106313934544330752
1106313575138762753
1106313562195034112
1106313315754668036
1106313209080877059
1106068187731234816
1106067817974153216
1106067801733648385
1106067742421991424
1106067562318618624
1106066999921139713
1106066946473242624
1106066688556982278
1106066510898913280
1106066437083447296
1106066414048342016
1106066352375242752
1106066334893395970
1106066266601738240
1106066248188743681
1106066133117894657
1106066048829276160
1106066021020909568
1106065305501995008
1106064930309054464
1106064929134600192
1106064865976700928
1106064840383172609
1106064690239672321
1106064673231667200
1106064667057758208
1106064617799704576
1106064616457527296
1106064615182487552
1106064456876994560
1106064355257274368
1106063767341813761
1106063679215165440
1106063330496659457
1106063039084716033
1106062974270222336
1106062943676960768
1106062694833102849
1106062676449476608
1106062520299802624
1106062263201361921
1106062160923410432
1106062003163013121
1106061821578899456
1106061727764889600
1106061724669480960
1106061136787619840
1106060724252467200
1106060503225229314
1106060461072678912
1106060173792075776
1106060060877193216
1106059624086671360
1106059584983232512
1106059349045248001
1106058286531407873
1106058263160750080
1106058260455407616
1106058147494387713
1106058144835198978
1106058137461624833
1106058008872706048
1106057884444459008
1106057759265427456
1106057426770505728
1106057062805467137
1106056782919712768
1106056681459408897
1106056652049039361
1106056589432233984
1106056511787360257
1106056458096001024
1106056325589434368
1106056265128706048
1106056158932983808
1106056147633467392
1106055985456541696
1106055280318537728
1106054887094157313
1106054854496145409
1106054534953033729
1106054526627471361
1106054391637803008
1106054033624711168
1106053964448059393
1106053712311574529
1106053595319824384
1106053581021634560
1106282573263720449
1106282450899124224
1106282325917077504
1106281886115082240
1106281829106106370
1106281748655046656
1106281648927199234
1106280979881181185
1106280874805481472
1106280847936753664
1106280636808130560
1106279910228795392
1106279887545880576
1106279798391951361
1106279590241153026
1106278865641635840
1106278642626252800
1106277746936868870
1106277725441003521
1106277203862609920
1106276487601127424
1106275550547439616
1106275447447449601
1106275192366657539
1106275172754092033
1106274996807262213
1106274941241040896
1106274929257799681
1106274833699082240
1106274758390353923
1106274730623918080
1106274664081432578
1106274605973540865
1106274532329996289
1106274307716472832
1106274085414334467
1106273902051971072
1106273870099574784
1106273618793762819
1106273606412034049
1106273440028393473
1106273189758406659
1106273163388874752
1106272945876451329
1106272898061398017
1106272836350590976
1106272765584130049
1106272763361284103
1106272725100908545
1106272459110735872
1106272363400884224
1106272193145720835
1106272096710262790
1106272069229182976
1106271526150684673
1106271501291057152
1106271258226888704
1106271173535502336
1106270921390727170
1106270874066448385
1106270604674719745
1106270556666638336
1106270524819341312
1106270512970375170
1106270416572563456
1106270246476800000
1106270135449468930
1106270118164733953
1106269989210910720
1106269891324231682
1106269867508809728
1106269771002273792
1106269749477027843
1106269703289389056
1106269691717263362
1106269580975058944
1106269447042539520
1106269274773979137
1106268727228710913
1106268629354643456
1106268626020114432
1106268328434302976
1106268260721397760
1106268108124274688
1106268099030876160
1106267752631881728
1106267549975621632
1106267542769655808
1106022715616452608
1106022308018151424
1106022297083752449
1106022234525786112
1106022158227009536
1106022116263190528
1106022081567744000
1106021908925956097
1106021676586680321
1106021578998013957
1106021318447624192
1106021272813633536
1106021202269745152
1106020963420798979
1106020903299604480
1106020786450640897
1106020709183180800
1106020629868797952
1106020624382595072
1106020399630950401
1106020263676858374
1106020234333433856
1106020150631907333
1106020015290109954
1106019982851350529
1106019856334249984
1106019718580842498
1106019627136679936
1106019371238023173
1106019158158909445
1106019149644525569
1106019130061348871
1106019066458849281
1106018704771317760
1106018670352961536
1106018604074491905
1106018339422437376
1106017835371909122
1106017610557054976
1106017604571824128
1106017476456992769
1106017121958547457
1106017091646377985
1106017087024189443
1106016629698158592
1106016569283567621
1106016211639390209
1106016158036025344
1106015890280075264
1106015545122381824
1106015215966216193
1106015019831984128
1106014959471747072
1106014899795316737
1106014836243099649
1106014758640254976
1106014530327330816
1106014491983134722
1106014230527004673
1106013994035232768
1106013695736451072
1106013428110364672
1106013262414528513
1106013199554539521
1106012781562728454
1106012713698889734
1106012702462435329
1106012661811052544
1106012616873385986
1106012561785409537
1106012551563763712
1106012543359877122
1106012492487114757
1106012321300639744
1106012198139322369
1106011846081822720
1106011837286440961
1106011823428509696
1106011820752596994
1106011688090791937
1106011634789605376
1106011592506793984
1106011505261273088
1106011504506167296
1106011428086079489
1106011244790726656
1106011044038742016
1106010943060881410
1106010867546492928
1106010701527764992
1106010696007987205
1106010695244537859
1106010687099158528
1106010681587843072
1106010576789143553
1106010500096131072
1106010196273516544
1106010105320013824
1106010025514852352
1106009888474447874
1106009680738832384
1106009647989821441
1106009527793512449
1106009465197740032
1106009386516996097
1106009271630614528
1106009083058884608
1106008859712327680
1106008573031665664
1106008443675136000
1106008424116969472
1106008335076204544
1106008246777724930
1106008239227977729
1106008139151880192
1106008124945649664
1106008074588958721
1106007984013037570
1106007958079463424
1106007912244219906
1106007810041659392
1106007632689668096
1106206535041122305
1106206504670187522
1106206385874833408
1106206320603119616
1106206172397346816
1106206137479819264
1106206039962206210
1106206023956738051
1106205919711580160
1106205769366716416
1106205668241956864
1106205522976559104
1106205512230678529
1106205485101920256
1106205474955894789
1106205124643287041
1106204491160928256
1106204424655900674
1106204371526840321
1106204368804577280
1106204224982040576
1106204121101684738
1106203586655064070
1106203222107144192
1106202675476078592
1106202326522580992
1106201997773078534
1106201964533174275
1106201758563471361
1106201711683616768
1106201703848697856
1106201690334625792
1106201501473476608
1106201304370765824
1106200883006767106
1106200591573893120
1106200064882552832
1106199983202680833
1106199981055246338
1106199050163048448
1106198987722444800
1106198892104830978
1106198879081504769
1106198766061674497
1106198213009129472
1106198134563192832
1106197973665542146
1106197860465283074
1106196991158206464
1106196909717405697
1106196818067685381
1106196625158889472
1106196616120291331
1106196310833750021
1106196295952330752
1106196125583720448
1106196119879598080
1106196028934500352
1106195801699766274
1106195717373259776
1106195476196614144
1106195063871135744
1106194993646059520
1106194806747947008
1106194714087358466
1106194657720127488
1106194586920079362
1106194289615355905
1106194237341790209
1106194069666086918
1106193779403284480
1106193656141078534
1106193523345448960
1106193477744746496
1106193458811863042
1106193116497743872
1106192899618664449
1106192747088601088
1106192654998614017
1106192300965810176
1106192214420533253
1106191973348753408
1106191866662395904
1106191610939916289
1106191593218945024
1106191571689582593
1106007399838552064
1106007316481089537
1106007212885893120
1106006962351849473
1106006881141702657
1106006791316475904
1106006691806699520
1106006471274201088
1106006415712227328
1106006294853382144
1106005103557922822
1106004936347791361
1106004714473308160
1106004599704637440
1106004305381867523
1106004303871987713
1106004224754671616
1106003786986868737
1106003627640938496
1106003614554836992
1106003514591985664
1106002747487219712
1106002688968404994
1106002608655745025
1106002598249807872
1106002482226966528
1106002368481517570
1106002002851454976
1106001954189119488
1106001737859715072
1106001447106367492
1106000956263710720
1106000764646891520
1106000716110413825
1106000638519857153
1106000552196870144
1106000403156664330
1106000273221128192
1106000055201394690
1106000049354493952
1105999852809347072
1105999751827329024
1105999714699395072
1105999605404057600
1105999423350497286
1105999017174020097
1105999014023983104
1105998942066499584
1105998827125964806
1105998691767410688
1105998690815078402
1105998489161338883
1105998401752055808
1105998359091793920
1105998122231189506
1105997850717097984
1105997743485403136
1105997631438774272
1105997629757054982
1105997612681957376
1105997514262474754
1105997505337217024
1105997492385124352
1105997478451654657
1105997477482844160
1105997448378343425
1105997420700332033
1105997174347915270
1105997131884711936
1105997112381263872
1105996749997510657
1105996709832859649
1105996645680930816
1105996042682667008
1105995799643582465
1105995719599517696
1105995654004908032
1105995467098374144
1105995451587661829
1105995349913681920
1105994344769691648
1105993827502809094
1105993787036311552
1105993747421167616
1105993642924228610
1105993614973419520
1105993419913080833
1105993397376974848
1105992566808338432
1105992413582147584
1105992347869831169
1106083697374064642
1106083528746328065
1106082955695255552
1106082862120329216
1106082718306045952
1106082675687776256
1106082078830006272
1106081724834799616
1106081642198646784
1106081409033093120
1106081062155767808
1106080572814839813
1106080529932320768
1106080418523201541
1106080374873096192
1106080278588481536
1106080173290475520
1106080015077146624
1106079632049213440
1106079081651625985
1106078166408294400
1106078138218500096
1106078041199919105
1106077942722056193
1106077935566360576
1106077610025668610
1106076666382573568
1106076081151340544
1106076019549589505
1106075633099071488
1106075547900116993
1106075536206393344
1106075426114297862
1106075223927877632
1106075188653842432
1106075137126756352
1106075121280704513
1106075092465795072
1106075080860356608
1106075042033491969
1106074880057851904
1106074792057171968
1106074723585273856
1106074647483703301
1106074569918443520
1106074170893484035
1106074015062544384
1106073712422518785
1106073669003034624
1106073315867680768
1106073253926354944
1106073169536806912
1106072754913107968
1106072751633326081
1106072570095259648
1106072385143345152
1106072041374003200
1106072018586398720
1106071980170715136
1106071245693571072
1106069944284831744
1106069519750127617
1106069499873124352
1106069312371154950
1106069065653608448
1106297716391448579
1106297665577472000
1106297360571920384
1106297249896820736
1106296893318008837
1106296634441379841
1106296190474338304
1106295914522644482
1106295825653739526
1106295345590517761
1106295067625558024
1106294438635208704
1106294328505352193
1106293957401739266
1106293936128212992
1106293809699262465
1106293779747737601
1106293694519566337
1106292967432704001
1106292901233991680
1106292627652120576
1106292386001502209
1106292378095243264
1106292120242003971
1106292015346511873
1106291681450708992
1106291623426752512
1106291274720542721
1106291139227729920
1106290767864094720
1106290676214292481
1106290636880134144
1106290419749523456
1106290360760877056
1106290225481990144
1106290176979025920
1106290044438872064
1106290009823416323
1106289915963174912
1106289833033584640
1106289815388065802
1106289633384677376
1106289423791071232
1106289106638786565
1106289082089508874
1106288865378217991
1106288654677348354
1106288650080391169
1106288492164890624
1106288354591674376
1106288295762374657
1106288217119031296
1106288049095434240
1106287867997749248
1106287777182814210
1106287520453705728
1106287296414973953
1106286767773306886
1106286723464658945
1106286654484971520
1106286310011125760
1106286247184617472
1106286133057646592
1106286073615970312
1106286019924684800
1106285995392225280
1106285798108905472
1106285729460543489
1106285687920160768
1106285658128162816
1106285403018092544
1106284675029495808
1106284504958857217
1106284485170089984
1106284363120107520
1106284317943066624
1106284214536888320
1106284129983889408
1106284122270560258
1106284083842289665
1106284007946403845
1106283839813570560
1106283458761031680
1106283453178351619
1106283390167326721
1106283363793539072
1106283240388726790
1106283171304202240
1106283139582910464
1106283081319755776
1106283066715181056
1106282984678875138
1106282809881251846
1106282744164814848
1106282711243735040
1106282680793157633
1106282676867207168
1106282651059699713
1106282626413924355
1106053065826721797
1106052752625545217
1106052655472754688
1106052514678538240
1106052443836686336
1106051995104743424
1106051873268736001
1106051390462459905
1106051320111206401
1106051189957947392
1106050970872508416
1106050763858554880
1106050680903606273
1106050680152834051
1106050644786495488
1106050378833915904
1106050359196352512
1106050306335490049
1106050284713844737
1106050090526015489
1106049567017988102
1106049358976344065
1106049355151106049
1106049162687201281
1106048969598210048
1106048920571035653
1106048815994494978
1106048681684262912
1106048439933120512
1106048135409786880
1106047977859280896
1106047874809380865
1106047824645554176
1106047599201538048
1106047445211832320
1106046886438465538
1106046050798841857
1106045971006251008
1106045691380391936
1106045614586978304
1106045529119547395
1106045317084930049
1106045207592734721
1106045185480224773
1106045140299403264
1106045022519128064
1106044667349663744
1106044657673388032
1106044651050426368
1106044581869744128
1106044523329785861
1106044474554269698
1106044385291001856
1106044012056719361
1106043844632600576
1106043825930199040
1106043640424488960
1106043595876790272
1106043509084119040
1106043129713647618
1106042994208239616
1106042624497123328
1106042507916382213
1106042502195240960
1106042141862592512
1106042059511734272
1106041864635899904
1106041641914302465
1106040889275809794
1106040679816486912
1106040668189847552
1106040556373843969
1106040471472754690
1106040241155002373
1106039955271213056
1106039634625064960
1106039430199066631
1106039119891726336
1106038940014764032
1106038504449077248
1106038116400291840
1106038092274663424
1106129729474580480
1106129566764982273
1106129468832137217
1106129416969543681
1106129087372845056
1106129073070174208
1106128968313393152
1106128438136659970
1106128195181518850
1106128102680379392
1106127674202877952
1106127157028376577
1106127087709114368
1106126603409600517
1106126488171134976
1106126294771748864
1106126211095429120
1106125736019222529
1106125710266167297
1106125706281537536
1106125687889510400
1106125679601508354
1106125284187738112
1106124862433587200
1106124860080586752
1106124766245732353
1106124488540733445
1106123790470115328
1106123096128475136
1106122659320999936
1106122468396331008
1106121586577309696
1106121384466489344
1106121090529746944
1106120897499488257
1106120033242177541
1106119441316790273
1106119224831893504
1106119077725200384
1106118989145489408
1106118774997073921
1106118184682299392
1106118136057733120
1106117618610520064
1106117191244697600
1106116913317462016
1106116806408757249
1106116268220801024
1106115587632181248
1106115428491952128
1106115374049710080
1106115332622581760
1106115288632832000
1106115215869898752
1106115055282618374
1106114890480214018
1106114640243814402
1106343902867537920
1106343894328004610
1106343890062315520
1106343704300646401
1106343564584341504
1106343523379490816
1106343437756968960
1106343207514918915
1106343144155725829
1106343016833249281
1106342153687449600
1106341996929708032
1106341905460281345
1106341902989869056
1106341641047162881
1106341637691596800
1106341603613073411
1106341318375211009
1106340525815136256
1106340352040960000
1106339442443411456
1106339107410767874
1106338974400946176
1106338519968935937
1106338471654899717
1106338389744340993
1106337765598392320
1106337537314951169
1106336952108896256
1106336707186692096
1106336486092353536
1106336437073575936
1106336222815895554
1106335984575119360
1106335968628334592
1106335668534337536
1106335420806119424
1106335403525750784
1106334991527616513
1106334811835252737
1106334629416587264
1106334530900840448
1106334466509701120
1106334401321811969
1106334176675008514
1106334123914858496
1106333803461726208
1106333782263631872
1106333657478975488
1106333625488945153
1106333309343358977
1106333237616488448
1106333222781272070
1106332658580312069
1106332506662428672
1106332505341394948
1106332233390919685
1106331668074373120
1106331545525059584
1106331512012750850
1106331298463920133
1106331172106371077
1106330703644553216
1106330421674065922
1106329699087716353
1106329685737254914
1106329260988473344
1106329202775728128
1106328999326830595
1106328980553166848
1106099333261348864
1106099265846341632
1106099137597059073
1106098413697945600
1106098405984649216
1106098275692752897
1106098241190461440
1106098213000564741
1106097609205264384
1106097578595233792
1106097572232523777
1106097544378105856
1106097221362040832
1106096998938079232
1106096655802269697
1106096510725439489
1106096054288740353
1106095480470204416
1106094949588594688
1106094017467473920
1106093994059141120
1106093476125466624
1106093067512119302
1106092787001380865
1106092483337842693
1106092455320010754
1106092421773959168
1106092370318290945
1106092303326818305
1106092242400432128
1106091913428590592
1106091903328509953
1106091809887977472
1106091765612724224
1106091319099826176
1106091310719471617
1106090978656559104
1106090876957188096
1106090739606249472
1106089984866570240
1106089823914389504
1106089302813900801
1106089190729633792
1106089024798638081
1106088837934170112
1106088603128553472
1106088562896846848
1106088462082433024
1106088391735533568
1106088386153115648
1106088378762702850
1106087871327465472
1106087744927866880
1106087597070319616
1106087590548201472
1106087538249396225
1106087371873767424
1106087254701813760
1106087175332872193
1106086746549293056
1106086721387749377
1106086412179238912
1106086375764430848
1106086333364109312
1106086128459759616
1106086104078286848
1106086073686474752
1106085886599544832
1106085881893445632
1106085538199552000
1106084746382041089
1106084524088311808
1106190981542658048
1106190824658726913
1106190704156557313
1106190546211610625
1106190182456406016
1106190158834139136
1106190055947808768
1106189940260564992
1106189809498755074
1106189780281425920
1106189500785610762
1106189417092386818
1106189291305218048
1106189079501307905
1106189027332538374
1106188212236476416
1106187506062548992
1106187337141149696
1106187166374256641
1106186855299506178
1106186821040431104
1106186786340954112
1106186647262117890
1106186544572968960
1106186491410165760
1106186406400016384
1106186332697587712
1106186163918798848
1106185941851492353
1106185913007104000
1106185190349656064
1106184495659655170
1106184255158276096
1106183898868957185
1106183880338534401
1106183501425115136
1106182755912740865
1106182578996801536
1106182473585573889
1106182468342824962
1106182173856534528
1106181809187028993
1106181588444950528
1106181503128662017
1106181279253491712
1106180963074076672
1106180884044996608
1106180695414718466
1106180684622618624
1106180391973650432
1106179912140886016
1106179273700900867
1106178345656598528
1106177844118474752
1106177669601714179
1106176941655248901
1106176801301123073
1106176608203825155
1106176490012622849
1106176318020993024
1106176213968654336
1106175924704288768
1106267428454100994
1106267383256109056
1106267333557960704
1106266885664858112
1106266731847155712
1106266683063394304
1106266678596378629
1106266674632818688
1106266479635378176
1106266031323004928
1106265952935690240
1106265770428956676
1106265545933025282
1106265521975111681
1106265447287136257
1106265322116530176
1106265113626054657
1106265092964917256
1106264931437928448
1106264506387161091
1106264476054159361
1106264447612583942
1106264368797437952
1106264219987730434
1106264039837982720
1106263994791165953
1106263958846095361
1106263586647797760
1106263272393764871
1106263176314798080
1106263024241909760
1106262825742360577
1106262781605675008
1106262625741086722
1106262288741425152
1106262188933574657
1106262033920679938
1106261976190115841
1106261920011743232
1106261749685280768
1106261705120796673
1106261319328718850
1106261175283548160
1106260977958309888
1106260826162372609
1106260736316190725
1106260472528015360
1106260029601005569
1106259707059232768
1106259334009376769
1106259321690558464
1106259214475972609
1106258926037798912
1106258924032929793
1106258907058495488
1106258904772759552
1106258010559660032
1106257825431474176
1106257644686372865
1106257499689271297
1106257376041205760
1106257301936238593
1106257232700805122
1106257215038590976
1106257185133064192
1106257072193261568
1106256884552462337
1106256770371063808
1106256589126807552
1106256411066023936
1106256365314428928
1106256345106395137
1106256007821512704
1106255841219481602
1106255834294685697
1106255601158574082
1106255488872796161
1106255314368643072
1106255291463671808
1106254877179686912
1106254849954496512
1106254703904677888
1106254490368442369
1106254418759086081
1106254168459603969
1106253772664291328
1106253352541786112
1106253231074824192
1106253213513248768
1106253084991336449
1106252730757111808
1106252599899185152
