1116547192859140101
1116546962965188610
1116546632525524992
1116546603978899456
1116546582059503616
1116546524618510337
1116546394414649344
1116546380640608259
1116546363297132544
1116546288626040832
1116546195332182016
1116546050729201665
1116546048279756801
1116546046987948032
1116546045306032134
1116546044014108672
1116545736466845697
1116545524570546176
1116545424553168898
1116545223234965505
1116544856296448000
1116544750398529536
1116544745684078592
1116544011634868225
1116543919066578944
1116543722165035009
1116543586567426048
1116543175634628608
1116543165534588930
1116542515950309382
1116542331606458368
1116542251386060800
1116541490333749250
1116541403394379777
1116541254089592832
1116541061017550848
1116540508002766848
1116540061745545216
1116539758459740162
1116539686862884865
1116539404556951555
1116538443226464256
1116538443012526080
1116538440022052864
1116537567736889344
1116537036608081922
1116536836850102272
1116536658197925888
1116536259630063617
1116536053907591168
1116535908461940736
1116535863155077120
1116535411273134080
1116534794123218944
1116534763538411520
1116534692688404486
1116534497330249728
1116534399376343041
1116534236821934080
1116534108505694210
1116533752874905600
1116533706460516353
1116533666384089089
1116533648453509121
1116533608301330435
1116533215236427777
1116533159812722689
1116532868103200768
1116532816471183360
1116532150327762944
1116731052205252609
1116730805072662528
1116730780816945152
1116730780582076417
1116730777822089216
1116730551833067520
1116730328683565057
1116730192473489408
1116729901669916678
1116729742642819072
1116729684060983296
1116729681414361090
1116729670307913730
1116729528754294784
1116729326442098690
1116729069759074306
1116728957586554880
1116728875424284672
1116728868092694528
1116728755735732226
1116728239215587328
1116727859777658881
1116727694794866688
1116727282847158272
1116727274475261959
1116727135643815937
1116726989010948096
1116726958451195904
1116726762057154561
1116726693350129664
1116726501569966080
1116726266361720832
1116725869173706755
1116725676243968000
1116725671013830657
1116725495046000640
1116725331535200257
1116724936436015109
1116724921797939200
1116724600887496704
1116724579639205888
1116724395022716928
1116724367495446528
1116724291637108736
1116724164268711936
1116723847510855681
1116723529221799936
1116723438838743041
1116723135246684162
1116722968162459649
1116722745843290114
1116722711324184576
1116722625646977025
1116722121185603585
1116722025782022144
1116722009986228224
1116721941321273346
1116721903022960640
1116721876024332289
1116721791584604160
1116721696910848000
1116721582263738368
1116721574080589826
1116721458741428224
1116721434087260160
1116721385018097665
1116721259423969282
1116720817168179200
1116720813842079745
1116720799942107138
1116720756216541185
1116719643366871040
1116718953747886081
1116718885372194816
1116718752186290177
1116718744074694657
1116718707982655489
1116718694648950790
1116718378008231937
1116718085929603072
1116717961291735040
1116717945009385474
1116717811437572107
1116717530582855680
1116717383639601154
1116717166345064448
1116717122586128389
1116716847846522881
1116716597132046342
1116716306500243456
1116716101503717377
1116715961321549824
1116608265276628992
1116608188525080576
1116608167905914880
1116608018760683520
1116607962401738760
1116607802443591683
1116607787969073153
1116607782747168768
1116607662836203521
1116607234048311297
1116606720841666560
1116606657813856256
1116606636909457408
1116606247032086528
1116606209879003136
1116605995772338176
1116605969461465088
1116605736421748738
1116605671879757829
1116604675896119296
1116604249268310017
1116603806362427392
1116603322293559297
1116603170594017280
1116603151929372673
1116603148003495937
1116602993460166657
1116602987982442504
1116602864267186178
1116602660075888640
1116602513774366725
1116602425731760128
1116601972939878401
1116601457971609600
1116601061660192768
1116601040038531075
1116601028470697985
1116600840372932609
1116600835733987328
1116600833565581313
1116600518040621056
1116600507185807362
1116600506166571008
1116600422586654720
1116600264247525376
1116600149453598721
1116600110773702656
1116599946201817090
1116599129285619713
1116599126530019328
1116598927283777542
1116598923643109376
1116598918509281281
1116598792235569155
1116598743476793345
1116598549741891586
1116597905555480576
1116597770679230464
1116597766786994177
1116597762311614464
1116597695609593858
1116597645198286848
1116597640827768833
1116597524578484224
1116597477593866247
1116597452943970304
1116597394265690112
1116597234341015555
1116597230822014976
1116597214405517312
1116597110864920576
1116596849605873671
1116596376136114176
1116596184749969409
1116595362830008320
1116595276368662528
1116594815045496832
1116594488682504192
1116594302283419648
1116594238395785216
1116594197635559431
1116594193038626817
1116593892306984961
1116593835281268736
1116593429792714754
1116593168437235713
1116761406827843584
1116761256289923075
1116761234689236993
1116761214250414080
1116761039956135936
1116760915263676416
1116760739086102528
1116760326375116800
1116760184200630272
1116760137597882369
1116759898602082304
1116759764468297728
1116759740128866304
1116759733065543681
1116759582188064770
1116759550013530112
1116759029584236544
1116759016179294208
1116758546039934976
1116758445493866497
1116758435322683393
1116758426804056064
1116758292162760704
1116758237414486016
1116758229382500352
1116758168967815169
1116758069134995457
1116758046120849409
1116758011538575360
1116757886447652864
1116757830697148418
1116757825408180225
1116757021313789952
1116756945442971649
1116756941978476544
1116756876149104640
1116756681759842304
1116756664567382016
1116756462838005760
1116756285792219136
1116756164283445248
1116756115717361664
1116755956690382848
1116755868756992002
1116755854227722240
1116755607313235968
1116755599482478592
1116755357731151873
1116755215380774912
1116755179490033670
1116755169943879681
1116755102109454340
1116754826971549696
1116754726471651328
1116754704636076034
1116754701167386624
1116754682209288193
1116754619407880192
1116754510721028096
1116754323646496769
1116754300342956037
1116754074714533888
1116754040786837506
1116753997392535552
1116753878412697600
1116753833340719106
1116753737307942915
1116753640071544832
1116753501491798016
1116753489009487873
1116753459997544448
1116753432092794880
1116753417433538560
1116753318435360769
1116752968039026688
1116752855736770560
1116752841517879297
1116752537468563459
1116752445642821633
1116752425040453632
1116752325392027648
1116752180495646720
1116752126347304961
1116751965168361472
1116751959166529541
1116751834494844929
1116751801783652354
1116751714802180096
1116751607016849415
1116751580735385600
1116751536372293637
1116750865396899841
1116750788032905216
1116750759956287494
1116750676124631045
1116750510411984896
1116750498814668800
1116750472541626370
1116750450643148803
1116750381940391938
1116750268530601985
1116749983296970755
1116749868481912833
1116749823485665280
1116749761984462851
1116749502055112709
1116749334379417600
1116749250438651904
1116749223066685440
1116748751064961024
1116748349879803906
1116748160540524544
1116748129905385472
1116748124343685126
1116748114403233792
1116748092550918144
1116748089791078401
1116748084762042369
1116748078906781696
1116748067452092416
1116747874602188802
1116747871817273345
1116747825172205568
1116747805991874561
1116747551649099778
1116747164842065920
1116747063184842753
1116746964572393472
1116746947241684992
1116746867856105476
1116746842509856769
1116746823941742592
1116746635864891392
1116746631083433984
1116746588125302789
1116593094764322817
1116593022982955008
1116592970688421889
1116592970688372736
1116592963373551617
1116592790282989568
1116592756128829440
1116592286354161668
1116591790067339264
1116591542674710530
1116590517179916288
1116590033446690816
1116589988823490560
1116589465391128578
1116589438904066048
1116589130358464515
1116589023252758528
1116588415913299970
1116587431350784002
1116587135937593345
1116587094002917376
1116586835260534784
1116585539707080704
1116584747239497734
1116584311912689666
1116583764493127682
1116583263277965312
1116582933651832832
1116582736427307009
1116582654311165952
1116582495120576513
1116582231647014912
1116581987106447360
1116581371089014784
1116580349226602496
1116580269811585027
1116580080644313090
1116579964441120768
1116579753450819585
1116579738821070849
1116579562983268354
1116579492116307969
1116579194937307137
1116579064855154688
1116578882109358080
1116578665289015296
1116837930381783040
1116837926128820224
1116837718552719361
1116837566345555968
1116837270651273217
1116837206142922752
1116837145933750272
1116837016002617349
1116836980107743232
1116836952832204800
1116836931839713280
1116836669238534144
1116836478330576896
1116836313611821056
1116836065653010432
1116835875118301187
1116835835821924352
1116835754653523969
1116835735838044160
1116835655567458304
1116835569294880768
1116835407633833984
1116835404328599552
1116835390365810689
1116835295700443139
1116835061616250880
1116834583016878080
1116834232767340544
1116834223799840768
1116834140538540032
1116833999748354048
1116833809369042944
1116833394221092869
1116833372695867393
1116833277439094784
1116833204240093184
1116832989500051459
1116832878959054848
1116832448351019008
1116832424544165888
1116832291144249344
1116832187322494977
1116832113884585984
1116831839463907329
1116831305247989761
1116830969137381376
1116830869380128768
1116830855685525505
1116830789336031234
1116830671413174272
1116830353413611520
1116830236472152065
1116830187361132544
1116829784208805894
1116829493929369603
1116829210071457792
1116828777617735682
1116828553704873984
1116828476055543809
1116828430027362305
1116828416916041729
1116828416018456584
1116828068646146050
1116827848520679426
1116827565543559168
1116827430717673473
1116827143416061957
1116827044933963777
1116826966529839104
1116826497594134530
1116825988359442432
1116825846273146886
1116825621999620097
1116825413186203653
1116825350477053952
1116825328352100356
1116825214791421954
1116824996616318976
1116824860376875008
1116824756500738048
1116824602120994816
1116824305722064896
1116824180790579212
1116823879387770880
1116823878402109440
1116823869371715584
1116823863390687232
1116823845363757057
1116823788463820800
1116823622226673664
1116823446212636672
1116823445998686209
1116823445864534016
1116823444903981057
1116823426717618179
1116823168155627520
1116623877818290178
1116623545537138688
1116622946041118722
1116622677131743233
1116622543077527552
1116622543027228674
1116622492016054272
1116622064620691456
1116621984769531906
1116621970966056960
1116621904176009216
1116621309658554375
1116620968632283136
1116620856233299968
1116620299141648384
1116619517973516293
1116619471831965699
1116619392786132992
1116619322200248322
1116619279661539328
1116619030398267392
1116618761308532742
1116618567246475265
1116618492491358208
1116618294427930630
1116618096213512193
1116617934460211200
1116617516162228225
1116617172371918848
1116617107892920320
1116616820889251845
1116616765029535745
1116616760738713604
1116616536163139586
1116616192884527105
1116615708404637696
1116615282628280320
1116615087375011840
1116615042449809412
1116614911797284866
1116614816699785220
1116613245870067713
1116613147635277824
1116613054815326208
1116612686043729921
1116612004909699072
1116611998282706946
1116611914946232320
1116611864325054465
1116611702345224192
1116611440226365440
1116611020280041473
1116610929561497600
1116610841602707456
1116610208610918401
1116610034635378690
1116609514831114242
1116609315865944064
1116609314804736000
1116609193178386432
1116609031857000448
1116608801015074818
1116639108514951168
1116639036385452032
1116638753328644101
1116638657723674624
1116638148505808896
1116637726512644097
1116637664013365248
1116637236685148160
1116636801467396096
1116636764452659202
1116636217477672962
1116635859518984197
1116635830158811137
1116635789214068736
1116635471738748928
1116635383599640576
1116635016719740928
1116634530000121856
1116634320784035842
1116633960895995906
1116633736521629696
1116633397999427584
1116632964840869888
1116632817180512257
1116632536988282882
1116632194963763200
1116632032355000322
1116631708546154499
1116631522386169856
1116630932553756673
1116630607554068480
1116630176538828801
1116630087468605440
1116630027070689280
1116629627940691970
1116628633794125826
1116628327463149568
1116627988882132995
1116627634467663872
1116627581313277954
1116626636760215552
1116626502169157633
1116626444589752321
1116625996747120640
1116624317838528514
1116792397529145344
1116792042527399937
1116791461716955137
1116791335942406144
1116791279386386432
1116790228339924993
1116790200401719297
1116789992095805441
1116789609340469248
1116789150131335168
1116788430564814849
1116787806133805056
1116787541942861829
1116787363945037826
1116787335838855168
1116787324329893890
1116786960591466498
1116786351440109568
1116786324785156096
1116785735263313922
1116785729412259840
1116785366365814786
1116785144533323783
1116785085922123776
1116784834016366600
1116784216874811394
1116784075631624192
1116783189685669891
1116783096441921536
1116782822004547586
1116782562716811264
1116782458199056386
1116782453555965953
1116782408781709312
1116782404008595463
1116782308688662528
1116782247040909320
1116782233447219201
1116781890000887809
1116781823638503425
1116781612874764288
1116781499595014146
1116781089345933312
1116781038255116289
1116780859024191490
1116780562419736576
1116780356391309318
1116780230998482945
1116780053495472131
1116779402556268545
1116779169118027776
1116778885222477824
1116778845565222914
1116778770780700672
1116778439669948429
1116778245750427648
1116778222937677827
1116778079555346432
1116778076736753664
1116777904007000065
1116777645717499904
1116777339600420866
1116822782736838657
1116821901001863168
1116821637977006081
1116821548772614144
1116821218894602240
1116821040976547842
1116821034957541376
1116821017115156480
1116820924219707397
1116820824923701248
1116820672695685121
1116820382256910347
1116820278561116160
1116820128602238977
1116819504028430337
1116819292249399296
1116819237438480386
1116818776148692992
1116818506174038018
1116818433880887296
1116818406836031488
1116818267597881344
1116818121027985409
1116817963745718272
1116817797009555457
1116817750813544448
1116817545846251520
1116817519279579138
1116817466125180928
1116817013911871488
1116816903400411136
1116816763453353984
1116816275999797249
1116816263097905152
1116815549294686209
1116815487986487301
1116815481195905024
1116815448425869313
1116815318737928192
1116814779153289216
1116814417486704641
1116814199701889024
1116814194911870976
1116813121124016128
1116812794194747393
1116812619376025601
1116812576619413504
1116812151035965440
1116811862098706432
1116811320777637888
1116810769755250688
1116810207336837121
1116810039547789312
1116809954877497349
1116809531798032385
1116809084706144257
1116808753544945667
1116808614721646593
1116808537022373890
1116808387319205889
1116808373591318528
1116808343740272641
1116808343555678208
1116808343224324096
1116808207366647809
1116807930219835392
1116700607413391360
1116700587414970368
1116700494838341634
1116700341322551297
1116700233507979264
1116700203472642049
1116700164197113856
1116700062405492736
1116700059444367360
1116699953982840835
1116699922433056768
1116699905710526465
1116699773489287168
1116699566206783488
1116699032938795008
1116698866085236736
1116698789937545217
1116698296104497153
1116698275468468224
1116697684201619457
1116697514785243141
1116697493486612481
1116697468929040384
1116697436884480001
1116696865095991297
1116696855226781696
1116696489009537025
1116696231567405056
1116696142954291200
1116695473744744448
1116695391922282500
1116695353061806081
1116695151068446721
1116695150330298370
1116695041303564288
1116694979399888896
1116694960521261056
1116694752781590528
1116694707877425152
1116693900700397568
1116693747171860480
1116693589189283840
1116693320070324225
1116693150645542912
1116692733635321856
1116692056456478720
1116691961136599040
1116691959811198977
1116691838172303360
1116691303151165441
1116691188424368128
1116690987219333120
1116690922174128129
1116690911046643712
1116690821586333696
1116690477426847745
1116689763367575553
1116689572275064833
1116688579944697861
1116687969920806913
1116687952124497921
1116687535391092736
1116687121954291713
1116686949140586497
1116686803128471553
1116686080554733568
1116686034140565504
1116685996375126017
1116685960727678978
1116685844910354433
1116501446764244993
1116501243827040257
1116501219349016576
1116501194107695104
1116501076235173889
1116500877257453569
1116500645794607105
1116500559920422913
1116500140204933120
1116500055513620481
1116500029701750784
1116499845831897093
1116499697651343360
1116499582022836226
1116499396529676289
1116499248474939394
1116499211107934208
1116498613465767936
1116498580376829954
1116498571166212097
1116498512907317248
1116498459652186112
1116498375778631680
1116498174393421824
1116498119238324224
1116498108077178881
1116498100678471681
1116498037755535360
1116498030587338753
1116498009620144129
1116498006344441858
1116497974799077377
1116497884130750464
1116497636964519936
1116497464213872640
1116497363319832576
1116497221338456066
1116497200098488320
1116497031395192834
1116496960217915392
1116496924679573505
1116496670747918336
1116496574669099008
1116496534290542594
1116496437863485441
1116496413456728064
1116496314186043394
1116496279138443265
1116496241553231872
1116496239300837376
1116496216425160705
1116496103451635714
1116495992478752768
1116495863831044096
1116495777621266433
1116495692992798722
1116495668489723904
1116495626034917376
1116495592266641410
1116495326825918465
1116495307750158336
1116495029386616833
1116494890525966338
1116494772561219584
1116494749018546177
1116494706769321985
1116494523880935425
1116494502607323136
1116494495166500864
1116494447515246592
1116494257500635136
1116493989732081665
1116493960749506560
1116493896308023296
1116493720780713984
1116493383650947078
1116493338864123904
1116493179812028416
1116493143774568450
1116493004364222465
1116492907689783297
1116492493531389952
1116492368314691584
1116492134629068801
1116492113884131328
1116492003230011392
1116491743158046720
1116491714817138689
1116491682986516481
1116491682764214272
1116491666322591744
1116491620969480193
1116491613902114816
1116491510256631809
1116491379218239488
1116491286419316736
1116532079599210497
1116532052965363712
1116531948611166209
1116531923831197696
1116531538659893248
1116531418568581121
1116531214175752192
1116530775883644928
1116530377307201536
1116530177511698432
1116529890340139008
1116529537402142720
1116529537368694790
1116529531131764736
1116529524131409921
1116529490601975809
1116529465037864960
1116529446956220417
1116529249438109696
1116529180336803840
1116529175186120704
1116529075563012096
1116528675833278465
1116528656359284739
1116528390432067584
1116528329593462784
1116528307405766657
1116528157161656321
1116527634199056384
1116527620651405312
1116527348365582336
1116527167951769600
1116527144681734146
1116526939957813248
1116526823045836800
1116526745027522560
1116526689591472130
1116526477061783552
1116526325878206470
1116526074945581056
1116525915478085632
1116525805822193664
1116525671164071937
1116525397754171392
1116525361259601926
1116525313918476289
1116525233639493632
1116525182225661952
1116525045147422721
1116524961273974784
1116524542065819649
1116524526567870464
1116524216923369473
1116524195473776640
1116524120366309376
1116524086065160192
1116524078469451776
1116523907928948736
1116523772759158789
1116523765138120704
1116523756934115330
1116523072780156928
1116522772140838912
1116522746257793024
1116522268006453249
1116522116847943680
1116521991098568705
1116521950585561089
1116521902691028992
1116521745987489794
1116521717567033346
1116521643621474305
1116521419536568322
1116520747386716160
1116520137090269186
1116519687360262144
1116519678833303552
1116519597589573638
1116519375245324288
1116519273327996933
1116519162183024641
1116518669356544001
1116518409750155264
1116518406851899395
1116518159836643329
1116517586068541445
1116517545933266944
1116517531320233984
1116517502861889536
1116517129745047552
1116715862898032640
1116715600456237056
1116715342942937096
1116715221811388416
1116715172167585792
1116715153414852614
1116715126818656256
1116715109861220353
1116714977862152193
1116714782160191490
1116714721728716801
1116714686173597698
1116714651667111937
1116714392626892806
1116714367750496256
1116713847363182594
1116713776634527744
1116713751233880065
1116713317102387201
1116712596646891520
1116712475091771397
1116712216458403840
1116712041740423169
1116711824274132992
1116711790765924353
1116711745320562689
1116711631755579392
1116711459948511232
1116710980250210304
1116710929914265600
1116710911702523904
1116710708505452544
1116710513138905090
1116710482059190272
1116710399322279937
1116710388052234240
1116710374068428800
1116710309920759813
1116710093834399745
1116710070404952065
1116709868176642049
1116709824471846913
1116708970058735619
1116708742085709831
1116708520882262016
1116708463231602688
1116708035920125952
1116707994224476162
1116707923361718273
1116707922749345794
1116707905993150467
1116707842503794688
1116707830390771713
1116707819091312645
1116707560982237184
1116707557068828678
1116707492678053888
1116707390831906817
1116707268823867392
1116707083452391425
1116706765440155648
1116706703247126530
1116706666760802304
1116706304355999745
1116706212962156549
1116706019139309570
1116705975115890688
1116705746031345664
1116705209064017920
1116705016767709185
1116704597819576320
1116704234223878144
1116704119371304960
1116704044817502208
1116703516423143424
1116703390648504320
1116703242870755328
1116703000465215489
1116702875588149248
1116702836778258432
1116702800346591233
1116702714912813056
1116702704624177152
1116702531428782081
1116702481126436864
1116702183037206529
1116701855365640192
1116701816249552899
1116701717637128193
1116701668933083136
1116701578516365312
1116701433016066048
1116701260718247936
1116701077091573761
1116700906408562688
1116700887295172614
1116700871369342977
1116700805799796737
1116807586563670018
1116807084832485376
1116806671643357184
1116806273801039873
1116806236417200129
1116805907126448129
1116805218522619905
1116804614693765121
1116804148836671493
1116803934482509825
1116803822989529089
1116803706568290309
1116803450870714368
1116803185669177344
1116803184595558401
1116803173270925312
1116803121580138496
1116802392316620804
1116802329943011328
1116802212473319424
1116801706149515266
1116801649874546688
1116801571206070272
1116801455288127489
1116801160436961285
1116801026022105090
1116800691010301952
1116800661621018625
1116800659372892162
1116800090679775237
1116800063018348546
1116800039391641600
1116799811955642374
1116799506052452352
1116799495092822016
1116799454923952128
1116798938424717313
1116798905381818369
1116798712330715137
1116798692739244033
1116798418259730432
1116798357530345472
1116798303604215813
1116798215708467203
1116797713033490432
1116797395281563648
1116796902249517056
1116796900894752770
1116796758288478208
1116796291323813888
1116796054383386624
1116795933453357060
1116795839937167360
1116795724149198850
1116795587280744448
1116795011775942656
1116794990271680512
1116794978812829696
1116794701623857152
1116794681659015169
1116794651556532225
1116794523907002369
1116793821268856832
1116793666859720704
1116793509262974976
1116793237639819264
1116793171076214786
1116793124360089601
1116793047419768832
1116792616035573760
1116577714557743106
1116577458797473793
1116576355003449344
1116576287332524032
1116575967135195137
1116575938785865729
1116575728554745856
1116575103863492611
1116574774187085825
1116573848936128514
1116573819718660096
1116573673266135041
1116573542416392192
1116573476368699393
1116573397335437312
1116573365584556032
1116572059990024194
1116571783115599873
1116571606426324992
1116570928530350086
1116570763933310979
1116570613768810497
1116570559100227584
1116569974980501504
1116569865819574273
1116569651742306304
1116569302767849476
1116568747584606208
1116566812861161472
1116566764832247813
1116566494144372738
1116566231706824709
1116566116908683264
1116565904702074880
1116565077262422016
1116564951114506240
1116564055970312192
1116564045614596097
1116563609100795905
1116563557561163776
1116563490578124800
1116562892717842437
1116685088060858369
1116684915678908417
1116684619666083840
1116684576477319168
1116684497360125952
1116684444478390278
1116684390426218497
1116684378988515329
1116684158259142657
1116684096665804800
1116684063098720256
1116684052147339265
1116684023852601345
1116683869221216257
1116683774505431040
1116683611690893313
1116683522511659008
1116683461539115009
1116683405549289472
1116683383487307777
1116683328009195522
1116682540746780674
1116682399008612362
1116682296457932801
1116682171773784064
1116682100898443264
1116681841833119745
1116681773470179328
1116681634382635011
1116681443730776065
1116681258455662592
1116681196908503040
1116681099021824001
1116680826408906752
1116680792648843264
1116680735770009601
1116680576516403200
1116680183820451840
1116680020011909120
1116679869625196544
1116678622344032257
1116678375093891072
1116678303589572610
1116677859756503040
1116677394406965248
1116677339218358273
1116677144262918144
1116677071789592578
1116676458343170058
1116676189274304517
1116675996676235264
1116675941143433216
1116675826961895424
1116675757089153024
1116675554697256961
1116675447067168769
1116675410685771776
1116675138160693249
1116674842059689986
1116674838825979905
1116674728239009793
1116674582369509377
1116674517676457985
1116674450575900673
1116674345936404480
1116673950589890560
1116673741357047809
1116673681680404480
1116673657462493187
1116673475437944832
1116673106066706432
1116672908456103936
1116672699089055745
1116672561700642816
1116672465122545664
1116672230182645765
1116672134930157568
1116672012456353793
1116671995616350208
1116671982400155648
1116671579818266626
1116671338733662209
1116671183246594049
1116671115995373570
1116671046638346242
1116671014547673096
1116670689187127296
1116670647101460480
1116670637953757184
1116670551739645954
1116670051094949889
1116670027791519744
1116746307719311362
1116746196545146880
1116746121764847616
1116746076076290054
1116746027988598786
1116745853019021324
1116745841086087168
1116745823235088385
1116745678699544576
1116745496377405442
1116745455331958785
1116745453855498241
1116745323077152768
1116745068877111302
1116745054096449536
1116744545365049344
1116744327072571395
1116744020691161089
1116743983886159872
1116743864293916672
1116743791912869890
1116743728465678339
1116743636819931137
1116743505827778560
1116743436361773058
1116743416799358978
1116743309987405824
1116743011629662212
1116742979488747520
1116742972937105409
1116742943090593794
1116742942943797248
1116742175834775552
1116742045689876481
1116742025758617604
1116742019873796102
1116741616113315840
1116741428380610563
1116741361674403840
1116741250789646337
1116741180925124608
1116741115212963840
1116741113963003904
1116740998665854978
1116740663788236800
1116740656959897600
1116740650446098432
1116740644444094464
1116740637271842816
1116740631206907904
1116740611577663488
1116740586411831297
1116740578329419786
1116740577612058624
1116740535643807749
1116740447202709504
1116740316524994560
1116740279850156033
1116740160027279361
1116739748305960961
1116738915195596801
1116738833326985216
1116738817904525312
1116738784056545281
1116738760161542144
1116738353062236160
1116738343772012544
1116738141174534150
1116738026288316416
1116738002997346304
1116737911448272900
1116737554328555521
1116737490692526080
1116737424460218374
1116737386992422917
1116737308852674565
1116737031479205889
1116736556285427713
1116736519333711874
1116736117339037696
1116736064998260742
1116736007527981062
1116735994647199752
1116735513933881344
1116735427870887936
1116735348992876547
1116735234970669058
1116735068779745281
1116735044498993152
1116734940639576065
1116734882653151232
1116734798955982849
1116734720111521792
1116734639442411520
1116734487763677185
1116734277155266560
1116734207118548993
1116734159270096897
1116734058594279426
1116733994882805760
1116733952767565826
1116733919607398401
1116733694658531334
1116733588374990849
1116733259965173763
1116733231423021056
1116733203065262082
1116733178469683202
1116732991512952833
1116732968221990912
1116732958591922176
1116732840845168641
1116732751477137409
1116732738504052737
1116732727104016385
1116732724759363586
1116732720720285697
1116732596996780033
1116732572807995393
1116732421083291650
1116732273494319110
1116732217387036672
1116732160973713410
1116732106758082562
1116731810313048064
1116731779631734784
1116731621091180544
1116731503881408513
1116731280627048451
1116731269273067520
1116731223659950080
1116853228182749184
1116853006157459456
1116852979716509696
1116852926859894784
1116852906140020736
1116852879959175168
1116851520086011904
1116851304696045568
1116851239696961537
1116851236035342343
1116851102408957952
1116850927351279617
1116850908913127424
1116850836678828033
1116850637663285248
1116849791131164673
1116849639775293440
1116849378134646784
1116849259620511746
1116848836763377665
1116848490464759809
1116848331219664896
1116848008371556352
1116847881577803776
1116847663385694208
1116847581349523463
1116847221327257600
1116847209704595456
1116847096194318337
1116847052426579968
1116845827325136896
1116845032407875584
1116844992943673344
1116844499404304384
1116844395674914818
1116844027616296960
1116844027591061504
1116843906648498177
1116843215636721664
1116843024401817601
1116842433508204545
1116841959245611010
1116841892254289921
1116841788705263617
1116841513894334465
1116841216233000960
1116841142023270400
1116840832202629120
1116840197864476673
1116840087613005824
1116840033577619456
1116839541707558912
1116838693954891777
1116838666423406592
1116562558662537216
1116562321810186242
1116562151164919809
1116561708523200512
1116561665539985410
1116560823629991936
1116560730298277888
1116560635897057282
1116560295650922496
1116560181377130497
1116559620946874368
1116559504882065415
1116559360937775105
1116559227378528256
1116558974675869696
1116558822951149568
1116558648879136768
1116558539823050752
1116558439021330432
1116557887638138880
1116557663460970496
1116557165727109120
1116556956099985409
1116556044589625344
1116555499875340288
1116555410717069312
1116555270073622529
1116554787871318017
1116554723501453312
1116554482622459904
1116554356206129153
1116554213281026050
1116554198567403520
1116553879481716737
1116553773516595201
1116553635360460800
1116553616033140737
1116553260855226369
1116552858579521537
1116552594975891458
1116552549778087937
1116552407725613057
1116552309914292224
1116552288905179136
1116552152317595648
1116551826323558400
1116551789174718464
1116551686242193413
1116551593816543232
1116551550846021632
1116551511176122368
1116551431496982532
1116551202685087744
1116551090017718273
1116551076512063489
1116550710630342656
1116550364814135296
1116550025192935424
1116549365852717058
1116549048939401216
1116548506263547904
1116548321424756737
1116548132496527362
1116548119720808453
1116548010165571584
1116547990540263425
1116547710230777856
1116547527648714752
1116547499924180992
1116654469759029249
1116654392164409344
1116654031127162880
1116653312936484864
1116653178710261760
1116653173761093632
1116653121344872449
1116652818725621760
1116652582519308289
1116652193380126723
1116652076442873856
1116651788122374144
1116651769147400193
1116651692911730688
1116651426355265537
1116651407254355969
1116650920262107138
1116650497811808257
1116650255922139136
1116649715020521473
1116649212287102976
1116649085770113024
1116648821419851777
1116648780005351424
1116648767703453697
1116648680772308997
1116648202781057025
1116647619449839616
1116647521059835904
1116647062488190976
1116646898314686465
1116646893256364032
1116646659897925635
1116646529748611072
1116646512816160769
1116646404040970240
1116646308251615232
1116646086012211200
1116645535287525376
1116645397425020930
1116645043241144320
1116645036710617088
1116644863469076481
1116643635041382401
1116643296833617921
1116642713628098560
1116642547030532096
1116642380495540224
1116642136798183424
1116642122835402752
1116641738674855938
1116641366472364032
1116641305994637312
1116640915668520961
1116639655351418880
1116516852501483520
1116516817567141888
1116516382714281984
1116516297058209794
1116516295678353409
1116516240925896714
1116516123061694464
1116516010566270976
1116514904838565889
1116514596200812544
1116514547274272768
1116514541419020293
1116514482069569536
1116514479435653122
1116514343594725380
1116514040568778752
1116513927649726465
1116513872599449601
1116513854131982336
1116513833269506048
1116513666709577729
1116513248227016705
1116512739415949313
1116512558318362630
1116512218189897728
1116512104629116928
1116512005060354049
1116511869118943232
1116511837762273284
1116511814303526917
1116511802664390656
1116511802194419713
1116511738382491648
1116511395183562753
1116511102865690624
1116510866588016640
1116510619681923072
1116510590036578304
1116510584546054144
1116510398910533633
1116510382548561921
1116510319571083271
1116510305335566336
1116510148829249536
1116509990800375808
1116509989647024128
1116509771421618176
1116509537001967617
1116509499639177216
1116509357804609536
1116509036780900352
1116508961786814464
1116508744618336257
1116508507648462849
1116508360650653697
1116508263254720513
1116508163690262528
1116508152307113984
1116508038108721153
1116507882089005057
1116507808214732800
1116507731530219525
1116507407805493248
1116507150484946945
1116506912701538306
1116506251163242498
1116506214878388225
1116505986024472576
1116505938754711554
1116505927320887296
1116505921314803715
1116505751768399873
1116505730260008962
1116505470167068672
1116505279301025793
1116504842586021888
1116504838475530240
1116504636121321472
1116504586351546373
1116504510527090689
1116504358298976257
1116504193974571008
1116504003662295040
1116503955486408706
1116503901551808512
1116503444012064768
1116503302961803264
1116503260712579073
1116503097994547200
1116503063555129344
1116502813482393600
1116502237495402497
1116502145556152328
1116502114811940868
1116502097640529922
1116502087079288832
1116502077344235520
1116501948826390528
1116501864013496320
1116501860154859521
1116501850268762117
1116501836519886849
1116669840054337536
1116669767358853121
1116669741530173440
1116669396896890881
1116669059582570496
1116669015840047104
1116668943245221888
1116668897355337728
1116668755600343041
1116668729935499269
1116668713258844168
1116668482924552192
1116668406303010819
1116668363839819777
1116668349566550017
1116668198152101890
1116668119118802944
1116667748896079873
1116667466900561921
1116667396821884928
1116667086430982144
1116666731018190848
1116666621802819584
1116666602072657920
1116666555524247552
1116666468601606145
1116666253261717504
1116666249856135171
1116665805406703616
1116665724347379712
1116665570894675975
1116665394083827714
1116665251146227713
1116665128609615874
1116665116404133888
1116664860983660544
1116664639591337986
1116664551553011719
1116663721047121920
1116663523956985857
1116663291802279945
1116663146645614593
1116663065095954432
1116663017096339456
1116662750590013441
1116662747427532801
1116662575612276736
1116662363078443008
1116662315926130693
1116662009506852864
1116661730329812992
1116661611580801031
1116660776142561280
1116660711755661312
1116660254568321024
1116659520669925376
1116659036315955203
1116658948801728518
1116658876722700288
1116658859236573185
1116658367362150400
1116658327516340224
1116658243714146304
1116658210277081088
1116658205294305282
1116657949449936896
1116657685305360386
1116657640548052992
1116657433856724992
1116657349375037446
1116657233910280192
1116657222296059906
1116657184870477825
1116656815645892609
1116655882140626945
1116655343403094016
1116655241087389696
1116654836907429888
1116654756980645889
1116777070707859458
1116776890881249285
1116776846836817920
1116776804839305216
1116776666297176064
1116776629328596997
1116776525108535297
1116776344791207936
1116775911695749121
1116775908579397632
1116775905408450560
1116775842225348608
1116775786210398208
1116775245430476800
1116775149213065217
1116774767988703232
1116774736909017088
1116774578657869824
1116774478908919808
1116774394293116928
1116774156903825408
1116773988301033473
1116773827457847296
1116773238544060417
1116772501885837312
1116772149551878144
1116772131055001602
1116772123563966464
1116771451078574082
1116770979609489409
1116770970096693248
1116770800504172544
1116770724809715712
1116770673135882241
1116770603170717696
1116770470785892353
1116770459541020672
1116770227960909825
1116770044007079936
1116769801584566272
1116769381630062599
1116769341037477889
1116769057448103938
1116769053920522240
1116769049558413312
1116769045741699073
1116768964623749120
1116768548062289920
1116768384409120774
1116768381980553216
1116768320701849601
1116768169807503361
1116768065847324672
1116767983244861440
1116767955151273984
1116767939754188806
1116767660707078144
1116767515127033857
1116767040281423877
1116766698949029888
1116766662114664448
1116766548134285312
1116766092288913408
1116765746778894336
1116765745625616385
1116765643246727168
1116765485411000320
1116765422714359808
1116765324387344384
1116765265319145480
1116765107999186945
1116764434196832256
1116764079111200768
1116763984420462592
1116763727993417732
1116763694753558528
1116763680127975424
1116763675443060737
1116763447427866625
1116763297762762754
1116762884195987456
1116762796019146758
1116762762422755328
1116762725529673732
1116762420578373632
1116762298431860737
1116762018424352768
