1073392888468463616
1073390958035783680
1073390344505421824
1073390238498779136
1073390017983201280
1073389631251668992
1073389626918879232
1073389195513749505
1073388948494389248
1073388402286968832
1073388031460007936
1073387478646546433
1073386710367694848
1073386394406420480
1073385938477309953
1073385899260592135
1073384360714399745
1073382698683641857
1073382304507199490
1073381951216738304
1073381475305877504
1073380665436049408
1073380157052907525
1073379761408200704
1073649216470142976
1073647255930822656
1073643704156442624
1073643600410378240
1073642404698251264
1073641566596669440
1073641414909558784
1073641276724015104
1073641058423033856
1073640985190588417
1073640792726528000
1073640469546991617
1073640296309653504
1073640128713678848
1073638757679722498
1073638320255561728
1073638064503906305
1073637922996436998
1073635703781638144
1073634849888591873
1073634753482387456
1073634548087279616
1073526549310259200
1073526206916513795
1073523915861876736
1073521945742692352
1073521468670001153
1073520507054567424
1073520143425130498
1073518036798324742
1073517590973169664
1073514742558453760
1073514520931385344
1073513633424891904
1073512833000845314
1073512795474280450
1073713639654338561
1073713246396248064
1073713087667204097
1073710334047870977
1073710082016260096
1073707182544293888
1073706344056729601
1073704644000522241
1073704573305544705
1073703607906775040
1073703543440334848
1073703353690021891
1073703324229230594
1073703309700161536
1073703185158680576
1073702411938816000
1073701683090415621
1073701307180089345
1073699726720159744
1073698884939968512
1073682360309346304
1073681934939762691
1073681588507066368
1073681428594987010
1073680923043000328
1073679550847074309
1073678974511796224
1073677463765553152
1073675473488674816
1073675132219080704
1073673928990695424
1073673566770618368
1073672623979094016
1073672431641026566
1073672060839346176
1073671764629164039
1073670558166900736
1073670539145895936
1073670146735058944
1073669800826757125
1073669534995898369
1073668701164068864
1073667695244120064
1073667564373389312
1073633994678296576
1073633822506401792
1073633392657195008
1073632409642426369
1073632109712023553
1073632032746545154
1073631410315915264
1073630937802452992
1073630920710606849
1073629997628182528
1073629894591041537
1073629634376265729
1073629592311734274
1073629587760996352
1073628861600980992
1073628702070562816
1073627056137752576
1073626476908441600
1073625969779400705
1073625718771343360
1073625376511926274
1073625239878131712
1073623084534546432
1073622378582663168
1073622167189782528
1073621909240193029
1073621354405015552
1073621092718104578
1073621077249556481
1073620128061829120
1073619623742967814
1073619528649564160
1073619216320876544
1073619207818866690
1073698395938807808
1073698261054021632
1073698034637250563
1073697109147303936
1073695629577203712
1073695095776575494
1073693151955693569
1073692809071276032
1073687877161234433
1073685817195925505
1073684860437495809
1073684289735159809
1073557446541623296
1073556875495530496
1073556526135046144
1073556394643726337
1073556025393930241
1073555752445456384
1073555720933527553
1073555668169318400
1073555647914901504
1073555175191789568
1073554043224686593
1073553709395668993
1073553367023013888
1073553164304044032
1073552620046807040
1073552577374052352
1073552049176858624
1073551853139288064
1073551788416983041
1073551470451150848
1073551209120681984
1073551133019299840
1073550590976782337
1073550502699388929
1073550168211873793
1073549930189520896
1073549871230013440
1073549781312524288
1073549736735473664
1073549702988148737
1073549672143216640
1073549654044958721
1073549598709305344
1073549545366122497
1073549378239877120
1073549278679875584
1073548807160324097
1073548726466007041
1073548713497321473
1073548700578770947
1073548469300850688
1073547550681051141
1073547353473384448
1073546015247097859
1073545701877940224
1073545247513182213
1073544950300565505
1073543979793301504
1073543482374017024
1073572959204319232
1073572665145872384
1073571957860372480
1073571954622382081
1073571452434100224
1073571436403585024
1073571159365414912
1073570883908730880
1073569660652511232
1073568441779466242
1073568219296817152
1073568171930644480
1073566977929535488
1073566453738168320
1073566362113638400
1073566140641828864
1073565355904299008
1073565297486036992
1073564673801220102
1073563045119483905
1073562066747826177
1073561496896995329
1073561123402600448
1073560837426601985
1073559720034779136
1073559115333423104
1073558906616643588
1073558266486161408
1073558178812424193
1073603321187979265
1073600929432186881
1073599714182877191
1073598952996519936
1073598481527386113
1073597352072658944
1073596358362226690
1073596174865719296
1073596034750701568
1073595847776993286
1073595082257838081
1073594481839095815
1073594361013788673
1073593253813981186
1073592993825898501
1073592434355912704
1073591273338982401
1073591107559149568
1073590895772086274
1073590334351925248
1073541936378667008
1073541792321003520
1073541089452273664
1073540460679811077
1073539934269538304
1073538908942561280
1073538088821915648
1073538081276526593
1073537195317706752
1073537077818486785
1073535460293500928
1073533916471062528
1073533888448872449
1073533886452457473
1073533090448969729
1073532877940305920
1073532540554686464
1073532514256343041
1073532053138751488
1073529709814640641
1073529350820048896
1073527873900814337
1073527265386848256
1073527080871026688
1073488642688106496
1073487716120215553
1073484723014512640
1073483310687387648
1073480141395783680
1073479695893577728
1073479434085257216
1073479350618636288
1073479225422868481
1073479210939879425
1073478827769294848
1073475594287906816
1073475260031201280
1073474143901937664
1073507419043520512
1073505066030678017
1073504486063144961
1073503394185261057
1073503394109616128
1073503170511302656
1073497700992147456
1073496709223849984
1073495579336949760
1073495561695870976
1073495216269729793
1073494582267076608
1073493393576259584
1073618835196960768
1073618731601776640
1073618428773232640
1073616830458060801
1073616723230756864
1073616438252974080
1073616077278642176
1073615724705239041
1073615130888466432
1073614582566907910
1073614360948367360
1073613804867448832
1073612151720275968
1073611997424615425
1073611966151880704
1073610064215166977
1073609264516747264
1073609232996458496
1073609018155896834
1073608938145374209
1073608153269526528
1073607637915262976
1073607208842223616
1073605606345461765
1073604800531460096
1073603901939699713
1073439398312767489
1073438245566976002
1073438124347482112
1073437254859849728
1073437171196063744
1073435099255861249
1073434866023305216
1073434176169357312
1073433483224072192
1073433287635288064
1073433243477716992
1073433117375881216
1073432905664339968
1073432495956213761
1073431430657703936
1073431188893618176
1073430445386293249
1073429792949764096
1073428715193987073
1073428708579569664
1073426583300362246
1073426471291666432
1073426277795794944
1073425060478603267
1073424763543011328
1073423606699446272
1073423521764786176
1073423274351063040
1073423027373785090
1073422497209569281
1073422098083639296
1073422050080014336
1073421522025529344
1073420288732196864
1073420145190731781
1073420131290832896
1073419558919245824
1073419158153359360
1073418844839002112
1073418607802179585
1073418195317403648
1073417292669702144
1073416169539940353
1073415891214159872
1073415641774854144
1073415453500981249
1073414974968619008
1073414353527955456
1073412837559681025
1073412105989181441
1073411919816445952
1073410051421876224
1073409942105845760
1073408653661798401
1073472686670499840
1073471767266582529
1073467816790110208
1073467455538778113
1073466298875764736
1073463989546430464
1073462588414025729
1073461459651309574
1073460866840961024
1073588090533502976
1073587526307332096
1073587196526059520
1073587043446312960
1073586757617119232
1073586528167911427
1073586191512031233
1073585699000070149
1073584242083262468
1073583922854985728
1073583487284899840
1073583444133859332
1073582853961637896
1073581401033723905
1073581214970322944
1073580814871359488
1073580787365224449
1073580560231137281
1073578443936292865
1073578190617088003
1073577520493080576
1073576742583848960
1073575727734362112
1073575627930914816
1073575625959579648
1073575083241725952
1073574987313889280
1073574407254233089
1073574328040546307
1073574069117878273
1073573997734957057
1073457462928441344
1073457123395284992
1073456841630384128
1073454996497272832
1073454577335369728
1073453980171161600
1073452621183180801
1073452589428170752
1073451868649488384
1073451785812041728
1073451271854743554
1073450456565739520
1073449443914080256
1073449298606444544
1073447782223147008
1073446306830524416
1073446062407512064
1073444023002652672
1073443394272165889
1073443054827331589
1073442925709688833
1073442729684742151
1073666141002723328
1073666079573110784
1073665535626305536
1073664069117198336
1073663498327085056
1073663375253606401
1073662860276969472
1073661148937871360
1073659811827453952
1073658034583429120
1073657882334375938
1073657364711010305
1073656880055156744
1073656404395872266
1073655794413973504
1073654591701639168
1073654232182546432
1073653177067593728
1073729179793772546
1073727698558746624
1073726910386094082
1073726211136704513
1073726132271398912
1073724685236473856
1073723803166015489
1073722649849679872
1073722311759548416
1073721165343002624
1073720858592501761
1073720201571655680
1073720157757956097
1073716894543208448
1073715476029681664
1073714656647102464
1073377371489792000
1073376729220243457
1073375738957570048
1073375279245012992
1073375028706729984
1073374829351456768
1073374605816029184
1073373891521888257
1073373085615706113
1073372752575221760
1073372421816770561
1073370467287871489
1073370079973253120
1073369806911483905
1073369572668047361
1073369322075160576
1073368350892257280
1073367982410223616
1073408386446827520
1073407759557763077
1073406071081984000
1073405895156031488
1073404447236214789
1073403175216996352
1073403141595398144
1073402822702628864
1073402586370195456
1073401309481422849
1073400434998550533
1073400319470649344
1073399362577928192
1073398840139661312
1073398405622366208
1073396854442708993
1073396588158939136
1073396565212049408
1073395747519848448
1073395675189006337
1073395201295581185
1073394562499006464
1073393541357932544
