1132719061039763456
1132718939312709637
1132718648362176514
1132718169888628736
1132717418453843968
1132717377525833729
1132717142535753729
1132716912901840898
1132716816659300359
1132716754512121856
1132716589030268935
1132716328475930624
1132715990695993344
1132715919015325696
1132715795421782017
1132715632867389441
1132715220336386049
1132714967415738368
1132714761370492929
1132714675001602048
1132714648665378816
1132714597633466368
1132714533242441729
1132714411578281987
1132714385892421633
1132714313838399488
1132713965874765824
1132713531244204032
1132713444887732226
1132713393901768704
1132713166666907648
1132712778857365504
1132712701250232324
1132712638092328960
1132712547180797952
1132712337264324615
1132712092438368257
1132711866583666690
1132710995959472129
1132710781831790595
1132710570925465601
1132710257409576960
1132709955734319105
1132708860303695872
1132708349311639554
1132707476212781056
1132707388572753920
1132707209455046657
1132706484603805696
1132705792120037376
1132705426145988608
1132705163280568325
1132704436105752578
1132657670262067201
1132656922656743427
1132656593030590465
1132656555302821888
1132656365376278528
1132656306010116104
1132656249269555207
1132656076988534784
1132656054322515968
1132656007770005504
1132655871912235009
1132655782254850048
1132655606479884288
1132655541313003521
1132655538695802880
1132655082825244672
1132654306405044225
1132654128361082887
1132653443531845634
1132652703576920069
1132652692336271360
1132652598639636480
1132652591182241794
1132651442140000262
1132651237336322048
1132651185545056256
1132650530516267009
1132650394713247744
1132650210067386368
1132649845532106752
1132649684445671424
1132649424755318784
1132649233851461632
1132649102779588613
1132648557851435009
1132648537211199488
1132648259879677952
1132648129864429568
1132647990982787072
1132647790000136192
1132647550840987649
1132647491822923776
1132646359457255424
1132646139319259136
1132645929591463937
1132645918031917056
1132644370056929280
1132644105903906818
1132643321460006912
1132643176588763136
1132578426827808768
1132577712898486272
1132576712590548992
1132576564506443776
1132574611965718528
1132574119537643520
1132574067280797697
1132573993838481409
1132573720759930880
1132572959812521984
1132572130082791424
1132571970208501760
1132571371354107905
1132571000921440256
1132569251624247298
1132565868272132096
1132564897928163328
1132531561406984193
1132531392070520832
1132526908976054272
1132526702154866688
1132525782998274049
1132521975757193216
1132521114150637569
1132520011015368704
1132519100909989889
1132518058046689280
1132516664363212800
1132642372079280128
1132641915483099138
1132641472266866688
1132640846073999360
1132640811026440192
1132639703625273345
1132639290943524865
1132639199474126849
1132639108617007104
1132639069790507009
1132639045471952896
1132639006003539968
1132638899149451264
1132638079401881604
1132637430295728129
1132637213106233344
1132636108028882944
1132636097002053632
1132635396402307072
1132635287702704128
1132635215212482560
1132634416805761028
1132633871349100545
1132633413444358149
1132633174142521344
1132632298187313157
1132632183091400705
1132631136260304898
1132630994408878081
1132625643558977536
1132624278837432320
1132624239175950336
1132623964830863360
1132621821365411841
1132621614921736192
1132620479985065985
1132620423886196736
1132619974294556672
1132619306989248513
1132618752682471429
1132618733552148481
1132618706465329153
1132616974624874496
1132616053849284608
1132613082994413568
1132613070029824001
1132612840592891904
1132612791213412357
1132611462642511873
1132610177461567489
1132609902940217344
1132609582868639744
1132608759522615296
1132608038043639808
1132607695389904896
1132606789655113728
1132604817409318912
1132604266835828737
1132604178457481217
1132600717552885760
1132600500778487808
1132600486031515648
1132598154485014528
1132597244979494914
1132597045439619072
1132596961880739840
1132596172282105856
1132595625424564224
1132595459539841025
1132673065354186752
1132673033351630848
1132672848789737472
1132672677339123713
1132672527250132992
1132672071186755585
1132671806253486081
1132671752734158849
1132671604410978304
1132671528540069888
1132671492930592774
1132671169822203906
1132670789415841794
1132670767882280961
1132670648650747904
1132670328570822660
1132670195112337408
1132669551584403459
1132669537143447552
1132669518361219082
1132669491656183808
1132669386022694912
1132669385578078208
1132669177460940800
1132669092421341186
1132668731853803520
1132668663348248576
1132668622072098816
1132668523204030464
1132667658946732032
1132667634674274306
1132666843448131584
1132666587826270209
1132666441990311937
1132666189988204544
1132665530207297536
1132664952253288448
1132664241318764544
1132663616631660546
1132663277866102784
1132663019610214400
1132662850290376707
1132662259434577921
1132660802199216128
1132659253267709952
1132659075307704320
1132658985461587969
1132658475190890496
1132658230696579072
1132658043446079497
1132467515899047937
1132465751435239430
1132464254710370305
1132462990962417666
1132461780737941509
1132461045564362753
1132460835446484994
1132459941996838912
1132459456422395906
1132459258690396162
1132458086084558848
1132457864398876673
1132457707691237376
1132456669001199617
1132455976609746944
1132765637200289792
1132765276280430593
1132764537663500295
1132764455711006721
1132764259115515912
1132764158515191809
1132763791584706560
1132763588182065152
1132763546402656258
1132763404211490824
1132763352860696576
1132763099944181760
1132762925607862274
1132762199515181059
1132761901321080834
1132761753375432705
1132761502983888899
1132761216940740610
1132761034857549832
1132760755516968963
1132760383905837057
1132759986554191872
1132759696400670726
1132759662678466560
1132759624803864577
1132759449813360640
1132759439734464512
1132759397942353920
1132759331697504256
1132759074863370240
1132759033394466816
1132758788749037569
1132758561732386817
1132758373882056704
1132758342810636295
1132757756723769345
1132757727946653708
1132757116048039937
1132757053355831296
1132756851039383553
1132756467868737536
1132753917761265670
1132753602127323141
1132753477787115521
1132753425798713344
1132753230029611008
1132752429920002048
1132750950253379584
1132750749069398016
1132451080036671488
1132450325422641153
1132449227806785537
1132449138761719808
1132448921286955008
1132447239966777344
1132447038354989058
1132445460445184000
1132444389660405760
1132443683230502912
1132443255898071041
1132441581716365312
1132440198481162240
1132439672695738373
1132439160730595328
1132439106192052225
1132438494855520256
1132438155565686784
1132437048537886720
1132436282154651649
1132436185328963589
1132703916221698048
1132703655570870273
1132702964584505344
1132702740835119105
1132702290983489536
1132702201560932353
1132701703705374720
1132701297105350656
1132701235474305024
1132701233263861761
1132701194072150016
1132700433783373830
1132700303323815936
1132699862070419456
1132699679177805824
1132699648668426241
1132699540325359616
1132699308153643008
1132698803981701121
1132698271783313408
1132698010511716352
1132697296410308608
1132697179418767360
1132696961578987520
1132696922035146752
1132696618799517697
1132696395381641217
1132696347214266368
1132696240548749312
1132696155194830848
1132695982444040193
1132695916224270338
1132695824859836418
1132695810766909441
1132695391927975936
1132695298277462016
1132695296419520512
1132695219814707201
1132695204056653825
1132695164298899457
1132694974225510400
1132694661259255813
1132694312439996417
1132694276914257920
1132694271751008256
1132694214708486145
1132694162158116865
1132693677191684096
1132693572770304000
1132693410547216387
1132693113250746368
1132693107932323840
1132692741274710018
1132692002120896512
1132691972634959873
1132691888228786176
1132691723992354817
1132691323893571590
1132691220453629953
1132691209686700033
1132691120662695936
1132690913208283136
1132690904182083585
1132690824167346182
1132690808677625856
1132690802847756288
1132690613206429696
1132690518796898305
1132690471837405190
1132690437641265153
1132690323883405312
1132690321479880704
1132690217540947971
1132690112494616578
1132690033192972290
1132689884655833088
1132689568229187589
1132689334694367233
1132689331200712705
1132689049045667845
1132734481490685952
1132733645289136128
1132733456969084929
1132733165699772416
1132732859800850432
1132732691076587520
1132732493164142594
1132731258948210688
1132731032585822209
1132730159390445571
1132729840803536898
1132729834214428672
1132729830171172864
1132729371523993600
1132729207728091136
1132728326714548224
1132728000267673600
1132727542639677440
1132726683297910784
1132725772874125314
1132725675306078208
1132725421441716226
1132724906842443776
1132724764114608133
1132724671357640704
1132724652386791424
1132724554676092928
1132723859709468672
1132723779778555905
1132723767266947078
1132723676523184129
1132722794033274880
1132722730460221440
1132722656783065089
1132722591649718272
1132722510905126913
1132722292461645826
1132722286094639104
1132722010172329985
1132721921836146689
1132721562145107968
1132721332221882368
1132720806033645568
1132719957995708416
1132719677724090373
1132719604051193856
1132719492549808129
1132594271662628865
1132593878626951168
1132592143443386368
1132591952359251968
1132587575879843840
1132587049322778624
1132586117902065665
1132583471598096384
1132583155398008832
1132582688404041730
1132582085506535424
1132781077989384192
1132779471394750466
1132779149448269825
1132778588728512512
1132778239284383744
1132777842725523456
1132777681064476672
1132777316604448768
1132776452150243329
1132775753760641026
1132775647468773378
1132775624261685251
1132775523791319046
1132774974262009857
1132774392386265090
1132774167575695360
1132773682038956033
1132773419999748098
1132773126314479617
1132771962583957509
1132771808342618112
1132771682018631682
1132771332679249920
1132771106702667777
1132770620230365184
1132770578715299840
1132770018247217153
1132769826311692289
1132769548350959618
1132769395028185095
1132769339172634625
1132769196167901186
1132769026067902464
1132768838901227523
1132768725944426499
1132768504099115008
1132768251618975745
1132768167644860416
1132767955907825665
1132767851176239104
1132767830720430081
1132767676667977728
1132766873794306054
1132766665131941895
1132546802958458887
1132546446329356288
1132546366763409409
1132545679094509570
1132545436604981249
1132545424060047360
1132545301707919360
1132544503238352896
1132544174241263616
1132543912965361664
1132543227297271808
1132542701042167808
1132542362347900928
1132542342928379909
1132542338633306112
1132542195884445696
1132540623930646528
1132540254068645888
1132539499920089089
1132538442959560704
1132538057486266368
1132537961868718080
1132537398426886144
1132535553860046848
1132534813984845826
1132533834413514752
1132532234399862784
1132532068527697920
1132483634336882691
1132483505055830021
1132483200058568705
1132480662617772033
1132476753178447879
1132475535995691008
1132470557914435584
1132470324279296001
1132469915221315584
1132688371481022466
1132688212865032197
1132687868684582919
1132687735586795522
1132687475275489280
1132687465251332096
1132687318005846017
1132687090066558984
1132686968435990528
1132686337663016961
1132686213482262529
1132686022880432128
1132685724128620544
1132685077689905152
1132684900845457410
1132684138731978752
1132683350269841409
1132683221345406976
1132683082845380608
1132682108537901057
1132681858771279874
1132681174109904896
1132681018350153729
1132680656486637570
1132680229451907072
1132680204202270720
1132680134966894598
1132679807291023360
1132678272028954624
1132677846629883906
1132677683744083968
1132677112794689537
1132677038941376512
1132676803624132608
1132676482952781824
1132675418555846656
1132675017400037376
1132674619092197376
1132674251025256449
1132674199867338752
1132674167072002048
1132674113653420034
1132673722823925760
1132673701999202304
1132673581178064898
1132673529311375360
1132673361442672642
1132515225947770881
1132515040773279744
1132513074173190144
1132511502211018753
1132511391678488576
1132508780346904582
1132507727194918912
1132507309748441088
1132506917799112704
1132506849125785601
1132506015545659392
1132505614033141762
1132504555399331840
1132504248212697090
1132504055329251328
1132503904627888129
1132501408228552704
1132500907738976257
1132500741212508160
1132500717707522049
1132500699898683398
1132562478406275072
1132560927881142272
1132559796710858752
1132558856679243776
1132557570084921345
1132557548605849600
1132557095805620225
1132556783002836993
1132556744851415040
1132556612722483200
1132556061414764544
1132555833169121281
1132555193382526976
1132554852913930241
1132554265518493697
1132553824013471744
1132552030164275200
1132551132377538562
1132551004547964929
1132550648044576768
1132550389780213760
1132550211795116033
1132549884807131136
1132549880868532224
1132549811490701312
1132549549317214215
1132548996214546432
1132548255294865408
1132547790180036609
1132750156766564353
1132749599293267968
1132749285244772353
1132749017463578625
1132748912316563458
1132748873070448641
1132748865852116995
1132748460397146112
1132748264275628041
1132748028434112512
1132747980774281221
1132747950113861639
1132747922804756481
1132747860083183621
1132747847328256000
1132747697251848193
1132747639420805124
1132747636082171905
1132747592511754240
1132747583171043328
1132747543702589440
1132747492154593280
1132747434780700674
1132746627444350979
1132745743813554177
1132745475545862147
1132745375050358784
1132745341151920133
1132745282645569537
1132745223837278214
1132745019885019136
1132744939543179264
1132744867321401351
1132744790418657280
1132744744482856963
1132744732948537346
1132744586911191043
1132744550982791169
1132744510109376513
1132744406728159232
1132744338369331200
1132744287865724928
1132744262976724992
1132744088007204866
1132744035922264066
1132743890417651712
1132743706518458373
1132743385813520384
1132743233602297856
1132743145991659522
1132743138525745152
1132742913249632256
1132742908308623360
1132742709641383936
1132742426303639552
1132742195423825920
1132742109759455233
1132741769819578369
1132741651540119552
1132741339131666432
1132741218008522754
1132740339452788740
1132739870844104705
1132739680326361088
1132739346027732992
1132739039432511489
1132737726552444928
1132737678401712128
1132736669306806272
1132736504810414081
1132735589692977152
1132499999479226368
1132498347799957505
1132496812776906752
1132496634963795969
1132495004578881536
1132494005495902216
1132492392580259840
1132491415068585986
1132491310991065088
1132490221629726720
1132489773497475072
1132489633491767296
1132489512440012802
1132489085573054465
1132487849746608129
1132486934486556672
1132486035500339200
1132485948447399936
1132485939278876673
1132798355300659202
1132796377413632002
1132795787862257665
1132794992404172800
1132794406535335936
1132793829537538048
1132792257764106240
1132791409143091210
1132791377396420608
1132790752566743042
1132790577018204161
1132790171873796097
1132790004177154048
1132789667101720576
1132789225886240768
1132789079370752000
1132788305857318913
1132788271262687233
1132788121052098560
1132787223185825792
1132786672427589640
1132785050003681288
1132784583940952066
1132784261793296384
1132783560132374529
