1131794589390647297
1131793850794618881
1131792441101750272
1131792061114437632
1131791785334857731
1131791660776591360
1131791364138655744
1131791255724265472
1131791094956605442
1131790984403197952
1131790490670698496
1131790208322686981
1131789372196626432
1131788864132210688
1131788838169452544
1131788733357936645
1131788653133467649
1131788428973101057
1131788151100518406
1131788065842892800
1131787762020048896
1131787491290288128
1131787476094324736
1131785210213933056
1131783951507443712
1131783869093548032
1131783601065005057
1131783354896879620
1131782809075507201
1131782606138302465
1131782533539074048
1131781871484981248
1131781834222784512
1131781810013319168
1131780975845937152
1131780524236779520
1131780177992781824
1131779576856752129
1131777227450912769
1131777068985982976
1131775658831613954
1131775218366713856
1131775063336849408
1131775055111774208
1131775042143105024
1131774918549483520
1131773607401742337
1131773102843748352
1131773018609508352
1131772848186507266
1131772648357285888
1131772609962631173
1131772080524005377
1131771406209957888
1131770560457969664
1131770543059771392
1131770153442709504
1131769881098096642
1131769190778433537
1131768946359787520
1131768249870217218
1131767872504643584
1131767736818909184
1131766966106984449
1131766428711788544
1131765803706195968
1131765740875517957
1131765577704361984
1131765375316692992
1131765234056794112
1131765200779190278
1131764907752468481
1131764255710240768
1131763321789722625
1131763048694394882
1131762922085113859
1131762308030402561
1131715684679835648
1131715195892580352
1131714418985840641
1131714311850745858
1131714035261554688
1131713485899948033
1131712647681007616
1131712038940622849
1131712037728509952
1131711592289193986
1131711576803876869
1132012508221456385
1132012416542228480
1132012138070007808
1132011652944207877
1132011321417916416
1132011273040814080
1132011013975498752
1132010700329627648
1132010348289114112
1132010239698644993
1132010124531445760
1132009674637762561
1132009369334439937
1132009170855747585
1132008912813744128
1132008857847369729
1132008844203319296
1132008503881527296
1132008434025476096
1132008024640577537
1132007579851341824
1132007438121603073
1132007259066818567
1132007016153657344
1132006803259236352
1132006737920364544
1132006711622082566
1132006603920629760
1132006548467781632
1132006244833779712
1132006237934182400
1132005704909426689
1132005684885770241
1132005147972911104
1132005084953546752
1132004749409214468
1132004733248561153
1132004410501095424
1132004367794692097
1132003822992330752
1132003426693459968
1132003400004931584
1132003362025693185
1132003029748736001
1132002888132300800
1132001609771298816
1132001390199562241
1132001205138411520
1132000958433714176
1132000936870785026
1132000028317368322
1131999548983971840
1131999517384036353
1131999159274430464
1131998958828609538
1131998700098727942
1131998678762307584
1131998084488146945
1131997548942626816
1131842114042470400
1131842046807945216
1131841826145460224
1131841636508479489
1131841442689585155
1131839822090428416
1131838627737161728
1131838445238640640
1131838259389227008
1131838089410695168
1131837974226694145
1131837860133462016
1131837646307831808
1131837445526491136
1131836268361539584
1131836029378400256
1131833490138382336
1131833468986568711
1131833292020441088
1131832451326717953
1131830431228280832
1131829525837275136
1131829405699862528
1131828968619819008
1131828518483103744
1131828337700220928
1131827959881330690
1131827475493937152
1131762015515611136
1131761684765380608
1131761537071366145
1131761378950172672
1131761110095474690
1131760512944037888
1131758867199619074
1131757643112992768
1131756613721837568
1131754343026298881
1131753857896386561
1131753170156130305
1131751642255073283
1131750898819129346
1131748330093064192
1132043133137690625
1132043110400364544
1132042781654966272
1132042505330020353
1132042492424183808
1132042434182037504
1132042244888911872
1132042064068325378
1132041819896860672
1132041686132113408
1132041637864136704
1132041444624089089
1132041169989279744
1132041163375095808
1132041086459875328
1132040877130551296
1132040755701276672
1132040304595558400
1132039922918010880
1132039746212040704
1132039731150282752
1132039576787345409
1132038887663005696
1132038740338204673
1132038210400468992
1132038088329449473
1132038049712549889
1132037971681710080
1132037713379713025
1132037479345922049
1132037447452450821
1132037363125899265
1132037310332231688
1132037124801404935
1132036564228427777
1132036259340279808
1132035947552546816
1132035837590429699
1132035680291438592
1132035617867616256
1132035540939710464
1132035402666336259
1132034954815246336
1132034914549944321
1132034651646652417
1132034497753559041
1132034455063941123
1132034345466830849
1132034217293090816
1132034196845846529
1132034071864008704
1132033882482716672
1132033748764188672
1132033661027651585
1132033506144608258
1132033319158329345
1132033194730184705
1132033175901937666
1132033136165052416
1132033047476494336
1132032986910789633
1132032945185853440
1132032934372937728
1132032913292300288
1132032890605375488
1132032792185978880
1132032532499894274
1132032327184523264
1132032130513559554
1132031968374185984
1132031935423963137
1132031868910465024
1132031606695309313
1132031433575411716
1132031424087908352
1132031219225497600
1132030691686977537
1132030689069686785
1132030665338294272
1132030170246844416
1132029898791555072
1132029748257992704
1132029707158007808
1132029516652662784
1132029324520022016
1132029285219414016
1132029213949743104
1132029195817816064
1132028690085359623
1132028086189514753
1132027830118834176
1132027557753368576
1132027416170385408
1132027358515486721
1132026669064179712
1132026423412252677
1132025732874555392
1132025728516677637
1132025433367764992
1132025280573448195
1132024532175335427
1132024425208000517
1132023808699830272
1132023801947066370
1132023757659181056
1132023667980812288
1132023313159598081
1132023098256052225
1132022391306104832
1132021707907239936
1132020863514152961
1132020511582674948
1132020429324017664
1132020250449465349
1132020003564335106
1132019630418092032
1132019556971622401
1132019157137010688
1132019071048933376
1132018180090683392
1132017986951360512
1132017823377690625
1132017707606519808
1132016117747257346
1132015559510437888
1132015389431537664
1132015380237606912
1132014902338621441
1132014780536053762
1132013448806715392
1132013428179124224
1132013230635835393
1132012937000783872
1131888003725504512
1131887848024449024
1131887257328148480
1131887136465129472
1131886642296442885
1131886530727776256
1131886251752054784
1131886015684194310
1131885863166722053
1131885767033217024
1131885761438060545
1131885632618409984
1131885476439158785
1131885192954748929
1131884901790302215
1131884202121678848
1131884189802991616
1131884041366585345
1131883974949834752
1131883872457764865
1131883800705810432
1131883669055057926
1131883476318347264
1131883121798991872
1131882321987158019
1131882302282375168
1131882197588303872
1131881724684775425
1131881649917038592
1131881506832621569
1131881474414841856
1131881434367582210
1131881248887070720
1131881206927253504
1131881137985478656
1131881100257779712
1131881010566766592
1131880967822614528
1131880928677105664
1131880893650485249
1131880888831234049
1131880859139751936
1131880819398762497
1131880772594524161
1131880728550154240
1131880610925035521
1131880554041892864
1131880520214822912
1131880479702044672
1131880437645754374
1131880405655859202
1131880361456230400
1131880318233993216
1131880209018437633
1131880172003766274
1131880136989708288
1131880130236887041
1131880087714959360
1131880038436147200
1131879990654590976
1131879873482563584
1131879213143855104
1131878587391516672
1131878442214076416
1131878356172062720
1131878089275977728
1131878049388158976
1131877923840036865
1131877680490655745
1131877498197815296
1131877287291494400
1131877155447681026
1131877012363272193
1131876916032618496
1131876747480379398
1131876319015374849
1131876201214205952
1131875773848199169
1131875642373337088
1131875499326693379
1131875273916407808
1131875171357351937
1131874759891935232
1131874272425721856
1131873339641946112
1131857338795741184
1131856956447174657
1131856887245418496
1131856701462913024
1131856487633096709
1131856390023049216
1131856142139908096
1131856126205726720
1131856054189547521
1131855181111545856
1131854982838444032
1131854361745862657
1131853480736579584
1131853311446011904
1131853303002701831
1131852858633150467
1131852774109396992
1131851709783924736
1131851577080406017
1131851532347949056
1131851522923479040
1131851393382387713
1131851078176165888
1131850848919666689
1131850568656412673
1131850306063458304
1131850085703331841
1131848882437074944
1131848591541133312
1131847065850355713
1131846276344090626
1131846118621368320
1131846092197433344
1131844675210317824
1131843820641869825
1131843448137539584
1131842291273015302
1131731142778867713
1131731040756588546
1131730593228529669
1131730184967733248
1131729409914920961
1131729294378455040
1131728906632007680
1131728770715533312
1131728443421417475
1131728302106923009
1131728188680351746
1131728152718450688
1131728023919706112
1131727174954708992
1131727094004813824
1131726928627535873
1131726855269167105
1131726812961214464
1131726533842935808
1131726508890906625
1131726020145438720
1131725243704172544
1131724646401712128
1131723994573369344
1131723991746580480
1131723579777847304
1131723534005362694
1131723227695390720
1131723204844589057
1131723089069453312
1131722888770478081
1131722445499637760
1131722187474444288
1131722013956030466
1131721754173304832
1131721504549462016
1131721120158277632
1131721077988777986
1131720121494511621
1131719743373795330
1131719714919591936
1131719420705816576
1131718574698057729
1131718251694706695
1131717965848633345
1131716273367330817
1131950987038613504
1131950532988428291
1131950023946772480
1131949751006445569
1131948928633659392
1131948580498022403
1131948329854808064
1131948280676593664
1131947816039964674
1131947638599946240
1131947523772436480
1131947256465285120
1131947229726498817
1131946986247262209
1131946895717359618
1131946464559665155
1131946394498097154
1131946347786067974
1131946302881845249
1131945527333965824
1131945478818598913
1131945349512216576
1131944885580386304
1131944869054832640
1131944766135001088
1131944655535386625
1131944140793667584
1131943991078006784
1131943883405975553
1131943604203728896
1131942698779271169
1131942599902801921
1131942467119353856
1131942107118104577
1131941455633833985
1131941396842209283
1131941230680653825
1131941141031661568
1131941052502413312
1131940989109702657
1131940923313721344
1131940608396992512
1131939763630551040
1131939485665697792
1131939457958141952
1131939253204791298
1131939093703778304
1131939076968525824
1131938761917566978
1131938741738758144
1131938735963164672
1131938305208147968
1131938202942627840
1131937765678092289
1131937734166290432
1131937711416315904
1131937598837088256
1131937261493391360
1131936809158627329
1131936469294157826
1131936140628549632
1131826945237430272
1131826876429885440
1131826317517832193
1131825759151120384
1131825570311024642
1131823366548017152
1131819160042913792
1131818987619344384
1131818950482771968
1131818379768213506
1131818264999469056
1131818189715853313
1131817944458178561
1131817908819116033
1131817648944222208
1131817103219134464
1131816951486046208
1131816804475707393
1131816706047905792
1131816565152862208
1131816451516641280
1131816445946540032
1131816174893850624
1131815870731292672
1131815774719492097
1131815765521440769
1131815461266575360
1131815369579139075
1131815242844049408
1131815158030962688
1131813139635421184
1131812147560890368
1131810339165679616
1131810129916178432
1131809973330165760
1131809853977051136
1131809247057108992
1131808856785522688
1131808194177753088
1131807760327139328
1131807221904498699
1131806937148985344
1131806827564244992
1131806692650278912
1131806528841879552
1131806383160999936
1131806106345508865
1131806072686174208
1131805652937003009
1131805386993020928
1131804890559328257
1131804418800795648
1131804011148058626
1131803383420080128
1131802810138472448
1131802301952397312
1131802045026062336
1131801147499528193
1131801059469516801
1131800788752318469
1131800144456945664
1131800036533309441
1131799295143960576
1131799138197278720
1131799129401757696
1131798829991374848
1131798674001018880
1131798646780039168
1131798063520075776
1131797686619918337
1131797662133571584
1131796970799095808
1131796934509957120
1131796702137061376
1131796693026873345
1131796421458374657
1131795820985094144
1131795760587169797
1131795686503133184
1131997061564571649
1131996800397774848
1131996383622455297
1131996019363913729
1131995225017245696
1131994227393617920
1131993909847048193
1131993430316507136
1131993229086330881
1131992518382329856
1131990809732112385
1131990783945596929
1131990289911025665
1131989551851945985
1131989473581969409
1131989334515703810
1131988967770009602
1131988651490119680
1131988276330549248
1131988214930190336
1131988037045489664
1131987840085221376
1131987727258402816
1131987544759865344
1131987371443011584
1131986761842909185
1131986382946279424
1131985818464210944
1131985777112571904
1131985720627924993
1131985293144231936
1131985173715640320
1131984943431729153
1131984757556957184
1131984027265642496
1131983490717802497
1131983314796130305
1131983168129527813
1131983150593249280
1131982798393356288
1131982306967789568
1131982145512235008
1131904004718518272
1131903865945776128
1131903792474132482
1131903618016305154
1131903431139123200
1131903354089693186
1131903288780181504
1131903185961062401
1131903062627487744
1131902990145794048
1131902480432926720
1131902372588998656
1131902219912192000
1131901878059581440
1131901630683713537
1131901548001411072
1131901521015267328
1131901332384878592
1131900972643639296
1131900759220604928
1131900628333150210
1131900583097577472
1131900150811545600
1131900094415069186
1131900013309616128
1131899773177466883
1131899444193091584
1131899441462554624
1131899004869062656
1131898646738415617
1131898601108582405
1131898508716515328
1131898377870958592
1131898029500506112
1131897632757092353
1131896562802659328
1131896405294030849
1131896210950885376
1131896161084813312
1131896149479219200
1131895778027421697
1131895675778686976
1131895587257896960
1131894990307639296
1131894714704257025
1131894119972970497
1131891791379062784
1131891096907395076
1131891093388312577
1131890246596141057
1131890230460600321
1131889935215153152
1131889864532738049
1131889782097883136
1131889666494554112
1131889549297061888
1131889336717316096
1131746756394463238
1131746639247564800
1131746286267523072
1131745983946272768
1131745948755996673
1131745533624819712
1131745474560626688
1131745276652326912
1131745152601677825
1131744860598358016
1131744176167686151
1131743883379875840
1131743478277390337
1131743352892862464
1131743026370494466
1131742963846045696
1131742437934862336
1131742167519637505
1131742020643434496
1131741804993351680
1131741612357431296
1131741558263439362
1131741405003390976
1131740867268472832
1131740650486095878
1131740548329627648
1131740156246089730
1131740006312288256
1131739776208560128
1131739424528699397
1131738969488728071
1131738902925053955
1131738223292702720
1131737376995389440
1131737115602108416
1131736863654465536
1131736771413385216
1131736601237680128
1131734814414069760
1131732991485591552
1131981506870538241
1131980745210257413
1131980704840081410
1131980048632651776
1131979995029614592
1131979935709585408
1131979502811267073
1131979467684028416
1131979217380495362
1131978368331788288
1131978249343504384
1131978231714865153
1131978024273010689
1131977957956698112
1131977749265100801
1131977600539213825
1131977434264264704
1131977306765955077
1131977213816000514
1131977185919733760
1131977137345314816
1131976914736779265
1131976334043951105
1131975983094009856
1131975772472610816
1131975453252579328
1131975036959637511
1131974091022491648
1131973331568037888
1131972849743347715
1131972637385777155
1131972288969084928
1131971844888641536
1131971694405529601
1131970971286556672
1131970721238867968
1131970342157660160
1131969690081878018
1131969123905179648
1131968768396206080
1131968718697689088
1131968572358627329
1131968422085107712
1131968193009016832
1131967962938793985
1131967450684317702
1131967228197269504
1131966462199918594
1131934871314739200
1131934601130237954
1131934600501112832
1131934404929032192
1131934346053603328
1131934326478778368
1131933764060352512
1131933272219488256
1131933149410283520
1131933036289974273
1131932348503740417
1131931467288854529
1131931328054566912
1131931161561714694
1131930716487507968
1131930431492952064
1131929918768439296
1131929140846899202
1131928180699197442
1131927676762120192
1131927122900082688
1131926849741836289
1131926324757630981
1131926300627787777
1131925763333214209
1131925416845959168
1131925351284666368
1131925211866107904
1131924953287274496
1131924887948238850
1131924703105421312
1131924547630960640
1131924475040153600
1131924322228899840
1131924049540501504
1131923870468804609
1131923758447497217
1131923609772056576
1131923580906803200
1131923132825124864
1131922904122314753
1131922604925870080
1131922521547321344
1131922459928793090
1131922359391260673
1131921599228239873
1131921595163959301
1131921216162410498
1131921117424291840
1131920530964123648
1131966196201545728
1131965902411292674
1131965877778354177
1131965368472395777
1131965356950474754
1131965327221428225
1131964528554463232
1131963678633259009
1131963488241356803
1131962624017666049
1131961738805559297
1131961672699015168
1131960948061855747
1131960654422839301
1131960564274671618
1131960549267394562
1131960250456727552
1131960020046929920
1131959990489628680
1131959899167121408
1131959676357304320
1131959608719826945
1131959559151603712
1131959285657870336
1131959273389514753
1131959087300861952
1131959086466121729
1131959085560193025
1131958776087613440
1131958643883159553
1131958193725296642
1131958157545222145
1131957681105854464
1131957404814520321
1131957283913703426
1131957004317208577
1131956754261172226
1131956744891113472
1131956441311457282
1131956193365250048
1131956135647424512
1131955666162053121
1131955583932936192
1131955411366682626
1131955345415385088
1131955319339458560
1131955216453165056
1131955167052615682
1131955024832147457
1131955011158761472
1131954996432592896
1131954208087977984
1131954127330861056
1131954012847263745
1131953520830296064
1131953401355558917
1131953216894263296
1131953063584043008
1131952966095712256
1131952926216400898
1131952748302356483
1131952713057484800
1131952627212849152
1131952378222186496
1131952062571397120
1131952059966734336
1131951894946099202
1131951808673406977
1131951659658219521
1131951591291072512
1131951542876102657
1132058326165008384
1132058242828386304
1132058059856064514
1132057756192661505
1132057593264988160
1132057486041784327
1132057444698480640
1132057294164959232
1132057256466554880
1132057181342375936
1132057176455962625
1132057071560478725
1132056728214933506
1132056205117890560
1132055538550890498
1132055490253545472
1132055485203472385
1132055027986653186
1132054780493389825
1132054679603556352
1132054475131240449
1132054374216294400
1132054310920105991
1132054216242094080
1132053091711365120
1132051955692576769
1132051816592625664
1132051493467631616
1132051391747244032
1132050967577407489
1132050824593588225
1132050621585068032
1132050621568344064
1132050079127343104
1132049906917683201
1132049732329775104
1132049170506797056
1132048100581892099
1132047804610879488
1132047642358439941
1132047291886592002
1132047241538088971
1132047008938811392
1132046745339404288
1132046607300681728
1132046370699980800
1132046360407097349
1132046272607674370
1132046025764610049
1132045845694693378
1132044979646488577
1132044731536379904
1132044368985116675
1132043498180497408
1132043286154240002
1132073777720954881
1132072092764000256
1132071882256211969
1132069972006465536
1132069100493201408
1132069040455933953
1132068682375606276
1132068282301919233
1132067845754490881
1132067757762252812
1132067651906416640
1132067559933644805
1132067394703319040
1132066829139173378
1132066483859873792
1132066199880253441
1132065970460221440
1132065190084616192
1132064496363687936
1132063964983189505
1132063803045236742
1132062932244860929
1132062705144274944
1132062666686472194
1132062515163275264
1132062397085179904
1132062325417107457
1132062200095563777
1132061594421202944
1132061317622374400
1132061202090217477
1132060654385262592
1132060466807808002
1132059557046444033
1131872758386896897
1131870345655402498
1131870060547588097
1131869986631364609
1131869576281694208
1131869490193453057
1131869041512124417
1131868736942673920
1131868604465463297
1131868343210840064
1131868146288254977
1131868113773912064
1131867984518176768
1131867900527222784
1131867795724079104
1131867332471664641
1131866930875441153
1131866899199844353
1131866762977468416
1131866477227847680
1131866436304023552
1131866191834898438
1131865729190383616
1131865612538585088
1131865424688308225
1131865369428127744
1131865264356700161
1131864789179703296
1131864699912507392
1131864482370576384
1131863663038685185
1131863591924248576
1131863589491490816
1131862472862908417
1131862277555146752
1131861478196297728
1131860804536623104
1131860528312344576
1131860150988541953
1131859662779887616
1131859079561973760
1131858939702853632
1131858854353014784
1131858689277779968
1131858522520543232
1131858244647960576
1131858029987676161
1131857822243667968
1131919208927776774
1131918852273582082
1131918763996078081
1131918144560390144
1131918012443955200
1131918006131580929
1131917981544603648
1131917900539817986
1131917567747076096
1131917353241993217
1131916508668416000
1131916271984021505
1131915923449896961
1131915840264257537
1131915807670382598
1131915563037544452
1131915308590018561
1131914696464961536
1131913706860945414
1131913654042013696
1131913623301894144
1131913311153475584
1131912964871806976
1131912944885948416
1131912832465997826
1131912771812175872
1131912614961917955
1131912418932776961
1131912110433284102
1131911666432708608
1131911642701283328
1131911618240143361
1131911435880226817
1131911388123865089
1131911208595070976
1131910985672024064
1131910875961536513
1131910224565219329
1131909461751336960
1131909172881231875
1131908846421774336
1131908785767952385
1131908431445680128
1131908111294488577
1131907682808541186
1131906989230034944
1131906219445293056
1131905331502751746
1131905286502047745
1131905271830339584
1131904582144143361
1131904537437061123
1131904322411876354
