1101780682546860037
1101779793538936832
1101779425111261184
1101778853243035649
1101777340164653056
1101777110606270464
1101777076326187008
1101777036622872577
1101776258533339139
1101776162324447233
1101775565818871810
1101775378882969601
1101775153531420677
1101774935310155777
1101774825192853506
1101774643793408001
1101774115134791681
1101774112756822021
1101773895269523456
1101773852772843520
1101773837761417222
1101773624665653248
1101773534056075264
1101772849755443200
1101772361089630209
1101771971728236546
1101771275255664640
1101770970589790208
1101770916902719488
1101770687600041984
1101770173822980102
1101769497214664704
1101769280465588225
1101767950736998400
1101767627083575298
1101767448624353280
1101767438444756993
1101767346258087936
1101766510710874112
1101766244590587904
1101765940679708672
1101765872002256899
1101699975791075329
1101699217477660672
1101698083660935168
1101696664010579969
1101696443797118981
1101696028858822656
1101695585948758016
1101695051657297921
1101693889092579328
1101693784247558146
1101693760654708737
1101693397226672129
1101693373264478209
1101693373251895296
1101693372635394049
1101693120071163904
1101692898255491072
1101692876692574209
1101692788976975872
1101692787139985408
1101692569006821376
1101692506096324609
1101692093418811392
1101691883607212032
1101691138891763712
1101690623541813248
1101690453085310976
1101689917070102528
1101688463559147520
1101688227331784704
1101687740255621120
1101687321013948417
1101687008156622849
1101686615104212998
1101686449332776960
1101686341035851776
1101686287415816192
1101686062752169987
1101685448596967425
1101685069171838977
1101715926670626816
1101715605063913472
1101715590593593344
1101715322384642048
1101715266260488193
1101714830891737089
1101714593242587137
1101713633287921667
1101713623133515776
1101713570574815232
1101711426853502976
1101709849430315008
1101709674188025856
1101709637630545920
1101709400371355648
1101709275079032832
1101709117981261829
1101709079788093440
1101708789840035841
1101707614927376384
1101707609604804608
1101707443141337090
1101706763374538753
1101706688371912705
1101706135839617024
1101705524893110272
1101705098743500800
1101704587638161409
1101703831560310784
1101703303379996672
1101702181235945472
1101857412628197376
1101857213537243137
1101857009920438273
1101856952127111168
1101856339611934722
1101856320934731776
1101856167653969921
1101856128743366656
1101856121789198337
1101856089564311553
1101855961449414656
1101855685862719488
1101855345817894915
1101854995169845253
1101854541966966784
1101854383954845696
1101853680192512001
1101853616443396097
1101853302940155904
1101852973020467200
1101852765276520448
1101851072908259328
1101850957858725892
1101850945590386690
1101850555029381120
1101850486611869696
1101850240594989058
1101849989037391875
1101849830027132928
1101849795948351488
1101849653677514753
1101849062268170240
1101849023177216000
1101848621098647552
1101848230617219073
1101847909648207872
1101847764751790080
1101847729062494208
1101847543653257217
1101847167566782465
1101846816541294592
1101845583042670595
1101845519817760768
1101845203256659968
1101845123510534145
1101844744001515521
1101844648077787137
1101844607774658566
1101844175631384578
1101844173815275520
1101844038913802241
1101844034191003648
1101843911151177728
1101843728522772481
1101843396006739969
1101843368529674242
1101843063650091008
1101842715283615746
1101980162034290688
1101980024993767424
1101979507873984512
1101979420410241025
1101979272850268160
1101979067505532928
1101978892485693442
1101978825712295937
1101978153218654209
1101978099204452352
1101977466481139712
1101977100142153728
1101976535089713152
1101976487320846336
1101976440348786689
1101976421755428864
1101976327983251456
1101976271431585794
1101975952567996416
1101975470135037952
1101975214777352195
1101974999244701701
1101974537447620611
1101974522100625408
1101974416920055808
1101974130285531138
1101973988736225281
1101973979559010306
1101973960424595456
1101973951344009216
1101973826710077442
1101973292435402752
1101972965674151936
1101972891564998659
1101972827614339072
1101972247508647936
1101971843202732032
1101971788286832645
1101971615770861568
1101971220218540032
1101971218075451394
1101970946712322049
1101970860464918528
1101970854311874563
1101970741187162112
1101969618292350982
1101969475019198464
1101969453711908864
1101969196471255041
1101969191056232448
1101969126233436162
1101969049934852096
1101968938240491525
1101968936025903104
1101968707201318913
1101968618743578624
1101968551764733959
1101968088109629441
1101967681559908354
1101967262196604930
1101966794603089921
1101966486850207746
1101966174286311424
1101966012767850496
1101965862678872064
1101965690926493698
1101965633670000640
1101965462810836993
1101965279456747521
1101965081032708097
1101811241838891010
1101810777420374017
1101810633488719874
1101810583786176518
1101810429121179648
1101810289157132288
1101810137365270528
1101809509150978048
1101809343194951680
1101809151410343936
1101808915803791360
1101808619543240704
1101808289795387392
1101807853805936643
1101807522351104001
1101806859751690240
1101806750221578240
1101806676943036418
1101806597469282305
1101805544543801346
1101805044347875329
1101804657687609346
1101804650074984448
1101804607574024192
1101804212000833536
1101804069746823168
1101803913223770112
1101803548940136448
1101803107372150789
1101803024555626496
1101802880556765184
1101802413969821697
1101802386379755522
1101802358932230144
1101802242984894464
1101801845117386752
1101801801941168128
1101801705182769152
1101801485199966209
1101801316073041920
1101800386803843072
1101800178384846848
1101799973069443072
1101799722820558854
1101799691388420096
1101799354036293632
1101799324772691968
1101798794256179200
1101798771812380672
1101798450545508352
1101798363874426881
1101798157149720576
1101797222084198400
1101796782147801089
1101796531370364933
1101796493634297856
1101796383718342656
1101826533444837376
1101826371431604225
1101826067826962435
1101826032938684416
1101825941037293568
1101825319592435712
1101825241074958338
1101825240810700800
1101825201287979009
1101824341921185793
1101823938622050307
1101823891364818944
1101823848599699457
1101823830413185024
1101823018672758784
1101822947537367040
1101822756147118080
1101822283033780224
1101822012597723136
1101821738353115136
1101821700658860032
1101821673916039168
1101821668912230401
1101821665858736128
1101821452590952448
1101820709838483458
1101820704633311232
1101820626321457157
1101820204848431106
1101820037038522368
1101819752983465987
1101819311507890176
1101818972889067520
1101818708190736384
1101818462500999168
1101818251720474630
1101816987246833664
1101816457917272064
1101816405010382854
1101816331450621952
1101816191553884160
1101816152974639104
1101815581152591872
1101815567785299970
1101814741683617795
1101814537479745536
1101814172797423621
1101813796744716288
1101813351942971392
1101813311547625472
1101813150104674304
1101812950120185858
1101812928418844672
1101812503317803008
1101812463924842496
1101812177999155200
1101811719691821057
1101811665564323840
1101811551357550593
1101811475105103872
1101888800475758593
1101888789209845760
1101888670796136449
1101888337080655873
1101888318457999361
1101888310811729920
1101888257522974722
1101888223515619333
1101888136743960583
1101888019794219008
1101888015490781184
1101887984465522688
1101887882950787072
1101887870825123840
1101887615274496001
1101887561885253632
1101887469287550976
1101887448873873408
1101887265893240833
1101887224738652162
1101887184037138432
1101887094748864514
1101887006764945412
1101886948141080584
1101886818549665792
1101886712828125184
1101886708017188866
1101886701272735745
1101886689511911425
1101886647535394816
1101886530661040136
1101886529478242309
1101886512768131072
1101886476315443200
1101886269620211712
1101886130650152960
1101886122068709378
1101885963368910849
1101885900995190785
1101885818547961856
1101885767129812992
1101885765292744705
1101885752810618880
1101885693574434816
1101885686926508032
1101885684028125184
1101885492927361025
1101885426493579264
1101885422442024965
1101885373741965312
1101885238542848003
1101885205802045441
1101885035349565441
1101885012733911046
1101884829941919744
1101884743107440640
1101884464731508738
1101884391041560576
1101884377770815489
1101884340047360006
1101884269033635842
1101884172904337410
1101883787431030787
1101883679452872704
1101883631969042432
1101883522267185153
1101883470723321856
1101883279735771136
1101883273851097088
1101883066648326146
1101883009496571905
1101882752398290944
1101882747637788674
1101882724288266240
1101882656084488192
1101882629308272642
1101882558004883456
1101882524421275649
1101882470180495360
1101882412244615174
1101882363817144322
1101882291859660800
1101882282506444800
1101882172896698368
1101882132937482240
1101882045712744448
1101881921594810369
1101881765357109249
1101881688139931649
1101881184689291264
1101880976249106432
1101880974932086784
1101880811391987713
1101880334042480640
1101880277440360448
1101880154610126849
1101880066265571328
1101879590992203777
1101879566551957504
1101879405192888321
1101878611471147011
1101878595914477569
1101878474417954816
1101877707237937153
1101877464056250373
1101877028905578502
1101876838106685440
1101876663204413440
1101876610095968256
1101876583277703168
1101876391598088192
1101876052450787328
1101875860322299905
1101875287992741889
1101875228425228288
1101875000959737857
1101874979677843457
1101874830901686272
1101874628006428674
1101874577158926336
1101874304478859264
1101874222715101184
1101874067810873344
1101873762495094790
1101638247355101186
1101638099153625089
1101637762518794240
1101637761566760966
1101637549481709568
1101636663053373441
1101636587241308162
1101636467930075137
1101636363768811521
1101636362191753216
1101636081471102977
1101635571762360320
1101634766871449601
1101634527322099712
1101634008222494720
1101633889884237826
1101633888391188485
1101633580432793600
1101633296428138496
1101633245995847681
1101903920811700226
1101903508318482432
1101903503864274945
1101903352961601536
1101902748310691840
1101902376103895040
1101902375239868416
1101901905230467074
1101901534504382464
1101901434302414849
1101901358297419776
1101901010308616192
1101900826367459328
1101900631193731072
1101900545378402305
1101900494707060737
1101900493616570368
1101900473525768192
1101900462712897539
1101900273331494912
1101900162904010753
1101900162144841729
1101899926890516480
1101899785580302336
1101899737916043269
1101898984203808769
1101898918269349888
1101898915987816450
1101898853408595969
1101898674869886978
1101898530539687937
1101898276301762562
1101898258450927616
1101898170655748096
1101898150762172417
1101897960755912704
1101897843273416704
1101897750348615680
1101897675333603329
1101897564637618177
1101897486640263171
1101897485289570304
1101897460077649925
1101897140291452928
1101897071840366592
1101897065184063489
1101897063338516481
1101897012331638784
1101895725947019265
1101895698189045761
1101895640588668928
1101895592677117952
1101895459520552961
1101895326053613568
1101895096709103616
1101895008200937474
1101894947094040576
1101894819637534720
1101894817783693313
1101894728180813826
1101894493647732736
1101894484483338241
1101894439491067904
1101894435762327552
1101894048548380673
1101894039585075200
1101893945980706816
1101893875587862530
1101893532112113664
1101893317766275073
1101893033195376640
1101893031819702272
1101892880145281024
1101892664117678081
1101892292649062400
1101892289918582784
1101892059370119169
1101892057575022592
1101891770428747776
1101891670067556352
1101891664807751682
1101891383986667520
1101890720691118080
1101890577724071937
1101890517980405760
1101890407254904832
1101890340280258563
1101890317408595968
1101890246571163648
1101890182838652928
1101890146172133377
1101890052907503616
1101889960972640257
1101889929532059648
1101889925497176065
1101889923878084609
1101889908959002624
1101889908304723969
1101889790390292480
1101889752515731457
1101889640905228288
1101889524299452416
1101889160997158913
1101889096509612034
1101889054075838466
1101889007410184192
1101888829496197121
1101795949024825344
1101795715041452038
1101794913740603397
1101794425804652544
1101794304622653440
1101793878150184960
1101793570619564034
1101793523723063296
1101793303396339712
1101792923979415552
1101792601852792833
1101792582890332166
1101792518218399744
1101792481233039360
1101792127648976896
1101791896404398080
1101791610772353025
1101791404232241152
1101791228969041920
1101791111000010754
1101790931483799552
1101790516054638592
1101790351877120000
1101790298051624960
1101790233077710848
1101790110486532096
1101789987392155649
1101789847671525376
1101789765244985345
1101789280416948225
1101789277984342016
1101789252407431169
1101788752891047936
1101788740870123520
1101788730938015744
1101788719747604480
1101788388200538112
1101788235691245572
1101788109715447808
1101788107446382592
1101788022150844416
1101787462911885314
1101787320364216320
1101787291901747200
1101786549308538880
1101786428164452352
1101786240926601216
1101786136777768960
1101785983400448000
1101785767251189761
1101785697122467840
1101785668903231488
1101785657222012929
1101785477928050688
1101785249279852545
1101785198692364288
1101785074364751872
1101784528115384323
1101784278197772288
1101784211713912832
1101784151454334976
1101784044113723398
1101783965411786752
1101783785518104581
1101783755646091264
1101783570513870849
1101783178656841728
1101781738777268225
1101781660490756096
1101781567330902016
1101781464985755648
1101781414834565120
1101781393347149825
1101781256096882688
1101781154871558144
1101781087938854913
1101653350091816960
1101653347227127809
1101653105454723072
1101652949908897793
1101652892937871360
1101652679808483328
1101652234377547777
1101651991292456960
1101650927423909888
1101650721399808000
1101649938931363841
1101649675512360960
1101649094072782848
1101648701645357056
1101648466013548544
1101648245221142528
1101648128682442753
1101647892522156032
1101647840600866821
1101647838642126849
1101647763098488832
1101647693561188353
1101647618969690113
1101647306984775685
1101647218971475968
1101647210737995777
1101646791169196033
1101646317997088769
1101646300062216192
1101646263781601282
1101646159356018688
1101646043198951424
1101646003025805312
1101645587177365504
1101645116379406337
1101645075048730624
1101644330773569536
1101644093250306049
1101643099045011456
1101642696215748609
1101641379028131842
1101641183145672705
1101640991247876101
1101640864785489927
1101640298742968320
1101640096376340480
1101639991648768000
1101639822387658757
1101639480132407296
1101639456149381125
1101639278151401472
1101639184069156870
1101638548267171840
1101638540054724614
1101638261791846400
1101995367627816960
1101995237457575936
1101995091160453120
1101994911946149889
1101994845541822464
1101994516641472518
1101994312567529474
1101994294880206848
1101993894173204480
1101993709388947456
1101993603931357184
1101993508032966657
1101993471580258307
1101993394258264076
1101993224980226048
1101992852421136384
1101992810859909120
1101992583490928640
1101992431157948418
1101992274978844673
1101991585439395840
1101991040444096512
1101990568853413889
1101990507738292225
1101990286543212545
1101990140090695680
1101990059228639232
1101989829749825536
1101989440535306240
1101989321630875648
1101989115631992832
1101988875340316672
1101988866674831360
1101988842205335554
1101988585341964288
1101988539699548165
1101988342076456960
1101988325924188162
1101988052413698048
1101987706505183233
1101987314354532358
1101986630179659776
1101985751049342976
1101985621202161665
1101985572132917248
1101985374392467456
1101985137573519360
1101984659079131136
1101984594474151937
1101983949599830016
1101983866221260800
1101983666060767232
1101983415337926656
1101983021484322817
1101982819595833344
1101982817062400000
1101982718978592773
1101982653035601920
1101982652528156673
1101982454414561280
1101982330628001793
1101982329197813761
1101982291906183169
1101982172309831685
1101981818755211265
1101981286938304512
1101981092750319616
1101980503681298432
1101669354825965570
1101669081353277440
1101669053444157440
1101669049631678464
1101668776469245953
1101668588262313985
1101668365154877441
1101667954792390656
1101667631411748874
1101667390553763842
1101666839250141184
1101666761664020481
1101666008887185408
1101665574579593217
1101665310338359296
1101665186283323392
1101665074480119809
1101664335451971589
1101664003783192576
1101663992412549120
1101663987672989697
1101663736274669568
1101663703676657675
1101663662815801344
1101663531546619904
1101663415716712448
1101663207117254656
1101662927403319296
1101662852706852864
1101662804451438592
1101662775359741952
1101662658489659394
1101662177298206721
1101661616746184704
1101661603194376192
1101660943099015169
1101660896928194563
1101660532396814336
1101659807314894848
1101659789103263744
1101659650796052480
1101659465487736833
1101659353529176066
1101659301184188416
1101659288790016000
1101658449040035841
1101658412671225856
1101658396510556160
1101658185331400705
1101658134781808641
1101658090099953664
1101657614130266112
1101657500959428608
1101657482995421186
1101656990600843264
1101656631954325505
1101656591336722433
1101656381537615872
1101655891567366145
1101655317740470273
1101654829926092801
1101654692071915520
1101654365654396928
1101873619255336960
1101873435192504320
1101873307626815488
1101872653831409671
1101872453414989829
1101872366026670080
1101871936387264514
1101871744216817664
1101871481586442241
1101871277663490048
1101871214933495808
1101871170813489152
1101870927757934595
1101870864319082497
1101870739895058433
1101870656327569408
1101870606025453568
1101870593966829568
1101870581652353025
1101870558814322690
1101870546768326656
1101870531303882755
1101870398696755211
1101869914615353344
1101869724814594055
1101869370869989377
1101869299721953280
1101869216574173184
1101869135645028352
1101868533644836864
1101868533330305025
1101868530360877058
1101868209215549447
1101867972623302656
1101867945507082241
1101867629881552906
1101867603553865729
1101867487644180481
1101867089487429632
1101866921220325377
1101866643817259009
1101866393979576320
1101866294826201088
1101866294817812481
1101866260118335488
1101865444791721984
1101863981122109443
1101863543136309248
1101863479525457920
1101863454003134464
1101863396016902144
1101862739297951754
1101862693814849536
1101862668972027909
1101861885899616259
1101861751937777667
1101861639769464833
1101861633972822016
1101861390329962501
1101861049450618881
1101860725918760960
1101860193468592128
1101859974500749312
1101859963201339392
1101859744413876225
1101859673899261952
1101859377059905536
1101858968723435521
1101858826515611651
1101858766985879552
1101858708156493826
1101964461122961409
1101964385763786753
1101964317250015233
1101964088949780480
1101963543308587010
1101963424911769606
1101963423661912066
1101963422445563904
1101963420050644992
1101963336500105217
1101962504912228353
1101962188812664833
1101961841218109445
1101961570475786241
1101960937110679554
1101960730729988098
1101959953676464130
1101959827247394816
1101959115746664449
1101958779963228160
1101958411716038662
1101957992293883904
1101957854397751296
1101957853848485888
1101957629755211776
1101957251093409794
1101957215647338497
1101956860557455361
1101956793654263811
1101956385766551554
1101955927744438273
1101955472830222337
1101955433491808257
1101955412570632197
1101955392454692864
1101955348028637184
1101955210371653632
1101954794774822912
1101954614168047617
1101954596937838592
1101954491933433856
1101954489072926721
1101954110453096448
1101954051443474432
1101953958505984000
1101953802708676613
1101953479738822656
1101953469286674433
1101953461682388999
1101953460507947011
1101953452949884928
1101953329872162822
1101953329192669184
1101953328446083072
1101953326286032897
1101952936874262528
1101952841822818304
1101952628316090369
1101952334349778944
1101952056842162177
1101952055869140994
1101952052182347778
1101952050798252033
1101952050127163395
1101951610769543168
1101951358494752768
1101951339842682883
1101951256308998144
1101950307196645377
1101949509876236290
1101949467421487105
1101919022386421764
1101918990417494020
1101918909425504257
1101918858460323840
1101918698082836480
1101918463294128128
1101918020446883840
1101917894559047682
1101917500424499200
1101917478404407296
1101917357616885760
1101917235285757952
1101917115634933760
1101916938987540481
1101916812604854273
1101916507196538880
1101916439663960064
1101916320457736193
1101916214979366912
1101915810417790976
1101915731493642241
1101915727009902592
1101915524634685442
1101915310293164032
1101914491762208768
1101914435868901378
1101914095329001473
1101913780471169024
1101913392548376577
1101913243919044608
1101913149597540354
1101912793786269696
1101912682171527169
1101912409260912641
1101911849283530752
1101911690805821440
1101911444512215040
1101911364870778880
1101911341546254337
1101911178798944256
1101911159391825921
1101911104786231296
1101910553813868544
1101910171746414592
1101909336325005314
1101909130556657664
1101909042501308416
1101908908900274176
1101908770072993792
1101908636325105665
1101908511271895041
1101908385644068865
1101908210041147392
1101907972031217665
1101907951277801473
1101907824274223104
1101907793391562752
1101907284379164672
1101907208495947776
1101907040258179073
1101906955239604224
1101906653283180544
1101906554515795970
1101906451398828032
1101906401084010496
1101905951232352256
1101905781761429504
1101905199277502465
1101905103458570240
1101905071120568320
1101905058634104834
1101905019064922117
1101905007543226368
1101904922012987392
1101904513722695680
1101904467371479041
1101904354292965376
1101904284763992064
1101733058393358337
1101732970673643522
1101732573691236352
1101732520666644480
1101732005186887680
1101731437928218624
1101731191927988224
1101730599759425536
1101730373460021248
1101729505465511938
1101728594508857344
1101728529216126976
1101728176995213312
1101727786765451264
1101725322490241025
1101721303218716673
1101720498667483136
1101720300281057280
1101719424329932800
1101719423650390016
1101719423272906752
1101719422127861760
1101719421028978689
1101719418835353606
1101718782316298246
1101718228751929344
1101718037860777984
1101934123957010434
1101933885179482115
1101933846780620800
1101933749841920009
1101933694263058432
1101933627099807750
1101933519360659457
1101933491099447299
1101933041583312897
1101933018149732352
1101932820631556100
1101932809780903936
1101932733272596481
1101932639894810627
1101932274201681921
1101932156627140608
1101932149819797507
1101931819954511872
1101931565104402434
1101931553725300742
1101931542371172352
1101931203295367168
1101931177399574528
1101930981978787840
1101930435171573765
1101930304690778113
1101930304304963584
1101930276207374336
1101930087979601922
1101929683497578498
1101929657115525121
1101929345835257856
1101929271809986561
1101929186023886849
1101928786168303616
1101928783723069445
1101928456131096576
1101927951908651009
1101927916282101760
1101927594042232833
1101927408792453121
1101927284339023873
1101927227854389248
1101926946022154240
1101926231203819520
1101925927666282496
1101925922909929474
1101925682421121026
1101925099496751104
1101925046619201536
1101925032245121024
1101924934014722048
1101924735494119424
1101924396581629952
1101924396522889217
1101924343557218305
1101924204168048640
1101924143904235521
1101924043366776845
1101923897220521984
1101923896679378944
1101923770346795008
1101923668031090690
1101923484991660034
1101923337218019330
1101923267764355072
1101923243521466370
1101923161313034240
1101923142577070080
1101922927849672707
1101922757586141186
1101922632910495748
1101922566934065157
1101922534642106368
1101922315581808640
1101922256404410368
1101922235764428801
1101922118726549504
1101921938514030594
1101921936924426241
1101921229194313728
1101921206855520256
1101920930211651584
1101920873336922113
1101920749160402944
1101920744928362497
1101920248272470022
1101920008521814018
1101919607470940160
1101919279124021248
1101748799427489792
1101748646578716672
1101748334639886336
1101747476971819008
1101747113724043264
1101746597598298112
1101746530535526401
1101745820553097216
1101745350115770368
1101744779266875392
1101744682575507458
1101744399099129856
1101743854825422848
1101743350997233664
1101742394679152641
1101741760554758144
1101741440575524865
1101741186958557184
1101739934824579072
1101739921440686080
1101739360930750466
1101739288360898560
1101738799229534209
1101738621193732096
1101737944195522560
1101737664884043776
1101737641882595329
1101737305226776576
1101735865246773251
1101734716552622083
1101734656934928385
1101733935661416448
1101733804459331584
1101949327235112960
1101949222729994241
1101949117608181760
1101948973915365376
1101948902612369409
1101948579877281792
1101948304005451779
1101947941718315009
1101947871975362565
1101947734813220864
1101947661824020480
1101947657835216899
1101947650092486656
1101947638734376960
1101947608120082432
1101947599484055554
1101947585655377920
1101947580479619072
1101947568571977728
1101947449239891969
1101947426347339776
1101947324564230147
1101947317937192960
1101947113699766274
1101947093541945344
1101947073056907265
1101946957885566976
1101946926851854336
1101946889258311681
1101946878084685824
1101946877518512128
1101946865011097602
1101946851685732352
1101946826461274112
1101946801823932417
1101946797981749248
1101946719489703939
1101946686723817472
1101946677697658887
1101946649335791617
1101946436051177480
1101946360968957953
1101945775725207552
1101945688257122305
1101945271066521600
1101945219421855744
1101944324944814081
1101944215796371458
1101943902846705664
1101943888560967683
1101943806834995200
1101943642753847296
1101943641231294465
1101943636873236481
1101943525824839680
1101943214796345346
1101943106868531200
1101942920226181120
1101942785152700416
1101942753976557570
1101942262320283649
1101942076844007427
1101942070598615040
1101941961836150786
1101941791627055105
1101941628741259264
1101941495471366144
1101940840111456265
1101940833283117062
1101940807559454721
1101940779025604608
1101940638348689410
1101940619461697542
1101940565258702849
1101940204829589504
1101939969415921670
1101939626309181440
1101939523729022977
1101939476534886401
1101939329868488714
1101939267733880832
1101939054516543495
1101938874882973698
1101938846915330049
1101938647065083904
1101938156327391232
1101938009853747202
1101937552242688005
1101937352463794177
1101937234716966912
1101937227494387713
1101936969850982402
1101936857309278208
1101936732948385793
1101936471802564612
1101935777007759362
1101935735274393601
1101935690751848449
1101935688616947712
1101935564306219009
1101935502578593793
1101935473658863618
1101934871767891968
1101934578296647681
1101841725474160646
1101841634755526657
1101841634038300673
1101841602643927041
1101841533345718272
1101841191224647681
1101840915457589248
1101840851586580480
1101840829268848641
1101840756967395328
1101840593548992513
1101839556859568130
1101839123365748737
1101838790048600064
1101838764010360832
1101838756250828801
1101838667608399872
1101838229509234688
1101838119383547906
1101838021807226880
1101837980220702720
1101837478233808896
1101837057213706242
1101837029992812544
1101837022753361921
1101836929144901632
1101836443238977536
1101835954317393920
1101835522257969152
1101835346516606983
1101834824657051648
1101834747758735361
1101834654406062080
1101834604120625152
1101834540446822400
1101834458154655745
1101834002850332672
1101833895400689670
1101833488603512833
1101833469389402113
1101832641433821187
1101832351129190400
1101832177677938689
1101832066994454529
1101831690354348032
1101831592052514816
1101831327941312512
1101831102333890560
1101830693187919873
1101830621549211648
1101830537768038400
1101830310285766656
1101830277335302146
1101830074075136000
1101829497735794688
1101829354206756864
1101829182546419712
1101828829931282432
1101828725405044737
1101828423431933954
1101828415857086465
1101828260827140097
1101828194909462528
1101827807309647872
1101827589910548483
1101827519001620480
1101827466329493505
1101826902174720001
1101826876560105473
1101826633411944449
1101765236216877058
1101764055465934848
1101763910091374593
1101763864713195523
1101763502761488384
1101762807375126528
1101762387235880960
1101762268042276865
1101761138700812288
1101761010350936064
1101760799779913728
1101759498849566720
1101759096741601280
1101758918454325248
1101758526911930368
1101758423631319040
1101758157142061057
1101757832410603520
1101757699664957440
1101757533658714113
1101757462041030657
1101757336111050752
1101757320940453889
1101757254989242370
1101757132863664128
1101756953943068672
1101756892420993025
1101756612845416448
1101756587872579584
1101756554175545344
1101756496361283584
1101755991836803072
1101755923192639488
1101755894956769280
1101755883606953984
1101755692527046656
1101755454777147392
1101755407327023104
1101755118343647232
1101755050748080128
1101755038538579968
1101754942275178496
1101754924298354698
1101754885232570369
1101754879171854336
1101754842056454144
1101754762796679168
1101754748338876416
1101754738306105345
1101754683117522946
1101754628369272832
1101754471934242816
1101754464850071552
1101754424672874496
1101754258750361600
1101754032945807360
1101753985688629249
1101753447299276801
1101752460178264065
1101752169294954496
1101752064907067392
1101684620582481920
1101684160022933504
1101683885375545344
1101682848937861120
1101682440731541505
1101682344501657600
1101682239367274496
1101682033624010752
1101681492592418816
1101681339672207360
1101681298899419137
1101681134159777792
1101681048834863104
1101680404837339136
1101680252730966016
1101680072707194880
1101679356009742336
1101679306479202304
1101679295875956737
1101679244328030208
1101678698728697857
1101678518251905024
1101678495443365888
1101678044799033344
1101677795284078593
1101677778410356737
1101677254122315776
1101676973544206336
1101676837506301953
1101676836088614917
1101676783265595392
1101676751028129793
1101676691926208513
1101676322605223938
1101675900293111808
1101675739278176256
1101675441822273536
1101674865558343680
1101674689489920003
1101674437911277568
1101674200404619264
1101673947693830144
1101673927493877761
1101673593899966468
1101673575646289920
1101673374751703040
1101673157029580802
1101672777117921280
1101672736584171520
1101672231434838018
1101672184051720192
1101671244372402176
1101670767052316672
1101670750476558336
1101670532380934144
1101670473497276417
1101670313169833984
1101670237412311040
1101670113084882944
1101670072517648384
1101670041504833536
1101669949700034560
1101669770624204800
