1131620799771578369
1131620792591163393
1131620690019332096
1131620577733730304
1131620481700777984
1131620471559151616
1131620341699219458
1131620320983494656
1131620310661423105
1131620295654006784
1131620282727325696
1131620243460124672
1131620137122127872
1131620109498376197
1131620067425132544
1131620029126942721
1131619995723751425
1131619988547231744
1131619904984047619
1131619813606825984
1131619689195380736
1131619592906956801
1131619568986681344
1131619485637419008
1131619453261754369
1131619425491324928
1131619359627984896
1131412804668403712
1131412690331688960
1131412261480935424
1131411895297069056
1131409455193710592
1131407929544982529
1131407748086636544
1131407557501702144
1131407327955947520
1131406700194324480
1131406603905851392
1131406323067699200
1131404142063132673
1131403320243834881
1131403186189885441
1131403039800270849
1131399045241610240
1131397793183096832
1131397784500953088
1131525846781628416
1131522735224631296
1131521926235607040
1131520858059628544
1131520278184566785
1131520231137001472
1131520225998987264
1131519651349970944
1131519059227480065
1131518701788901376
1131518422871924736
1131518184052408322
1131517932058554368
1131515640383266818
1131515640127168512
1131515428159807489
1131515356529532928
1131515322043965441
1131514952890626048
1131514541102260224
1131514183852404736
1131514010426331136
1131513992499867649
1131513509836148736
1131513124341846017
1131512499654791168
1131512439533580288
1131512065422577665
1131511952193204224
1131510946248179712
1131695467539173376
1131695213364338688
1131694312729788417
1131694041656119296
1131693772629250048
1131693759803084800
1131693064798523393
1131693029608382464
1131692709582970881
1131692696001753089
1131692680562520064
1131690942627491840
1131690451336142850
1131690261371691008
1131689203383898117
1131688977180897280
1131688953483079687
1131688936479309825
1131688899250540546
1131688615690551296
1131688594207399939
1131688246663102465
1131688082045054977
1131687996523204609
1131687927761821697
1131687603563053056
1131687520046059522
1131687402265808896
1131687363053330435
1131687041887031296
1131686749065949184
1131686736633974786
1131686493116928001
1131686145459392514
1131686025112297473
1131685971324485633
1131685517056270338
1131685451092451330
1131685390987988999
1131685379956887558
1131685281634168835
1131684269338898437
1131684160584769536
1131684047917322241
1131683644123361283
1131683182330503168
1131682916289908741
1131682322145845249
1131681727334813699
1131681209938042881
1131681110310772736
1131680513436114944
1131588989494988801
1131588947145052163
1131588883072802816
1131588820002979841
1131588810972827648
1131588757373644800
1131588735802462208
1131588694299807744
1131588665325473799
1131588660175024128
1131588633742286849
1131588548727959553
1131588476632260608
1131588396512530433
1131588347640598528
1131588230950690817
1131588210243571712
1131588106308661248
1131588090462650368
1131587947961044994
1131587932748492800
1131587829350293504
1131587748916289536
1131587720713789440
1131587719556214785
1131587713700777986
1131587699872325635
1131587668905582592
1131587659565080576
1131587589142646786
1131587475594514434
1131587372481560580
1131587307163725825
1131587274292862977
1131587241220816902
1131587166583214080
1131587137650999297
1131587125730787328
1131587119787532291
1131587105635876864
1131587097616216065
1131587090523807745
1131587088938340352
1131586923368259585
1131586907496783872
1131586888802947072
1131586874487631872
1131586837015879680
1131586827515596805
1131586815419404288
1131586813590532096
1131586809153167362
1131586765427531778
1131586743415787520
1131586537630703617
1131586514692038656
1131586497335836677
1131586490256039937
1131586299390046208
1131586221421936640
1131586138777505792
1131586129625591808
1131586068564856832
1131586053490577413
1131585999119802368
1131585994443165700
1131585966760693762
1131585954010009600
1131585900494905344
1131585856047919108
1131585768508383232
1131585601764024320
1131585556104843266
1131585547183493121
1131585481903357952
1131585398914920448
1131585320628232192
1131585133981634560
1131585104806068225
1131585083259809792
1131584947217608704
1131584938828914688
1131584938363555840
1131584934030794752
1131584932143411200
1131584907690553344
1131584892024885249
1131584818419064834
1131584797527162880
1131584531604082689
1131584451539083268
1131584347583258624
1131584325395329026
1131584300229566464
1131584279698444295
1131584263973949440
1131584241064714240
1131584184244482048
1131584148097904640
1131584103885754368
1131584082578759680
1131584072193593345
1131584029784825856
1131583958263762945
1131583904610246656
1131583796686540801
1131583755309789184
1131583700825718787
1131583598413402113
1131583471787266048
1131583360604758016
1131583106698371075
1131583065074094081
1131583060468797440
1131583030538264577
1131583017745567744
1131583010971836417
1131582911608700928
1131582892121964550
1131582884047986689
1131582794377904128
1131582710147899392
1131582652635594755
1131582584943722497
1131582326339776512
1131582156340420608
1131582099687784448
1131582064891969537
1131582027579494402
1131581914798796800
1131581874999058432
1131581782766362624
1131581718589313025
1131581715762307073
1131581623999369222
1131581599928205312
1131581597227077633
1131581591732543490
1131581483263639553
1131581422446272512
1131581258520252417
1131581244792348672
1131581218510655488
1131581132342996993
1131580980123381761
1131580970518368256
1131580884744888320
1131580881884393473
1131580724891521024
1131580684324225024
1131580682264862720
1131580672076726272
1131580482376929280
1131580466627145728
1131580453486510082
1131580449644376064
1131580336943640576
1131580300063051776
1131580282233151488
1131580262637285381
1131580163148451840
1131579744720306176
1131579711304470530
1131579522195820544
1131579502293733382
1131579490562379779
1131579286845087744
1131579199679016960
1131579114555674624
1131579055906672643
1131579019202367489
1131578966630916096
1131578905914220545
1131578902198013952
1131578901057216512
1131578865581789185
1131578812054102016
1131578810430828544
1131578792647041031
1131578684412964865
1131578586517954560
1131578574148911105
1131578572244754432
1131578548005695488
1131578492657782784
1131578432016461825
1131578370918109184
1131578364144132097
1131578356074459136
1131578318728454144
1131578185559281667
1131578116558790657
1131577936979611649
1131577854381232133
1131577753327800321
1131577635816001536
1131577600411885568
1131577517171781632
1131577513472352257
1131577498872012800
1131577397122424832
1131576980812574722
1131576875535540224
1131576681263538179
1131576657339473920
1131576282356097025
1131576104299507712
1131575934497316865
1131575861075857408
1131575522071273472
1131575354269814785
1131575047687217154
1131574954032541701
1131574915348520960
1131574829826609152
1131574314510180353
1131574053804892165
1131541630299779072
1131541328582651905
1131541270269239296
1131541127872561152
1131540950558289921
1131540555060715520
1131540210813161474
1131540082999980032
1131539938057621504
1131538806790807555
1131538719561986050
1131538419664998401
1131538255747403776
1131538090202476544
1131536766974988289
1131536015091482626
1131535809700671489
1131535736870756353
1131535544595492864
1131535220480663552
1131534939374182400
1131534209116360704
1131534091139133440
1131534022989844480
1131533989003583488
1131533560324792321
1131533555153211392
1131531423767289856
1131531015531446272
1131530791861796865
1131530053421080577
1131529737946435584
1131528886355804160
1131528057926430720
1131526997908312065
1131526841024618497
1131507204031492096
1131505648494174208
1131503782301523968
1131503407481741312
1131503311616598016
1131502288806273024
1131501988015947776
1131500758908657664
1131498887494230017
1131497795544682496
1131497023478411266
1131495482323341312
1131493795521015808
1131491992540725248
1131491500041285638
1131491469498507264
1131490636014772224
1131490266651779073
1131486998429089792
1131485609787310080
1131484915256745985
1131482283527921664
1131482171317903360
1131480287328788480
1131480076560867328
1131477482052308993
1131477410451468288
1131476830307807232
1131476531056742400
1131476394209189888
1131476202613608449
1131475997931393025
1131475796046954498
1131474721630040064
1131474463558688768
1131474448131985408
1131473941170741249
1131473180978077696
1131473158119272448
1131472905861259265
1131472278645088256
1131471839375446017
1131471580939186177
1131470750655733760
1131470477312942080
1131469799484272641
1131468553452965888
1131466726615474176
1131466110694510592
1131465296760451072
1131464504380919809
1131464162020749312
1131462645171802112
1131462324949098496
1131462168334016512
1131461939991896065
1131461075864449024
1131461003001171968
1131459800640843776
1131458490252136448
1131456748777140224
1131455515932921861
1131455478263963648
1131455389684379648
1131455286965874690
1131455176462798848
1131455118656901120
1131454736983560192
1131453690165039106
1131453454168272896
1131450689882710016
1131448497226551297
1131447890558083072
1131557906803937280
1131557535591337984
1131557095680225282
1131556904059199488
1131556545291014145
1131556081375821825
1131555406344531968
1131554915313246208
1131554707514765312
1131554443856621568
1131554409320607744
1131554249157029889
1131553831861596162
1131553174282743810
1131553152296202241
1131553079432830977
1131552985459372033
1131552677178089472
1131552442016030721
1131552081284698112
1131551815177330688
1131550827548741633
1131550238131609601
1131550057478664192
1131549316693340160
1131549194693599232
1131549100418195456
1131548609948848130
1131548500460756992
1131548050315501570
1131546569134825472
1131545823614066690
1131711031414099969
1131710991983681536
1131710885767073792
1131710189961437185
1131710057731612672
1131709501604630528
1131708995238940673
1131708782378192896
1131708725465669632
1131708724286910465
1131708200116510720
1131707886470606848
1131707823434244096
1131707762826784774
1131707581196427264
1131707563857326080
1131707111946293248
1131706954789859330
1131706761302298624
1131706743715704832
1131706304551116802
1131706102616416257
1131705970629890048
1131705845618601985
1131705483109183488
1131705437122957312
1131704875463499776
1131703857711591424
1131703513376018443
1131703407826415617
1131703209767120896
1131702610984091648
1131701676866527232
1131701605257158657
1131701536856219648
1131701105484656640
1131701037016993798
1131700951973289984
1131699489025269761
1131698937562374144
1131698658326523904
1131698621819359233
1131698177344757761
1131697784275558402
1131697632538189830
1131697022115942401
1131696373286473730
1131696034818736133
1131394701964324864
1131394598872473600
1131394421885476864
1131393957026521090
1131393841314054144
1131392541071466496
1131392379133595648
1131391822004023296
1131391273250762752
1131390917036978176
1131390541025800192
1131390326982291457
1131389456743845890
1131388260176060416
1131388120295968768
1131387779580014598
1131387538520694785
1131387207460294661
1131386908934778880
1131386885518110720
1131386780014600192
1131386459804524544
1131386039182999553
1131385566094921729
1131384323461009408
1131384038978138112
1131383733209243649
1131383146379919360
1131383026829746182
1131382839851835392
1131381168128049152
1131380872677023746
1131380864913297408
1131380861671301120
1131380842343948288
1131380839512727553
1131380443746406401
1131380094138822661
1131379741091598336
1131634412372865025
1131634390625333249
1131634377455276032
1131634295322357763
1131634286216372225
1131634195653115904
1131634179068841989
1131634138111516673
1131633987468877824
1131633951012003842
1131633919797923841
1131633889074659328
1131633780626796546
1131633747143667712
1131633718488178693
1131633603614531584
1131633591505620993
1131633549151481857
1131633495267262467
1131633396189413376
1131633114793631745
1131633074121400321
1131633063610523648
1131633043079196677
1131633038671138816
1131633017422848006
1131633000670744576
1131632968018083842
1131632962167070721
1131632941854072832
1131632905216778240
1131632895548960770
1131632888624160769
1131632694692126721
1131632659774550016
1131632558981242880
1131632072072802304
1131632029638877184
1131631932037652480
1131631899993083913
1131631796158947329
1131631777272008704
1131631683869003777
1131631620300128257
1131631517699072006
1131631471209451527
1131631396890513408
1131631380750901248
1131631066375217152
1131631006258204675
1131630996431020032
1131630906719047681
1131630769796014082
1131630696202506245
1131630658705592321
1131630616158638086
1131630582801346561
1131630543672684551
1131630522390781958
1131630414886506497
1131630388323995648
1131630344162168833
1131630210955321347
1131630097058807809
1131630020970078209
1131629972257464327
1131629777742454785
1131629773191618560
1131629642220220419
1131629541217198083
1131629524452462593
1131629458425864192
1131629406114504707
1131629334664343552
1131629308940734465
1131629265697550337
1131629183107575808
1131629136416366592
1131629048998891520
1131629016589504512
1131628935387668480
1131628850511790080
1131628725055963138
1131628649063624704
1131628629421543424
1131628606877310978
1131628497728942080
1131628440355053569
1131628402098753537
1131628354069815296
1131628312877359104
1131628278438125574
1131628272893214720
1131628240433549312
1131628215951343616
1131628106328920064
1131627888959205377
1131627830603931648
1131627688391630849
1131627624415973376
1131627495449669633
1131627484355661830
1131627478957662210
1131627452097290240
1131627177835995136
1131627094524530689
1131627043949633538
1131626915968765953
1131626785626628097
1131626746359537664
1131626687639146496
1131626605749710848
1131626534954000384
1131626506139164672
1131626387377393664
1131626318385307648
1131626201347264512
1131626085060370432
1131626025421561857
1131625735758733313
1131625349882814464
1131625227312685056
1131625158458916865
1131625132441722880
1131625092495040512
1131624876995780608
1131624876454944768
1131624864647979008
1131624786751250432
1131624729272565760
1131624692618584064
1131624619839021057
1131624502042005504
1131624469741522944
1131624445838266374
1131624414406152193
1131624412103372800
1131624370634465282
1131624226782351360
1131624165004513280
1131624114123415554
1131624065297473538
1131624047383474176
1131623995906895873
1131623905159000065
1131623888591343617
1131623858199572480
1131623742159777792
1131623639973998593
1131623622471233538
1131623607530950657
1131623455642738690
1131623345676587009
1131623343977721856
1131623325321519104
1131623266878148608
1131623244522504192
1131623232845565953
1131623177799397377
1131623071255654401
1131623048417873931
1131623016490766336
1131622951655108609
1131622941806882816
1131622921435262976
1131622796084350976
1131622778086387713
1131622576134991875
1131622548360388608
1131622521579683840
1131622470950182912
1131622421864206337
1131622250740879361
1131622153441423360
1131622115894091776
1131622088702287873
1131622010444894208
1131621994498334720
1131621929750736896
1131621802214662144
1131621787580665858
1131621778218995716
1131621725458771968
1131621725265907714
1131621706634649600
1131621679132577792
1131621655560806400
1131621592469868544
1131621531463933953
1131621506532954112
1131621449846935552
1131621344771076101
1131621163942256647
1131621070467764224
1131620995004063744
1131620989651963904
1131573716687740929
1131573699507838976
1131573164310327296
1131573148338524161
1131572688059867137
1131572677561462784
1131572622095978496
1131572440528773121
1131572089583013889
1131572038739681280
1131571946402066432
1131571940429373441
1131648905219891200
1131648860085002240
1131648857396400129
1131648852363231232
1131648848382898177
1131648822248202240
1131648559567314945
1131648549295468545
1131648402951852032
1131648174181847040
1131648042338275333
1131647969361637377
1131647922884481024
1131647777883209728
1131647636606455809
1131647524471791616
1131647290731638784
1131647253607792640
1131647199962705921
1131646708859985920
1131646655911079936
1131646654778662913
1131646611971543041
1131646576819154946
1131646564915662853
1131646483109941248
1131646439086596098
1131646430463107072
1131646419671105540
1131646295964303360
1131645918955094016
1131645864529866753
1131645839678541825
1131645703267258368
1131645538250690560
1131645017376870400
1131644584105250816
1131644025109278731
1131643886802219009
1131643760691957760
1131643751829561344
1131643534979813376
1131643481972191232
1131643219970809856
1131642997257441283
1131642708647399425
1131642660266086400
1131642652359704576
1131642633124745219
1131642549897179136
1131642400676335617
1131642263229095942
1131642243834687488
1131642139719426052
1131642102163673093
1131642099210838017
1131642024107683841
1131641984962244609
1131641920135024641
1131641818624479234
1131641737762549762
1131641612096790528
1131641601900498944
1131641471910547456
1131641236203409409
1131641234613710848
1131641210450448386
1131641085111881728
1131641014060539904
1131640966698299392
1131640951884177409
1131640886981517312
1131640763182452737
1131640704390836230
1131640673004851203
1131640333312282625
1131640294351491074
1131640287779065856
1131640278195089414
1131640185454813184
1131640171802300416
1131639866192748544
1131639855719604224
1131639605470666752
1131639503842697216
1131639148463288320
1131639055492550657
1131639032004448256
1131638995425910784
1131638963637227521
1131638917210337280
1131638838336610304
1131638708913020929
1131638685156425728
1131638677594148864
1131638531716243457
1131638485310418950
1131638458450173952
1131638450384461824
1131638391358021634
1131638370919157762
1131638364652953602
1131638300991737856
1131638293152583680
1131638195353997312
1131638178761383937
1131638142283452416
1131638031285391361
1131637990109921280
1131637961248903168
1131637898212651008
1131637788934377472
1131637747100409858
1131637708235956224
1131637567835787264
1131637490329227264
1131637461325668353
1131637446444224513
1131637348276551680
1131637282346295299
1131637273143988225
1131637136233574400
1131636928896524288
1131636872483155969
1131636751733284865
1131636745743818753
1131636579234123778
1131636546183024640
1131636509130534912
1131636504219066368
1131636466466078720
1131636348182417408
1131636344189415424
1131636299901931520
1131636279219822592
1131636222735060992
1131636204737388544
1131636198546595840
1131636091415666688
1131636086982230016
1131636017923067906
1131635910288793600
1131635838155149312
1131635782597447681
1131635768190001154
1131635727148736512
1131635693900500992
1131635523943051272
1131635458377752576
1131635416673718272
1131635410898235392
1131635357257281538
1131635355696934912
1131635324092866562
1131635235848900616
1131635233504333825
1131635137874145282
1131634966130040833
1131634938342727685
1131634860559339520
1131634841412227072
1131634630355034112
1131634572905648128
1131379050419646464
1131378706725855233
1131378579898429441
1131378180667969543
1131378092381999107
1131377890191265797
1131377888534650880
1131377587207454720
1131377311452991488
1131377283200110592
1131377116690419712
1131375786097819648
1131375141479473152
1131375073049358336
1131374870946693120
1131374524694487042
1131374065350893568
1131373289153212423
1131373232894951424
1131372797589151744
1131372546564263936
1131370939697029120
1131370932499615744
1131370129294614534
1131369504846405633
1131369468637175815
1131369438773690368
1131369394502807553
1131368537266827264
1131367682530398209
1131367666181189633
1131367330095800320
1131367180182757376
1131367009051193344
1131366965308776448
1131366416366440449
1131366274188095488
1131365635039145986
1131365279844450306
1131365204636393477
1131364389414735873
1131364248658108416
1131364216319954944
1131364017216327680
1131510375025926144
1131510099548278784
1131510080426323968
1131510008347332608
1131509925526421504
1131509809143001088
1131509738976489472
1131508587556065281
1131508586897694720
1131508567629021185
1131507586128371722
1131571811865567232
1131571557267050496
1131571376312213504
1131570949378043906
1131570850929565697
1131570439451340800
1131570302444548096
1131570137121927169
1131570021698887682
1131569784389230593
1131569606697603072
1131569370327658497
1131569282758926342
1131568751562940418
1131568544330731521
1131568362474090496
1131568315678089216
1131568127580561408
1131568118596349952
1131567601467953156
1131567499609300993
1131567306197426177
1131567205013966848
1131567158369116160
1131567027758522369
1131566838117048321
1131566639311413248
1131566412458332161
1131566401926369280
1131566260267839488
1131566201384112128
1131565623882977282
1131564942765768704
1131564511499030528
1131563321696460800
1131563202960142336
1131563040237916161
1131562894984978432
1131562888332750850
1131562785991737345
1131562718127951875
1131562646203977729
1131562512481173505
1131562341219409920
1131562224571625472
1131562035072905217
1131561716020592640
1131561391259815936
1131561284456067072
1131561047037534208
1131560792011288577
1131560587169812480
1131560566512934914
1131560492747710464
1131560480177360897
1131560452255649792
1131560372551475201
1131560101385449473
1131559227489701890
1131558946311774209
1131558818683543553
1131558801864351744
1131558722302406656
1131363915194085381
1131363382660161536
1131363332823371776
1131363252384854017
1131363147410026498
1131363018107957248
1131362958309597184
1131360730459123712
1131360343567978496
1131359845477756928
1131359352651169792
1131359350558199809
1131359265933987841
1131359130348924928
1131358167248658432
1131357339200700416
1131356996370915328
1131355946637115392
1131355575483281408
1131355240396144640
1131355207370235906
1131355075933286401
1131354242135003139
1131353817553879041
1131352686412963841
1131352435681681409
1131352004863905793
1131350667229126657
1131350223933067264
1131350038884560898
1131349925634170881
1131349544934023169
1131349160563806208
1131349149264359424
1131349058281496576
1131349019488391169
1131664724788174848
1131664674481508352
1131664605657346055
1131664545502638083
1131664490850856967
1131664416452370432
1131664273724321811
1131664237128847360
1131664121336868870
1131664068752752640
1131664067364564994
1131664025866121221
1131664024305840134
1131663953770229760
1131663902012518403
1131663821754511360
1131663816335347712
1131663772475695104
1131663709343035392
1131663530086850560
1131663343503192070
1131663330366644224
1131663317649559552
1131663315560611841
1131663296011087893
1131663289371496448
1131663202687823889
1131663189937139717
1131663118835376133
1131662943513391116
1131662772872388610
1131662757793689601
1131662696825401345
1131662691704156164
1131662537093722113
1131662413449895939
1131662144888627200
1131661996112302080
1131661871084392448
1131661741472002052
1131661704738119680
1131661632915025928
1131661632751439872
1131661589914931200
1131661417982177280
1131661314722598912
1131661210510864400
1131661209936076800
1131661095276384256
1131660917710696456
1131660739826114560
1131660686990487553
1131660679952388096
1131660419855200257
1131660157488750592
1131660015121641472
1131660006686973954
1131659833218871309
1131659832321122304
1131659662309199873
1131659601093517312
1131659596253270016
1131659513843638272
1131659311351042050
1131658777697095680
1131658665390419969
1131658634042191883
1131658268760129537
1131658213043183616
1131658131514318848
1131658004380696577
1131657815485890560
1131657625014231040
1131657528008425472
1131657432642576384
1131657404125286400
1131657377978052608
1131657307887153153
1131657251943587840
1131657207735410689
1131657029972635649
1131657004458471424
1131656870140235776
1131656865451057152
1131656728943239173
1131656547556192256
1131656512487731201
1131656510239592455
1131656336629010432
1131656219326681088
1131656192504287232
1131656153153318913
1131655693197631494
1131655622439657479
1131655622200569865
1131655547344891904
1131655529326088195
1131655276292182016
1131655259334610944
1131655149787721728
1131655117864951808
1131654944908611585
1131654327653797888
1131654225556115458
1131653962950750208
1131653954402701314
1131653916918206464
1131653790078308358
1131653716447236096
1131653665054441472
1131653112027131904
1131653031009882112
1131652991948328962
1131652864458350593
1131652844203806720
1131652808871219200
1131652474291531776
1131652454683222017
1131652440460275714
1131652387276513280
1131652380360138753
1131652362324578304
1131652242103255042
1131651916126142464
1131651820785405953
1131651518812295173
1131651405431922688
1131651258740117504
1131651257075228672
1131651249391251459
1131651185952350213
1131651162090852353
1131650999762993158
1131650997292601346
1131650861560545280
1131650683063549952
1131650260491788290
1131650065322450946
1131649923966021633
1131649843305308160
1131649744231686145
1131649743325663234
1131649727009828864
1131649693384138752
1131445030781169664
1131444886819893249
1131444744939290624
1131444220370272256
1131444040094773248
1131443728240058369
1131441576956313600
1131441349130170368
1131441310789963777
1131441275641696256
1131441237964275712
1131441199250845697
1131440866965577728
1131440734857519104
1131440733230194689
1131440418321776640
1131440376860925952
1131440274213933056
1131439748692811776
1131439393242308608
1131439049930100736
1131438355978362880
1131437381272375296
1131436778907426817
1131436304955256835
1131434743638024192
1131434662298103808
1131433681808232448
1131433458503430144
1131433026351751168
1131432519625269248
1131432066686562304
1131430619597103105
1131429947946332161
1131680014032875520
1131679949755019264
1131679913797459970
1131679853705670657
1131679748311138305
1131679738206908416
1131679323734388739
1131679173792153601
1131679035661127680
1131678738184310784
1131678629870673920
1131678374362066944
1131678335820550150
1131678256195952640
1131678166307811330
1131678114919137280
1131677786417061888
1131677708981854210
1131676602444800000
1131676535444987909
1131676385892872199
1131676332008628232
1131676085891018759
1131676032006856704
1131676021126602752
1131675602426171392
1131675527838871552
1131675411711176704
1131675334397583362
1131675285684801536
1131675125923962880
1131675124279775233
1131675103731900417
1131675043765858313
1131674951713468423
1131674391203405824
1131674358630494211
1131674205542477824
1131674120922501120
1131674043634069518
1131674011824467977
1131673952789639170
1131673843788066825
1131673615248678912
1131673486521458688
1131673206505517064
1131673161626464256
1131673131674984453
1131673083834707977
1131673072019353600
1131673029308755985
1131672948904013824
1131672446199668737
1131672296077307913
1131672174903877632
1131671796405739520
1131671690239512581
1131671636992770049
1131671618319732736
1131671175514468356
1131671111110803456
1131671083898286086
1131670957750226949
1131670924913201152
1131670878469517313
1131670752464211968
1131670692309610496
1131670677906436104
1131670650655916032
1131670575384891393
1131670419180679170
1131670276314284033
1131670228713263104
1131670221696094208
1131670184446443520
1131670169175109638
1131669943932604416
1131669873661284353
1131669736062894081
1131669651551870977
1131669304527728644
1131669182779666439
1131668971101532164
1131668944652312576
1131668929519202310
1131668806206664711
1131668775613411328
1131668665030586372
1131668507546963968
1131668450605056000
1131668367943749633
1131668166268993537
1131668154080481281
1131668038229536768
1131667949452963850
1131667826266255376
1131667825502953473
1131667817986699278
1131667771379671040
1131667426989318145
1131667181815631872
1131667000617570305
1131666906405122050
1131666819759136768
1131666552703672320
1131666523393798150
1131666494126022656
1131666117460668427
1131666070161436672
1131665500163977220
1131665336531640320
1131665318013808641
1131665138887606272
1131665090778935311
1131589040623562754
1131604188365041666
1131604185995079681
1131604184304902146
1131604157289385984
1131604131272118272
1131604063139782658
1131604051316092928
1131603972052135938
1131603931086430209
1131603922232197122
1131603890993094656
1131603814815952896
1131603762248867841
1131603674931707904
1131603605742530560
1131603549161263104
1131603480228110337
1131603433792741376
1131603432413061120
1131603304604229633
1131603280465993729
1131603276825354240
1131603257615429632
1131603229421330432
1131603199176126464
1131603196378529792
1131603190942785536
1131603180872187909
1131603164132761600
1131603043248758785
1131602873878495232
1131602833105707009
1131602832891797504
1131602811324641280
1131602803179368453
1131602614796378114
1131602589366333440
1131602545246392320
1131602467110756352
1131602325703987200
1131602312877826048
1131602304124301317
1131602156920815617
1131602083680051200
1131602030773063680
1131601983872352257
1131601867950186496
1131601848761241601
1131601813881393154
1131601812291772422
1131601681756622848
1131601581114368003
1131601547224408065
1131601542228918272
1131601433072160768
1131601278944075777
1131601257251131398
1131601188351303681
1131601113709514757
1131601095216783360
1131601082415820800
1131601065374310400
1131601015495639041
1131601012870012928
1131600971581218817
1131600854878969861
1131600758523269121
1131600704232218624
1131600647567171585
1131600627543494656
1131600624548831233
1131600554285785089
1131600533322706945
1131600492533092353
1131600398161207296
1131600307446779904
1131600256498581505
1131600231861239808
1131600205302910978
1131600115330899968
1131600091566039040
1131600035261669376
1131600020833275904
1131599975077548033
1131599948561178625
1131599621267103744
1131599619979382784
1131599559711346688
1131599547522854912
1131599411832864769
1131599410201280512
1131599400940331008
1131599345973833728
1131599251501395968
1131599211773014018
1131599171084050432
1131599062774325248
1131598978489958401
1131598921325785088
1131598817357438976
1131598594723733505
1131598593658380288
1131598434736136192
1131598427098361856
1131598159321296896
1131597936301944832
1131597926172635136
1131597905763098625
1131597903879901187
1131597820346163201
1131597809193504768
1131597786955341825
1131597745561714688
1131597738255241217
1131597719892570112
1131597704721850368
1131597664456454144
1131597656667635712
1131597652808863744
1131597642990084096
1131597533023756293
1131597510487760896
1131597441256579072
1131597426819620864
1131597408574627840
1131597334041780224
1131597234531971072
1131597108597940224
1131597101903826946
1131597101257887746
1131596992940052481
1131596962908844034
1131596960304160768
1131596950510424064
1131596916540809218
1131596882969538561
1131596872165089284
1131596746960834561
1131596718414487552
1131596686965530624
1131596591511625728
1131596582909034496
1131596444513841152
1131596435202486274
1131596404353380352
1131596342457982976
1131596271142219776
1131596231367643142
1131596210559770624
1131596165278031874
1131596061020000257
1131595994234335237
1131595960310648832
1131595907034697728
1131595868493291521
1131595657695961089
1131595641254236161
1131595627283066880
1131595622119686144
1131595518088491009
1131595507942547462
1131595462161698817
1131595436203151361
1131595411658031104
1131595341667676160
1131595284121903106
1131595251162992643
1131595206195736576
1131595186407129088
1131595164982697984
1131595110939078656
1131595055372939265
1131594899067944960
1131594783133032448
1131594771112321024
1131594654443614208
1131594621392424960
1131594607509344257
1131594580481269762
1131594539100192771
1131594377187299328
1131594318584655873
1131594279053213698
1131594232429522944
1131594184979374080
1131594164964122625
1131594108471062530
1131594068948135936
1131594017970499585
1131593933463666688
1131593927923064832
1131593903168282624
1131593883249459201
1131593731075969030
1131593726172770304
1131593711710638081
1131593704253165568
1131593654454431745
1131593622342836225
1131593622078599168
1131593621906624513
1131593597680332803
1131593553749188608
1131593525802545152
1131593514872184833
1131593479757402112
1131593428335177729
1131593414317879296
1131593401642749952
1131593370135085056
1131593312882835456
1131593288052617218
1131593233941913601
1131593150269710336
1131593119558848512
1131593104358686726
1131592947391172608
1131592883402924034
1131592832693800966
1131592829392887809
1131592807653810176
1131592753564012544
1131592693971341312
1131592690641047552
1131592682793578496
1131592663369568256
1131592580746153984
1131592517185671168
1131592398725951490
1131592306640003072
1131592267607810048
1131592141157949440
1131591992545357824
1131591933695021056
1131591892821512194
1131591576566804480
1131591569704771584
1131591559533740033
1131591496120111104
1131591463224061952
1131591395788152833
1131591379413590016
1131591368944640000
1131591319674130432
1131591292482412549
1131591270411821057
1131591251021762561
1131591237251809280
1131591204276199424
1131591175893241863
1131591143140069377
1131591089033535488
1131591034503290880
1131590962483015680
1131590928223932416
1131590915355754503
1131590868954038273
1131590815468277760
1131590802503692289
1131590764377640960
1131590722610769921
1131590662619582464
1131590606675959809
1131590575197708289
1131590566809145344
1131590503575646208
1131590501759627264
1131590439214157826
1131590426417172481
1131590326416748544
1131590233735270400
1131590194170290178
1131590157742825473
1131590023269109761
1131590000892493824
1131589908169187329
1131589900644433921
1131589883460497408
1131589845153980421
1131589837297987584
1131589686600843264
1131589581055377408
1131589564714426368
1131589541566005249
1131589540777476101
1131589468211879938
1131589462096351233
1131589383159779328
1131589382362652673
1131589380521439233
1131589376474062849
1131589370182455298
1131589308723355651
1131589281330401280
1131589263924056064
1131589259046129666
1131589247096512514
1131589155983642624
1131589097120763905
1131619292758380545
1131619214249168896
1131619098792583169
1131619074855886850
1131619035265806336
1131618929854431232
1131618806562877440
1131618685326712833
1131618432896495616
1131618333822873601
1131618329335091201
1131618322515152896
1131618293410746368
1131618218915827713
1131618208140726275
1131618099172712449
1131618029182304256
1131617874525581312
1131617791092699136
1131617778908246017
1131617713472856064
1131617665741668353
1131617640697552896
1131617505611517952
1131617505175330818
1131617491002826752
1131617358408278017
1131617284332482560
1131617268092346368
1131617094590783488
1131616792042979328
1131616777375555584
1131616688808562688
1131616612648398848
1131616565978443776
1131616542565830656
1131616515550265344
1131616388685139968
1131616328148606976
1131616202579693568
1131616077643964417
1131616050682966017
1131616035914829830
1131615912707186690
1131615811599253504
1131615809472802816
1131615658838507525
1131615571882205185
1131615557630013440
1131615512578928640
1131615341241655298
1131615194508079104
1131615055118835714
1131615037007622145
1131614971551461378
1131614862075944961
1131614850621280256
1131614847521763328
1131614787467653121
1131614685424435200
1131614527601205250
1131614512925351936
1131614461985546241
1131614456956432384
1131614367622017024
1131614322243846144
1131614190525919232
1131614155289632768
1131614067095932928
1131614051279282177
1131614013878673416
1131614005649432578
1131613994765176837
1131613942801940481
1131613812338155520
1131613788384432134
1131613752644780033
1131613739734773761
1131613735783682048
1131613699221753856
1131613679298985984
1131613553398562817
1131613436595490817
1131613393742389248
1131613184748605441
1131613179509972993
1131613149076045829
1131613094365548544
1131613085352042496
1131613039718014979
1131613002153844736
1131612974374883328
1131612913473474561
1131612860235304960
1131612644325171200
1131612584535310336
1131612523780640768
1131612183371161600
1131612076923904000
1131612004492468224
1131611698044051456
1131611603764482048
1131611507811393541
1131611334171353089
1131611295281819655
1131611254844321793
1131611204718399488
1131611122681827328
1131611037369872385
1131610847388807168
1131610799510892544
1131610782813302790
1131610772096856064
1131610685203451904
1131610620800000000
1131610610855239680
1131610524238659584
1131610417686601728
1131610369783402497
1131610343539716096
1131610297490333696
1131610229685313538
1131609944426467328
1131609833608814594
1131609766432665600
1131609688125132800
1131609470109462530
1131609364228378627
1131609282447847430
1131609039413141505
1131609014020788229
1131608870126784513
1131608833799987200
1131608739864305664
1131608566194851840
1131608528593014785
1131608461995859970
1131608413933228032
1131608320509399041
1131608109300846592
1131608036345352192
1131607932414693376
1131607928581120001
1131607879662821376
1131607815477440512
1131607800021430272
1131607690097168385
1131607665937932288
1131607520991166464
1131607376090533888
1131607335397416960
1131607006555643904
1131606852159070208
1131606829736374278
1131606784744075265
1131606771494207489
1131606574827544577
1131606499057442818
1131606490022854662
1131606473988034560
1131606339849998339
1131606285433094146
1131606257490513920
1131606107758051329
1131606061583085571
1131606055845355521
1131605946030002183
1131605869504999424
1131605862018162688
1131605764903198720
1131605735454986246
1131605674327199744
1131605497533018113
1131605354591203328
1131605163817390080
1131605154262855686
1131605152333533184
1131605137028517888
1131605118162546696
1131604939816546304
1131604934879850503
1131604934682714114
1131604906002014214
1131604892206927872
1131604838490542086
1131604832769363968
1131604778436505600
1131604685775888384
1131604677840330752
1131604648022958080
1131604619258408960
1131604532495028224
1131604514459590664
1131604477117644801
1131604453268676608
1131604422377779200
1131604352282562562
1131604314378555392
1131604304824025093
1131604246707597312
1131604233512398849
1131429662087897088
1131429003087290370
1131428571975749632
1131428558146899969
1131428324507435010
1131427234038763520
1131426331952992256
1131426066633961473
1131425408685973504
1131424866811416579
1131424517111394306
1131423756709179394
1131423406618861568
1131422622640680960
1131421311186669574
1131420885678788608
1131420122818592768
1131419735655157760
1131419435745648640
1131418887046610945
1131418264825868288
1131417877851062278
1131417451995041792
1131417199065882624
1131416322422657024
1131414821956718592
1131649561955643394
1131649547002961922
1131649492057505792
1131649420007804930
1131649297282412544
1131649145469640704
1131648905266040832
