1349907110889357312
1349907046922125313
1349906956463423488
1349906547606958080
1349906350667493378
1349906329758883840
1349906180257136641
1349905862958211073
1349905627863248900
1349905605943705611
1349905580157247492
1349905525669056513
1349905310622887939
1349904952571940864
1349904214022098944
1349904136511377414
1349903359155843074
1349903059099426816
1349902531724505091
1349902524493402113
1349902497117310979
1349902346185183232
1349902335946887168
1349902114219167745
1349901771942944769
1349901072895258626
1349900931555602440
1349900718254284800
1349900647693340674
1349900555242663936
1349900461013258241
1349900378477912068
1349900074206294019
1349900065721126912
1349900018698788866
1349899220724027393
1349899140365479942
1349899060858253318
1349899052989571073
1349899019204616195
1349898991463403522
1349898697182732291
1349898149276520450
1349897838927491074
1349897647461703681
1349897613735317508
1349897242677796864
1349897172783931393
1349897122070618112
1349897092551110657
1349897058065534987
1349896998925836289
1349896932383207424
1349896879874723844
1349896493285556224
1349896136136523783
1349895939536769027
1349895907421073408
1349895471708459009
1349895451307352065
1349894689965617152
1349894620713402371
1349894588111138818
1349894392308400129
1349893916267524097
1349893387076341763
1349893279500918785
1349893013007437824
1349892912927158272
1349892877002944512
1349892785961381889
1349892774129184769
1349892595770650624
1349892588741005313
1349892419765096449
1349892255256031236
1349985276198699009
1349983305563836416
1349983086092627969
1349981971225710593
1349981966599221248
1349981791810166789
1349981753751064576
1349981643461824512
1349981480106262528
1349981371859693568
1349981158944112640
1349981135036506118
1349980944678100993
1349980755154362368
1349980491823288327
1349979989932822530
1349979715407212548
1349979601561407488
1349979100451020800
1349979089290063873
1349979006641307650
1349979006142087170
1349978657180172290
1349978225036963840
1349977902696304641
1349977589696372736
1349977531072434178
1349977144466800641
1349976923313680385
1349976572380418048
1349976039519346690
1349975492963823616
1349975405902626817
1349974590869524481
1349974481490460672
1349974436561125376
1349974202346926082
1349974063314157572
1349973685701107712
1349973285149188096
1349973004382453763
1349972042972422144
1349972014677651456
1349971633931317249
1349971339134840832
1349970977434685440
1349970818579783681
1349970088527597574
1349969688667844609
1349969525475831809
1349968667023269888
1349967677910085633
1349967243552108547
1349967176653037569
1349966994653679616
1349966980296695809
1349966413738483712
1349966351729881090
1349966296830550017
1349966042999578624
1349965925718507520
1349965769669398534
1349965541113434115
1349965486373679104
1349965436092256256
1349965194865364992
1349965050178506753
1349964575391817728
1349964412187246593
1349964361960480769
1349964095609593858
1349963502979452929
1349963495169732609
1349963467151859714
1349963133113274368
1349963065933111296
1349962949813805056
1349962904360153088
1349962884663668736
1349962826086014977
1349962785741008897
1349962709412896769
1349962675514650624
1349962562666954754
1349962562448850945
1349962493888765956
1349962466294456322
1349962428935790592
1349962348371521536
1349962289810722819
1349962183904555008
1349962156440248322
1349962103352938498
1349961515571445760
1349961477155766272
1349961340731879432
1349961296704204801
1349961262575230976
1349961227607265285
1349961177338576896
1349961143268200448
1349961089690136576
1349961025773137921
1349960970911707136
1349960943665512450
1349960898979352579
1349960877215109120
1349960846567378948
1349960792490311680
1349960756645642244
1349960661007278080
1349960631433089027
1349960590622539776
1349960565347606528
1349960529410883585
1349960461173702656
1349960430366560258
1349960353531105281
1349960321369219074
1349960264972595202
1349960236216434688
1349960199264559104
1349960168923009025
1349960160303669248
1349960129563615232
1349960017621917698
1349959992837738497
1349959966757515265
1349959889959829505
1349959846288789505
1349959802722480129
1349959777778954240
1349959767645679616
1349959748435681281
1349959720916770819
1349959679061811200
1349959643808690176
1349959610031960067
1349959567795314688
1349959504494952448
1349959474518269952
1349959441454559233
1349959407698812929
1349959356809310208
1349959290191114242
1349959237330296833
1349959227561836545
1349959208578523140
1349959145957466112
1349959075161808896
1349959041431138304
1349958992219439112
1349958960065912832
1349958923344773122
1349958885495377920
1349958839894827010
1349958837344694273
1349958804050362370
1349958757191569410
1349958654489858049
1349958613008220160
1349958495265669123
1349958392891150338
1349958323450257408
1349958245398454272
1349958003206676482
1349957897019654146
1349957850962026499
1349957818367897602
1349955857497382912
1349955846025826304
1349955736047116289
1349955371914285056
1350047933819981825
1350047868594368513
1350047513521303552
1350047145907290123
1350046994543370240
1350046452706402306
1350045996278034432
1350045863826120705
1350045225776009216
1350045099749740546
1350045090287378434
1350044965251010563
1350044493832065025
1350044469706567681
1350044411611254785
1350043383595556865
1350042938542329857
1350041903526522883
1350041899491594242
1350041342664011779
1350041267107999744
1350040814827794432
1350040738478829569
1350040708116221960
1350040575307902979
1350040571578970115
1350040462598537216
1350040076412219392
1350039951375798272
1350039932455292928
1350039857805094912
1350039753660526594
1350039714250817536
1350039632977698817
1350039085155377155
1350038645990850561
1350038508153532416
1350038402377396224
1350038161586581508
1350038036399214593
1350037973300109313
1350037563931844608
1350037255113596928
1350037127828967424
1350037066864848899
1350037046157598721
1350037009994313729
1350036953522200577
1350036876867067906
1350036576693350406
1350035961305042944
1350035783449681922
1350035733671784448
1350035663698145280
1350035634346479617
1350035604034215936
1350035573218697216
1350035563538247681
1350035544798076931
1350035505510035462
1350035465043406854
1350035436626976768
1350035407992483841
1350035379165028352
1350035349775515648
1350035320658669568
1350035291118120961
1350035153020710912
1350034460469841924
1350034320178765825
1350034251941609473
1350033787925704704
1350033758473375744
1350033701527298048
1350033563131867137
1350033479820472321
1350033448044384260
1350215928911450114
1350215414597505027
1350215403084148740
1350214976485658625
1350214942314668033
1350214918017064963
1350214893622882304
1350214776849367044
1350214473567653890
1350214124333133824
1350213842031300611
1350213671507603458
1350213197979115522
1350213168111489027
1350213096741212161
1350212828347691010
1350212749192798212
1350212547442593793
1350212156751564800
1350211366943150087
1350211357535252482
1350211094170791942
1350210757628145668
1350210694298411008
1350210088515080194
1350209827415359488
1350209429216632845
1350209340792307719
1350209307543932929
1350209009693978628
1350208673730199559
1350208520826847233
1350207654510133249
1350207372271169539
1350207167727628291
1350206964056387586
1350206127947059202
1350205781371711490
1350205655999795203
1350205384749887496
1350205037184741380
1350204627950690311
1350203624144609280
1350202990628507648
1350202822701113347
1350202384383954948
1350201894979960836
1350201865963773955
1350201779384946692
1350201480771416065
1350201060544180227
1350200945800486912
1350139682059931649
1350139612258316289
1350139303804997633
1350139008479875073
1350138897393725441
1350138896412098561
1350138780724965376
1350138634658316292
1350138458971508744
1350138422652899330
1350138298736394240
1350138019899183105
1350137849648017409
1350137649026228227
1350137548044173316
1350137030743887874
1350137009571049475
1350136678476873733
1350136458930216967
1350135911019851778
1350135155378294786
1350134992370868233
1350134886775091200
1350134817782968320
1350134625490907137
1350134230014177281
1350133310912155648
1350133159921393664
1350133157727674369
1350133007181602818
1350132633741701122
1350132631678152704
1350132576405565440
1350131440059510784
1350131181518544898
1350131156948279298
1350131143778164736
1350131123561619457
1350130929738518529
1350130873916657669
1350130527223865345
1350130301817774087
1350130224386609152
1350129662966562821
1350129468078247937
1350129190163644419
1350129076338630656
1350129003957510147
1350128852798853120
1350128755222716425
1350128601727950858
1350128250341761028
1350128201377468425
1350128067344277506
1350127930572238853
1350127261979181056
1350127201795133443
1350127069640994817
1350126842582331399
1350125956745342976
1350125380351500295
1350124946861776897
1350124913928114182
1350124711439691781
1349939083313881088
1349939070286249985
1349938815562084354
1349938425386954752
1349938314426646532
1349938005704904707
1349937956719628289
1349937347874283522
1349936669743407110
1349935865934524417
1349935394121412608
1349935282070704128
1349935207122612224
1349934727893970944
1349933750847746049
1349932987249397760
1349932902813999105
1349932502832582664
1349930018596679680
1349928784263335938
1349928474639785985
1349928369010462722
1349928309921083392
1349928308868317185
1349927799830806530
1349927714422218755
1349927616850124801
1349927207628492803
1349927168567107586
1349926668731883520
1349926439722885121
1349925978902990852
1349925371483926532
1349925264097239048
1349925177694580737
1349924864082259975
1349924659895144448
1349924180389748738
1350185584153735170
1350184767677992961
1350183567616323586
1350183257384644611
1350183195212476416
1350182929926938624
1350182884393574402
1350182738087858177
1350182685382160387
1350182679086592004
1350182016898134016
1350181908135645184
1350181140859072519
1350180952794918921
1350180947795316738
1350180385691365376
1350180353386946564
1350180309900394503
1350180303109816322
1350180278564634625
1350179751294595078
1350179248154279937
1350179096526004227
1350179030792888320
1350178879697162240
1350178840602161153
1350178756170641409
1350178715074850817
1350178647093743619
1350178479417995269
1350178245921165313
1350178061380165636
1350177731636588551
1350177025751986177
1350176528173211648
1350176511035371520
1350175992325709825
1350175665379811330
1350175263095664649
1350175243583827970
1350174940029399040
1350174734584000522
1350174697720315904
1350174238771195905
1350173095106142210
1350172982908383233
1350172573460529157
1350172481634656256
1350172458414968832
1350172182127767553
1350171723165958146
1350171656703062017
1350171377555402754
1350171292457058305
1350171209179275272
1350171110269136896
1350171079759835137
1350170904597155840
1350170802436628483
1350170783306416131
1350170675236007938
1350170654050578432
1350032354400616453
1350032300684275712
1350032068709928960
1350031724357562368
1350031531457212419
1350031267266523137
1350030879360503809
1350030751329374209
1350030533200400386
1350030514418294784
1350030335405400072
1350030236344340482
1350030148322603011
1350030008685887490
1350029473551425536
1350029442240929792
1350029202456719360
1350028915264409600
1350028764940562437
1350028760557490182
1350028671646658561
1350028338119655424
1350028082791526401
1350027806458204162
1350027762891960322
1350027556934791168
1350025997933010944
1350024578282582018
1350024314783997952
1350024052665159681
1350023492222160897
1350022995880902658
1350022894512975872
1350022280009625601
1350021494672384005
1350021316200562688
1350021241462251522
1350020997429260290
1350020388907085827
1350019968998338562
1350019251701211137
1350018688678694914
1350018460701626368
1350018049252929536
1350017824312467457
1350017799511535616
1350017543969398784
1350063045406580738
1350062793660182529
1350062114531115011
1350061400933212161
1350061059806277634
1350060273189740545
1350060066720903168
1350059944406519811
1350059903197569024
1350059800655253505
1350059389919625217
1350058609691021312
1350058468774916096
1350058073642180608
1350056515571494912
1350056296800784389
1350056091057532929
1350055371574898688
1350055354265186304
1350054888475136001
1350054774318612482
1350054504427900930
1350054079851061254
1350053390240288772
1350052947871166464
1350052915977846784
1350052545784328193
1350052513412755457
1350052223787491329
1350052167437094917
1350052043138899968
1350051992656355330
1350051618314715136
1350051499682967554
1350051367956738049
1350050716837146624
1350050609949503488
1350050268591902720
1350049527785517057
1350049269579870212
1350048937197989888
1350048380509171713
1350048307905753089
1350048025624756224
1350000627007561728
1349999482096807942
1349999409514344449
1349997453253218304
1349996715936423936
1349996413036490754
1349995351252619264
1349994953758408707
1349993805244755969
1349993070645956608
1349992051761360899
1349992006668451840
1349991952889090049
1349991678619365376
1349991654711705603
1349991451803983875
1349991189802573825
1349991145187766272
1349991083560857600
1349990593494097920
1349990497016754177
1349990419644489729
1349990319459328001
1349990300874387457
1349989784404553731
1349989565512224768
1349989376806313984
1349989149735006209
1349989149533745152
1349988990989041664
1349988792837423104
1349988495578730496
1349987599088279552
1349987576770408449
1349987071340011521
1349987018802032642
1349986663066382336
1349986609849110533
1349986597480001537
1349986507919134720
1349985894820810753
1349985765518819331
1349985598908616706
1350231078255079426
1350231054972575750
1350230984344674305
1350230975230390278
1350230842010845184
1350229806449893383
1350229118919573508
1350228703104655363
1350228387202101248
1350227777920790531
1350227757238771721
1350227627806773249
1350227470973169665
1350227370846941189
1350227168572403712
1350226782557937665
1350226760802185218
1350226740371628032
1350226519512125441
1350226379334250503
1350226274736873473
1350226199000313858
1350226196538167297
1350226024253038594
1350225955567013888
1350225622501617666
1350225565983281152
1350225562950766597
1350225458504343552
1350225267126484993
1350225241256157185
1350225239419072520
1350225189376839686
1350224639310528512
1350223458861416448
1350223418122235905
1350223174508527616
1350223043897921537
1350222919427710977
1350222479235698688
1350222328081248256
1350222006420049922
1350221777323098114
1350221539703095297
1350221536582660096
1350221237608321027
1350221161880309760
1350221148018024448
1350220713085399040
1350220406674788357
1350220265012269058
1350220066252615680
1350219437652258817
1350219225328218113
1350218966644396033
1350218757046751234
1350218370424184832
1350218359749574656
1350218091943370757
1350217920064925701
1350217734320078849
1350217658596274176
1350217533396140032
1350217454459506688
1350216543800610817
1350216523827200002
1350216203554484229
1350216150517473281
1350109302057541632
1350108841745108995
1350108671569764354
1350108538039918594
1350108527247835137
1350108225929048065
1350108175647830017
1350108049470607362
1350107904242696195
1350107532451319808
1350107178477129731
1350106958947254272
1350106767502544896
1350106736242421761
1350106682924392457
1350106670756671489
1350105859460898819
1350105778661830657
1350105762635407362
1350105377241763844
1350105293707997189
1350104124075872257
1350103911911346177
1350103781011300357
1350103780143095808
1350103436445020164
1350103221168181248
1350103148719988736
1350102790148943872
1350102757257195520
1350102679633190918
1350102589195563010
1350102411940143104
1350102132603535362
1350101926902444033
1350101775001518081
1350101056487882755
1350100703692394497
1350100669789831170
1350100195346952193
1350100188627689472
1350100139281584129
1350099900042772487
1350099396852142082
1350099313121251328
1350098895959977987
1350098777227464707
1350098712035536896
1350098606066442241
1350097688814112770
1350097654030741504
1350097617607290882
1350097538024501248
1350097482269691904
1350096998830133248
1350096125135609857
1350096023469895682
1350095731684741122
1350095640483782656
1350095133568450562
1350094215561228288
1350017124534792194
1350017068234641408
1350016645138444288
1350015877169573889
1350015453343563780
1350015097075326976
1350014215667367936
1350014209455779842
1350013907776262145
1350013784241414144
1350012982109982728
1350012903575969792
1350011996725456899
1350011750117158914
1350011596576317441
1350011405504704513
1350011295504842752
1350011241222332417
1350010984132390913
1350010687477714944
1350009655574065154
1350009578621186054
1350009517262725120
1350009461486854145
1350008475489882113
1350007619579101188
1350007440646037505
1350007009907597312
1350006521749450752
1350005356521545729
1350005288863105028
1350004624875540480
1350003688144826369
1350002604244414464
1350002408122945536
1350002343782174721
1350002279328448512
1350002181051658242
1349891691713593346
1349891428114173955
1349891204666822657
1349891201965682699
1349890877108453382
1349890658966843398
1349890512023670785
1349890274798014466
1349890149665157122
1349889817664843776
1349889380715012097
1349889256521658368
1349889164074860546
1349887879925944323
1349887674346311682
1349887118613602304
1349886851042205696
1349886692040302594
1349886517729259521
1349886183447404546
1349886065411145729
1349885375737688064
1349884871389413391
1349884771665543168
1349884669995614209
1349884655663783938
1349884395956563974
1349884318420619265
1349884214146170882
1349883346315325442
1349883194594586625
1349882999421198346
1349882271201853441
1349882269687803905
1349881760465756161
1349881666517405698
1349881590533533703
1349881566978207745
1349881500787830784
1349881348723499008
1349881262484422658
1349880500165476353
1349880336449110019
1349880121243611138
1349879844251848704
1349879804586299393
1349879706489741314
1349879693659439104
1349879300082847746
1349878936528777219
1349878591178338305
1349878521133469696
1349878319366479872
1349878279948431360
1349878201561059329
1349878105775607809
1349878009248014336
1349877936967577606
1349877923675828224
1349877850992685060
1349877406736199683
1349877106302443520
1349922256063852544
1349921457279623169
1349921437356707840
1349920878901878787
1349920340626067457
1349919697832038403
1349919672318226433
1349918914877259777
1349918438739869697
1349917822172934144
1349917618078162944
1349917313416491009
1349916974143385603
1349916492889001985
1349916060380770304
1349916005779316736
1349915489607286785
1349915448830210050
1349914951180283907
1349914802668384258
1349914528386052097
1349914251582976002
1349914164660113414
1349914152756785154
1349913823377952768
1349913178335952897
1349912522178977792
1349911847898648579
1349910877437190148
1349910841286647809
1349910817458716672
1349910411383103488
1349910336816742405
1349910235457089538
1349910076627283968
1349909863187374080
1349909379680669699
1349909262659706881
1349909012935045121
1349909004701622272
1349909003015512065
1349908892642406400
1349908745422303233
1349908701294043136
1349908645706952704
1349908602518175756
1349908578673410050
1349907961632550913
1349907378141990912
1350154798516084738
1350154714659364870
1350154553111568385
1350154504210161671
1350154365982527488
1350154319568523266
1350154043398746113
1350153977070047234
1350153899714490368
1350153851811340291
1350153804562489348
1350153527465828354
1350153138418888704
1350152978192355328
1350152893039575043
1350152667071471624
1350152666207412233
1350152282332127237
1350151929129820160
1350151819083743233
1350151769024843779
1350151495493173249
1350150989240692736
1350150415027892224
1350150372871057413
1350149953511948289
1350149695751004167
1350149689618870272
1350149649991086084
1350149320495013892
1350149293223636992
1350149260155777025
1350148768096800768
1350148584642125824
1350148535178711040
1350148345629704194
1350148062585479168
1350148023893037059
1350147990980329473
1350147724868464640
1350147589220536327
1350147188228313095
1350147182368858118
1350146974209589248
1350146930240839688
1350146810543824901
1350146797285605378
1350146769552723968
1350146641022562306
1350146557325271040
1350146293239169027
1350146005120000003
1350145894243561472
1350145571479314432
1350145524389695488
1350145468811108360
1350145251726528513
1350144925724250114
1350144900864634880
1350144660791054339
1350144504230256643
1350144413863976962
1350144204975038468
1350143900787335172
1350143802145697797
1350143784529625088
1350143639616417793
1350143521475457024
1350143505738444804
1350143503502880771
1350143474058850304
1350143330349322241
1350143202460905472
1350142797014212609
1350142787711336448
1350142615753089026
1350142443698720768
1350141968706367489
1350141937546715137
1350141757715988482
1350141702003073024
1350141605886488577
1350141363615129600
1350140662826590211
1350140603720339457
1350140230515482629
1350139947697672192
1350124483110178817
1350123500246355969
1350123104631222272
1350121385562144769
1350121289239973888
1350121088353763328
1350121055835316224
1350120685021097987
1350120574933196804
1350120312076169222
1350119992453459972
1350119773443678212
1350119349655363585
1350119142960070658
1350118483980271617
1350118131864317953
1350117931733159938
1350117930130956288
1350117928444817409
1350117926540607488
1350117924930015233
1350117871368728579
1350117779752550400
1350117484251246594
1350117434108366854
1350117083921657859
1350116440653910016
1350116437470416898
1350116416117063681
1350116388753477633
1350116304360009728
1350115992899358721
1350115905662050307
1350115619073642497
1350115592594927617
1350114925222502400
1350114876199481347
1350114229207126018
1350114144763203593
1350113768655761409
1350113372302401536
1350113160431329280
1350112955862568961
1350112174044278785
1350111927452790784
1350111784896753668
1350111781486788608
1350111166262030336
1350110623565303808
1350110497052401666
1350110382095003652
1350110330085658624
1350110047272116226
1350109665649188866
1350094075022741506
1350094074456498179
1350093808046907392
1350093706674790400
1350093618833453061
1350093409185312770
1350093389992226818
1350093369255604229
1350093346451156995
1350093335180967938
1350093158043021313
1350093021153533955
1350093009765994498
1350093003461951488
1350092869051297793
1350092577240965120
1350092569892556800
1350092434626252803
1350092194867261443
1350092160285220865
1350092141431844866
1350092139489710084
1350091717303795712
1350091606540619781
1350091560327794693
1350091539289145346
1350091376646447105
1350091100170706945
1350091081514364931
1350091041353789441
1350090798486970370
1350090714802221056
1350090540335968263
1350090243563728896
1350090022461075456
1350089984292880386
1350089942664437760
1350089935227908096
1350089795616337921
1350089711365210115
1350089529206706177
1350089412412112896
1350089390580768771
1350089352345497603
1350089327997554692
1350089300403253257
1350089231566299140
1350089162377093123
1350089078251941893
1350089031766454273
1350088962954719236
1350088912237113345
1350088865902682114
1350088851918888962
1350088740174241792
1350088704094855168
1350088605239291904
1350088540131045376
1350088440646430721
1350088385348726786
1350088265689399296
1350088152350920708
1350087601798180866
1350087385598615552
1350086924527153152
1350086214183956481
1350086185100591105
1350086172572344321
1350086003655114754
1350085957308055552
1350085838110150658
1350085818765996033
1350085633469984780
1350085405438308355
1350085359292583936
1350084903476613120
1350084766792638464
1350084221738635264
1350084154369728514
1350084039655391236
1350083987843248129
1350083936651763712
1350083912890986504
1350083750932197376
1350083548045312003
1350083471432151041
1350083437806444544
1350082979117334531
1350082776465354752
1350082769221779456
1350082536370790413
1350082356460314626
1350082337216880643
1350082248587018243
1350082196011413508
1350082149811154944
1350081221846589443
1350080711248793602
1350080655141572608
1350080353134907400
1350080220137664512
1350079915945844737
1350079825692639232
1350079294622625800
1350079066238541828
1350078804576899077
1350078682711412737
1350078150315794434
1350077990638645249
1350077541789298690
1350077279980949505
1350076837653860352
1350076332756017157
1350075842114834439
1350075634119135234
1350075117368442882
1350074997667028995
1350074060735205380
1350073551676612609
1350073368154955782
1350073188877742081
1350073184020787200
1350073002252230656
1350072998460600321
1350072828717101057
1350072769648726016
1350072736622796801
1350072666896666626
1350072611649286144
1350072524630093825
1350072470200578052
1350072409941028865
1350072353116532739
1350072307620982784
1350072244970676226
1350072160598040577
1350072118776631296
1350072079631187970
1350072061088174082
1350072020290183169
1350071947703541762
1350071893672521728
1350071804589699076
1350071795274174468
1350071750231531526
1350071690106122241
1350071647131340800
1350071594580914183
1350071528726130693
1350071441950183427
1350071389282312194
1350071335494406144
1350071324979453952
1350071318285152257
1350071282851860480
1350071221573062657
1350071199716536325
1350071175179874305
1350071124013551618
1350071064467034112
1350071001783152649
1350070950943834114
1350070942832103429
1350070940911230977
1350070873202556928
1350070837605519361
1350070781745762305
1350070719607173121
1350070639814696962
1350070521963180032
1350070490908352512
1350070443491930112
1350070429461975042
1350069705697013764
1350069176791130112
1350069093500657664
1350068988789723136
1350068853125091328
1350068397757743108
1350068386735263744
1350067876523368448
1350067833967943681
1350067468383916034
1350067155694448641
1350066817369309188
1350066798201286656
1350066742345797633
1350066360731230210
1350066213922205697
1350066013530775554
1350065921424035842
1350065762829004800
1350065732093095939
1350065618465206272
1350065451213185026
1350065345671942145
1350065343247622145
1350064872822751232
1350064813116960777
1350064808306073600
1350064795534450689
1350064383313981442
1350063995244474375
1350063950403051522
1349954897693663234
1349953826636263425
1349953680762613762
1349953353845882881
1349951761797275648
1349951489968664577
1349950647253143553
1349950412820938753
1349950290783563780
1349950104745205761
1349949751597404162
1349949660430004225
1349949167767089154
1349948965823803392
1349948182747357184
1349947856644415488
1349947253067116546
1349947049488207873
1349946793744744448
1349946185252016129
1349945443539673095
1349945362224734214
1349945096385523715
1349943087267770369
1349942697214287875
1349942083541495808
1349941341736808448
1349940924143513600
1349940909304111105
1349940835509481476
1349940740361740288
1349940572543303681
1349940100155715585
1349939895054131201
1350200819677868032
1350200655097507850
1350200611279671302
1350200469373804547
1350200372191784969
1350200126137126913
1350199829373321218
1350199813665656837
1350199439093342210
1350199314296041474
1350199253621239810
1350199149023657985
1350199146490298369
1350199107260977153
1350199030106759174
1350198738611015683
1350198495609810949
1350198394447302657
1350198391813378048
1350198286888665090
1350198239459487745
1350198101810819075
1350198038522785793
1350198018084057093
1350197597475106819
1350197544257781768
1350197519746289664
1350197392868601858
1350197300723916806
1350197100928249858
1350197077263974406
1350196939275587584
1350196854059913218
1350196390492835842
1350196084019236866
1350196043871379457
1350195886794678279
1350195545181200385
1350194537768087556
1350193367611748352
1350193059213041666
1350192969006149633
1350192936189833216
1350192593771098113
1350192161812336641
1350191790268289031
1350191305691947012
1350191001722380292
1350190792544018432
1350190777301929986
1350190733886681089
1350190728346034180
1350190470148861955
1350190457784061953
1350190450485972992
1350190055566962688
1350190032607453184
1350189766466281474
1350189610559823874
1350189587742683136
1350189504565551111
1350189138092425219
1350189069691572225
1350189043682840579
1350188843274801154
1350188753491521546
1350188515720654850
1350187598443126786
1350187526527590400
1350187166849241093
1350186679957647361
1350186205585895424
1350186150099623939
1350186147503337472
1350185881093562369
1350170476371390468
1350170111278264323
1350169940192595968
1350169907992866821
1350169884773154816
1350169777046777856
1350169714627121152
1350169678862299137
1350169427891904514
1350169355582136320
1350169031521820672
1350168995463360512
1350168861728002048
1350168607280529416
1350168567187197953
1350168480809709570
1350167933503246336
1350167594033160195
1350167224812711944
1350166977478848514
1350166932494966790
1350166685328814081
1350166574284615681
1350166543146037256
1350166283904540674
1350166235422609410
1350165924054257664
1350165840495321088
1350165524982980614
1350165524928471042
1350165480242339845
1350165241607368706
1350165151660576769
1350165094894870528
1350164861733531651
1350164769152659458
1350164763062521857
1350164735518507015
1350164607483056129
1350164429757886465
1350164042686590976
1350163819558031361
1350163789564563464
1350163685294141442
1350163522567757825
1350163486400196614
1350162922123702272
1350162830461440000
1350162699792093184
1350162375542976518
1350162344379342856
1350162260954517504
1350162247851536384
1350161589656285185
1350161490645495811
1350161464317894659
1350161401973764098
1350161361813307395
1350161296889688065
1350160963656425476
1350160352508522499
1350160027970138112
1350159912475774981
1350159831727017992
1350159567364247560
1350159296265416705
1350159244625117184
1350157579956191232
1350156641694580738
1350156567992217602
1350156456193093634
1350156409875390465
1350156047781154817
1350155848706883586
1350155640300314625
1350155512512471046
1349876506319839239
1349876337058656256
1349876085417271296
1349875823730446337
1349875773016952834
1349875771482005506
1349875518343163912
1349875310146281472
1349875185231527938
1349875127064776704
1349873802042372096
1349873567337365506
1349873495862341634
1349873447359414274
1349872858462359556
1349872820273074178
1349872700039311363
1349872501577244673
1349872340092375042
1349872246014287873
1349872165743693825
1349872117974781955
1349871556315340801
1349871136163684352
1349871074436132864
1349870978512408578
1349870877714874369
1349870613696040964
1349870597484908544
1349870571576823818
1349870291787407361
1349870187399548929
1349870085549268992
1349869942599012361
1349869716505030659
1349869299507343360
1349869206536417281
1349869107177512964
1349868964940185602
