1379902218699218947
1379902187510317057
1379901717656047616
1379901344635518981
1379901311416733705
1379901160484659210
1379901153413099535
1379901144839884807
1379901135838965762
1379901118680023042
1379901111214149636
1379901104205524992
1379854140776534017
1379853873830068226
1379853830255489025
1379853802141007875
1379853271540629511
1379853135016042508
1379852981475098624
1379852694098042880
1379852578842931206
1379852460223647747
1379852177355763713
1379852094837039105
1379852056270413830
1379851912544186370
1379851810626801671
1379851757564596224
1379851490081185793
1379851440756297734
1379851336267743232
1379851115731238923
1379851101453844485
1379850869248651264
1379850806086803464
1379850355651928065
1379849753425555459
1379849748824342538
1379849698450804743
1379849553181032450
1379849436571041793
1379849431621767172
1379849199865393155
1379848944277192712
1379848843475439620
1379848143957856259
1379847950503981057
1379847718202306561
1379847565823385609
1379847292518289414
1379847202735017985
1379847143918239745
1379847046501445633
1379846924900139012
1379846480970854412
1379844735779663872
1379844569160953858
1379844286582247428
1379844123679719426
1379843995845726209
1379843965600595968
1379843743809994758
1379843537131474949
1379843084549115921
1379842396633063430
1379842370355793921
1379842252135149569
1379842119846793217
1379842056860930048
1379841478562832384
1379841181996220416
1379841074752057348
1379840789061251073
1379840751266324480
1379840696417456131
1379840125933297667
1379840008111198211
1379839873335619587
1379839322787098626
1379715960899215361
1379715823200272389
1379715386778775554
1379714518050299905
1379713800786436098
1379713466127237122
1379712996868567043
1379712322038595588
1379712095583928325
1379711705954062339
1379711641928015874
1379711613247295489
1379710334747959298
1379710322659975169
1379708902699323395
1379707963158454282
1379707872762806272
1379707815758065674
1379707791326121984
1379707550606749698
1379707289553276929
1379706987852746752
1379706835251396613
1379706785242619908
1379705895794438149
1379705857626271744
1379705789313654787
1379705722829746176
1379705541967147012
1379705254166605827
1379705176227987457
1379704766679425027
1379704607673352197
1379704018302164992
1379703978351558657
1379703204494110720
1379701495323574273
1379651132356763651
1379650783243800576
1379650679023734790
1379650494365364224
1379648891994398722
1379648642164875273
1379648464179638273
1379647199538122754
1379646753880821763
1379646267098165254
1379645996628598784
1379644409017462784
1379643634027352069
1379643064482848772
1379642922572910594
1379642568506494978
1379641187942989825
1379640653219463168
1379640135365578753
1379639952867217408
1379638982296866822
1379638239573708800
1379637507072069632
1379636255101751301
1379792788871544836
1379792786690502658
1379792481072467970
1379792435551801349
1379792381311123458
1379792334200524805
1379791974488801284
1379791672020717568
1379791606140837891
1379791581922914307
1379791531473842179
1379790993059414021
1379789978482442240
1379789784953016320
1379789466332590084
1379789429607428103
1379789380181585924
1379789281368150017
1379788951825813507
1379788819847909381
1379788809324335107
1379788702273077250
1379788633201336324
1379788558286921733
1379788125468246017
1379788109316042759
1379788024821735425
1379787648039010305
1379787576295354373
1379787437979922434
1379787284015423490
1379787202683621393
1379787197583351809
1379787170215563265
1379787089609363459
1379786954108194819
1379786691087634435
1379786549966090243
1379786012306636803
1379785609905061890
1379785498877587457
1379785190697005059
1379785144937050112
1379784983233978368
1379784222701879297
1379783992568918018
1379783561423716352
1379783285962907649
1379783067707994114
1379782997549924358
1379782310665523212
1379782146253062148
1379781782560735232
1379781725320978438
1379781656920391680
1379781652893814787
1379781634422145024
1379781310051418116
1379781047714373634
1379780933071560706
1379780860237451266
1379780711666876420
1379780183574601732
1379780163613949960
1379780060131905540
1379779848537792518
1379779397260079108
1379779116313026560
1379779020024283140
1379778753786748934
1379778751278505994
1379778748535476229
1379778632915288070
1379777920349073413
1379777805920133123
1379746426457092100
1379746229668700163
1379745991298056192
1379744869036531713
1379744819304669184
1379744731064852480
1379744451585830916
1379744205292007427
1379744189039194115
1379744178482114560
1379743505451524099
1379743452829736960
1379743421770924039
1379743126072492033
1379742298112724992
1379742211143839756
1379742168638754818
1379741186349469700
1379741093089120257
1379741062965686273
1379740722702790659
1379740637663219713
1379740534047129600
1379740447577407488
1379739576856625154
1379739380525436928
1379739178892681217
1379738627308199940
1379738453190057985
1379737973034475521
1379737640472301573
1379737339954614275
1379737335991054339
1379736500468858882
1379735806324117504
1379735723281154049
1379735110271000582
1379734447784919043
1379734336300277762
1379734293925277698
1379733503160508418
1379733268262715395
1379732685023817730
1379732497232228355
1379732221846781952
1379732076170256386
1379731882917695488
1379731678642503681
1379808107002478592
1379807494852251649
1379807417639256069
1379807086792613895
1379806840117202948
1379806292408143874
1379806289111441409
1379806235982172170
1379806164951650312
1379806038552154115
1379805865981673474
1379805759295344640
1379805615304941569
1379805607201476620
1379805096813428743
1379804953183682564
1379804752200880129
1379804413167030272
1379804324403015687
1379803989773008900
1379803748168466434
1379803746163564545
1379803581860229124
1379803551547920384
1379803266716942338
1379802993374203905
1379802684056813569
1379802441424764936
1379802246842580995
1379802156337930244
1379802028155658242
1379801928230694912
1379801888154075140
1379801635531194376
1379801582821380101
1379801406035652613
1379800594131648521
1379800208838688769
1379800197312749576
1379799962788200451
1379799794181238795
1379799773864194049
1379799539155107844
1379799245830635520
1379799230005583878
1379798980184449030
1379798754518241292
1379798593800912901
1379798546128498690
1379798541711724550
1379798328917979140
1379797584651317250
1379796834357551104
1379796771791077378
1379796413102575619
1379796096709459971
1379795577832095759
1379795468096524290
1379795366489452548
1379794500474839040
1379794495852535811
1379794172513771520
1379793176593108995
1379793102769168386
1379869637396082694
1379869475844075527
1379869414527537157
1379869361129857027
1379869353986953217
1379869014504185862
1379868729807314946
1379868667312279555
1379867984605372421
1379867936777764864
1379867932134629377
1379867644925476867
1379867489853714437
1379867350862807046
1379866713026654213
1379866660149018626
1379866631376097282
1379866480494342144
1379866383819829251
1379866283781591040
1379866060405542923
1379865970815209473
1379865693760421892
1379865530090332163
1379865214968037378
1379865146986803206
1379865136987402241
1379864986558824449
1379864607813201922
1379864557825486849
1379864427755941895
1379863861327630337
1379863816196911106
1379863748727410704
1379863681534676993
1379863574139527172
1379863147482386432
1379863115811143686
1379862989893943296
1379861567374778370
1379861258984419331
1379861078423797762
1379860881673191432
1379860786730926080
1379860592228511751
1379860139881140228
1379859918510030849
1379859788335579137
1379859732492607497
1379859387687243780
1379859067565408261
1379858870894477316
1379858661183524867
1379858566505435141
1379858531705315328
1379858093564162054
1379857972424273927
1379857485255835652
1379857434144034823
1379857214282854403
1379856879686455300
1379856611171270660
1379856201257779203
1379855954959855617
1379855783278575622
1379855765029199875
1379855744720326661
1379855533625184263
1379855466461851654
1379854858845614082
1379854558906699776
1379937027261620225
1379936964900757504
1379936960144412674
1379936907463901189
1379936859875385349
1379936789801148420
1379936743500214279
1379936699627806727
1379936658238361601
1379936037724680195
1379935857130496000
1379935501600354310
1379935404368015360
1379935365650386948
1379935357173649413
1379935330086875139
1379935288223485960
1379934577146363908
1379934363094183938
1379934352931487746
1379934312292843521
1379934196408463366
1379934141450317826
1379761540153348099
1379761102381273088
1379760710431993856
1379760533730103299
1379760231048175618
1379759408482226176
1379759275585720321
1379759115627593728
1379758984027009028
1379758330911019013
1379757908028690436
1379757848197017600
1379757250730934278
1379756815534145538
1379756526278225926
1379755349838794754
1379755326275211267
1379754877002338304
1379754103002308610
1379753199360430083
1379753184655253509
1379753083186593794
1379752994422595584
1379752601013600259
1379751802028048385
1379750920435695620
1379750759718387712
1379748793407696896
1379747710220300295
1379746447780950027
1379838790487969797
1379838524606849026
1379838286261321735
1379838229332033539
1379837627365478402
1379837101395574789
1379836745932496898
1379836575752802304
1379836420773314562
1379836338753695748
1379836259317727237
1379836151448625163
1379835347278909443
1379834367598592008
1379834255707140100
1379834197091713030
1379834134164602883
1379833998092988424
1379833842240999431
1379833411540508676
1379833370679635990
1379832643966144514
1379832494367854593
1379832338155245570
1379832238347579392
1379831700818165764
1379831697034862604
1379831355182350337
1379831302447374338
1379830952558530560
1379830445538488321
1379830370175217672
1379830007883722754
1379830004226330624
1379829699204034563
1379829651049218056
1379829598108663815
1379829539958820864
1379829411281784839
1379829177541595138
1379828942085873666
1379827811679043585
1379827759627841542
1379827520153993219
1379827479133745155
1379827158390988806
1379826846079053826
1379826707092238341
1379826356494667779
1379826281034944512
1379826014990311425
1379825697078804488
1379825444103544840
1379825340604952577
1379825276419514373
1379824874672291847
1379824870343770112
1379824622833561600
1379824560862810116
1379824388384694274
1379824192338677761
1379823919981547521
1379884834345119745
1379884681437577225
1379884040426299392
1379883680479449091
1379883006299635713
1379882923432759302
1379882717710536704
1379882592682524679
1379882492606435331
1379882474113748992
1379882258698485761
1379882230667956228
1379882198082404354
1379882176456634370
1379882083892486145
1379881940602527751
1379881922655043591
1379881683336507392
1379881606639464455
1379881590915006473
1379881249892937737
1379881134159433728
1379881124814540800
1379881020166668297
1379880943238983690
1379880715748265986
1379880681468268547
1379880640808693760
1379880640598863874
1379880620109799424
1379880598135791617
1379880583208181762
1379880351921795075
1379880336323186690
1379880178588004361
1379880092290146306
1379879946345181189
1379879881798995974
1379879609974525958
1379879413236563968
1379879082578505730
1379878765350752260
1379878379424481282
1379878352127995913
1379878293860708359
1379878146808426498
1379878140433027080
1379878072657268744
1379877960090591235
1379877951462838274
1379877921867849733
1379877854251511822
1379877712790220800
1379877579662880768
1379877486436171778
1379877463036203008
1379877407432175619
1379877268051398658
1379877119082123265
1379877113768083460
1379877105115267072
1379876848881041408
1379876698112548874
1379876696875274243
1379876552226263048
1379876499734605834
1379876464116563969
1379876355052036098
1379876223640346624
1379875763743232013
1379875381646295045
1379875079346094082
1379874991588716552
1379874619037990914
1379874580630749186
1379874292100444161
1379874273691635716
1379874207346085892
1379874103566426117
1379873809025601542
1379873259114598406
1379873050049527813
1379872933963825153
1379872751989764097
1379872707089735687
1379872644045017089
1379872513417568257
1379872394978922504
1379872290209476610
1379872201235632133
1379872160848650242
1379872156486676487
1379872019563577344
1379871819151331335
1379871804819447816
1379871652796891136
1379871575546195971
1379871504528183296
1379871497821507589
1379871325985112065
1379870839852650498
1379870654447620096
1379870546331058176
1379870476873383938
1379870360787689472
1379870038598029318
1379931252539723778
1379931092061413382
1379930395857334275
1379930179791949826
1379930175304007682
1379930157960605697
1379930088007946240
1379930054927388674
1379929960584867842
1379929449311928322
1379929144817901569
1379928915834208257
1379928548937506820
1379928525487144960
1379928492595236867
1379928409447469063
1379928290262089729
1379928281374466049
1379928152529592333
1379928116617969665
1379927790208827393
1379927517855940613
1379926705658191875
1379926626050449411
1379926185132576769
1379926065393532929
1379925585401630721
1379925373056520194
1379923371287252992
1379922914422702083
1379922727486812160
1379922065785024522
1379921966023331840
1379921272235307025
1379921224638287879
1379921152978644995
1379920979795714048
1379920368601858052
1379920243758276611
1379920054783971331
1379920028317986820
1379919880732995585
1379919680954118147
1379919368683839490
1379918891154030592
1379918553760083972
1379918515226955780
1379918412705628171
1379918377393737728
1379918344371965955
1379918316601540614
1379918265632256004
1379918173047156737
1379917812513312772
1379917657244377098
1379917546086891522
1379917397503700995
1379917187528413193
1379917168935104513
1379916720924721155
1379916518138515456
1379916464174604290
1379916409812217860
1379916349351333892
1379635998032859139
1379635835516108800
1379635229984428034
1379633760803557377
1379632111959826433
1379631694378979328
1379630924036444160
1379630246878658562
1379629657176346627
1379628585246330885
1379628375602528256
1379626592612331520
1379626550899965952
1379626434759700480
1379625762412617731
1379625437454811140
1379625350024531969
1379625191786090498
1379625026840883200
1379624174898003968
1379623742108696579
1379623508070830080
1379623370187235335
1379623241438916613
1379622975801020416
1379622641837953025
1379622432659681280
1379622417492967426
1379622103570386949
1379621144957964292
1379900048813780994
1379900008619773958
1379899979452481539
1379899397639655433
1379899147617247234
1379898612411404290
1379898550327390210
1379898441128685571
1379898131404439552
1379897660681957384
1379897255545597955
1379897009994350593
1379897004931842051
1379896781077680132
1379896475090612235
1379896474012631045
1379896424066912258
1379896247901949958
1379896073276305409
1379896069325082624
1379896023187881986
1379895913150357516
1379895856707477507
1379895817079771136
1379895705179807744
1379895691842088960
1379895545301438466
1379895286005391361
1379895188672372744
1379895115712495622
1379894772693929985
1379894730427920393
1379894628858626065
1379894363640184838
1379894305091883013
1379894103157129221
1379893978783432705
1379893932688019459
1379893622351495170
1379893441367220227
1379892957453692933
1379892825953685504
1379892704600014850
1379892703719211010
1379892599390142467
1379892255264272388
1379892221894397952
1379891975906852865
1379891833979998212
1379891519906271235
1379891412595003396
1379890665425895429
1379890591258062853
1379890312810799104
1379890213900722176
1379890111417094150
1379889153991671814
1379888715624017923
1379888607335489538
1379888387876917249
1379888384718610437
1379888345573101579
1379888318289223680
1379888255928299527
1379888170444206087
1379888092606304267
1379887928541863945
1379887804927336450
1379887243616268290
1379887140574789639
1379886950799269901
1379886638948626441
1379886313697054722
1379886247557140486
1379885965074960388
1379885954194931714
1379885872527589381
1379885866630414336
1379885861861482499
1379885491848421378
1379885134980218887
1379731096133369857
1379730520699985922
1379730511929602050
1379730374645985282
1379730316852658180
1379730160296017926
1379729833693831168
1379729780313092098
1379729187603415041
1379728693216604164
1379728480997421060
1379727948987633665
1379727918906142720
1379727615070765056
1379727317862379521
1379726756270141442
1379726105708425216
1379726015019298817
1379725947025436672
1379725459148128256
1379725311701569540
1379724442029395969
1379723822413275139
1379723736769732609
1379723093002878981
1379723028058230785
1379722943706583043
1379722891122589700
1379722601002590208
1379722356868968448
1379722152832827393
1379722109757296648
1379721941712519169
1379721769913880576
1379721207830962176
1379720884668264451
1379720684109242372
1379719826927714308
1379719062213771266
1379718978147352576
1379718637443895301
1379718507135438850
1379717978397106176
1379717840295563264
1379717220197138439
1379716851912040449
1379716454967312384
1379716262977228800
1379716054641954817
1379683070211715072
1379682516680896514
1379682362305429506
1379682095228932097
1379681644353884160
1379681409112158208
1379681117662539778
1379680952230805505
1379680715109982208
1379680088707493888
1379679816098676738
1379679646028021770
1379679517887856643
1379679234990469121
1379679055298052100
1379678363103678464
1379678217808805891
1379677909867094016
1379677780716134401
1379677626676224003
1379677484380168196
1379677333133594624
1379675585111228416
1379675255308910594
1379674590868295680
1379674394604138500
1379674007029571589
1379673570373218304
1379671764708380672
1379671109222739968
1379671014871724040
1379670470291767296
1379670028857921536
1379669879352004608
1379669375788011522
1379668926142017539
1379668203740205056
1379823609963802632
1379823497694810116
1379823390081609733
1379823380333989896
1379823243125796868
1379823141766234114
1379822946592698373
1379822944495546372
1379822851352563722
1379822783329406977
1379822543088025600
1379822528655409157
1379822425605599234
1379822224685768706
1379822192100249604
1379822180670828545
1379821959639351296
1379821881415585794
1379821785135378437
1379821624250142724
1379821557116248066
1379820661238071301
1379820528005963780
1379820309411422208
1379820148987678726
1379820126057422849
1379820071023996928
1379819724498857985
1379819615564484609
1379819217306931200
1379819184905977856
1379819154090430470
1379819104396279809
1379819060939124744
1379818853836853250
1379818070303199233
1379818052095721473
1379817909795520515
1379817864757186565
1379817645906739207
1379817644585582592
1379817613333762049
1379816943968997377
1379816912717156353
1379816833423933440
1379816806471327745
1379816612157607940
1379816514833035268
1379816430749761537
1379816399837728770
1379816128214663175
1379816095532654594
1379815469683773443
1379815283896934401
1379814713748504582
1379814558316032009
1379814369547190276
1379814140580085765
1379814052180979717
1379813858966134792
1379813368106655747
1379813274271817734
1379813254797660166
1379813056448974855
1379812910696964101
1379812444676165632
1379811975413252100
1379811599280713732
1379811098807857162
1379810710222467073
1379810644589899778
1379810508425940996
1379810374736781314
1379810273209487366
1379810140942069762
1379809969965559810
1379809865367961600
1379809786141741060
1379809782274621441
1379809449074946051
1379809195323617280
1379808734759768065
1379808523186503680
1379620876589666308
1379620679474106371
1379620544602062848
1379619945554804750
1379619811857199104
1379619644030455809
1379619638384934914
1379619338689339392
1379618528794275840
1379617524619345925
1379617305340997632
1379616652963221507
1379614704092450817
1379614312017301504
1379614111953211396
1379613898194702337
1379613585014468610
1379612385686659072
1379612373258997760
1379612209182089216
1379611951903350785
1379611866469695488
1379611737272451076
1379611446061981699
1379611321684033537
1379611262414372868
1379610320096870402
1379609051202514949
1379608770620231681
1379607885605433344
1379607505853165571
1379607297094164480
1379606927055929345
1379606831480369153
1379606552823357442
1379947024838131714
1379946995893276672
1379946887361523718
1379946048634896384
1379946029588623365
1379945991084855302
1379945936198205449
1379945893231665152
1379945689296351240
1379945397808992256
1379945175800250373
1379944326504022021
1379943347180158979
1379942471556288512
1379942435481079808
1379942348067639297
1379941893241462785
1379940760712327173
1379940720522461184
1379940553438212097
1379939951970766848
1379939826456223745
1379939445915389953
1379939162682441735
1379937904751878145
1379937878374031370
1379937744089194497
1379937686203604993
1379937085784789000
1379776861887152130
1379776819465961476
1379776808262983680
1379776727703023617
1379776468939632645
1379776263091580935
1379776252719026185
1379776199606599686
1379775452844277760
1379774851980926984
1379774583251820544
1379773262494900225
1379773050229506048
1379772968876834816
1379772215575601153
1379772100488085504
1379772080053493763
1379772066610753537
1379771980715528197
1379771180790472706
1379771170149576707
1379770708297838592
1379770204905951233
1379769818916790272
1379769637345222660
1379769421238054912
1379769202689548290
1379769185467830274
1379768529294127110
1379768221373435906
1379768188028747780
1379768132554915840
1379767565329784834
1379767507230265344
1379766881339465728
1379766422516158467
1379765746285174791
1379765711954907139
1379764824792518658
1379764443169615877
1379763669484109825
1379763325211402242
1379763313265967104
1379763195187986432
1379762542218772481
1379762494407905285
1379762262206976003
1379699728414310400
1379699554849853440
1379698946570919937
1379698625501147136
1379698034276175872
1379697673314385921
1379696348832927746
1379695365260242945
1379695328547442688
1379694257364156417
1379693361041444864
1379693250940973058
1379693130597990400
1379692361165443077
1379691801846632448
1379691762483146753
1379690860514795525
1379690389599215616
1379690364274049027
1379690173059981312
1379689355590180866
1379689170730414080
1379688726364819456
1379688447443537920
1379688417206894592
1379687664253739010
1379687604707205124
1379687416655532032
1379687283876622337
1379687175592144896
1379686950685175810
1379686449193304065
1379686246453141508
1379686128509276161
1379685134446821379
1379684684502814720
1379666631417192454
1379665777926750210
1379665633844027392
1379665245136773122
1379664474404057090
1379662900776812552
1379662199015276546
1379662177733328896
1379662175015469056
1379662173862002688
1379662023726784514
1379661739969507328
1379661274477387777
1379661170898993155
1379659337174544384
1379658902921306115
1379658593260146693
1379658256168185856
1379657493215899648
1379656541230530567
1379654917464367104
1379654561405624320
1379653426557116417
1379652218136104962
1379652112284532738
1379605564406304769
1379605274852388867
1379605113413758978
1379604996644306947
1379604788933890061
1379604097301626882
1379603990791475200
1379603893232009216
1379603776491896833
1379603374421647360
1379603191633952770
1379602677978529795
1379602435254190080
1379602202281402368
1379602190952755204
1379601548586668032
1379599985428332549
1379599679587975177
1379599601834020865
1379599313186217990
1379599209024913408
1379597870605668352
1379597347257081857
1379596812705800193
1379595539365330946
1379593985807818753
1379593128382971907
1379592623271387143
1379592474797178884
1379591885216448513
1379591722766901253
1379590530611417091
1379590490904002564
1379589597194166280
1379589295103696897
1379589201704980484
1379589022654283777
1379587801268768770
1379587681001279488
1379587433789071368
1379586837346402304
1379586490435571715
1379586486471958528
1379586393723256832
1379586281210929156
1379586210872590336
1379586159932751873
1379585627608453121
1379585389690753027
1379585227991957504
1379585162657333260
1379584821706452993
1379584788164714496
1379916153259188228
1379915633379442691
1379915422489845764
1379914727879495688
1379914631150366720
1379914599005364225
1379914229390663692
1379913920685690891
1379913624823586816
1379913575754571778
1379913318194941956
1379913254382800898
1379913111335997441
1379912914853892098
1379912885481177096
1379912879567220737
1379912856569778183
1379912782947180555
1379912264380248070
1379912236756520961
1379912155064102918
1379912110189244417
1379911794739843073
1379911736128593920
1379911626795663363
1379911546919325698
1379911166013677571
1379911028037849090
1379910980042432516
1379910756196622338
1379910636348575747
1379910340201308161
1379910339496701954
1379910332383170566
1379909919499972612
1379909872309919746
1379909601215275009
1379909291352674309
1379909120434843648
1379908919758323712
1379908831304638467
1379908787214163973
1379908768771768324
1379908746667728896
1379908706998099973
1379908436687785987
1379908382719623168
1379908339627401216
1379908325324828675
1379908277014818818
1379908196987461634
1379908129530466305
1379908117421559813
1379908107338457094
1379908021233594372
1379907887984742401
1379907854388371462
1379907793877016580
1379907304317935619
1379907008615354378
1379906930244792324
1379906919880622081
1379906901937377286
1379906747545030661
1379906676229296132
1379906597762314244
1379906588908122112
1379906554695196675
1379906493059895303
1379906397006102530
1379906296812478465
1379905812286603273
1379905685614379009
1379905620191670273
1379905572770738179
1379905104371974149
1379905028677382151
1379904957378363396
1379904862549381120
1379904853770657802
1379904721062928396
1379904292358914050
1379903624248188932
1379903472103985155
1379903387135713283
1379903214330470402
1379903143274803204
1379903078216908805
1379903047518806025
1379902446814646272
1379902337385398273
