1376562754387992581
1376562643813724161
1376562592534106123
1376561899194740737
1376561599528402944
1376561521829015553
1376560584418811907
1376560459822813187
1376560446984048643
1376560359893520388
1376560233338785792
1376560157396770818
1376559978488721410
1376559596849008644
1376559414862315528
1376559413914374144
1376559409644638211
1376559146015789057
1376559084409868293
1376558567323537421
1376558370895896576
1376558251689512965
1376558170047401989
1376557868636327947
1376557609721925634
1376557466088042504
1376557405224452101
1376557358738939914
1376557234063339522
1376557160537059328
1376556950683459591
1376556891782983680
1376556873948741637
1376556837273747461
1376556645493448706
1376556503419789316
1376556079866335234
1376555877352804354
1376555450720731143
1376555345615712257
1376555142737129475
1376554883642368004
1376554839744917505
1376554784812101633
1376554689810984971
1376554551906566146
1376554498496335874
1376554482033647621
1376554430015885314
1376554376903360516
1376554275669737473
1376554196464324612
1376553578664316929
1376553350733291525
1376553295246848001
1376552443560001538
1376551117409095683
1376550914543255552
1376550763284078596
1376550690240233472
1376550655502995458
1376550166375800842
1376549999891320836
1376549714049560583
1376548983947063297
1376548701418651649
1376548182730145794
1376547787999956997
1376594096899428357
1376594046471262211
1376593992234762242
1376593715230351360
1376593583831126022
1376593463970562049
1376593307330084866
1376593164870504457
1376593159350845456
1376593085774368771
1376593049686532097
1376592804315561984
1376592588053045253
1376592506540978183
1376592492188024833
1376592446692466688
1376592173391618053
1376591844381966343
1376591801402941442
1376591694704095232
1376591595596705792
1376591570779176961
1376591556292063234
1376591340251840514
1376591277463076868
1376591192884965382
1376591115806257156
1376591107304288256
1376591037796249600
1376591001683300352
1376590820829184003
1376590786222030853
1376590770141081605
1376590585272922120
1376590566822182922
1376590432784818179
1376590282624471043
1376590251842535433
1376590162675785730
1376589661536202771
1376589094554324993
1376589003059777547
1376588860587712525
1376588788214956033
1376588384760700933
1376588261230002182
1376588186865000450
1376588109475897344
1376588044258717698
1376588006056980490
1376587886355742727
1376587716368957443
1376587709154787335
1376587578649030656
1376587457722949633
1376587391830519811
1376587201560117265
1376587143095709699
1376587126477881353
1376586725502431245
1376586585576247303
1376586571290382343
1376586561547075590
1376586539837296645
1376586211767300096
1376586053998481410
1376585896221310980
1376585849131958275
1376585848301486085
1376585749722624003
1376585266471784456
1376585249015091202
1376585013848903685
1376584893040300035
1376584828380966918
1376584681827745792
1376584647828717575
1376584446313426947
1376584291782688772
1376584230415785986
1376584155807547393
1376583977050464267
1376583834771234819
1376583811451006977
1376583636774977537
1376583573961125896
1376583546777833477
1376583054408437764
1376582993117077509
1376582972019781632
1376582157951467520
1376581816728104964
1376581745080815620
1376581727427125250
1376581697110749188
1376581385159335938
1376581291873759233
1376581208671453185
1376581095303561219
1376580720924225536
1376580543983271937
1376580073847980036
1376579336577417218
1376579269619560455
1376579113247457281
1376579025569734657
1376685483074318338
1376685228035543042
1376685075904016388
1376685041342889991
1376684407222902786
1376684394560229376
1376684069463891968
1376683993370886148
1376683824642416640
1376683807475167235
1376683714982318081
1376683680333189121
1376683426686853121
1376683299997765632
1376683134381654020
1376683045017636864
1376682655018848258
1376682627252563970
1376682392816074753
1376682256488599557
1376682254278201347
1376682142579707906
1376682116801384449
1376682074367754241
1376682070697738246
1376681980222398465
1376681266205106179
1376681223133687808
1376681155248979972
1376681104007118854
1376681056934359040
1376680584295104514
1376680488266518533
1376680450098393090
1376680355227373568
1376680320955781120
1376680312827125765
1376680253817561090
1376680018265264131
1376680012489895962
1376679271385686017
1376679194843824133
1376679071376101383
1376679048999444480
1376678911820505094
1376678779523895298
1376678620379422727
1376678496781496321
1376678198470176770
1376678188852539392
1376678116328882179
1376678054458753029
1376678005519572992
1376677051126718466
1376676762558603271
1376676532220002306
1376676413592457218
1376676199968219142
1376676150488002565
1376676009286721539
1376675944799346696
1376675692419629056
1376675492137377792
1376675310096109568
1376675154466533378
1376675083662422018
1376675001861046276
1376674748252311553
1376674678916403202
1376674534770667524
1376674455041282050
1376674451820003330
1376674333280591875
1376674323252019205
1376673885106675719
1376673791565266951
1376673775161344001
1376673496705724418
1376673409191526400
1376673364291416064
1376673070002356224
1376673052860186626
1376672975689281536
1376672821208748032
1376672745455554563
1376672705089519621
1376672542145007617
1376672130889302016
1376671148801454082
1376671086385844228
1376671026596167687
1376671008128708609
1376670985684975618
1376670561070374917
1376670360557416450
1376670203120132097
1376670190457479179
1376670027265536001
1376669935389319170
1376669765238931458
1376669625010712578
1376669041595535360
1376668850532593666
1376668849320382470
1376668676829671431
1376668670198448129
1376668116021743616
1376668067745308676
1376668011420127235
1376667771572998151
1376667621970612234
1376667594510467076
1376667522825605124
1376667290041729027
1376667149763284992
1376667114581426177
1376667108524761088
1376666891985547264
1376666767175606272
1376666746749382660
1376666405114814465
1376666374110654464
1376666331894923267
1376666156816330757
1376666049425371140
1376665977157513220
1376665970819891203
1376665692460699648
1376665597958836226
1376665548474490886
1376665361681108995
1376665328634191874
1376665281561526273
1376665204675731459
1376665169598758914
1376664993484185602
1376664972068073472
1376664608551829504
1376664325755183104
1376664174139351041
1376663625126006788
1376663313464049666
1376663243515641859
1376663214268768260
1376663058731384837
1376663024698855426
1376662934189965312
1376662638743142402
1376662553271668737
1376662209913217024
1376662183761768455
1376662091420086272
1376662051909603332
1376661960578760708
1376661912075841538
1376661527948824577
1376661524383686656
1376661441449754627
1376661116848197635
1376661083428114434
1376660710097358849
1376660284547465219
1376660280512544771
1376660214292828168
1376660119585456133
1376660073934696449
1376659999015936003
1376659976106749966
1376659851351371776
1376659769147133956
1376659758338478088
1376659604210397196
1376659588444000267
1376659540108795979
1376659244217475078
1376659052000903168
1376658694105075717
1376658587448135685
1376658544292925444
1376658423811543046
1376658312750641152
1376658286901092360
1376657740324601863
1376657653942861831
1376657615321710592
1376657605687345154
1376657587538698242
1376657249024806917
1376656916571639821
1376656765874475015
1376656658294837257
1376656493257371653
1376656267008221184
1376656213513936897
1376656201434423298
1376656021570093061
1376655840653017091
1376655836521582592
1376655679939829764
1376655652823646208
1376655637271080968
1376655384333672449
1376655277009862659
1376455511927848963
1376455480478887938
1376455001422364674
1376454835906650112
1376454647574102020
1376454564824674312
1376454222464442368
1376454011314900992
1376453637833101313
1376453310086008835
1376453046998302720
1376452979146977282
1376452869860306945
1376452724536016900
1376452612057337858
1376452230287605763
1376452215527907328
1376452020136185859
1376451957250879488
1376451896710422532
1376451735246536705
1376450743616598023
1376450680320364544
1376450166090305542
1376450151674437636
1376450110679302145
1376449723561873412
1376449422553452544
1376449290021703680
1376449249009827845
1376449129178562562
1376449054851399685
1376448915969613825
1376448775711940608
1376448537177776129
1376448298517680130
1376448143211032579
1376448010146742272
1376447825823825920
1376447473049276416
1376447351724855298
1376447171038433280
1376447123173093378
1376446917509517313
1376446831580876801
1376446731311718401
1376446421373714433
1376445980938240000
1376445273031991298
1376445197215748096
1376445018987110402
1376445010799910912
1376444847268241410
1376444147201159171
1376443499965452289
1376443380687904773
1376442749696770053
1376442741215744004
1376442611272126464
1376442603999129600
1376442218303610883
1376442140700577792
1376442059523989507
1376441887549124609
1376441704732008448
1376441475362328576
1376441039091867648
1376440704604454913
1376440685608378374
1376440419974778882
1376485978739593216
1376485736237662210
1376485521803841536
1376485323971162113
1376484645336981508
1376484327639384065
1376484225084489729
1376484153076633602
1376484095815905280
1376483912319430656
1376483670060568576
1376483327272759301
1376483158414163971
1376482817610223618
1376482762295808001
1376482691332386820
1376481916057219074
1376481833534246913
1376481677472628744
1376481477131694083
1376481212827586561
1376480844735467532
1376480762787155970
1376480640791678977
1376480580649549824
1376480545836650499
1376480464765083649
1376480224116944905
1376480140377481219
1376479937767563267
1376479313608908800
1376478944526929923
1376478912293838849
1376478611251822597
1376478600086491138
1376478488216096768
1376478480515338241
1376478457765462019
1376477889101770756
1376477793677156355
1376477722743046145
1376477713016438785
1376477582695145474
1376477456488669191
1376476854224310277
1376476738771943427
1376476423272198148
1376476422538166273
1376476399792496641
1376476292724498434
1376476236772425731
1376476222377631744
1376476174466043904
1376476168161988617
1376476147429601284
1376476003074195457
1376475972950663168
1376475856588128257
1376475513011716096
1376475457206546432
1376475375891587072
1376475102976507907
1376475084026736642
1376474979857010689
1376474738076307464
1376474592999579651
1376474429715312641
1376474269404778496
1376474172646375429
1376473818030571520
1376473603940696066
1376473591894642690
1376473456217370624
1376473433744273409
1376473369844006915
1376473328605663237
1376473166520930305
1376472827503730691
1376472724328087554
1376472624830812164
1376472601749553155
1376472171640393728
1376472147154116611
1376472122252537862
1376471815313297409
1376471597763149825
1376471406452600837
1376471252085379078
1376471094056656898
1376470935545470980
1376348404767424513
1376348140522123267
1376347977501958154
1376347919981367298
1376347855884062720
1376347850120994820
1376347730507800578
1376347624568053761
1376347454803599362
1376347285840347137
1376347171805597697
1376347171667255297
1376347140033757187
1376346737367994371
1376346460317491201
1376346315454550023
1376346146512072708
1376346128791257089
1376345915678658564
1376345761793798144
1376345715052544004
1376345606956929029
1376345595045117955
1376345534575837191
1376345354489233413
1376345134682542085
1376345098838020097
1376344920135499777
1376344884152532996
1376344860840484866
1376344562105466880
1376344489770487818
1376344487807574018
1376344427543810048
1376344345377271813
1376344301962149893
1376344009325576195
1376343619754323973
1376343565597605892
1376343432617164800
1376342946971230208
1376342935239716866
1376342932106702848
1376342928109547523
1376342922774339585
1376342908035555331
1376342899416240132
1376342845703876608
1376342716557185029
1376342705517682688
1376342626752811009
1376342486256390149
1376342375761645569
1376342183687557122
1376342049113440257
1376341971049005059
1376341963365101569
1376341962106753033
1376341946273312772
1376341943706394633
1376341941126856706
1376341808104546312
1376341741687689218
1376341734259519490
1376341510451511302
1376341360358350848
1376341320738947077
1376341243337261060
1376341171107205121
1376341130225324034
1376341043218509826
1376340977900736517
1376340968471814146
1376340883155615746
1376340614850113537
1376340502937669639
1376340284343205894
1376340090822139906
1376339769106472960
1376339760306921474
1376339616790413315
1376339612323487747
1376339520988327937
1376339483038261250
1376339368592412674
1376339209888354308
1376339180196818947
1376339131991687171
1376339044880240647
1376339040379748355
1376338924914769920
1376338896762458115
1376338826277363720
1376338820111736839
1376338742571585536
1376338705259057157
1376338644408143873
1376338630306885632
1376338581967364100
1376338526342500354
1376338484005380099
1376338441844178945
1376338407958450179
1376338337057943556
1376338074725142528
1376337931691028482
1376337746344615938
1376337720700665857
1376337718217609217
1376337673577713668
1376337505625251842
1376337385814851589
1376337158936555520
1376337049050025986
1376336960579465217
1376336916652699651
1376336850244227074
1376336778097909760
1376336759483731968
1376336668140040198
1376336653925539841
1376336618613833730
1376336436048314375
1376336403899019266
1376336290044518400
1376336262018166787
1376336260680257539
1376336237171257349
1376336202488553476
1376336012708868104
1376335983680049161
1376335879359229954
1376335760044007424
1376335728158765063
1376335681623035906
1376335524403744768
1376335163370573826
1376335024337850373
1376334933799673857
1376334781919662082
1376334664617627648
1376334446354427904
1376334323079553024
1376334042765746178
1376333926143197185
1376333911597273088
1376333837601476610
1376333703161409537
1376333700531683328
1376333689164992513
1376333645791821824
1376333607233540099
1376333531148922885
1376333478757859329
1376333392359395335
1376333333731270658
1376333324306804739
1376532426353152001
1376531973896818697
1376531756879335432
1376531612482080772
1376531489052065793
1376531475038896131
1376531184235204614
1376530874540376065
1376530485753483269
1376529905333243908
1376529824353808388
1376529485038764034
1376529327127461889
1376529136517328905
1376529009937383433
1376528994112307201
1376528934137921539
1376528901216735232
1376528875774087175
1376528869486964740
1376528710065549312
1376528387313963015
1376528368431202306
1376528302245081090
1376528203637010432
1376528172628447234
1376528156333498370
1376527970274312194
1376527405062500359
1376527366290354177
1376527266864320512
1376527187151622145
1376527102321823747
1376526936894271489
1376526901779513344
1376526625588776966
1376526348252979209
1376526268473212935
1376526110490497028
1376525802737635329
1376525686425407492
1376525561951031300
1376525556972462080
1376525449702952960
1376525333944532992
1376525233583222785
1376525075046936581
1376525038338326542
1376525018612502531
1376524889767706630
1376524865298178051
1376524837506621447
1376524601036042249
1376524375046905863
1376524287142678534
1376524214635741193
1376524022297542657
1376523845322993664
1376523836817039364
1376523715991773187
1376523688682663936
1376523627772973056
1376523622316183556
1376523558629871622
1376523437955502080
1376523383953887235
1376523369357660163
1376523353830330369
1376523330228994049
1376523276705394692
1376523104231522305
1376522791483236352
1376522737942937606
1376522707894943747
1376522540735213576
1376522528659795973
1376521983471583235
1376521901879742466
1376521802961317890
1376521636535541771
1376521404749860864
1376521281986760708
1376521077506064386
1376521065342529542
1376520726325379079
1376520620498898945
1376520489162670089
1376520462474350597
1376520223793278978
1376519975788277760
1376519908813594624
1376519682254123010
1376519679708180484
1376519667640979458
1376519571889393667
1376519379928539139
1376519203491098625
1376519021173035008
1376518964755492865
1376518948460486656
1376518898984570884
1376518844127223809
1376518658302697477
1376518556251213824
1376518501951758336
1376518454778400771
1376518332199866379
1376518258010906626
1376518106558951427
1376517677502459911
1376517478566785029
1376517336098869251
1376501603365220352
1376501142889369605
1376500882263715845
1376500880036483074
1376500479501422594
1376500404813492224
1376499987891290116
1376499968744243203
1376499958082322432
1376499853367316482
1376499778104791040
1376499627994808321
1376499297156362247
1376499153493225472
1376499094630318084
1376499071624437764
1376499030474301445
1376498721240801280
1376498644220846082
1376498390343806979
1376498221565030400
1376497926105657345
1376497916890787840
1376497647670984710
1376497349732732930
1376497337841766407
1376497225203806216
1376497002247258119
1376496603087917057
1376496493306245121
1376496467133751298
1376496323298537472
1376496289886695425
1376496250544128001
1376496136626704384
1376495783269175296
1376495658308300800
1376495537533374472
1376495214232231938
1376494189970591746
1376493961477521415
1376493463378792451
1376492933663297538
1376492532578856964
1376492183998459912
1376492112800325644
1376491909162676228
1376491904947265537
1376491495436525572
1376491462930620418
1376491159619432449
1376490506180558852
1376490362257215491
1376490053543763969
1376489971767513092
1376489837889523713
1376489331066466307
1376489114741178373
1376488407405363201
1376488378544312323
1376488371741196289
1376488298252668930
1376487927463616515
1376487770668027905
1376487297365999620
1376487291581952004
1376487095817093124
1376486844150480897
1376486563106947078
1376486555515293698
1376440345093791747
1376440315574284288
1376440256178708482
1376440188281315330
1376440131066847232
1376440018143744002
1376439709719740417
1376439692061724674
1376439614022410242
1376439514063806467
1376439472137592840
1376439253706665986
1376439229174181888
1376439022323650560
1376438953922945026
1376438491651932160
1376438339788808195
1376438134989221889
1376437910317101056
1376437854310690818
1376437626836824065
1376437417058697216
1376436812273582082
1376436481229750273
1376436355824246787
1376435880500604930
1376435620504076288
1376435606239248387
1376435473015468037
1376435059767529479
1376434988539842563
1376434967136309253
1376434902476931072
1376434775578144769
1376434717344534530
1376434536033226752
1376434504290742274
1376434497919520771
1376434177692872705
1376434098282106882
1376433444029411331
1376433255180734467
1376433237774512128
1376432563603058689
1376432562390900742
1376432442320449536
1376432366995058688
1376432190280630273
1376432051231068160
1376431611869270016
1376431412111409156
1376431106174648325
1376430962704179203
1376430802016288768
1376430319683969029
1376430304936783875
1376430231007985664
1376430145305784329
1376429969342144512
1376429717092454401
1376429712671657986
1376429632283668480
1376429292846993410
1376429240233644032
1376429124248608771
1376429070787940354
1376428785214492672
1376428511766982658
1376428358486126593
1376428311232925702
1376428213937659906
1376428084723916802
1376427823049625600
1376427759271022593
1376427658813259779
1376427514042613769
1376427439853772803
1376427305816457216
1376427055194120196
1376426802969784320
1376426790797897728
1376426646249500672
1376426596454776832
1376426385003139073
1376426347912966146
1376425803282538502
1376425712433815554
1376425681526026241
1376425568091086851
1376425410565529605
1376470623053025280
1376470445399113732
1376470439288000514
1376470303132372993
1376469910856081410
1376469698171256832
1376469641078394880
1376469459314032641
1376469342334947330
1376469245274554370
1376469184201244672
1376469077170868225
1376469060725137409
1376468700342194177
1376468655882518528
1376468434322665474
1376468300180418562
1376468243586555906
1376468188452564992
1376468149764124678
1376468147071561728
1376467996298870790
1376467872629800960
1376467844016263170
1376467693449121796
1376467688327905288
1376467105927794690
1376467014441709569
1376466801115168772
1376466168098226176
1376466145524510720
1376465873909727232
1376465827302494211
1376465068049760257
1376464992254492678
1376464970863550465
1376464937099390981
1376464550707523585
1376464391978246146
1376464039329562625
1376463857758171146
1376463842184556551
1376463819057336320
1376463705001574406
1376463532707999744
1376463194370105345
1376463072341135360
1376462763506216960
1376462655926460418
1376462628214673408
1376462355643518987
1376462281366724613
1376462251742363649
1376462156925960194
1376462075141165057
1376461692394168320
1376461692339679232
1376461642951630850
1376461493835853825
1376461098401021952
1376461016465301505
1376460313885876224
1376460189755453441
1376460132691873792
1376460028203438080
1376459975376035846
1376459529685241858
1376459271374655492
1376459131947790337
1376458971544961027
1376458962820730884
1376458751348211712
1376458269837848576
1376458250372182017
1376458149973131265
1376458147364233218
1376458097397538820
1376457483066150914
1376457415856635905
1376457196041461770
1376457076721999876
1376457034242097153
1376456986384953346
1376456833200701442
1376456407189454851
1376455588884979717
1376409920258510848
1376409915678408709
1376409791820558336
1376409620751679488
1376409374478888960
1376409331894116355
1376409246972084224
1376409221726674946
1376409095968849924
1376409080982474753
1376408913357197312
1376408884865302531
1376408843849097216
1376408834097311745
1376408704191455238
1376408665310294021
1376408635186708480
1376408541515427842
1376408489107415040
1376408375873785856
1376408194742816768
1376408074475421699
1376408018233950208
1376407897647775746
1376407876072169477
1376407839686672384
1376407629166080003
1376407617220710402
1376407357371121665
1376407284318941184
1376407271027056640
1376407251817271297
1376406998049124353
1376406976490528770
1376406608868163587
1376406495114493956
1376406319071117312
1376406221121536000
1376405971300458499
1376405517803864067
1376405271493242881
1376404430883581955
1376404426936741888
1376404326751555584
1376404127949811712
1376404047708700672
1376403584200241160
1376403332781252608
1376402548307922945
1376402442758336515
1376402263107768322
1376402106714705928
1376401975265271808
1376401903395819522
1376401765378088961
1376401563724390401
1376401268197879809
1376400301599584257
1376399257343643651
1376398910357438468
1376398651770073089
1376398389814816769
1376398378439901187
1376397707707707392
1376397297358008323
1376397080940355586
1376396868276662272
1376396764836556801
1376395831297900547
1376395822548590593
1376395770736312321
1376395347694608384
1376394982441902085
1376394258203181059
1376393742966534147
1376393659407536130
1376393459360272389
1376393262567616515
1376393249473097731
1376393072875950087
1376392913370898433
1376392866075963393
1376392661246996480
1376392405675610112
1376392284116254720
1376392061558128649
1376391952850161667
1376391833131970563
1376391719600685060
1376391070653632517
1376391046150684677
1376391014282317824
1376390601399144448
1376389456878469123
1376389118842781697
1376388840479408128
1376388520504393728
1376387811184676870
1376387800740814852
1376387392307933186
1376387269255426049
1376387001080020993
1376386924764663810
1376386579053285377
1376386280557318150
1376386099598270465
1376385879787368448
1376385810614870016
1376385702464794626
1376385643262140419
1376385577382203393
1376385491587768320
1376385466929356804
1376385387879411712
1376385290563112960
1376385216172892163
1376385209847881728
1376384896038436867
1376384750919806978
1376384667503443969
1376384620850208769
1376384442541953025
1376384364196495365
1376384190791487494
1376384190690643968
1376384145694224386
1376383577756102656
1376383492980756488
1376383340866068483
1376383288512638980
1376383222939066370
1376382855824166914
1376382717240045568
1376382554287312897
1376382532288135170
1376382239173439490
1376382120755482624
1376382069048287235
1376381918657273858
1376381900751831041
1376381900126703616
1376381756119613446
1376381658862002180
1376381642701422592
1376381427651067904
1376381361355960322
1376381128479756291
1376381105394212865
1376380905527332864
1376380818625601538
1376380443583414272
1376380291552407557
1376380218630356992
1376380102599184384
1376379549403865094
1376379171555840001
1376425132428771330
1376425107241975811
1376424578939949059
1376423888289153025
1376423863446343681
1376423821708820481
1376423815538872326
1376423722983170050
1376423669463977984
1376423468485337094
1376423449854418946
1376423296170872834
1376423264055083009
1376422740094197767
1376422618476244994
1376422488175955968
1376422267853418498
1376422073741025287
1376421832929071107
1376421709008547843
1376420966822187011
1376420626928447490
1376420571165114368
1376420557751779329
1376420401962749953
1376419860641644548
1376419820246274048
1376419673647034370
1376419612590489604
1376419605636395009
1376419510417305605
1376419500179009537
1376419389768089600
1376419052114079746
1376418649616027648
1376418273684815878
1376418240566546433
1376417939277062145
1376417692933050370
1376417569721085952
1376417506731175939
1376417445183959041
1376417420798095365
1376417184352624645
1376417098327597056
1376416991259500544
1376416730424152065
1376416618952134658
1376416137877970946
1376416068596592641
1376415737301016577
1376415602152239104
1376415277081055232
1376415216984985601
1376415166011686913
1376415065990172672
1376415049946832901
1376415049229733891
1376414885035266049
1376414860490248192
1376414602716663809
1376414498706362373
1376414376031367170
1376413966038134784
1376413893149532164
1376413757417607168
1376413093606068232
1376413074983297027
1376412655402037249
1376412641430695939
1376412277654573056
1376412242162278403
1376412159656230914
1376411498793238528
1376411272611254272
1376411040729198596
1376410721920016384
1376410683928014849
1376410665028624385
1376410597999403012
1376410591154216966
1376410526184480773
1376410412845912064
1376410316720984067
1376410290045120512
1376410129520762881
1376655056066523140
1376655004514332672
1376654802562686976
1376654615983357953
1376654399762747395
1376654364983627780
1376654177364029440
1376654045453168641
1376653951815315458
1376653814204403721
1376653796554780672
1376653531713662976
1376653458418372611
1376653167744712705
1376653022093250563
1376652815829983236
1376652327206129665
1376652119051239425
1376652033202266113
1376651824917323778
1376651824346755073
1376651362767867905
1376651340814897163
1376651334317920258
1376651317943361538
1376651000602329088
1376650887536406532
1376650879961604096
1376650571801853953
1376650276325703681
1376650105764347906
1376649954786181134
1376649914940293122
1376649807465435144
1376649786510749698
1376649300093104134
1376649205108850699
1376649071889383434
1376648979425984515
1376648822387056642
1376648761447944196
1376648707547017219
1376648515254902785
1376648341291995138
1376648245351436288
1376648191924269059
1376648078099369988
1376648072579575808
1376648067424862209
1376648024324108290
1376647621599707142
1376647544177106944
1376647135156961280
1376646956924211200
1376646661427056642
1376646465636945925
1376646315799687171
1376646165920276481
1376646153643687936
1376645840878641164
1376645601912266756
1376645139838427137
1376644908144943107
1376644858115330048
1376644840717451265
1376644819129368578
1376644732609310721
1376644707913191428
1376644405927481350
1376644040683368452
1376643019458412553
1376642709528645636
1376642420943818763
1376642409086529537
1376642382838558723
1376642380913242112
1376642236197134337
1376642211853438976
1376641940767277061
1376641936996581376
1376641649695199234
1376641520225284098
1376641483206316034
1376641390730432513
1376641124740268042
1376641068570013696
1376640871991402496
1376640798381518855
1376640538418540545
1376640467891261448
1376640332805275656
1376640311406047242
1376640221849157636
1376639971809927168
1376379056124403719
1376378999916482561
1376378742700843008
1376378418795806724
1376378047767666694
1376378045397798916
1376378021771350027
1376377979836657664
1376377922961948674
1376377780221272064
1376377602521264130
1376377281728323584
1376377121694621702
1376377091680317440
1376376931982045193
1376376909458677771
1376376817561477121
1376376660560281601
1376376608748097536
1376376558286471169
1376376520495702020
1376376344116830209
1376376294313705483
1376376226303111170
1376376157013110792
1376376106975121408
1376375505444818946
1376375378722365440
1376375363673145344
1376375347382517762
1376375022038749186
1376374770254643200
1376374750558224384
1376374561759895553
1376374388245721088
1376374242477023234
1376374220175777792
1376374211736920065
1376374150231654400
1376374021516718086
1376373784249135106
1376373281893191682
1376372869786075142
1376372843139637253
1376372755419910147
1376372524380917763
1376371994799693830
1376371918933217282
1376371825488371712
1376371407936909318
1376371202394972160
1376370995536175106
1376370922110783500
1376370854074851329
1376370679277309955
1376370517284818946
1376370420421521415
1376369955017531392
1376369921228083203
1376369651593179136
1376368932114722822
1376368874061496321
1376368731182391298
1376368676085981184
1376368191979409412
1376368071166713858
1376367716706189314
1376367438913282048
1376367427714490369
1376366924737642510
1376366675885363200
1376366653374627843
1376365944415514624
1376365775368421379
1376365596334559234
1376365592467345411
1376365389936877570
1376365253987012608
1376365216288501760
1376364491525533707
1376364256346562561
1376547591756816385
1376547548459044866
1376547449641271296
1376547400911818759
1376547066902671371
1376547045989888006
1376547032870043653
1376546796474920973
1376546748554960902
1376546453410217988
1376546311994961927
1376545805759348737
1376545526217330692
1376545446466711552
1376544594523877377
1376544584319299595
1376544573086912514
1376544309487501314
1376544095427043333
1376543945329549317
1376543905886392322
1376543359188230144
1376543166862614536
1376543074017493003
1376543064383229956
1376542774259019784
1376542559867133954
1376542506826014727
1376542445719019522
1376542444267958280
1376542378123739138
1376542136972288002
1376541988514844673
1376541580262219780
1376541359973208068
1376541264485744640
1376540708333613061
1376540691132743684
1376540676859564045
1376540414283505672
1376540376585154561
1376540158401654795
1376539890628845570
1376539787922915330
1376539696885592068
1376539653914918913
1376539575636611074
1376539538198302724
1376539110345568258
1376539076526886918
1376538999477698562
1376538911762120707
1376538889104416779
1376538734573842439
1376538642231926784
1376538501437562880
1376538462787108866
1376538395464380418
1376538113514762241
1376537912465055751
1376537849311412226
1376537839618420742
1376537783427272707
1376537600312418308
1376537348150865927
1376537346238251011
1376537240566956034
1376537193284579330
1376537145381376001
1376537014896574470
1376536798084657157
1376536689166848004
1376536687967404032
1376536492609265673
1376536472761856003
1376536183363227650
1376536136953303045
1376535639731150849
1376535462240792577
1376535329113575428
1376535073084805121
1376534859271835653
1376534706154536961
1376534600462163971
1376534411286609924
1376534291799150594
1376534259469582344
1376533990434291715
1376533972289777672
1376533962336575493
1376533611453775874
1376533401751158799
1376533201783427073
1376533161274904580
1376533116525891592
1376532716313837568
1376532691475165188
1376532680981020678
1376532665420152835
1376532589922693120
1376609265310429186
1376609240807276547
1376609078194110464
1376609012251254789
1376608772823474177
1376608605898686466
1376608567369867281
1376608452198465546
1376608189588865026
1376608173629579272
1376608130696671233
1376607988698451977
1376607944079466502
1376607544198754309
1376607521297825797
1376607432294727681
1376607263293587457
1376607211129044994
1376607202077769735
1376606900024967173
1376606721934786561
1376606711998521353
1376606618914148352
1376606541684600840
1376606532637446156
1376606506712457230
1376606477557891078
1376606359035252737
1376606292639371277
1376606125525716997
1376606071561846790
1376605556018880512
1376605496245956620
1376605400556990467
1376605272500752400
1376604860628545542
1376604830848929801
1376604643799625728
1376604518541111299
1376604273295900680
1376603909607809047
1376603880000212992
1376603648449470469
1376603623040425991
1376603585757208586
1376603434472763393
1376602906233823244
1376602845445783553
1376602479522160644
1376602444021473283
1376602377810231296
1376602025203544069
1376601979192012810
1376601944077312006
1376601933406998530
1376601815911956482
1376601546272673792
1376601469764448260
1376601412596027398
1376601283122106375
1376601061822173197
1376601016586670088
1376600967102169088
1376600907844964354
1376600542403649541
1376600534350757890
1376600233585602567
1376600207060840450
1376600198651248642
1376600149322035203
1376600099648847875
1376600082917756932
1376600054346186763
1376599862389714953
1376599648618618882
1376599503562629120
1376599332816834562
1376599313023913986
1376599295336529934
1376599155930451969
1376598938611027973
1376598871560876035
1376598853487636497
1376598826824433666
1376598700823171079
1376598682108313615
1376598371188813832
1376598225319305217
1376597931080495104
1376597121600733189
1376596799239098369
1376596754708242432
1376596308933361666
1376596184400334855
1376596166314430464
1376595961284280325
1376595957467451394
1376595679208955904
1376595671806050305
1376595533826031618
1376595521561894912
1376595404855390208
1376595246570741770
1376595097106710528
1376595075526967296
1376594967825674242
1376594960032612355
1376594827299667970
1376594710198898695
1376594688472387592
1376594594918436866
1376594522751307778
1376594510143164418
1376594198166667264
1376594173474742275
1376333175786471425
1376333145495072770
1376333042021769216
1376332911922843652
1376332865479139332
1376332537530888196
1376332329308712965
1376332129265680391
1376332030754004992
1376331931386671107
1376331753179078657
1376331748250951684
1376331650469146625
1376331648095170567
1376331175069908995
1376331017426964486
1376330853521981442
1376330811977310208
1376330811671261198
1376330437388161027
1376330323147902977
1376330104884826115
1376330083493892100
1376330066934824967
1376330006767472646
1376329756430409733
1376329592714104833
1376329516642091009
1376329514331037697
1376329398555664390
1376329274408513539
1376329245564145664
1376329093059346438
1376329074050744323
1376329037564510209
1376328949450612741
1376328809688002564
1376328607161798656
1376328203107770372
1376328198057832451
1376328167116394501
1376328152394440708
1376328088519380994
1376328064523702274
1376328039919972354
1376327962010734600
1376327931782385664
1376327399332274187
1376327220331970566
1376327145945931780
1376327134608826373
1376327083299835904
1376326981646749696
1376326974113636352
1376326885043474434
1376326832690192386
1376326801853612038
1376326781301444610
1376326779388956677
1376326737596932096
1376326719062204420
1376326553714442245
1376326434868854792
1376326332246859778
1376326240282501122
1376326190944956418
1376326153825230848
1376325930239594503
1376325864548352003
1376325796143456256
1376325618581839873
1376325445382246401
1376325424263794690
1376325410011627520
1376325289022722052
1376325274896371715
1376325176623775744
1376324826697191430
1376324758912987137
1376324489399709706
1376324450543562757
1376324408906813444
1376324324836139008
1376324283748777987
1376324223023542274
1376324177238560770
1376324132598599690
1376324127020216320
1376324056836841473
1376323969402343435
1376323915459428353
1376323879732355072
1376323829279113216
1376323818235559939
1376323783913578498
1376323683921301506
1376323520846823424
1376323385182056455
1376323352088829954
1376323327569059844
1376323279888248837
1376323216310870018
1376624467540111374
1376624211058438151
1376624198974636034
1376624182394511363
1376624156645597186
1376624017700835331
1376623849337331716
1376623715509805059
1376623593212280833
1376623312516870146
1376622737909817344
1376622403095253003
1376622229878890498
1376622228976988163
1376622035477102599
1376621987414614017
1376621956628410371
1376621763744911363
1376621514833850368
1376621354947076096
1376621110163292166
1376621058304933895
1376620985294667778
1376620925521698816
1376620468493373447
1376620449849835532
1376620358275567616
1376620354790158349
1376620247462084609
1376619945300172800
1376619807462862850
1376619337595940864
1376619224450404353
1376619063531687937
1376619005989908481
1376618925862105091
1376618717572894723
1376618704558030860
1376618586555420673
1376618561720946691
1376618198934622215
1376617898106617858
1376617807769653256
1376617790812086272
1376617246806700043
1376617127667437577
1376617124504993799
1376616901980213250
1376616773009739788
1376616535935049729
1376616534492205059
1376616426556039177
1376616324802183171
1376616283630882820
1376616231604731905
1376616200524939267
1376616198805200896
1376616036171145216
1376615716271575046
1376615617609015300
1376615557869531144
1376615310422343694
1376615293720612873
1376615203291430917
1376615110702215168
1376615100086358016
1376614833408331776
1376614198906589190
1376614147010539520
1376613724795060225
1376613363438993409
1376613151635030017
1376613059905552385
1376613026506416139
1376612959313657856
1376612789486297094
1376612660356153346
1376612548171210762
1376612128975638531
1376612008796303362
1376611961509572609
1376611758538952709
1376611675261042692
1376611617698410497
1376611541466763266
1376611531522244618
1376611485040979969
1376611249400774665
1376610109422325766
1376610081417138182
1376609948793245700
1376609945546788870
1376609711445905409
1376363665310556165
1376363350800662535
1376363201621852163
1376362984293928961
1376362951007817728
1376362830039937026
1376362818732236800
1376362800251957248
1376362701295865857
1376362548946071553
1376362470940536839
1376361757782970371
1376361338147069953
1376361014036463616
1376360960047333378
1376360955630784515
1376360930217431042
1376360580328550401
1376360412237721602
1376358616601612290
1376358516030631936
1376358469247336448
1376358376464994305
1376357955507953666
1376357935606022146
1376357885614071810
1376357863531159560
1376357858300866561
1376357834909171713
1376357704306982916
1376357662162481152
1376357650489741312
1376357616826380290
1376357401482260480
1376357345605918723
1376357157055172608
1376357030676594697
1376357012469080066
1376356962552659974
1376356894697160704
1376356849075638276
1376356819317055491
1376356631362076672
1376356483927920642
1376356438931476480
1376356431973220369
1376356400989933575
1376356394773798913
1376356355183886337
1376356336435404800
1376356277014704131
1376356197985624064
1376356081547374592
1376356045996589056
1376355948583784451
1376355793939931136
1376355728915505155
1376355721818804228
1376355575030816773
1376355561185312770
1376355519426916358
1376355488523120648
1376355134641471489
1376355091964432387
1376354925823791111
1376354717765341188
1376354673746006016
1376354642796277761
1376354435065077762
1376354306962640897
1376354288881008641
1376354257641832448
1376353996907155462
1376353910642724874
1376353885749616647
1376353823673868292
1376353704245305344
1376353693759586304
1376353624809480193
1376353236077084673
1376353171505881090
1376353072994209792
1376353023648280577
1376352775139909634
1376352655056855042
1376352514124185600
1376352398755659776
1376352380590116864
1376351714010411013
1376351647056723973
1376351477678145539
1376351345477828610
1376351344202747911
1376351275684655108
1376351250107805698
1376351178162855937
1376350866664460294
1376350849958576128
1376350845202219017
1376350810502746118
1376350748846526466
1376350722946519046
1376350620844748804
1376350493094580234
1376350436903489542
1376350370918699011
1376350290253860867
1376350249917222912
1376350184863567879
1376350173656461313
1376349839882063872
1376349832902770694
1376349829903888384
1376349758768492549
1376349247893803011
1376349212082761730
1376348965038301187
1376348890065174531
1376348884981661699
1376348871220031490
1376348859396415490
1376348804782325760
1376348764345143297
1376348717406687236
1376348710959976450
1376348633558261762
1376639575989350401
1376639268244877317
1376639046349295616
1376638759953960964
1376638670338408452
1376638637895524353
1376638532135968770
1376638266498195458
1376638108419166211
1376638028228128772
1376637841824960512
1376637266186145794
1376637119825907716
1376636951059558400
1376636927810621444
1376636638835601409
1376636473332535296
1376636150383734784
1376635927871713281
1376635870745354240
1376635822707970051
1376635580734451716
1376635316430340099
1376634448343629826
1376634290671345679
1376633501550796808
1376633395082629120
1376632978445582344
1376632842705309697
1376632763151917058
1376632698530324480
1376632638182674432
1376632597015625740
1376632457928306688
1376632234808074246
1376632183620767751
1376632179921457171
1376632128457293824
1376631972928180227
1376631968339755009
1376631565481078785
1376631554810724353
1376631003150745601
1376630887379570693
1376630876545646602
1376630268782645248
1376629830754693123
1376629697312780296
1376629495453523968
1376629422405513218
1376629282638860296
1376629258672541704
1376628812625109003
1376628280644751364
1376627957276491786
1376627872987684865
1376627177853190155
1376626795609522182
1376626717989728257
1376626426602868736
1376626219408633876
1376626092413423620
1376625670902710276
1376625553411870726
1376625527826616320
1376625460885532677
1376625453583097859
1376625363602800640
1376625271353262088
1376625209835331585
1376625182111100934
1376625061524815874
1376625051680784392
1376624738672447493
1376624619327795204
1376624571483365379
1376624501203599362
1376517112471113731
1376517100731260928
1376517051804758019
1376516843704303621
1376516417768595457
1376516370293121026
1376516301057880064
1376516267864121351
1376516210662211588
1376516125467545602
1376515887193280512
1376515753042644992
1376515560301813764
1376515320370855943
1376515201957249028
1376515192444571648
1376513668138082306
1376513658805702659
1376513635560792065
1376513276775911426
1376512834306154511
1376512604307267591
1376512584661098504
1376512538775539712
1376512448149135366
1376512403484073985
1376511908610596867
1376511607107375108
1376511500916043779
1376511000376180739
1376510550700519424
1376510414029266944
1376510333976723456
1376510331665620996
1376509965846863874
1376509913887870977
1376509721407021058
1376509615450521601
1376509466825388040
1376509368342966273
1376509015010672640
1376508677570633728
1376508491817312262
1376508177571852295
1376508064807874566
1376507954472628231
1376507825606778881
1376507751405219843
1376507100172460034
1376507063816183814
1376507040173002752
1376506989631533065
1376506805937786890
1376506707795304448
1376506614539227139
1376506319612436486
1376506124720046083
1376506083997536257
1376505669017214978
1376505271271497730
1376505173846069250
1376505069005312012
1376504973345882113
1376504947907293195
1376504687768256516
1376504587151114244
1376504267750699012
1376504235664236546
1376504213543485445
1376503911750729730
1376503853756121088
1376503828762222595
1376503773493829636
1376503586948014081
1376503475404693504
1376503371499241472
1376503151839354880
1376503036290433026
1376503013385379844
1376503006238232581
1376502965926760451
1376502828190040065
1376502713350033409
1376502705653440512
1376502420960911360
1376502288005664773
1376502249308962821
1376502046141018114
1376578550757724167
1376578502993059843
1376578453277904903
1376578305470689280
1376578221077098496
1376578167075377167
1376578058040266754
1376577869221134339
1376577779156848640
1376577734055497730
1376577593072361476
1376577447622246400
1376577237936390152
1376577107812352012
1376577066989101057
1376576945870135296
1376576863489957895
1376576829402845188
1376576811459547138
1376576504465924096
1376576273451991045
1376576162923692034
1376576053146189839
1376575811608846336
1376575768130691080
1376575765614059520
1376575625893457920
1376575597166596105
1376575549141889031
1376575438693130242
1376574985783930888
1376574742245699591
1376574703746363398
1376574194889203714
1376574150958051328
1376573329969152001
1376573231193321477
1376573075534323714
1376573020836397056
1376572385340575746
1376572381196607489
1376572121116258310
1376571992770555904
1376571814797774849
1376571806899793923
1376571716021981184
1376571270666596360
1376571169961357317
1376571042051805189
1376570997130686464
1376570716322197509
1376570682457387008
1376570459802763271
1376570298556944394
1376570234597994499
1376570025981644813
1376569736604102660
1376569487575687178
1376569116610469891
1376568588862169092
1376568330958602241
1376568283286081543
1376568249467428864
1376568242743996419
1376568229909254147
1376567978628673538
1376567656040574984
1376567509277569024
1376567489090437123
1376567088672862208
1376566728553947140
1376566392879779845
1376566066881593346
1376566066638360579
1376565768410828800
1376565603356569604
1376565453582168066
1376565443989700622
1376565332538757123
1376565181141164050
1376565131073650692
1376564897048313865
1376564891683860486
1376564872813633540
1376564515685367812
1376564312412717061
1376564190664654849
1376563973223559174
1376563762233282575
1376563549716283396
