1386178261701382151
1386177623345221633
1386176642939162628
1386174678532775937
1386174609561640960
1386173536008560643
1386173331506876416
1386173294970245126
1386172804161150976
1386172225653338114
1386171774904127489
1386171099990220801
1386171089949134848
1386170374623154177
1386170046825836546
1386168894516305921
1386168788786184192
1386168668694859780
1386168632582066179
1386168586859794436
1386168366595907586
1386168159611224076
1386168110680584196
1386167913434939393
1386167177674334210
1386166903069200386
1386166893380317189
1386166235914772481
1386166116951724033
1386165970352418816
1386165946696470529
1386165924613529600
1386165632673095683
1386165168221130755
1386164453759201282
1386164254798061573
1386164077563727874
1386164028003651586
1386469850445500423
1386469700801081349
1386469610539597830
1386469346034159619
1386468651285598209
1386468261114662915
1386467949737910274
1386467422841016320
1386467294159773701
1386466989644845061
1386466859793276928
1386466112699777028
1386465972014485504
1386465856721391617
1386465799020351490
1386465792829632513
1386465617922961408
1386465342323666949
1386465193568444419
1386465026081427456
1386464731028938752
1386464487767687168
1386463613234335745
1386463011368542208
1386462935074152454
1386462587764842500
1386462467933437954
1386462463021903874
1386461756239712256
1386461566476947458
1386461020579848195
1386460624356483077
1386460462288670722
1386460364896980993
1386460239474667520
1386460205538480131
1386460076269969411
1386459627458646023
1386459561905823747
1386459491823128577
1386459177149734912
1386459037089239042
1386459020832256003
1386458985713315844
1386458880595607553
1386458874736152578
1386458829525852161
1386458674286059521
1386458539653279752
1386457766882168832
1386457648132984837
1386457228547436549
1386457185295781901
1386457043582832645
1386457025908035585
1386456577801064451
1386456149751328771
1386455935963385863
1386455865864167430
1386455703452360719
1386455575458992132
1386455379056291841
1386455339890008067
1386455212781572098
1386455198210592771
1386455053075156993
1386455014244241412
1386454977409863686
1386424239360782338
1386424164450439168
1386423744663412736
1386423597741137920
1386423562941173766
1386423558344220673
1386423260145881092
1386423211454201856
1386423158052311043
1386423103962583045
1386422992104824835
1386422981048504322
1386422847309074438
1386422678416883714
1386422346391511042
1386422303899062274
1386421963837427712
1386421589101596673
1386421288302874630
1386421260939264000
1386421223874125824
1386421165548183555
1386420866662215684
1386420659094540297
1386420634582884352
1386420607324082176
1386420588877471745
1386420184378867712
1386419969437487104
1386419874394607618
1386419819105329154
1386419710401515521
1386419397359661056
1386419304204226563
1386419251754323972
1386419023286394882
1386419014369304577
1386418862917230596
1386418806986321926
1386418791978995714
1386418773243179010
1386418722273775621
1386418252113317888
1386418245335502861
1386418240314695682
1386417716274208769
1386417679905431553
1386417597134950400
1386417540453343233
1386417330897358848
1386417323964125187
1386417069713891328
1386416857985474568
1386416853241655302
1386416764976730113
1386416628984782850
1386416318090420225
1386416141082390529
1386415920285831169
1386415727775600640
1386415453929570310
1386415429967507459
1386415282537734147
1386414864722243584
1386414841515048960
1386414625323847682
1386414440338296833
1386414436877967360
1386414045268377601
1386413949617381378
1386413923457323012
1386413822861352967
1386413759124672512
1386413689243422723
1386413449027080192
1386413421864755202
1386413130914451456
1386413046923358208
1386412479438225409
1386412356465422338
1386412331077410820
1386412201808826370
1386412141700288514
1386412071495999490
1386411890314661889
1386411861919338501
1386411821762945028
1386411808144216065
1386411760207372289
1386411222656970755
1386411062803660804
1386411051529371649
1386410840912326656
1386410633424371714
1386410597068120067
1386410563975008257
1386410421825925120
1386410129763954690
1386409992723468291
1386409950629355524
1386409748401061891
1386409746165555200
1386409702301388802
1386409565651099649
1386409477751115777
1386409457891123208
1386409412969910273
1386409319030136834
1386409257122205698
1386409249278816257
1386363339857616901
1386363237919346692
1386363080515493893
1386362840454508551
1386362707637637121
1386362629023801344
1386362453349515264
1386362443300052997
1386362433736957955
1386362393983340548
1386362125858320389
1386362055318515718
1386361993934737408
1386361976582987783
1386361751474688002
1386361701499428865
1386360968100282368
1386360933476360193
1386360776852709379
1386360278938435586
1386360219232444419
1386360207186571268
1386359597414424587
1386359409639575554
1386359121843269637
1386358999755366400
1386358638483320836
1386358544488968192
1386358474964185088
1386358212987920385
1386358181123837954
1386357722711425024
1386357395564154882
1386357274512281602
1386356937835487232
1386356915651895301
1386356794633687047
1386356685284028420
1386356445873061894
1386356417469186049
1386356396002709504
1386356050513874947
1386355966086631428
1386355903880957957
1386355734682775552
1386355710770954240
1386355666189635587
1386355460056522752
1386355441538580482
1386355399155011586
1386355389139230726
1386355338992029696
1386355144309235714
1386354960640663553
1386354864209416192
1386354716825817102
1386354456372068353
1386354449476620292
1386354302730526722
1386353640328335365
1386353617410482177
1386353596451672065
1386353503879172099
1386353422530748419
1386353415551340546
1386353008724828162
1386352474227765248
1386352003677396994
1386351993711644674
1386351963437215750
1386351944453738496
1386351738127585288
1386351693479219200
1386351561794887684
1386351493561921538
1386351331741343748
1386351146344882176
1386350535360585729
1386350456411234309
1386350286122401794
1386349982572240899
1386349924472672256
1386349741336719360
1386348994373246983
1386348588968579073
1386348465584754690
1386348418751254528
1386271151807213570
1386270692753039365
1386270691209760769
1386269510815059969
1386269423103881218
1386269420612431876
1386269196733014017
1386268879228391424
1386268821292453888
1386268748684869634
1386268539233968130
1386268347646595078
1386268304713601036
1386267936642502656
1386267341156192257
1386267278128386049
1386267216375656450
1386266836845608961
1386266778557353986
1386266564144635907
1386266184178413568
1386265045747867651
1386264998545174529
1386264627403755521
1386263470681862145
1386263327454732289
1386263123305304066
1386262851204042754
1386262706647404545
1386262653572636674
1386262516607684610
1386262188306833410
1386261530132586499
1386261355704033282
1386261304973971456
1386261178930765828
1386260946629373954
1386260847035551744
1386260174726483970
1386259858568237057
1386259783431380995
1386259697146155009
1386259432405884931
1386258668765732866
1386258452197122051
1386257692986122240
1386257584701706240
1386257144513765378
1386257088112824332
1386256954507423747
1386256777189105664
1386256595986878466
1386256591993774080
1386256462826012678
1386256309356568578
1386256306567139329
1386256263739330563
1386256113549537283
1386393958809362433
1386393768983547907
1386393260474597376
1386393085987352583
1386392968278417411
1386392855900344323
1386392741425287172
1386392606846832641
1386392548869132288
1386392465742221316
1386392336876273665
1386392213521719297
1386392095917699073
1386392020990660610
1386391677598801922
1386391642601492481
1386391343727988739
1386391110293987332
1386390977158336513
1386390890344714241
1386390753698582529
1386390693799620610
1386390578229743617
1386390495354523651
1386390399095218177
1386390285685444609
1386390170723880964
1386390065685827584
1386389971313905667
1386389796390543361
1386389593365225473
1386389541393637377
1386389430785646592
1386389422216818690
1386389320026656775
1386389257187643404
1386389226908917762
1386389072617242624
1386389046260236288
1386388921014112257
1386388849530609664
1386388839430721536
1386388681515098112
1386388597167689729
1386388581296578560
1386388541974843394
1386388499004203009
1386388442553065474
1386388414505766915
1386388344255311876
1386388319102136321
1386388238852448261
1386388194380238849
1386388165808689155
1386388155255836674
1386388093901574146
1386388039501590528
1386388029166718977
1386388009356955648
1386387952348106760
1386387918248239104
1386387915471720450
1386387842767544325
1386387763587469312
1386387699590832129
1386387374855180288
1386387320237133829
1386387201701949440
1386387123121573891
1386387105652248583
1386387091563634688
1386387032688054272
1386386958767824897
1386386949607395329
1386386471070928898
1386386408252739587
1386386206049677313
1386385914218246145
1386385745930166283
1386385669740769284
1386385669510008835
1386385463662030849
1386385457064316938
1386385421827985412
1386385408767021065
1386385303640944640
1386385293805330434
1386385049252208640
1386384996932464642
1386384884483117063
1386384839281098757
1386384800777478144
1386384788001595405
1386384670863118338
1386384643604336640
1386384593880817667
1386384416566661127
1386384214350782467
1386384178275569665
1386383870187163648
1386383784342396934
1386383540124782595
1386383418938724352
1386383167284711432
1386382779378769920
1386382586398842882
1386382509550735364
1386382450981548032
1386382439090642944
1386382176254529536
1386382132705120256
1386381602314498051
1386381336458371074
1386380949684985866
1386380943657553921
1386380730649952265
1386380682981675008
1386380634604638208
1386380598248419333
1386380297726480388
1386380052275863554
1386379131496149003
1386378865077932034
1386409077501087749
1386408996748201985
1386408883866898435
1386408285910323202
1386408111393673220
1386408025234173955
1386407700561543169
1386407436383227905
1386407361019998214
1386407310755389444
1386407236617084937
1386407052931522560
1386407047214682112
1386407046405234689
1386407037911719936
1386406960027693056
1386406948468183041
1386406785293115394
1386406486805417984
1386406291866755072
1386406029613703168
1386406025113317376
1386405980414496776
1386405465890824193
1386405419434663937
1386405198613123077
1386405151628476421
1386405122591264771
1386405082015551491
1386405079863816192
1386404864264073218
1386404831196155905
1386404829723971584
1386404828687921157
1386404809419354112
1386404807003443203
1386404705652273153
1386404545069158400
1386404520616333314
1386404428727693313
1386404193263517697
1386404091337740291
1386404068940140544
1386403977453965315
1386403934789644293
1386403917156655104
1386403626038403072
1386403562570190849
1386403552692621314
1386403505636737024
1386403192338935810
1386403038089281537
1386402993398968323
1386402886347677697
1386402726007820288
1386402716784627712
1386402487964512275
1386402485758214146
1386402457798922245
1386402409652662277
1386402044525694982
1386402007779479555
1386401940385370112
1386401835699904516
1386401605965082624
1386401429296869376
1386401410351190017
1386401214120792068
1386401171196289026
1386401127093047298
1386400936432599041
1386400818706849799
1386400634245632001
1386400496144076801
1386400301549162502
1386400299573600256
1386400209035350019
1386400093910224897
1386400065854443520
1386399953472401409
1386399709674184704
1386399088153751554
1386399037226639367
1386399012874379268
1386398977742893057
1386398921858064386
1386398890312695811
1386398673852981249
1386398378284650497
1386398301734330369
1386398138622111746
1386398078609989635
1386398067998474240
1386397975597830147
1386397928252534784
1386397713806155780
1386397609003077632
1386397562979033092
1386397497191374849
1386397438974513153
1386397413535936513
1386397232136474629
1386397222154039296
1386397158207672323
1386397152352501767
1386397102377357315
1386396985700216835
1386396937327321088
1386396927114158080
1386396853449551872
1386396831756668928
1386396786743336963
1386396690312163328
1386396681583796225
1386396668933795841
1386396591003631617
1386396513006460931
1386396493142102019
1386396481158934535
1386396467410079746
1386396375860928512
1386396330386354177
1386396246072381441
1386395986453430274
1386395846967808000
1386395552938557443
1386395114495348737
1386395068244709377
1386394753365729283
1386394603545268230
1386394573245583360
1386394287915487235
1386394260153327617
1386394028367781888
1386394006720942084
1386439436465020936
1386439409143271429
1386439077117906945
1386438991616954372
1386438954476396546
1386438879549472772
1386438418318516227
1386438377818542085
1386438180790931458
1386438146309623808
1386438025635368960
1386437788338298884
1386437520703987713
1386437351379935238
1386437146102288384
1386436993194762243
1386436853222363147
1386436798772129799
1386436760389840899
1386436658430500864
1386436575043547136
1386436557289127936
1386436494928191489
1386436444277727232
1386436198227316740
1386436160315138055
1386435797012914183
1386435500483874820
1386435453411201026
1386435412302831625
1386435351351267330
1386435303284609028
1386435196086411266
1386434950560428033
1386434792200105986
1386434751993720836
1386434694988787714
1386434563803582465
1386434273469628423
1386434088643432448
1386433695188279296
1386433467076907008
1386433102315147265
1386433093939040258
1386433043355750401
1386433033813651456
1386432830096375808
1386432271603798019
1386432009313079297
1386431963997773832
1386431287393673224
1386431058757959683
1386430564316499969
1386430490123587588
1386430112975912961
1386429730866356224
1386429414620139525
1386429202455355394
1386429085690122241
1386428786153975810
1386428598114930689
1386428220355063808
1386428219113447425
1386428159109734401
1386428104906661889
1386428048304713731
1386427954079494144
1386427659534495744
1386427577296777219
1386427288745517056
1386427118754492417
1386426512866365440
1386426250059677700
1386426249476599808
1386426133474775042
1386426107361067010
1386425904440610820
1386425886984085509
1386425819359182849
1386425800128294913
1386425388197322757
1386425385601048577
1386425099968860162
1386424725123993601
1386424717066874880
1386424560392810497
1386424538661941250
1386424495624265733
1386424407917092867
1386424386362646530
1386348018241245188
1386347518078881796
1386347335194660867
1386346918096297984
1386346772205686785
1386346765524275205
1386346329668993030
1386345955390263296
1386345945433055234
1386345929289224194
1386345784736567297
1386345760229404675
1386345635985698820
1386345555669000194
1386345516871655425
1386345026926649345
1386344904259948545
1386344612785176583
1386344519746998273
1386344517234737153
1386344144130412546
1386344116527767554
1386344085745659905
1386343880614948869
1386343720564449289
1386343697961209857
1386343209970896897
1386342879182958594
1386342773738156040
1386342753584484354
1386342469864931332
1386342439028408323
1386342080042131457
1386341970407211011
1386341253843988482
1386341237561729026
1386340846166024198
1386340691601543175
1386340268287397889
1386340150419070981
1386339242834604038
1386338892161372161
1386338854169419776
1386338731641221121
1386338633980985346
1386338400542806017
1386338289393745921
1386338230937825281
1386338226378481668
1386338214974087171
1386338184414519299
1386338124373037060
1386337953492914176
1386337820885745664
1386337322715672579
1386337319742066688
1386337246274588675
1386337200464334848
1386336929977966592
1386336899418230784
1386336339222794240
1386336083596689412
1386335973768896512
1386335830999015424
1386335196568502281
1386335034236342277
1386334794481643521
1386334634129203200
1386334557100773386
1386334528059453443
1386334513282707468
1386334463228010502
1386333850394054656
1386333314336894976
1386333311472111618
1386333112070721542
1386209661116878849
1386209363207942145
1386209298129162240
1386209053521547266
1386207773814185986
1386207151534874631
1386206825121345536
1386206611472097281
1386206600231145474
1386206335516041219
1386206293031981058
1386206194277232640
1386205996280958978
1386205515412299786
1386204598235504641
1386204307448602625
1386202972632276992
1386202177455202308
1386201920960929792
1386201709739970560
1386201287562170368
1386200841166544897
1386200129040965636
1386199826124185603
1386199812756889600
1386198842316558337
1386197719161602052
1386195403658338308
1386194813129736192
1386194577825148928
1386240742675386371
1386240735935148038
1386240707799572480
1386240561665957894
1386240220430020608
1386240156710195201
1386239857081655302
1386239662948339713
1386239587295563779
1386239113054015489
1386239111208521733
1386239083387658244
1386238878709809154
1386238541198462977
1386238214206328832
1386238192408481792
1386237795149230080
1386237496250482688
1386236248277331969
1386236224504016900
1386236220267581442
1386236069222440961
1386235777286238209
1386235625469358080
1386235466538655748
1386234060884881409
1386233963446894592
1386233888821846017
1386233786753372162
1386233497833000961
1386232858721734657
1386232741885267979
1386232605171933184
1386232404180815882
1386231689253433344
1386231015102898176
1386230902674571265
1386230616824418311
1386230464709603328
1386230023997304833
1386229192371707904
1386229072360001537
1386228834454974467
1386228418858168326
1386227980633088000
1386227777163206656
1386227764672434180
1386227090434011137
1386226935806767104
1386226908317331456
1386226900096409603
1386226849580257285
1386226797868687361
1386226796094496771
1386226774355243008
1386226684211474432
1386226592922357763
1386226394485731329
1386226186460798976
1386226177090670592
1386226176507715586
1386226174599258112
1386225531180527619
1386225168561754118
1386225127759650830
1386224874868334594
1386224821273464836
1386224134053679105
1386223860702404610
1386223517935493123
1386223432837238784
1386223282513448964
1386223178964475909
1386222801883963393
1386222378166849536
1386222348462960641
1386222287146430466
1386222273644961792
1386222000599928833
1386221980656017411
1386221571333820417
1386221532029018115
1386221289984172035
1386220907153313794
1386220563006373888
1386220380780646400
1386220325621440515
1386220197355327489
1386219898293133312
1386219831184273413
1386219551986118656
1386219266672824320
1386218848496623617
1386218364918550531
1386217627924770816
1386217446277799936
1386216980550651906
1386216832143667204
1386216784093720577
1386216218865152007
1386215621365481480
1386215339835412485
1386215327445487617
1386215037241548801
1386214517592440832
1386214380249964546
1386214042956599296
1386213777515978756
1386212176071852034
1386212094375202818
1386211650466992131
1386211430576189440
1386211245582389248
1386211191760973831
1386210899002863616
1386210638985314308
1386210561025744897
1386116484439543809
1386115771886145536
1386114760085676032
1386114399820189696
1386114386247438338
1386113906746134528
1386111867072892932
1386111835674320899
1386111684528332805
1386111323524661249
1386111311243735040
1386111222592937985
1386111121212403716
1386111082033389573
1386110984100540418
1386110944556814342
1386110923379658756
1386110666612756492
1386110553702154241
1386110457753206789
1386110367982493698
1386109844273328129
1386109816494608384
1386109514370326528
1386108742047965185
1386108490356346883
1386108228120072196
1386108143806132224
1386107931662426113
1386107896824352773
1386107835143045122
1386107833842798597
1386107828662935556
1386317328313376776
1386317275754471427
1386316951518126083
1386316833121177600
1386316457261240321
1386316412516454400
1386316281394069506
1386315854074232835
1386315808922554371
1386315666773348352
1386314977196314626
1386314624685981703
1386314296032964609
1386314163643842560
1386313367246213120
1386313269657448449
1386313133262770176
1386312499016863744
1386312343794163723
1386312203020742660
1386312102709653504
1386312031712595979
1386312015916912644
1386311956370440196
1386311785435652100
1386311781484699652
1386311583396151300
1386311440043229184
1386310371451887620
1386310019528806400
1386309786099138560
1386309416488632325
1386309411770044422
1386309400143540225
1386309076091645955
1386308810403319813
1386308463811203074
1386308274681614338
1386308219258249217
1386308117139529728
1386308093928087552
1386307693153898500
1386307125157273606
1386306774693814273
1386306317703208963
1386306000420970504
1386305756425826309
1386305707457359876
1386305476262916097
1386305406343974914
1386305352317247488
1386305269655691267
1386305065875480581
1386304628644450308
1386304280664047621
1386304268664180739
1386304025692409858
1386304016716533761
1386303876572323848
1386303842967453702
1386303816321097731
1386303711627026432
1386303674348195842
1386303633420136453
1386303580685144069
1386303488741711877
1386303359305482246
1386303298785857543
1386303113053700098
1386303068023705603
1386302928382738434
1386302622332710915
1386302587729702912
1386193395635392512
1386192989161205761
1386192967581327366
1386192287575674884
1386191989591400449
1386191810343718912
1386191780438237184
1386191713891356674
1386191689652506625
1386191632681168897
1386191620345712640
1386191609134452743
1386191563387072513
1386191559092232193
1386191541971169280
1386191453613875202
1386191251146383361
1386191088524808195
1386191004005511169
1386190860379885569
1386190625012322304
1386189949456769024
1386189884990230529
1386189741801054209
1386189442034008065
1386188703794532361
1386188671553056770
1386188568280764418
1386187941601431552
1386187923649875971
1386187814560145409
1386187566463045643
1386186851275337728
1386186814881353731
1386186796816605185
1386186225615360000
1386186202768883712
1386185121330466820
1386185059544170496
1386184138407833603
1386183657350647808
1386183317431619588
1386182856502697984
1386182823984308228
1386182256738381824
1386181993709309952
1386181841565138944
1386181121965281281
1386180588269314049
1386180484959379462
1386180394966413317
1386180283175628800
1386180164556496896
1386180082356473858
1386180049745948672
1386179939569917953
1386179836108951553
1386179689811791873
1386179271824011264
1386178868688560133
1386178714413666304
1386332522963996673
1386332324753723393
1386331298042634245
1386331111844896771
1386331099308122114
1386331074876350466
1386330399694065671
1386329929114075140
1386329729611952129
1386328443521048582
1386328325115813891
1386327638105497609
1386327560175464454
1386327028719226885
1386326645049413634
1386326573050073092
1386326567601725440
1386326325930172427
1386326305768099843
1386325910312394752
1386325829366566914
1386325766045057026
1386325685577396232
1386325511962460161
1386325354936111104
1386324638985179140
1386324526129102855
1386324519212703751
1386324492339744771
1386324485712883713
1386324420411543552
1386324313020719110
1386324265125912584
1386324028223283200
1386323932815429632
1386323929015283721
1386323790767005698
1386323740410191872
1386323708940197889
1386323607882801153
1386323514144149507
1386323504572747784
1386322757336526851
1386322562569801739
1386322421502734338
1386322251323265024
1386321796308389892
1386321464807370754
1386321097415565314
1386321022316544004
1386320982806188043
1386320599358705664
1386320469696069636
1386320325172809736
1386320318873051137
1386320164053032962
1386320147506466821
1386320091940376578
1386319939083116544
1386319837434101776
1386319164072251395
1386319123290988545
1386319005913395201
1386318986720079876
1386318662664065026
1386318537170509826
1386318307104485386
1386318191283081216
1386318153546797062
1386317881407725572
1386317796418539521
1386317713799225349
1386317593267609603
1386317553367085061
1386317506512556040
1386163053285167104
1386162992274976776
1386161214930173956
1386160058334121984
1386159566589673472
1386159261122764801
1386158392922812417
1386158340208742401
1386158003838201857
1386154277484343296
1386154236690550793
1386153613072998402
1386153269320327168
1386153102349377536
1386150751303618561
1386150675248205825
1386150515570999298
1386149847485538305
1386149469213708293
1386148822091374592
1386148575344840712
1386148116739592193
1386286412614410243
1386286287192092673
1386286180715618308
1386286059399438338
1386285910002700290
1386285712656322565
1386285612433563655
1386285578501697546
1386285564442431488
1386285552811483137
1386285461916708864
1386285406849748993
1386285213550923777
1386284994608340999
1386284473373712388
1386283917347631104
1386283667975249920
1386283552619257861
1386283356996968448
1386282965169102848
1386282830259490823
1386282774101827585
1386282694527512581
1386282523894894593
1386282279169773572
1386282173469270016
1386281445363175426
1386281431425437703
1386281157499686912
1386281114487205888
1386281076629413888
1386281027090493442
1386280575049342977
1386280499954520064
1386280280089112579
1386280166675124225
1386279899053363201
1386279848155430916
1386279685886205954
1386279484165296134
1386278583551905792
1386278388650885120
1386278385215676417
1386278332384301057
1386278003718692865
1386277827293614080
1386277596179075073
1386277109715415040
1386276524479979522
1386276138541068291
1386275325278101504
1386275317304733697
1386275021547573250
1386274801178742786
1386274170963734533
1386274014851649537
1386273839265591296
1386273349173645314
1386273347340734465
1386273122983321600
1386273056503500800
1386272989608509445
1386272180284108803
1386271715228012546
1386271382435209219
1386271352001286144
1386255923304308745
1386255828022272002
1386255800205602816
1386255672841367552
1386255476468314114
1386255233278480385
1386254572482596867
1386254225731047427
1386254128800804864
1386254073314304000
1386253848088653824
1386253429346082827
1386253342863679489
1386253190820028417
1386253104044253184
1386252977585987584
1386252894630985732
1386252406204346368
1386252215036354562
1386252101639188480
1386251989554712580
1386251901113704449
1386251610565664770
1386250413507325954
1386250364584964099
1386250247257657347
1386249720868261893
1386249692623818755
1386249653440634880
1386249364318953472
1386249238808432643
1386249205795205120
1386248073861648389
1386248009437126658
1386247776137211905
1386246812202328064
1386246733605318657
1386246646036668416
1386246381396844547
1386245814259965952
1386245712455798784
1386245677286445056
1386245673343987712
1386245022136291329
1386244275063640064
1386244111842398209
1386243669355794432
1386243173723344896
1386243169587769345
1386243000330854402
1386242921825964032
1386242608410857472
1386242278637797380
1386242031337439237
1386241592625930242
1386241543070175233
1386241446559338496
1386241125955026945
1386240945268707328
1386240896321179648
1386378720148029442
1386378712824885253
1386378662409289729
1386378395282456580
1386378381655162881
1386378310322585602
1386378260452462593
1386378052574273539
1386377768590618626
1386377369271906308
1386377356651245579
1386377281812275200
1386377066321428484
1386376586472136718
1386376347833020417
1386376245026373634
1386375372703416324
1386374960797601794
1386374631519657984
1386374492457472001
1386374469900451840
1386374444948627461
1386374065464688648
1386373789982904320
1386373770261278722
1386373718948073476
1386373456871272448
1386373411685994496
1386373403330834437
1386373147390357507
1386372810088632327
1386372758624428035
1386372150630694914
1386371879577993216
1386371787932450818
1386371760371666945
1386371698409287681
1386371617228529678
1386371482402516992
1386371018445529096
1386370850018840587
1386370828535799808
1386370512419495939
1386370435726643200
1386370432534605825
1386370348657094657
1386369767108489217
1386369609171824642
1386369607427137537
1386368917711441920
1386368824585424899
1386368774807474181
1386368314197397510
1386368242965438464
1386368132470788102
1386367961267646467
1386367846742102026
1386367699463331844
1386367612897083396
1386367517593989123
1386367420416331777
1386367091838685184
1386366734945460229
1386366571690569732
1386366477444554753
1386366237001674753
1386365983561068550
1386365739121119235
1386365648675250176
1386365558841618432
1386365329044123651
1386365219035697164
1386365004086235141
1386364662690639874
1386364623583158277
1386364613424467975
1386364517257555979
1386364452044484618
1386364400815288321
1386364276240117764
1386364183663452161
1386364002905776128
1386302174045499396
1386302062758137858
1386301575434436615
1386301506261962759
1386301006183419906
1386300995341209601
1386300658412888064
1386300478288392198
1386300356062294016
1386300112628981769
1386299950397415424
1386299779265835008
1386299763419721729
1386299507227336705
1386299470392872960
1386299468144955394
1386299270224125953
1386298296977674244
1386298074989883393
1386297690632462347
1386296946864840709
1386296742358880257
1386296299742445568
1386296007265226759
1386295854907146246
1386295814444785669
1386295797285801986
1386295711910793220
1386295302991355904
1386295234137628676
1386295218857811968
1386294655034089480
1386294605415469069
1386294572007968769
1386294246995595264
1386293933471408130
1386293701845028870
1386293554318823426
1386292208463081474
1386291679422988289
1386291549974134790
1386290946594152450
1386290338348818432
1386287628182503425
1386287401291628546
1386287213122662400
1386147776979931139
1386146710754402305
1386146695134826496
1386146444042702848
1386146135786598400
1386145764330680321
1386145562626568193
1386145437933916161
1386145430929645575
1386145365070471172
1386145238549401600
1386145124623785986
1386144832159195136
1386144460401102849
1386144232289800193
1386144070058139648
1386143602993242114
1386143362781106177
1386143258514968576
1386143052251770880
1386142663808802818
1386142247222185986
1386141448664502275
1386141408785010690
1386141119558438913
1386140610235666432
1386140582750277635
1386140406639902729
1386140334288105475
1386139671726632961
1386139195064913920
1386138074552291330
1386138007602929666
1386137860177281026
1386137604526051328
1386136336734765059
1386136299782873088
1386135996274823169
1386135906415960066
1386135613095780359
1386135586767982594
1386134826655260673
1386134791989383168
1386134068996177921
1386133345772310528
1386133240151379968
1386131630767570949
1386131599679442946
1386130312464191499
1386129851107717122
1386129821181169667
1386129820162138120
1386129292086624258
1386129037551050752
1386128750937616384
1386128423311970305
1386128093035728897
1386127813917351939
1386127294423453696
1386127273150009345
1386126546763538435
1386126290521006089
1386126145142263808
1386125914547924992
1386125679851364352
1386125423319261189
1386125383398051841
1386124330288001027
1386124278425276419
1386124073009360899
1386124060988424197
1386124044991401988
1386123838170308611
1386123533793865730
1386123286111784961
1386123077717831682
1386123071841476609
1386122901376716804
1386122788063391745
1386122754441707522
1386122550263095305
1386122340443033603
1386122249657364480
1386121955573518337
1386121914242977792
1386121718737956864
1386121705203113989
1386121590799171589
1386121440190103553
1386121068574699523
1386120977206194177
1386120707252367368
1386119975149006848
1386119773839187969
1386119421224226817
1386119304387596292
1386119257105203208
1386119225006125057
1386119064624394243
1386118840661143552
1386118602470817792
1386118061602738176
1386117926797807618
1386117754823008259
1386117692311146503
1386117640637227012
1386117399783493635
1386117345970573315
1386117306795892738
1386116943648727041
1386454576031834112
1386454381248212992
1386454180399783937
1386454104533258242
1386453537874489348
1386453490168438786
1386453370055970823
1386453093290627074
1386453043496067080
1386452975095328778
1386452912096911366
1386452587772137474
1386452073521184769
1386451741198229509
1386451286560751619
1386451212250267652
1386451135561707526
1386450785916133378
1386450643100082179
1386450621717532678
1386450588620234753
1386450315893899265
1386449589214097411
1386449578723921922
1386449529877274628
1386449097473802247
1386448590357286912
1386448518118875138
1386448503300366338
1386448459587280904
1386448185284046853
1386447717476421633
1386447558768275460
1386447539730255872
1386447513922809856
1386447497107738629
1386447334242852865
1386447138616348672
1386447095154970632
1386446921137537024
1386446748558704645
1386446589720371203
1386446587656691712
1386446503770693632
1386446427417583622
1386446196328259590
1386445936797356037
1386445802046988290
1386445600594350084
1386445547423211520
1386445534395764747
1386445484743593984
1386445040298467330
1386444909490712579
1386444906315517952
1386444832801972225
1386444753747722243
1386444714476376065
1386444659199774730
1386444507353272320
1386444006809378816
1386443877750431744
1386443807021932544
1386443768153493508
1386443079830343684
1386442813097738241
1386442768466149376
1386442452983328768
1386442338789064708
1386442256463368196
1386442167435120642
1386441810222850049
1386441720179707908
1386441462989086721
1386441414020501506
1386441222718332931
1386441082284675073
1386440876256202753
1386440818651582466
1386440756437471236
1386440673121931266
1386440121549950981
1386440014721019904
1386439776992038915
