1364541828897374209
1364540224139837448
1364538514382221314
1364538057672843268
1364537684593504256
1364537683557707778
1364537677526294532
1364537476438704129
1364536906525134849
1364536837587492870
1364536459080835073
1364535975066615810
1364535208834437126
1364534941359493121
1364534600601600004
1364534295923216388
1364534151966261249
1364534131623878660
1364534079891386370
1364533724302442498
1364533541548085250
1364533266557009920
1364532090142740480
1364531990439940102
1364531835955421185
1364531691558105094
1364531593759621123
1364531524465397760
1364531423160520715
1364531121380151297
1364530928773591042
1364530166920212480
1364529628761763841
1364529146190319619
1364528990342504450
1364528854870720514
1364528810964758530
1364527486416003081
1364527094663766018
1364665557182795782
1364665555593146373
1364665219998490627
1364665066990272518
1364664869287419905
1364664618724057094
1364664475949924364
1364664299843702785
1364664098739408896
1364663865477226503
1364663840420425729
1364663810385203204
1364663740252225536
1364663456121634817
1364663438987911176
1364663298101182464
1364663108703309824
1364663018659868676
1364662731597631492
1364662681714614274
1364662620708507648
1364662241321242628
1364661977306513409
1364661864769191941
1364661505833197571
1364660968433848332
1364660807464706048
1364660554216968192
1364660382149746689
1364660374285545477
1364659481955758080
1364659224886747136
1364658891766726661
1364658888532893698
1364658104965750785
1364657207946735617
1364656992262844417
1364656872989614087
1364656550275469313
1364656404292845571
1364656111991726081
1364655975219798018
1364655367083331586
1364655024098447363
1364654539425603587
1364654277113901060
1364654152895369224
1364653805833498632
1364653029962575873
1364652639317819392
1364652458132258828
1364652423005016077
1364651442645123075
1364651312495947779
1364651247186423813
1364651110963712003
1364651056546930688
1364651024628084736
1364650845464313858
1364650730674610184
1364650673397248001
1364650669790085130
1364650548163608576
1364650498217963521
1364557057723162628
1364556372042514441
1364553976428040198
1364553867359313921
1364553760316489728
1364553397798637568
1364553328764407808
1364553202633486336
1364552932599955456
1364552427505131523
1364552042837073926
1364550797657268229
1364550620951293953
1364548517579079682
1364548203970916360
1364547341907333120
1364546192575770627
1364546045078876163
1364545776995753985
1364545045173391362
1364543961910673412
1364543853437612037
1364543661434834944
1364541982002081793
1364478777548566528
1364477913366749186
1364475943880900610
1364475637889601538
1364473634375430146
1364473170791518208
1364472599401689089
1364472254931890176
1364471857206996992
1364471842262704134
1364471353450106881
1364471189754830850
1364471086411358209
1364470990626033664
1364470909793423364
1364470496511803395
1364470490165776384
1364470049252245505
1364469484887547904
1364469258424643584
1364468713953648642
1364466969890676739
1364466030966419457
1364465959956848640
1364465852897189890
1364465772744032260
1364465562668195841
1364465368635498497
1364465255741607936
1364464906985070594
1364464314426548225
1364464034611888130
1364526041054777347
1364525861257555969
1364525851086229507
1364525493198811145
1364525370855292929
1364525298981752834
1364524842666631169
1364524284870156292
1364524050278731777
1364523734552383491
1364523395602292741
1364521831215099905
1364521823065567232
1364521743986130946
1364521466570674182
1364521026168762372
1364520570738667520
1364520210447925248
1364520183264649216
1364520010211758080
1364519940481454082
1364518805448368128
1364518591949774850
1364517708197421056
1364517130029260809
1364516986575872000
1364515657820344322
1364515413606813697
1364515325971169281
1364514659215282176
1364514347171667969
1364512877575626752
1364512629083967490
1364512363135655940
1364512020410859520
1364448543533125633
1364448206378176513
1364448090728632322
1364447724142141442
1364447529547497472
1364447319635021826
1364446028167057408
1364445717117292550
1364445157219794945
1364445055587647490
1364444210221441024
1364443972589006850
1364443693306966016
1364443688785506306
1364443228464836611
1364442025488093191
1364441972459601920
1364441433487327232
1364441413723774976
1364441285474611201
1364440999649443846
1364440799036006403
1364440406281359361
1364439818407731200
1364439203208187906
1364439117518557184
1364438479007006721
1364438251151491072
1364437131641446402
1364435897651924992
1364435646333485057
1364435219059642372
1364726529968590850
1364726498205327361
1364726395654447105
1364726255858425859
1364726237399244802
1364725954619133956
1364725271547564033
1364725122620264450
1364724690086891522
1364724580036788225
1364724483832098819
1364724422678994944
1364724301547585536
1364724287932796932
1364724287911849985
1364723575375167494
1364723031726313472
1364722693258375169
1364722645124538370
1364722371463155712
1364721967966785536
1364721686894030853
1364721672616558598
1364721176606613506
1364720650972254210
1364720595733278720
1364719761846792192
1364719532779081732
1364719524369469443
1364719485958160387
1364719470980300800
1364719299622014988
1364719254667292672
1364719039243771907
1364718100109697031
1364718039283822595
1364716531469410306
1364715895596208130
1364715691300028418
1364715686212349955
1364715367990497281
1364715046945755136
1364714871724650498
1364714713540608005
1364714697082109952
1364714619718299648
1364714391980175364
1364714387198668814
1364714291501424644
1364714109363748867
1364714101948047363
1364714098684923904
1364713884033159170
1364713479316332544
1364713266358800384
1364712794172579848
1364712758168719365
1364712198719889411
1364712130923159556
1364712025205710852
1364711747702161409
1364650457960910848
1364649967436980225
1364649809827811329
1364649738117734400
1364648464630632449
1364648209910480897
1364648177484390401
1364648098983739396
1364647903705325568
1364647828614574080
1364647788156452875
1364647785862062084
1364647721726930944
1364647653204758533
1364646518020530180
1364646293340114944
1364645841286422529
1364645512071241735
1364645418685124614
1364644310851887106
1364644207084806144
1364644192744472577
1364643896207175680
1364643531080364033
1364643128183975941
1364642065846444032
1364641662052540422
1364641462156218369
1364641393495470086
1364641361161449472
1364641043552079884
1364640800143892481
1364640787049365507
1364640234084970502
1364640197992878083
1364639769133608963
1364639403692478465
1364638856650235905
1364638584402239493
1364638142079369220
1364638034814197765
1364637864336719878
1364636290524839948
1364635940220674051
1364635613798928384
1364417605109309440
1364417493175918592
1364416802269315073
1364416760221433857
1364415880621252609
1364414099342258180
1364413840864120835
1364413248913567745
1364413195880865796
1364413169074982914
1364413007711916035
1364412768485433345
1364412509491400707
1364411769377144834
1364411548157046788
1364411398265077761
1364411146724405251
1364411047239589890
1364410799121436673
1364410796038516736
1364410715608596482
1364410404806352900
1364409967013486598
1364409060099903488
1364408902117285891
1364408817279250433
1364408184052547586
1364408105342230528
1364408032034238464
1364407828757295106
1364406511460438018
1364406348037955584
1364406156685410307
1364405920210501634
1364405446522585092
1364404589450186755
1364402608413282306
1364402519145906181
1364680732031938560
1364680414561001475
1364680385993531392
1364679057116397570
1364679023926812672
1364678975130394636
1364678616165015552
1364678325910704130
1364678291139928069
1364678169693839360
1364678094787907586
1364678040954032128
1364677991440084993
1364677884040855554
1364677757259677698
1364677385501638656
1364677300826959874
1364677139086286848
1364677082429595650
1364677053744697345
1364676756536451074
1364675884381306889
1364675829230276612
1364675062008221698
1364674633908240385
1364674436373176323
1364674368060592135
1364674364218695680
1364674342987071488
1364674338394316800
1364674102108299266
1364673902035824644
1364673586829533184
1364673559554056194
1364673428196708355
1364673370692837377
1364673296999059458
1364673210294353920
1364672993130119173
1364672591823208448
1364672573318037505
1364672498487463947
1364672130386919429
1364671726274101254
1364671291387740160
1364671221548408833
1364670957911035908
1364670776117497859
1364670673885433856
1364670461016117248
1364670377788665857
1364670346222182400
1364670163073830913
1364670150511763465
1364669876418326530
1364669838321418240
1364669646503313408
1364669561933594628
1364669424217767936
1364669390025711618
1364669222622748677
1364669032692088836
1364668778320166915
1364668770514444288
1364668569393496066
1364668415709831169
1364668311120838657
1364667961714204673
1364667587301232643
1364667361526218763
1364667027261190144
1364666945811849219
1364666709400031236
1364666635403976710
1364666624037572616
1364666583688351746
1364666364397502466
1364666259275722756
1364666255500664834
1364666101871730689
1364665861978611712
1364665748665360386
1364463653064441858
1364463332070072320
1364463090117480454
1364462966809137155
1364462651795980288
1364462644883841024
1364462219266646018
1364462011627671553
1364461055678685185
1364460710235934721
1364460493461667847
1364460467670945794
1364460108357525505
1364458657287528449
1364458190457495553
1364458186330136577
1364457710280839173
1364456791845736448
1364456221785395203
1364454744081620999
1364453917770321920
1364451139022778368
1364450320634372096
1364449319798079489
1364449245541978112
1364448922920345601
1364494281281536006
1364493835787714561
1364492799551303683
1364492431576739842
1364492382503383040
1364491597040222208
1364489976713478144
1364489773772124172
1364489659133415425
1364489509279309833
1364489505026277377
1364489013642502147
1364488383029014530
1364488355753426946
1364488221879660544
1364487488887091201
1364486662194139141
1364485892979773443
1364485884524003334
1364485480289607682
1364485012523950080
1364483695516786688
1364483362749116418
1364481863369297920
1364481145757384705
1364480598203531266
1364480257072521219
1364479563275804673
1364604158020517892
1364603954655612936
1364603703655858183
1364603361744543747
1364603264092811264
1364603044827197444
1364603037252206594
1364603009410416642
1364602992947699715
1364602596825198593
1364602561819381761
1364602425827594240
1364601919956799490
1364601724971847685
1364601583464497157
1364601087244738561
1364600993246281728
1364598686110547969
1364598544661950468
1364598393658515462
1364598023213486080
1364596316765097989
1364596227225051142
1364594863912734720
1364594702524252161
1364594198117314561
1364593988280475656
1364593888460120064
1364593133724463104
1364593117085667333
1364593110345388035
1364592655854895105
1364591247999008768
1364590920486821889
1364590327433199618
1364589952357523457
1364711269627002888
1364711205839978496
1364711182620237828
1364711050847940609
1364710796324921347
1364710787630190594
1364710446436126725
1364710426844426242
1364710374239535109
1364710302886072331
1364710118189903872
1364709808423768068
1364709798814572545
1364708913090805761
1364708650179198978
1364708348201943052
1364708046950199296
1364707662403952642
1364706969798537223
1364706861900050437
1364706810729402370
1364706677782626308
1364706671767875586
1364706560363040768
1364706281966215169
1364705963220082688
1364705795817017345
1364705564954009601
1364705483651616769
1364705285848264706
1364704226920849409
1364704039057772545
1364703583095164931
1364703158220558338
1364702755055542274
1364702633462743040
1364702152141271050
1364702084097056771
1364701896129318913
1364701763744456704
1364701757868105728
1364701570928099328
1364701093956100100
1364700938540224520
1364700492601970691
1364699950819532809
1364699362358665217
1364699056124084225
1364698513280536577
1364698338659041286
1364698291846475779
1364697823229448194
1364697418936299531
1364697265617727489
1364697091696713739
1364697013816860682
1364696194400845830
1364619545256857603
1364619145636151306
1364619084483227652
1364618676754866177
1364618605556600838
1364618009462132739
1364617667294994437
1364616832242565124
1364616565015019521
1364616490352263169
1364616444323971072
1364616059173695490
1364615508004245504
1364615352924196870
1364614972555354114
1364614214241943560
1364613721188925442
1364613405915705344
1364613281604796419
1364613223366860802
1364613059331899394
1364612523769610241
1364612092410658823
1364611787535101956
1364610844173213700
1364610746139762689
1364610512345063425
1364610449694547975
1364610261060120580
1364610057762136064
1364609502662840320
1364609251348520962
1364608875228319745
1364608814692118528
1364608755736829956
1364608675608887297
1364608412026347526
1364608198225784832
1364608008672714757
1364607904410718217
1364607470153441282
1364607297792724993
1364607108457631753
1364606999124717569
1364606599701139458
1364606146913341445
1364605974032625666
1364605923659042818
1364605142943690755
1364510064451727361
1364509852391923720
1364509777229930497
1364508288583360512
1364508127564021760
1364507947792011265
1364507650273259521
1364507427232702464
1364506948180320257
1364506616226267139
1364506413905694720
1364506335270871043
1364506182610792449
1364506167154794498
1364505287990902784
1364504356687654912
1364502005281148932
1364500342025695232
1364500010428153858
1364499881809891330
1364497901221732352
1364497350409019403
1364495760864272386
1364495268977205250
1364433163011858433
1364430837727588352
1364430518469554178
1364429251898970117
1364429217719582724
1364428970096214017
1364427697074495492
1364427245561933827
1364425317943631875
1364422295301750787
1364422107409641474
1364421865628860425
1364420629995401219
1364420291309563906
1364419944067309569
1364418888293781507
1364418723587756032
1364418538480394246
1364588822248439812
1364588539472736260
1364588518987739139
1364586379339059205
1364586110291038214
1364585641657454599
1364585256876052484
1364585152047951872
1364585009080725504
1364584493269594116
1364584298268004359
1364583432022614022
1364582977540399112
1364582970158383107
1364582955482566656
1364582438022885381
1364582107851415555
1364582026515390464
1364581160605671428
1364580049886846976
1364578820775239686
1364578127977054208
1364578089137819653
1364576604635168770
1364576217249292289
1364575972775915525
1364575562459721731
1364575261740720129
1364574552886554624
1364574208940990468
1364634953540009986
1364633801163440137
1364632781574180866
1364632453256773632
1364632275242131465
1364631831598030855
1364631829144305664
1364631659929239563
1364630799312711681
1364630586330120194
1364630445338488836
1364630366192087040
1364630123299889162
1364629591332118528
1364629492170391552
1364629483001634818
1364629118994759688
1364628734133862402
1364628224316039182
1364628026466598915
1364627890294296580
1364627803564634115
1364627750263398410
1364627709654011912
1364627487251177480
1364627041140760581
1364626560096043008
1364626178427002883
1364626163994415108
1364626141148024836
1364626012361945088
1364625839699218435
1364625772711919620
1364625757084004360
1364625202638807050
1364625072195993602
1364624992923619331
1364624544183574534
1364624519877435400
1364624261378433025
1364624056100655110
1364624018763046918
1364623881479184389
1364623634879418369
1364623580189794304
1364623533557514243
1364623224437415939
1364622946518654977
1364622863794380805
1364622470146367488
1364622277342593025
1364621950082043908
1364621938501570563
1364621412200189957
1364621407196491779
1364621164711190534
1364621109388214274
1364572707451523082
1364572319788711943
1364572232538853378
1364572211370205188
1364572160338067456
1364572067778166784
1364571849716244480
1364571274127802373
1364570879582220291
1364570458834821125
1364570261744279554
1364569624172355587
1364569191982972928
1364569080519397376
1364569072587923457
1364568959283040258
1364568403504226306
1364566980653703171
1364566603568922627
1364565730507767812
1364565230978703360
1364564484946235392
1364564365396103173
1364563504053772289
1364563450341457924
1364563079313432581
1364562756993695744
1364562753940291585
1364562693064060937
1364561598489128962
1364561456373637125
1364560694943895555
1364560249122865155
1364559875825684491
1364558567894876162
1364558365637152772
1364557773061709827
1364696120316805124
1364695392760307716
1364695062354030592
1364694993894404100
1364694727115743235
1364694662401826818
1364694463734419460
1364694423028776960
1364694069058936841
1364693854306197505
1364693718314274817
1364693234795094018
1364693169934319619
1364692968293224454
1364692779222392837
1364692149904711680
1364691937912123393
1364691876759019520
1364691610777374720
1364691603248455681
1364691494225862658
1364691348700475393
1364691189870526474
1364690934986801152
1364690354667053060
1364690201075802117
1364690032351711234
1364690018967633922
1364689546168987651
1364689455345520647
1364689388748201989
1364688528777576451
1364688451208056833
1364688374427226116
1364688361265356803
1364688079748005900
1364687997350912014
1364687750327377923
1364687530386460673
1364687482734972929
1364686374889263111
1364686333176926209
1364686287173791757
1364685673609920513
1364685483205353473
1364684459505762306
1364684378169827332
1364684057339179009
1364683601409761281
1364683423923724295
1364682870502150146
1364682828718432256
1364682407899709440
1364682114965245953
1364681500252278788
1364681461098455041
1364681329758117891
1364681277887160324
1364681135700275206
1364370278361391110
1364369592244666372
1364369233552044036
1364368982963224577
1364368534546046984
1364367863784628235
1364367428659019777
1364367337386868739
1364367224639795208
1364367063263956997
1364366418188394496
1364366168371437570
1364366091162701826
1364365805857755140
1364365565800951815
1364364678118469635
1364401802955927552
1364401047867899913
1364400501761040390
1364400033949507584
1364399811039027203
1364398817194479616
1364398390390317060
1364397920385138693
1364397487335825408
1364397384562741251
1364396836304392196
1364396495764656130
1364396493189357568
1364396482594541571
1364394713076232193
1364394620906598407
1364394142114058241
1364393389748281346
1364393333968277505
1364392790814191617
1364391040048857089
1364390716638658564
1364390678487314436
1364390550691082243
1364390310470582274
1364390222776074240
1364389584008749056
1364389473505603585
1364388751246389249
1364388246432608260
1364387064951758854
1364386517884493828
1364386159871328256
1364386157891575808
1364385164961275909
1364385095113723904
1364384542040018948
1364383989843308548
1364383483192369157
1364383026617098240
1364382116704878592
1364380604582748161
1364380362839912452
1364379847234043911
1364379709522518017
1364379664785887233
1364379550621200384
1364379528764784641
1364379124693938188
1364378752696737796
1364378607079088128
1364378436551245825
1364378391546236928
1364378049194565632
1364377902733815808
1364377569114476546
1364377156709662722
1364377034110164995
1364377004854943745
1364376984390836229
1364375599498874880
1364375412562792450
1364375337363271687
1364375225526329348
1364374545600282628
1364374532543438848
1364373867335196673
1364372962925805571
1364372275882061827
1364372014333652994
1364371974080794625
