1350517539701342208
1350517497301266435
1350517291977306112
1350517258070712329
1350517248033652736
1350517227796242435
1350517225086742529
1350517163275280387
1350517106538934277
1350516889223655424
1350516833380663300
1350516809229864960
1350516672071925760
1350516667303006211
1350516658503344130
1350516630695112705
1350516335239839744
1350516245263691778
1350516198816018437
1350516197306019840
1350516159066513408
1350516054930325504
1350515964131962880
1350515807009316864
1350515595851124736
1350515368163328000
1350515267202404354
1350514970979684357
1350514860640104458
1350514765148401673
1350514601423679495
1350514566141145088
1350514498667479044
1350514486982160386
1350514347076841472
1350514335962030080
1350514257092349959
1350514157397880833
1350514127438012416
1350514050787110914
1350513925272567809
1350513877398790144
1350513766190903296
1350513515627479045
1350513426846666754
1350513208486842369
1350513152044265472
1350512890663612418
1350512889606582272
1350512866881843200
1350512847571324931
1350512838746505217
1350512837387554818
1350512783847272448
1350512721075318785
1350512666801008648
1350512657565163524
1350512647758700546
1350512609305493508
1350512575155499016
1350512564225105922
1350511852413988866
1350511828674088960
1350511387290820608
1350511363538341888
1350511250694922244
1350511247746326529
1350511090074087427
1350511074961838081
1350511052396523520
1350510982766985221
1350510951620087809
1350510705833881602
1350510437528461318
1350510373959565312
1350510336093388802
1350510230426288129
1350509948430647303
1350509649137704963
1350509573422133256
1350509572419678216
1350509387782098946
1350509285424459776
1350509250456530949
1350509177270132739
1350509157850492930
1350509098912006144
1350508991487614976
1350508822624829441
1350508772901326849
1350508533754769409
1350508164089839617
1350508083966058503
1350507980136083458
1350507854634115075
1350507729870327820
1350507687709204484
1350507610068365312
1350507540451307521
1350507434138349568
1350507368694603777
1350507247256928257
1350507149017845760
1350507107242577920
1350506887041658886
1350506773778722816
1350506366394376195
1350506278850686978
1350506268486758401
1350506212383666179
1350506177805901824
1350506166439317509
1350506150895169536
1350506129495883776
1350505946947211266
1350505718617677825
1350505671008133120
1350505580662673408
1350505505077092352
1350505325439414272
1350505228072869891
1350505213296320514
1350505008677195781
1350504952427372544
1350504548222308356
1350504339769618436
1350504299542011906
1350504266444767232
1350504178846720005
1350504173733818369
1350503538229702656
1350503256359903233
1350502901102370817
1350502889236606978
1350502742595395584
1350502647879528448
1350502625050054664
1350502555785289729
1350502501754273805
1350502494284230657
1350502485954355200
1350502472075374592
1350394215302311944
1350393978412298243
1350393466027708416
1350393448722030592
1350393182979297281
1350392998736093184
1350392939919273985
1350392804795510787
1350392555758751747
1350392467254743042
1350392404671655943
1350392240229801987
1350392171610992640
1350391717397221376
1350391569107582976
1350391349175083008
1350390956604928000
1350390589389500416
1350390526332211201
1350390378290180098
1350390357620568064
1350389981903269890
1350389877460905985
1350389828760662022
1350389710666027008
1350389162910904322
1350388939035734018
1350388781560569856
1350388426307063808
1350388381054873600
1350388222556336128
1350387730874822658
1350387376292585472
1350387190044344324
1350386965527584770
1350386819440013313
1350385765067313152
1350385509508542470
1350384907671924740
1350384383224647685
1350384226823073793
1350384193784582148
1350384005070409728
1350383418018816000
1350383222010617856
1350382595863941121
1350382244003721217
1350381735322808321
1350380191894405121
1350256811480379392
1350256726247956482
1350256650649698307
1350256232100147203
1350255588740132871
1350255470334849026
1350255198049099783
1350254616613703680
1350254465790697476
1350253625377865730
1350253255981477890
1350252800404406274
1350252415325495299
1350252267165900801
1350252149637341189
1350252031479603201
1350251876516651009
1350251786330750976
1350251729774813184
1350251681855000576
1350251663525724161
1350251180618870787
1350250955653197825
1350250911424159744
1350250857892347905
1350250424163565576
1350250290486898688
1350249044203896832
1350248954420748294
1350248623204925441
1350248596571119618
1350248560457969665
1350248371559276544
1350247907954462721
1350247372518010880
1350246967323090945
1350246733821915137
1350245312380755969
1350244694207426565
1350244211619192832
1350243010806738944
1350242708657463297
1350242354675011586
1350332916354711553
1350332483443843072
1350332434693414912
1350332324123127808
1350331799688392710
1350331568406069248
1350331277149233152
1350331034966044673
1350330303949242369
1350330178673778688
1350329974889345024
1350329508243546112
1350329249522216960
1350329239174692866
1350328852506173440
1350328705831329794
1350328671991521282
1350328466907017219
1350328386300755969
1350328325453975552
1350328218230939648
1350326883439661056
1350326860677320705
1350326611623763968
1350326253400690688
1350326124719562752
1350324355931140096
1350324079887310848
1350324025076178944
1350323803860197376
1350323791394529281
1350323222521081857
1350322737231740931
1350322500597665793
1350322295806554114
1350321623279296513
1350321042842034176
1350320863078334470
1350320588150157312
1350320287926009858
1350320279000555520
1350319834450460675
1350319588966342658
1350319160836976640
1350319111620997120
1350318837242056704
1350578551817428994
1350578208031318019
1350578115735670788
1350578080922947591
1350577892619640832
1350577840996007936
1350577337092472832
1350577282440544256
1350577163582504960
1350576931943698434
1350576843053793281
1350576707330306048
1350576605006061571
1350576592548933635
1350576533346377728
1350576272175460355
1350576117648744449
1350575989307404291
1350575744959868929
1350575701297139712
1350575688546324480
1350575617960419330
1350575391283539975
1350575270797979656
1350575128216797199
1350575101998198790
1350574824943448064
1350574807692152832
1350574760166629381
1350574692483158021
1350574636421943296
1350574583812923392
1350574395257999367
1350574282447982600
1350573726371356675
1350573606586212359
1350573518757486595
1350573497899220992
1350573469973553153
1350573447710187522
1350573221121306629
1350573112983756804
1350572963267895297
1350572835027234817
1350572672808316928
1350572658971258880
1350572618764738563
1350572520047575041
1350571662132047875
1350571659560796160
1350571527029350407
1350571458783752198
1350571440471486464
1350571330895273987
1350571265195651079
1350570798596153344
1350570536364109827
1350570305413144576
1350570296718323719
1350569904827740164
1350569669728628741
1350569623591264261
1350569511481651202
1350569431118848000
1350569175186595843
1350568973360898049
1350568936484515840
1350568904473587713
1350568840887889920
1350568793815339011
1350568712064135178
1350568624734531585
1350568490785099776
1350568464684081155
1350568119195095041
1350567893109526531
1350567851883716610
1350567704483278862
1350567500237459463
1350567464959160324
1350567149841100801
1350567072917557248
1350567042450137089
1350566554543542272
1350566312809009152
1350566211025858561
1350566206273585154
1350566150107787269
1350565660514873344
1350565644643786754
1350565628646727692
1350565588872142848
1350565414250676227
1350565265268854784
1350565172298047489
1350565159849246724
1350564912205062146
1350564911953408000
1350564758236393472
1350564597137346563
1350564187919945729
1350564087013531654
1350563524070703105
1350302390382194692
1350302083128283136
1350302010956935169
1350301982729383936
1350301274202398720
1350301160247181313
1350300655341154304
1350300404463116288
1350300232576356352
1350300207175651337
1350300021284024320
1350299873640394757
1350299785039806466
1350299766845038595
1350299564197236737
1350299197006774275
1350298654498840577
1350298609531691008
1350298587134046211
1350298492875530249
1350298051928178688
1350297866334400514
1350297544950165504
1350296922796380162
1350296798980677632
1350296682873774081
1350296495275335682
1350296181730115584
1350296029187481603
1350296014876528642
1350295637603069953
1350295132608868352
1350295098182017024
1350295024425201665
1350295011389300740
1350294823627091971
1350294456608559106
1350294455623049217
1350294033080307723
1350293335924203520
1350293118772457474
1350292580265811981
1350292169739956226
1350291872023908354
1350291823604887552
1350291482356436994
1350291033846915075
1350290917110935554
1350290868868100098
1350290834109952001
1350290822294487044
1350290534653456387
1350290507184922624
1350290149041647616
1350289996654194689
1350289910448664577
1350289897425424392
1350289892992028672
1350289833114050563
1350289491500687360
1350289462132092929
1350289353533247489
1350289351771648003
1350289270557323265
1350288971247415300
1350287720929701889
1350287571474141189
1350287355194834945
1350348104818540546
1350347619495796737
1350347410292183040
1350345778133397504
1350345587988680705
1350345552181948417
1350344874671943680
1350344216342384640
1350343850703933440
1350343541365624832
1350343296384704512
1350343053303754752
1350342690324377600
1350341850150924289
1350341105628413952
1350339767448137728
1350338985009291264
1350338315870998532
1350337931735666689
1350337195958280192
1350337084943441923
1350336981469949954
1350336933482868736
1350336473380380672
1350335890086879232
1350335739930816512
1350335606665039872
1350335184047136769
1350334913065545731
1350334689286959106
1350334674061574145
1350287168254705664
1350287138751983618
1350286897147469825
1350286499091251202
1350286188968636416
1350286005203595264
1350285849339043841
1350285123342774273
1350285055713677312
1350285029763641347
1350285001699561472
1350284983970066435
1350284933449863171
1350284782681403392
1350284701446119424
1350284256019320836
1350284233869127681
1350284127547891712
1350284119289307139
1350284077220315136
1350283800887001088
1350283669827690497
1350283613485543426
1350283287307055104
1350283053575270402
1350282981601136642
1350282845625995264
1350282647797342209
1350282617967394816
1350282387020648448
1350282289029148675
1350282287154421760
1350282151443505152
1350282004747616256
1350281459316060162
1350281275987406856
1350281198162075651
1350281126129135616
1350281105249882112
1350280941252571144
1350280562305601538
1350280410337484800
1350280399956504580
1350280069508263938
1350280030740504576
1350279916919484419
1350279698228649985
1350279617425367041
1350279503508074497
1350279347958067200
1350279107700023298
1350279018973548544
1350278525870227456
1350278285939388417
1350278141613395968
1350278127637864450
1350277822028238854
1350277726159167489
1350277546873561089
1350277273484550144
1350276974103711747
1350276746881339394
1350275922792951810
1350275742999916546
1350275737685807104
1350274843946737664
1350274084375027712
1350273904544153603
1350273859602288642
1350273619558019076
1350273553480880129
1350273521222627361
1350273322651578368
1350273221489291264
1350273211485851649
1350273099837501440
1350272998062755841
1350272775701876739
1350272766688198660
1350272557983948800
1350272511158611969
1350272505404026880
1350272211232296962
1350272131611779072
1350487317153255424
1350487130737401856
1350487083341778948
1350487017277239296
1350487016002232321
1350486961199439872
1350486749345144837
1350486562677653505
1350486452761722884
1350486426132086784
1350486291885019140
1350486279117545472
1350486185660084227
1350486131448668160
1350485938288406529
1350485913508302851
1350485898685804544
1350485884328529920
1350485858697289728
1350485830687744002
1350485825591635971
1350485821321859072
1350485722751512579
1350485651897135107
1350485218965266434
1350485198698381317
1350485187537350656
1350485167043969026
1350485160169533440
1350485005735104515
1350484951565824003
1350484866413035522
1350484821441560578
1350484805666942982
1350484513525280769
1350484317156368400
1350484312785874948
1350484249917456384
1350484221845000193
1350484086926802946
1350483958820122626
1350483914100502532
1350483893070295040
1350483802582261762
1350483738388475906
1350483705911906304
1350483636072624129
1350483381650337794
1350483259256430596
1350483151575891968
1350482963780296718
1350482959409803265
1350482936798261248
1350482766597644290
1350482591837609986
1350482559298375683
1350482511617515522
1350482442587697154
1350482392029532162
1350482367815815170
1350482357321682945
1350482318524297217
1350482316037033985
1350482113586483200
1350482080535339009
1350482034314137602
1350481987421802503
1350481972284575748
1350481830416363522
1350481772040093699
1350481741501390848
1350481740549267457
1350481671536082945
1350481515961069579
1350481369189781506
1350481329515868160
1350481273610006529
1350481086086836225
1350480997448441856
1350480994701373442
1350480758704656385
1350480744553046017
1350480582996758528
1350480414138359809
1350480318101336067
1350480235901444097
1350480157283241984
1350479831826268160
1350479794731950081
1350479563231547394
1350479537222672386
1350479527659630594
1350479463050596353
1350479455194640384
1350479409225064454
1350479264647319553
1350479217704787971
1350479210456997889
1350479187770036224
1350478819497549824
1350478817077452800
1350478768113033218
1350478758747250692
1350478424075345922
1350478374762733568
1350478355641081858
1350478342861029381
1350478252809207808
1350478151151968256
1350477990510137347
1350477667636690945
1350477461881053185
1350477406759432195
1350477307941629957
1350477205390950400
1350477181030338562
1350477077330333697
1350476912293007362
1350476813286465539
1350476688145186819
1350476647640813568
1350476095859134465
1350475834361053185
1350475810952646669
1350475657302712322
1350475277491556352
1350475254158790657
1350475191302971393
1350475168372699136
1350475087540064262
1350475055898222593
1350474654008356869
1350474608399577088
1350474514195505155
1350474470738296837
1350474167880212482
1350473849263906816
1350473646800834563
1350473106972930050
1350473073884090368
1350472855952175105
1350472544361570305
1350472403860779008
1350440747074539520
1350440594238148613
1350439772708368386
1350439194838097922
1350439121324544000
1350439000633389056
1350438390982995968
1350438388034400257
1350438043115773952
1350437893366550529
1350437279626645507
1350437130351292416
1350436664368373767
1350436481865818112
1350436371396255744
1350435758075752450
1350435336405594112
1350435154032996353
1350434330116554755
1350434224009048064
1350433600848752640
1350433468178591746
1350433318366449667
1350433088401240066
1350432996600516614
1350432832015970309
1350432456344743936
1350431847835181056
1350431841111732226
1350430904829710336
1350430830640902145
1350430761615196163
1350430715247276036
1350430233128800256
1350430223544815616
1350429758065004544
1350429571846459392
1350429297849356288
1350429172578062337
1350429168975036417
1350428447433228291
1350428350725189634
1350428106079793153
1350428002736336897
1350427853121335297
1350427707616714752
1350427476825174017
1350427442863865857
1350427179964887041
1350426964990062595
1350426928696729601
1350426325044097028
1350426288331231234
1350425935699443712
1350424868127461376
1350424356288159750
1350424234720374785
1350423489006563331
1350423437848633345
1350423318374060033
1350422267369463808
1350422146993049600
1350422132686266369
1350421418207535105
1350421385349369859
1350421173075636224
1350420998319910912
1350420956129452032
1350420733118324736
1350420526087499778
1350420419027861510
1350419278835671041
1350419235860840449
1350418947510734849
1350418841491312645
1350418395972431874
1350418234684526592
1350417094345596928
1350416908026339329
1350416891697885186
1350416688441925634
1350416335164071938
1350416249285652481
1350416132788912131
1350415581225377792
1350415369509478401
1350415215461097473
1350414434548723712
1350414382489083912
1350414130264625152
1350414049767432193
1350413717096321024
1350413392205508608
1350413277906542593
1350412821331324928
1350412655350013953
1350412628154327041
1350412364462620672
1350412184279543809
1350411943320952836
1350411855970398209
1350411833614737408
1350411262082084865
1350410909999628288
1350410690260049920
1350410588086743041
1350410454737297409
1350410026314309632
1350409909368745985
1350502437212323856
1350502385341366272
1350502372737503232
1350502304089317378
1350502277497417731
1350502272334143488
1350502248846143493
1350502239123726336
1350502132521328642
1350501928883679233
1350501901868163072
1350501864874377216
1350501626927312896
1350501472471957506
1350501279617966082
1350501260093509636
1350501210273554437
1350501200794427393
1350501125288566784
1350500968459345921
1350500752733691906
1350500689961578496
1350500667278954497
1350500534868840449
1350500193851088896
1350500164809732101
1350500075911475200
1350500001701572610
1350499989064179714
1350499934965952514
1350499762844426245
1350499745454845952
1350499733014515715
1350499592853458945
1350499544992198656
1350499477401051136
1350499439585144833
1350499386896343044
1350499355589976064
1350499332181651460
1350499322165686277
1350499274291879940
1350499100131807234
1350499065067413506
1350499017185222658
1350498945798008832
1350498899782492169
1350498772363698177
1350498769658380288
1350498739916517390
1350498545846136835
1350498446009126915
1350498302802984962
1350498215670521861
1350498166404218882
1350498133508292609
1350497871087415297
1350497666338349057
1350497617894121475
1350497561036124161
1350497400331317248
1350497264905691137
1350497130876698625
1350496476980518912
1350496273464500224
1350496182171271169
1350495989799403521
1350495974964211714
1350495856613593091
1350495623875858434
1350495537825533962
1350495342849118211
1350495258132557828
1350495177727741952
1350495138649309184
1350495067585306627
1350494956054597635
1350494757466812416
1350494690941001730
1350494687073890305
1350494542831693830
1350494127113302019
1350493941540544514
1350493762414403590
1350493723281469445
1350493636807569408
1350493607849934848
1350493488031424514
1350493209982504962
1350493178340798465
1350493166496059395
1350493077023166467
1350492931677966336
1350492907573227520
1350492895997014017
1350492697845506050
1350492254327201795
1350492201604755457
1350492152128819200
1350492114338119687
1350491948872830981
1350491911111528455
1350491847634857992
1350491846594727936
1350491827472916480
1350491648464138241
1350491641229012997
1350491384906711044
1350491288630657029
1350491127540027393
1350491014713270273
1350490789780983809
1350490769971437568
1350490740137275393
1350490601247137793
1350490495684894723
1350490222736371717
1350489889209528325
1350489837225304070
1350489826936705027
1350489811208073217
1350489640751538177
1350489449759715330
1350489127335170058
1350489012335751170
1350489004668571649
1350489002554634241
1350488990110142464
1350488985743880192
1350488909004873730
1350488904655364097
1350488839962423302
1350488819804626944
1350488768587902982
1350488667081437185
1350488632013037568
1350488540937920517
1350488473212477442
1350488136665755648
1350487811867234305
1350487798403489794
1350487729474318336
1350487729281314816
1350487665079169026
1350487448699236355
1350487398719889411
1350487350896431105
1350548114441187329
1350548080211484678
1350548012330717184
1350547739877253121
1350547432631889921
1350547349534355456
1350547110878449665
1350546657109286915
1350546500779175937
1350546317840429057
1350546142497538052
1350546079834644485
1350545786510127104
1350545658646818822
1350545497493102593
1350545475095683073
1350545367666884608
1350545176721240065
1350545138922246144
1350545050682466312
1350545018101133320
1350544954288963584
1350544753432154112
1350544334559567875
1350544180406345737
1350544144339357698
1350543983164878849
1350543971899101184
1350543802029764611
1350543740675362818
1350543628666458112
1350543290039496705
1350543027572338690
1350542937277558785
1350542803772854272
1350542585060864006
1350542557537824769
1350542504819625988
1350542351329062913
1350542181409415177
1350542112543158285
1350542036643028995
1350541959262306306
1350541825799573504
1350541525739036674
1350541415818924034
1350541343848714240
1350541216732090368
1350540897226637312
1350540824434524162
1350540822626918400
1350540691676540930
1350540294610010112
1350540010223788033
1350539959514648576
1350539869404192773
1350539831726772226
1350539778073178112
1350539733059952640
1350539668673212422
1350539643884720128
1350539587127533568
1350539230875934721
1350539225943388163
1350538754272993280
1350538736820482049
1350538703270256647
1350538681925431297
1350538638854139907
1350538636404682757
1350538614116126720
1350538561028820994
1350538072782495744
1350538020173307904
1350537982416195586
1350537929630896131
1350537821598195712
1350537770129911817
1350537641754849285
1350537622351998977
1350537514675798023
1350537429434966016
1350537328817799168
1350537286379851788
1350537037867331586
1350537026643369984
1350536916685479938
1350536662103764995
1350536492603551749
1350536361720373249
1350536357366681602
1350536220347039746
1350535961231421441
1350535904398614528
1350535877391474689
1350535867581018112
1350535801717862402
1350535769446903809
1350535711565365248
1350535593940447234
1350535498956218375
1350535375794692098
1350535260191268868
1350535139596578819
1350535121133305857
1350535024563679236
1350534977616814081
1350534975716786177
1350534886931787782
1350534862890012673
1350534846247018500
1350534794220867585
1350534704919949312
1350534607465168896
1350534576968491008
1350534525294678017
1350534390078701574
1350534258255933447
1350534183148531713
1350534174562783232
1350534166123868166
1350534163594698752
1350534141381660672
1350534123710984198
1350534081893773313
1350534035752316931
1350533994341822464
1350533942013792259
1350533918345277444
1350533671216934912
1350533650845204480
1350533623372541957
1350533616086953984
1350533487229431809
1350533465981202434
1350533437053145089
1350533400986341377
1350533367708717056
1350533364458139653
1350533339195834369
1350533184950177793
1350533159444750337
1350533058257158146
1350471732767952901
1350471587699503116
1350471585623388161
1350471338323030019
1350471327988252682
1350471280437325825
1350471161826533376
1350470964954472449
1350470772909862914
1350470648448114692
1350470271069773826
1350470258696605696
1350470097417228288
1350470057487441920
1350469843905085440
1350469681556152408
1350469670755819520
1350469647393583105
1350469571283705857
1350469493936558080
1350469348054466565
1350469230823526408
1350468741889470465
1350468498884014081
1350468406261276674
1350467961048477703
1350467929800847360
1350467639261409281
1350467058635575300
1350467043678687234
1350466859712339971
1350466799578599429
1350466599153635329
1350466549149171713
1350466515557113862
1350466036286578688
1350465934180438020
1350465602704584712
1350465528209485827
1350465314639781890
1350465185425846272
1350464837395087360
1350464801021980673
1350464724941623297
1350464609539551235
1350464569999822848
1350464547983945729
1350464412293816322
1350464214033424385
1350464183595397121
1350464097666670602
1350464000560041991
1350463907119435777
1350463904997109762
1350463731701055493
1350463674046177287
1350463649526198276
1350463600394166273
1350463464330854404
1350463412149641219
1350463318071369729
1350463306977439751
1350462800884326400
1350462796211904516
1350462718164283394
1350462653127417856
1350462582100959238
1350462483924967432
1350462139392253961
1350462031959371778
1350461918562062337
1350461880503054337
1350461784193462273
1350461717474525186
1350461706229723138
1350461670624268288
1350461662260822021
1350461660704731139
1350461608288514050
1350461378730065922
1350461344408076289
1350461304566394887
1350461286623178754
1350461075360198662
1350461072885637120
1350460467450417154
1350460384591958016
1350460228052135936
1350459971591405572
1350459843153420289
1350459681249099776
1350459558225993731
1350459428303155200
1350459413383901184
1350459313060503552
1350459235520434177
1350459205996654598
1350459146282397699
1350458994469572615
1350458845760512001
1350458714172645378
1350458651664920582
1350458617963667456
1350457820005752833
1350457748023074818
1350457731740741632
1350457659850371074
1350457605475373056
1350456859476557824
1350456859426217987
1350456840119853058
1350456839045988357
1350456664495804417
1350363256351715337
1350362239275044865
1350362180663848960
1350361557268631552
1350361108729753600
1350360728276926466
1350360695158747136
1350359256252428289
1350359040426184704
1350359007966482434
1350358844287946752
1350358588431200256
1350358218879463424
1350357790393593858
1350357761247293440
1350356549890236416
1350356376502083589
1350356264514105344
1350355640863109121
1350355466141003776
1350355229141848064
1350355154239967234
1350354303412805632
1350353400358195200
1350353165032562690
1350352831685935104
1350352783363473409
1350352707538874368
1350352644464902144
1350352604702912512
1350351847958192128
1350351630252843008
1350351562766508032
1350351537176907776
1350350626782400512
1350350205456060419
1350349271690846208
1350349141365424129
1350349034461032450
1350348982967390209
1350348784740540416
1350348719833530368
1350348515520761856
1350348506695753729
1350348332422606848
1350409573279150090
1350409573140717569
1350409171041185792
1350408978069680128
1350407910946435073
1350407119632293889
1350407086933422080
1350407049201520641
1350406334110453760
1350405736497623040
1350405521057198081
1350405109243588613
1350404800395939841
1350404684369063936
1350404408765542405
1350404373776637952
1350403916656226304
1350403780714618882
1350403778214727680
1350403765577293825
1350403280275267584
1350403182929739779
1350403073512976385
1350402929522569217
1350402778439557124
1350402677784551424
1350401994297524227
1350401885648396289
1350401806443098112
1350401593330589700
1350400489054199808
1350399726751911937
1350399569318785025
1350399489513828354
1350399275700613125
1350398973698338816
1350398936322895872
1350398217477910530
1350398210553077761
1350397318432919559
1350397066162413569
1350396913644933120
1350396198738268161
1350395939832344576
1350395639419576322
1350395232412704769
1350395210589724674
1350395182697635840
1350394956574306304
1350394872033914881
1350394686297542656
1350394613840932864
1350378739994157061
1350378504949551105
1350378375953739776
1350378316113567744
1350377543522783237
1350377539315920896
1350377404112494592
1350377231084908545
1350376835092160513
1350375835249864704
1350375250643492866
1350374351456133120
1350373882604081153
1350373492181655552
1350373486938697729
1350372960264183808
1350372396176326656
1350371942109478912
1350370700826128386
1350370504012664832
1350370467757121536
1350370376623251456
1350370283459371009
1350369784945381376
1350369728968101892
1350369637687414786
1350369454522302466
1350369282660642817
1350369178230915073
1350367989900709888
1350367041975431168
1350366711812415488
1350366215118712833
1350365990337429506
1350365937229312000
1350365854169505793
1350365721109299200
1350365059864809472
1350364929816055811
1350364779936960515
1350364417607651328
1350363978648625152
1350363931253104642
1350241505689165824
1350240928804589570
1350240378994257920
1350240272102416385
1350239966996131845
1350239614133538818
1350239517631008770
1350239391189508097
1350239071084437505
1350238884173647872
1350238605885763587
1350238422158475268
1350238326767439872
1350237712700346368
1350237149967364098
1350237073563901952
1350236902054633477
1350236628208545792
1350236579898515458
1350236407953039362
1350235891403431938
1350235615900676096
1350235480101675008
1350235386564419584
1350235111674023936
1350235107248930817
1350234793074544643
1350234569010647042
1350234294325809154
1350233143220035585
1350232714432147456
1350232396864622592
1350231657731796996
1350231615809740803
1350317559627866117
1350317414794326019
1350317219188781056
1350316172751855617
1350315350131437568
1350314639389818880
1350314544393048069
1350313943189872642
1350313901666299904
1350313084586500098
1350312997726658573
1350311888479928320
1350311607298117635
1350311566663708678
1350311371062259714
1350311343589523458
1350311319275245570
1350311066257956866
1350310966085476352
1350310850192670726
1350310514090516481
1350310354111369216
1350310320019959812
1350310303632928770
1350309899184398336
1350309511093911561
1350309243811995650
1350308421896060930
1350308268590194689
1350308153162952706
1350308054743592960
1350307668083277824
1350307418463326208
1350306955093569536
1350306841478180864
1350306641799999493
1350306495578075137
1350306110314598402
1350305605777383425
1350305446473551873
1350305385119268865
1350305326151528448
1350304880968097793
1350304128526938113
1350303872623865856
1350303381227757573
1350303067179139073
1350302617210146822
1350302476063420418
1350563406647058439
1350563376909471744
1350563318012940291
1350563296437440514
1350563274337742849
1350563197250633728
1350562980551938052
1350562884795965440
1350562774200451072
1350562592805310465
1350562304920793088
1350562092261257222
1350562030990856199
1350561963001057280
1350561828284338176
1350561762932903942
1350561256638275585
1350560986772566016
1350560962957484038
1350560833127014401
1350560555971571712
1350560516549320710
1350560282586832897
1350560141217824772
1350560067775590400
1350559993137795072
1350559985659330560
1350559589562003456
1350559510897819657
1350559452223709186
1350559237315964929
1350558205055807488
1350557975749005312
1350557936842522625
1350557862079168519
1350557847294238724
1350557549850992645
1350557215896313857
1350556839990194181
1350556593792954368
1350556542614052866
1350556540344918018
1350556527397113856
1350556484665540612
1350556381456306181
1350556228636831746
1350556198282653701
1350556032515207168
1350555986294136833
1350555892350128129
1350555534244470784
1350555510445993984
1350555451918872578
1350555417148088323
1350554962229669891
1350554805874401282
1350554749003833347
1350554641809989636
1350554289530429441
1350554001968869382
1350553681759006721
1350553418218184706
1350552341284581376
1350552311949627396
1350551647521366018
1350551486149898242
1350550672379420677
1350550634471321604
1350550456653721601
1350550436206546944
1350550242979151872
1350550235165159426
1350549890628259842
1350549678769594368
1350549673384132608
1350549609026883586
1350549608863133696
1350549575149498370
1350549525799313412
1350549359134453774
1350549343674122240
1350549225080238080
1350549143245172736
1350548970825674752
1350548688247123968
1350548657423212548
1350548520839884806
1350548481597964290
1350548450522378242
1350532809207787531
1350532756816609280
1350532683349291013
1350532365861400579
1350532221300572161
1350532078807314433
1350531944673644552
1350531919893639169
1350531833050529794
1350531819247169538
1350531808895541249
1350531729954656257
1350531637625421825
1350531590133170176
1350531286352474115
1350531275786862593
1350531241397923843
1350531155091714057
1350531077144764418
1350530881996402691
1350530314028937216
1350530305627721730
1350530293430509568
1350530107765477376
1350529983341584385
1350529922784243712
1350529864936386577
1350529841465012224
1350529841280389121
1350529696119721984
1350529523864002565
1350529442658086914
1350529119860060160
1350528746692907008
1350528530522779650
1350528502542450693
1350528411727499268
1350528357264453633
1350528345512046593
1350528008369676296
1350527796200796162
1350527109387661313
1350527042715082753
1350526803828326402
1350526751705804802
1350526745745649665
1350526198120501250
1350526131603177478
1350525935116722176
1350525891152125954
1350525817378451462
1350525675409711104
1350525565300838402
1350525504777027591
1350525239378276352
1350525134575194113
1350525091214471170
1350525027557507079
1350524955180589058
1350524861853134849
1350524669187813376
1350524480226004993
1350524299086618627
1350523928037347330
1350523688769224708
1350523138564567041
1350522820279885831
1350522792937185281
1350522744799195139
1350522717016096777
1350522503555239938
1350522357560070144
1350522319719034887
1350522311485452288
1350521944513286147
1350521599393476613
1350521518871224321
1350521435941449729
1350521418904178688
1350521237689298950
1350520759857291265
1350520751451897862
1350520569129787393
1350520131332562949
1350520067742720000
1350520002995245060
1350519982900338699
1350519659410432005
1350519519136141314
1350519422784425985
1350519366123737089
1350519155255029766
1350519147193634816
1350518801033531399
1350518772088655872
1350518770188619779
1350518530190553090
1350518023673815040
1350518022541291525
1350517948100743168
1350517768089554944
1350517761924067328
1350593652742103044
1350593510458744832
1350593482423996423
1350593369727111168
1350593084611026944
1350593008941608960
1350592766351314946
1350592681035108359
1350592591444717568
1350592440600817664
1350592394086002695
1350592060454268929
1350592044482273280
1350591892963037185
1350591727992676352
1350591321224990722
1350591234428043270
1350591048184197125
1350590988566351874
1350590708898439169
1350590496922497024
1350590462277640193
1350590272699297793
1350590266722418688
1350590105958850561
1350590097385635840
1350590037012828161
1350589874252914689
1350589873590210565
1350589745982672896
1350589707672023045
1350589651950706689
1350589552885424136
1350589547088900096
1350589518651379717
1350589453925052419
1350589434505342976
1350589332525096960
1350589288661057539
1350589118300868610
1350589065704439812
1350588979771424769
1350588969914757120
1350588917297389575
1350588876759285760
1350588756768776199
1350588341297713153
1350588259936718850
1350587988007219200
1350587983372537857
1350587917840875525
1350587801117536263
1350587713028722688
1350587415518445570
1350587358912065539
1350586549314850816
1350586410571587592
1350586128647090176
1350585975894900737
1350585735548727304
1350585653059346433
1350585563389308928
1350585558922362884
1350585236606889985
1350585141702385670
1350585063675723776
1350584927801077761
1350584653191770113
1350584651975311360
1350584605359828992
1350584465303617536
1350584088957227013
1350583827018735617
1350583815354384389
1350583620419919877
1350583086203998211
1350583001814503424
1350582887146512392
1350582789775749122
1350582727016386571
1350582533520576518
1350582530559324168
1350582211976818695
1350581914168655873
1350581734207856640
1350581716973473797
1350581264185749505
1350581236163616777
1350581044085403648
1350580555960578048
1350580513224978436
1350580501384466433
1350579996222341120
1350579940811436032
1350579684371738626
1350579579728121857
1350579159781806080
1350579144522919936
1350579129096298496
1350579006928801792
1350578843405398022
1350272036220891140
1350271979019001858
1350271601288351744
1350271405913346052
1350271076023087106
1350270675337043968
1350270208926232578
1350269994341462017
1350269772093681664
1350269535534931969
1350269495693213696
1350269284921049089
1350269108085010436
1350268854962851840
1350268781889654785
1350268221836808196
1350268211711893506
1350268154505781249
1350268104337719297
1350267858714914817
1350267794051383301
1350267204214820865
1350267178398879744
1350267172933668867
1350267144412549121
1350267060803268611
1350267026690895875
1350266902921289735
1350266716484378624
1350266687233421314
1350266388061974528
1350266335603941383
1350266293778321409
1350266261033332739
1350266191256948738
1350266181828059137
1350266104124485632
1350266086198030336
1350266060616785920
1350266042791194626
1350265997882781696
1350265901279571969
1350265863308394497
1350265763442143233
1350265721767424000
1350265558860779523
1350265554368491520
1350265527910895619
1350265376903360513
1350265314437599232
1350265309463240705
1350265179557212166
1350265121734582272
1350264958177579008
1350264716673732610
1350264617809940488
1350264435374501888
1350264382970867713
1350264260081938432
1350264140527497218
1350264059078184962
1350263986697154565
1350263951637045254
1350263097261502472
1350263078219251713
1350262779308081152
1350262737620889601
1350262726669565953
1350262338557861889
1350261824579579905
1350261749526765569
1350261361306177538
1350260780176957440
1350260685616381955
1350260589285658624
1350260133662781442
1350260020579995653
1350259995770716165
1350259984135643141
1350259785460031491
1350259257623638021
1350258496671924226
1350258410206461952
1350258126344257536
1350258084367773696
1350258008710803457
1350257479037247488
1350257407436460034
1350257348736999427
1350257313894920196
1350257089545814019
1350456534585774086
1350456377689452546
1350456119852900352
1350456105353306116
1350456029302190082
1350456023803420676
1350455752243240963
1350455485481308161
1350455273912111104
1350455231868530690
1350455141032468483
1350454861754675201
1350454817769086978
1350454707957989377
1350454491859005440
1350454430622216193
1350454375844618240
1350454236698574848
1350454211557769220
1350454083593920516
1350453966967091204
1350453950437347330
1350453555887546369
1350453385175027719
1350453166517714947
1350453026507673601
1350452716586328067
1350452394136637443
1350452301731868674
1350452288725331970
1350452005786034177
1350451751367946248
1350451634107797507
1350451597915033601
1350451531229913090
1350450875358175233
1350450464949727235
1350450417080131587
1350450250205585409
1350450225530494980
1350450048681857029
1350449845979512832
1350449739012198400
1350449664185798656
1350449408769462274
1350449270881714178
1350448722329665537
1350448319148019713
1350448297748672517
1350448071977611264
1350448031838199812
1350447943543894018
1350447417209008130
1350446886264713219
1350446643498237959
1350446446919753732
1350446350480134146
1350446306674810890
1350445872748900355
1350445537145851907
1350445476496044032
1350444788701671426
1350444772574552065
1350444763162537986
1350444733852766210
1350444401160577027
1350444360714903561
1350444166786985984
1350443983357550593
1350443877593980928
1350443736631832584
1350443624203509768
1350443515612860417
1350443498831564801
1350443470700339204
1350443322624466944
1350443143586586627
1350443036682059779
1350443011554082817
1350442455523590145
1350442319707856897
1350441714763386882
1350441675605364736
1350441654742880256
1350441496168849408
