1366447463507365889
1366447377377280003
1366447375363964930
1366447185882206214
1366446922278596610
1366446003138621442
1366445947195191298
1366445757776220160
1366445653623246848
1366445643699531781
1366445514410065926
1366445453580128256
1366445273099165706
1366444832063950859
1366444247352709127
1366444194190000140
1366444128507031552
1366444060429402112
1366443934591901701
1366443677602701313
1366442624932999171
1366442442854121476
1366442277804072966
1366441881249406976
1366441879424802816
1366441789528408074
1366441629800931331
1366441279274573831
1366441259116683268
1366441198827802631
1366440928882393089
1366440688502644741
1366440021205667843
1366439914125017092
1366439875243819009
1366439674936324096
1366439517733945349
1366439336552636417
1366439130612269069
1366439060538085380
1366438524732534786
1366438275095949316
1366437677139116033
1366437661007831041
1366437637993738246
1366437518204264448
1366436825468985345
1366436809836789777
1366436808733716480
1366436658187558912
1366436346781446145
1366436244440367104
1366435760925204484
1366435559267262468
1366435507799019521
1366435370603274245
1366435354107117577
1366435065962655750
1366434862572466176
1366434736571375622
1366434277450256385
1366434189835268096
1366434184538042371
1366434130125344778
1366433720622714888
1366433615052234752
1366433517878542339
1366433455471538182
1366433058660913155
1366432858794057737
1366340297127464962
1366339945816817664
1366339219937894400
1366338285526745093
1366338141511168001
1366337602685710338
1366337315417767936
1366337215001845763
1366337037977202689
1366336742312321026
1366336654676529158
1366336608882941954
1366336101049393152
1366335785893584898
1366335133201088516
1366334962094473217
1366334926765850624
1366334569318936576
1366333905293479937
1366333762162872323
1366333441168601088
1366333198414700546
1366333090558316544
1366332992608739335
1366332953350053888
1366332829882277891
1366332715033911297
1366332691239567361
1366332644271661057
1366332384711434241
1366332370094276612
1366332204775694336
1366332058705027077
1366331023303217152
1366330659829018625
1366330436738158593
1366330034953220102
1366329798142750726
1366328753320787975
1366328753056604162
1366328742784749572
1366327940817051650
1366327088156925952
1366326136553275393
1366326081813372933
1366326026175832071
1366326014075355138
1366325999210803201
1366325761506951168
1366325730410459141
1366325545563258880
1366325451300483074
1366187350309617664
1366187222408572928
1366187031580262401
1366186987607138304
1366186763706916875
1366186551722594307
1366186550472499201
1366186548564283392
1366186467089928193
1366186459661799429
1366185894206705668
1366185719258038275
1366185524638195714
1366185524172627978
1366185488781041677
1366185346820689921
1366185247294029829
1366184758145908741
1366184670619049984
1366184620396601346
1366184610082795527
1366184471985344512
1366184423541121031
1366184311070801921
1366184228958822401
1366183866478788612
1366183826972569601
1366183765714886661
1366183687755337729
1366183682483052545
1366183636182183936
1366183612731830274
1366183609477066757
1366183554347110401
1366183423946072064
1366183251384098818
1366183013067931649
1366182986178306049
1366182945506160641
1366182899066757124
1366182871254372361
1366182847338344451
1366182606111338497
1366182416600154114
1366182357284323329
1366182084340031488
1366182041663004676
1366181926273495049
1366181765845573637
1366181616133894144
1366181453432725508
1366181450442244096
1366181321136046081
1366181320846684167
1366181292207931393
1366181068429094915
1366181019439816705
1366180933355728897
1366180872836190214
1366180798341271556
1366180723976138756
1366180633475653632
1366180542660579330
1366180490999443470
1366180435374473217
1366180384652853248
1366180333188648960
1366180300364021761
1366180217509711873
1366180041026068481
1366179955831406593
1366179861488893957
1366179794023567361
1366179741011599364
1366179715644448769
1366179606735163392
1366179603354640388
1366179437205725188
1366179274642784256
1366179131461885955
1366179101720145920
1366178995042140162
1366178972707545088
1366178971646373888
1366178871230361606
1366178843636080640
1366178690569273345
1366178571392278542
1366178542589857796
1366178431994630146
1366178376969383936
1366178276281094146
1366178257817767937
1366178245251657732
1366178188594872320
1366178187940683779
1366178132357619714
1366178094801911810
1366177969430032385
1366177960722657281
1366177940946395137
1366177916208386050
1366177913012330499
1366177752777453569
1366177714294644738
1366177518743523329
1366177250413060098
1366177202560237569
1366177180754051072
1366177142132912128
1366177106913280002
1366177103918596100
1366177086440939520
1366176956534824964
1366176917037195264
1366176803337945091
1366176655023222784
1366176628150333446
1366176563272761345
1366176525620568067
1366176519643664386
1366176506477748227
1366176496835059713
1366176387325812738
1366176386151555074
1366355738298183682
1366355366519468036
1366355234411307010
1366355208285130754
1366355177486372864
1366355113321889796
1366354916458045442
1366354866327683075
1366354853174202371
1366354745095553028
1366354708466597888
1366354654125318147
1366354581958103043
1366354529260814339
1366354189501296643
1366354073516146693
1366353908734509058
1366353774353256449
1366353357380722688
1366353333510754309
1366353331724034054
1366353279043665920
1366353071954034692
1366353045773185025
1366352719708094467
1366352516594688008
1366352135517065218
1366351626420834304
1366351602513248256
1366351465913192453
1366351049280409604
1366350539458494467
1366350526498103298
1366350444470169605
1366350097777364993
1366349943255035906
1366349620817788934
1366349343549235200
1366348991026331650
1366348981291393025
1366348779440504832
1366348679486066690
1366348006304460803
1366347813190303753
1366347583933845504
1366347403041923073
1366347305096515586
1366347017790840834
1366346463912091648
1366345886293499905
1366345572865609729
1366345108375949315
1366344980625690630
1366344940003934212
1366344633165438977
1366344613741617155
1366343683377819656
1366343518952820737
1366343201049759744
1366343130350579720
1366343085375053824
1366342916512354307
1366342846974984194
1366342815970512897
1366342503255969793
1366342467247824899
1366342426122665984
1366342400747126785
1366341956360695808
1366341449231470597
1366341101658009606
1366341014236102656
1366340927707488257
1366340905918214144
1366294217190875143
1366293696505917440
1366293685835620352
1366293217902284800
1366291561957494784
1366291410874486786
1366291224886403072
1366290548445892608
1366289731848314882
1366289130850840577
1366288294519136256
1366287600638689280
1366287151290322944
1366287132289949697
1366286962773131266
1366286770887815170
1366286712834453510
1366285312817700865
1366285091861712896
1366284351286165507
1366283792336453633
1366283511070478336
1366283437376737283
1366283409165795333
1366283061000867840
1366282976590319618
1366282902376509440
1366282369527910402
1366282339320553475
1366282143098429443
1366282002006220804
1366281698611232768
1366281611596161027
1366281599470493696
1366281437486452738
1366281335967539206
1366281309056888833
1366281214378840064
1366280934362865664
1366280634012893196
1366280505050685442
1366280286913191937
1366279980401844224
1366279888311709697
1366279838806384641
1366279521369001984
1366279506877554691
1366279179097042944
1366278964222849031
1366278771481927685
1366278485946347522
1366278050367868928
1366277599744446464
1366276539369873408
1366276215716384778
1366276107331391492
1366275981334446080
1366275615066787841
1366274693439889412
1366274646044213249
1366274258029092866
1366273710848495618
1366273690271416320
1366273508884549633
1366273288788340742
1366273138267287553
1366273048610021380
1366272942745731072
1366272678571597828
1366272615300534277
1366272200249024514
1366272090203189248
1366271855342940162
1366271801257508865
1366271679421325312
1366271425233920001
1366271353352040449
1366270995494019072
1366270730699161604
1366270539757727746
1366270204817395713
1366269591446380545
1366269480586915844
1366269101862227969
1366269094706708481
1366268409642553346
1366268377690296322
1366267538326364160
1366267478809194500
1366267372420521984
1366267091515564034
1366266978747482112
1366266841719574534
1366266485371408384
1366266369860198404
1366266318396137474
1366265395741478912
1366265256008441864
1366264597972328450
1366264582562451456
1366264281403191299
1366324854123679745
1366324682656526336
1366324380758929409
1366324316342800384
1366324309166157824
1366324270406729730
1366324047018098689
1366323936015826946
1366323743405056004
1366323647892324354
1366323549946998788
1366323491910352896
1366323237219614721
1366322758305665024
1366322209921277952
1366321950189051906
1366321416778448900
1366321393009369089
1366321193066795010
1366320453329899522
1366319880941826048
1366319608408416256
1366319309027483651
1366319182850105344
1366318946526388225
1366318743052308481
1366318684533362693
1366318345536950272
1366318297558441986
1366317971082215424
1366317880468529152
1366317587794190345
1366317461239459843
1366317380339605507
1366316483349995522
1366316286934974465
1366315895065243652
1366315682716151814
1366315173946880000
1366314989057957888
1366314309832167425
1366313028086616064
1366312694664466436
1366312449649991682
1366312407992180736
1366312283069165569
1366312166039687168
1366311925328535553
1366311775541604352
1366311509626920961
1366311369952272384
1366311306664554499
1366311279636475905
1366311084353753089
1366311026753470465
1366310683965587458
1366310594266075140
1366310341261488128
1366310216057450496
1366462610498064386
1366462389386887178
1366461834035941379
1366461813508874240
1366461619757338625
1366461492154028037
1366461093548294152
1366460952418390018
1366460601501900800
1366460512918192129
1366460393871310848
1366460148101779456
1366459862801027072
1366459596265652225
1366459445392396293
1366459417122787328
1366459383903887362
1366459328169967616
1366459257139429377
1366459075962232835
1366458943388680200
1366458798521597953
1366458765285994501
1366458554127941632
1366458463132520451
1366458263173128194
1366458236774318085
1366458224656977920
1366458222656258048
1366458074786131971
1366457646593802253
1366457365718048773
1366457256116633607
1366457071969972229
1366456906362069003
1366456681362817030
1366456663251771402
1366456660802359297
1366456442438434822
1366456429561982980
1366456389732888582
1366456346648936449
1366456310749872132
1366456107485519875
1366456048308125702
1366455948404027392
1366455700986220546
1366455607109246976
1366455597911203846
1366455435805351939
1366455435662876674
1366455433842413569
1366455325931536389
1366455318415302656
1366455226497138703
1366454840197603330
1366454732286525442
1366454315058008064
1366454258904817673
1366454085248024577
1366453853613412357
1366453830515363842
1366453344223559681
1366453306093092865
1366453284324671492
1366453280080027655
1366453262019407874
1366453180297527297
1366453137784135687
1366452897089789955
1366452489915088896
1366452111656038403
1366451993796083716
1366451696646447106
1366451334442930176
1366451244034715649
1366451214720843783
1366451142402707465
1366451050861879297
1366450769294200840
1366450574787567621
1366450372894724105
1366450304624033793
1366450134947610628
1366450052856700933
1366449624450539524
1366449304722935809
1366448853797453826
1366448363651096576
1366448152514035714
1366447905121464323
1366447886393872386
1366401694083538949
1366401369431814144
1366401249273384967
1366401241853685768
1366401189005434887
1366401173385711616
1366401124920664066
1366400974793953290
1366400861346402312
1366400607884517379
1366400541056770049
1366400321862402050
1366400179834880000
1366400115271819264
1366399938175852545
1366399822433898499
1366399662698225665
1366399642678796291
1366399564236922880
1366399562781450244
1366399539041738754
1366399494863126529
1366399466287341573
1366399455512170496
1366399422318444547
1366399388831150083
1366399254567268354
1366399188192423937
1366399064657567756
1366399025692479501
1366398982797287424
1366398965759893511
1366398852438310913
1366398842510454787
1366398774323593219
1366398772742410247
1366398653779357697
1366398567192141826
1366398268012453889
1366397992085897226
1366397957235347460
1366397944614711302
1366397931255816193
1366397912113057794
1366397831746101248
1366397823617540098
1366397727437975556
1366397628972474369
1366397208665423874
1366397194987851778
1366397142361866244
1366396951588073473
1366396941232447491
1366396905811554306
1366396764752912388
1366396675011588096
1366396661078106117
1366396511853162499
1366396332500475912
1366396249822224385
1366395892362866688
1366395672044445702
1366395470327726082
1366395147563450374
1366395074603458562
1366394798542848003
1366394680229978115
1366394592816414725
1366394160954167303
1366393927268503558
1366393768279040001
1366393717347745795
1366393641397321737
1366393380796833794
1366393366481674243
1366393347376570373
1366393307727806464
1366393199590309892
1366393088936132610
1366392847507750914
1366392840809574405
1366392584176881666
1366392293729558528
1366392164100550664
1366391862156812291
1366391845786431493
1366391824286244869
1366391783597498369
1366391261066911753
1366391208453541889
1366391068040724484
1366391030052962306
1366390919461826562
1366390675386867714
1366390571036737536
1366390445081821186
1366390267247484935
1366390085978095619
1366390031506620428
1366389945913458688
1366389762190430208
1366389123808952320
1366388866312241157
1366388840924119043
1366388794002391044
1366388773127401477
1366388307345596416
1366388285485047810
1366388285451427843
1366388196578361344
1366387948770365442
1366387751910846471
1366387728003305485
1366387570624634881
1366386878199468035
1366309340353863683
1366308843886698499
1366308609378893829
1366308476939509761
1366308021828161539
1366307458461949952
1366307192337543168
1366307083394703360
1366306911390425090
1366306772311441414
1366306714086088706
1366306604057001986
1366306403439247361
1366305547146973189
1366305453823692800
1366305439063805952
1366305390405713924
1366305003191812100
1366304774447124486
1366304419189428227
1366304175714426880
1366303974110990338
1366302861605433344
1366302493081280513
1366302368111996933
1366302058920476674
1366301692099129344
1366301036907016198
1366301005336489986
1366300969189974019
1366300584052215810
1366299479767351298
1366299045124169730
1366298947019399168
1366298751288020992
1366298395787337736
1366298027510689792
1366297711574740996
1366297580536217600
1366297295650758659
1366297073411325955
1366296652521168899
1366296554718584832
1366296459247779842
1366296299880988674
1366296079327633413
1366295351779467265
1366295199849345029
1366295061034582017
1366508317372211203
1366508286543945733
1366507966103486468
1366507693817663490
1366507647793561601
1366507459125403649
1366507426867011584
1366507377416151043
1366507273380655110
1366507218472853505
1366507180220841988
1366507116475867138
1366507018924806145
1366507006866169859
1366506979670302727
1366506939514056708
1366506913404452865
1366506732793528320
1366506677135151104
1366506497690263557
1366506403909824515
1366506344413597696
1366506262977007623
1366506253678215168
1366506151056130054
1366506028242731017
1366505565791408129
1366505466914873344
1366505460858114049
1366505271439327236
1366505171342262274
1366505114480103424
1366504958183497733
1366504808287514627
1366504786791645188
1366504739685416966
1366504602326212616
1366504601567039491
1366504488245202949
1366504475825905667
1366504407442083843
1366504085977931777
1366504048996864001
1366503723539836931
1366503654572851200
1366503472242319364
1366503400800722947
1366503267082117122
1366502949371981828
1366502610530938882
1366502465336709125
1366502381530193923
1366502305844101121
1366502044161503241
1366502009420075009
1366502001794838528
1366501987634847752
1366501850938298368
1366501820152045579
1366501570905395206
1366501561610952710
1366501518904614915
1366501447219761160
1366501383160160261
1366501258291531779
1366501198740783106
1366501187038699520
1366500762466086913
1366500736381693955
1366500609864708099
1366500538678976514
1366500504306667529
1366500371506614277
1366500349775912963
1366500334194024458
1366499961102209031
1366499700455702531
1366499601566564352
1366499347832143879
1366499019854204929
1366498984756449288
1366498860311457796
1366498710365102083
1366498667729854467
1366498658049523716
1366498462838177794
1366498351445921796
1366498254310039573
1366498143437742084
1366498098688778251
1366498037963497476
1366497897794187267
1366497847546417155
1366497822649032705
1366497652192460804
1366497467148173316
1366497335166042112
1366497242526408714
1366497229591216142
1366497155754512385
1366496770344292354
1366496717395345414
1366496696151212033
1366496666027651073
1366496599896190979
1366496503435436032
1366496382098542602
1366496341942095872
1366496289094045704
1366496155564003333
1366495878601732096
1366495625232146434
1366495423410679814
1366495360718426113
1366495357937586176
1366495352170381313
1366495332390076417
1366495249900658692
1366495168317313024
1366495162390691843
1366495153641373699
1366495152622174208
1366495064168488962
1366495055435993096
1366494815253323778
1366494747376963589
1366494670742822918
1366494577444724743
1366494558981357574
1366494551423205378
1366494506997153798
1366494491209834496
1366494457537961984
1366494452165074951
1366494231636963335
1366494210698989569
1366494105459654656
1366493904619536384
1366493874005377029
1366493835912744965
1366493527853662213
1366493460497367052
1366493344315154440
1366493314262925314
1366493300442693636
1366493288006615047
1366493201276805127
1366493112126885890
1366492919536836610
1366492836871495685
1366492806739464192
1366492805338722310
1366492745989259266
1366492743845879810
1366492589151694848
1366492493685080070
1366492456657813505
1366492311912288257
1366492293604073472
1366492185898725381
1366492176482525187
1366492096610394115
1366491922253156368
1366491667604385793
1366491583797993475
1366491461445902341
1366491063414841362
1366491049087168513
1366490892916437001
1366490671700344835
1366490535138050055
1366490334969036801
1366490261099073536
1366490216610078727
1366490017267343362
1366489922526347264
1366489840301318148
1366489660478873604
1366489594900992001
1366489404265684995
1366489374955831299
1366489187910889474
1366489057996533767
1366489006683340803
1366488772221763585
1366488699236622339
1366488427164815360
1366488407942266883
1366488132934393870
1366488062272958465
1366487984258887683
1366487855493701632
1366487745321988098
1366487251492945929
1366486358357725184
1366486335184400389
1366486262996172804
1366486202401103874
1366486201872613381
1366486149724860421
1366485564724187137
1366485480649289728
1366485361791229956
1366485319063863296
1366485152193515521
1366484778040651776
1366484386473009153
1366484293967634444
1366483788352651269
1366483588615700480
1366483560480133122
1366483513701195786
1366483120296493058
1366483065711841280
1366482990948311041
1366482861377937411
1366482756767727619
1366482469730603013
1366482220597317633
1366482149843558405
1366482115257372677
1366482054028922882
1366481087187324928
1366481082829451265
1366481002239905792
1366480996246450178
1366480814540787715
1366480716838694915
1366480652946853889
1366480620772294662
1366480246959206402
1366479867898978315
1366479814471876614
1366479718795653125
1366479189457719298
1366478957445529604
1366478745255743494
1366478278005977088
1366217705154609152
1366217692571717632
1366217597264527362
1366217381417279491
1366217296541331461
1366217247472017410
1366217181558620167
1366216987467153410
1366216962267893762
1366216687159246854
1366216377795629059
1366216335512924165
1366216307822239746
1366216244710567936
1366216157221412864
1366216149617139714
1366216083791900672
1366215700520595458
1366215523529285633
1366215488171311109
1366215315978346497
1366215209766031363
1366215150886338561
1366215141889503236
1366215081181253633
1366215048239136768
1366214787483451392
1366214716813623298
1366214700342599681
1366214498940456960
1366214366610132995
1366213901919137793
1366213828350861312
1366213766346641408
1366213493960114176
1366213260085714954
1366213183715872769
1366212867264045056
1366212758304403457
1366212515961577472
1366212310662926343
1366212128428855300
1366211942352879617
1366211444019191814
1366211177328484352
1366211156768096261
1366210903390232577
1366210816912068608
1366210761928806404
1366210711144329216
1366210610741010435
1366210271212093440
1366210168044855300
1366210008418037760
1366209845645504514
1366209767811776516
1366209732298555394
1366209247172653056
1366209245864210433
1366208456529760257
1366208337977745410
1366207973098283010
1366207891808677888
1366207755892256768
1366207672001904640
1366207336273088518
1366207266446331907
1366206966633275395
1366206771509882883
1366206770725715968
1366206764505513986
1366206683274506241
1366206520082505732
1366206398053384194
1366206363924197378
1366205913489620992
1366205882929975298
1366205356150382595
1366205170229645313
1366205108908867584
1366204890951876610
1366204851286282241
1366204585681899523
1366204332421570561
1366204291451650052
1366204130256064512
1366204110593171456
1366204084856963076
1366203537991081987
1366203498254204929
1366202988641931265
1366202940881580038
1366202890675716098
1366202798237433856
1366202715454472194
1366248220289073155
1366248046644748290
1366247580653469703
1366247449552162816
1366247418422038529
1366247261005623296
1366246944381825027
1366246580945375234
1366246514369175553
1366246017339957252
1366244734700826624
1366244390159536129
1366244304956588033
1366244226539786241
1366243900613132291
1366243530247532544
1366243309958668288
1366242720927289344
1366242661846446081
1366242286363955200
1366242026988175367
1366241973363826690
1366241912789872642
1366241877352136705
1366241499587903489
1366241363205980162
1366241128304017410
1366241126055895045
1366240764729167877
1366240481735151616
1366240481190039559
1366240015282544642
1366240003110526977
1366239848865136640
1366239838916272128
1366239617796558851
1366239614588043265
1366238727761260545
1366238339708370948
1366237101335797770
1366236482814447618
1366236041162670082
1366235754427424768
1366235626358538244
1366235189152686081
1366235160446820353
1366235079308025859
1366234792166121482
1366234589908246532
1366234523898441729
1366234373054287874
1366234324001902592
1366234255626493952
1366233891372081154
1366233787315539974
1366233217817137152
1366417097811775488
1366416957914812417
1366416790239256588
1366416436738990081
1366416411967574021
1366416184996986885
1366416153430556682
1366416006093164545
1366415857438580737
1366415362410045445
1366415330898153481
1366415268138921986
1366415194285572109
1366415176908615688
1366415121191493637
1366415082998140934
1366415037972283393
1366414867125727234
1366414831054651394
1366414221345513477
1366414173085736961
1366414108426465286
1366413943548350464
1366413917027639298
1366413892209926149
1366413844386611206
1366413630342848513
1366413615381757953
1366413541700481025
1366413459529809922
1366413436159221763
1366413227173715976
1366413182999355398
1366413104788107265
1366412839276183557
1366412805906202626
1366412795059740674
1366412698389540865
1366412657037819911
1366412653640359936
1366412622665515011
1366412594647609345
1366412588989308928
1366412543208611844
1366412537751814152
1366412435599540239
1366412430448943110
1366412273145831427
1366412263792508933
1366412161216622593
1366412032321474566
1366411940260503557
1366411865044242436
1366411832890712066
1366411825475186691
1366411745946988547
1366411683548303364
1366411557937303558
1366411544490217476
1366411541176676355
1366410972831899648
1366410947464675330
1366410923976646661
1366410813901258753
1366410560326221831
1366410468684947456
1366410208944087045
1366410031898513410
1366409850037673986
1366409676653535237
1366409633624162309
1366409599969071104
1366409559036866561
1366409550727962626
1366409496008953863
1366409320179634182
1366408815990607872
1366408707068678145
1366408669986979850
1366408612999004162
1366408591901622272
1366408470057091075
1366408403107594242
1366408050576302081
1366407885211672580
1366407852743663617
1366407820309123073
1366407814504091650
1366407797303349249
1366407781964779521
1366407766974283788
1366407709948588034
1366407527789961216
1366407421413965829
1366407236378058752
1366407219374215171
1366407003032141826
1366406956563517445
1366406917749415937
1366406877068685318
1366406848417521664
1366406787654701056
1366406579944325124
1366406371311292425
1366406259700690946
1366406024345886720
1366406005332971522
1366405821752573964
1366405735391887361
1366405133886758924
1366404784346050562
1366404637356654592
1366404488584658946
1366404443982471175
1366404028570165255
1366403952883949569
1366403634410496002
1366403585504923657
1366403513824247808
1366403395301572611
1366402027270594562
1366402009914626054
1366371124519575552
1366371080349302784
1366371048057425920
1366370883795906565
1366370645219545089
1366370504521752576
1366370425031254017
1366370403191578624
1366370247134105601
1366370191840587779
1366369994079141889
1366369800604246016
1366369758866776068
1366369741028343822
1366369449402462212
1366368923147329549
1366368705597308928
1366368337496838144
1366368262590771200
1366368195989417990
1366368165287124993
1366368106755608583
1366368075529007104
1366367998680907776
1366367890941829128
1366367838227816450
1366367514213638145
1366367412669583374
1366367112902578178
1366366813756542976
1366366715475595265
1366366710069153795
1366366271802142720
1366366200800964634
1366365931233026048
1366365755760128002
1366365716941742086
1366365643881250817
1366365344965791744
1366365253089570822
1366365059874701312
1366364931298328577
1366364887535005701
1366364519799410690
1366364452711518210
1366363980135092227
1366363874149228560
1366363636197957633
1366363294685163524
1366362905218846722
1366362866241183746
1366362707969064964
1366362582953697285
1366362479970967556
1366362311594811393
1366361899655438336
1366361819531640836
1366361749553840132
1366361719958831104
1366361653525114885
1366361603298459650
1366361536101568515
1366361486919159818
1366360511034572800
1366360422371233793
1366359700430757890
1366359586253508611
1366359469051891714
1366359271051571203
1366359234611470341
1366358988036579328
1366358950552236034
1366358858633945094
1366358802438778884
1366358657991143424
1366358455141896193
1366358325420523523
1366357733230977025
1366357723391131649
1366357656001261572
1366357361976373256
1366356833590513664
1366356762677424132
1366356721631981569
1366356433558724613
1366356096663904256
1366356027768270854
1366233049374031872
1366232697400623107
1366232431355830273
1366232116204367875
1366232019601088512
1366231553731416065
1366231454410289153
1366231427851902977
1366231096485052416
1366231026280857600
1366230974338654209
1366230903622631427
1366230399731392522
1366230345356611588
1366230315728048133
1366230218000658433
1366229650280710147
1366229339163951111
1366229332667101184
1366229157366161413
1366228823738621954
1366228738787201028
1366228693715021826
1366228586231955460
1366228541822566410
1366228128767627264
1366227518144077827
1366226258225336321
1366226136280281090
1366226109600321537
1366225902720327680
1366225465615261697
1366225365845344265
1366225077470072837
1366225051888930819
1366224992166424581
1366224956091105281
1366224668353589249
1366223949785358338
1366223948803837955
1366223835650027520
1366223716867309569
1366223646549823495
1366223423500935176
1366223405264044035
1366222815876157440
1366222708942512128
1366222292620111874
1366222036469694475
1366221681484775425
1366221611674796034
1366221609992921094
1366221341377126405
1366221130822868992
1366220568568098816
1366220518555332610
1366220357879832578
1366220133962719232
1366219557988278276
1366219159194001414
1366218842167513089
1366218757580808192
1366218637103702017
1366218438121676803
1366218386867326977
1366218272971063298
1366218026006114306
1366538562968109059
1366538549055619074
1366538463756115970
1366538455115792384
1366538076705546242
1366538033487630337
1366537552862216195
1366537540077953030
1366537469815095301
1366537256014663683
1366536760633614341
1366536732569559043
1366536622062391296
1366535991712911365
1366535874897342464
1366535756886536192
1366535320238313473
1366535267520249856
1366534862086135811
1366534693936640005
1366534388993855489
1366533985229283329
1366533871538438144
1366533434395529220
1366533310235742210
1366532962184007685
1366532522738335746
1366532031597981697
1366531874433032192
1366531704500944915
1366531116522373123
1366530895113564163
1366530820475912195
1366530644432592897
1366530589235552260
1366530481832030211
1366530397874577414
1366530367314931712
1366530198783549441
1366529887012483072
1366529805227880454
1366529746125873152
1366529448703627272
1366529391648530443
1366529236815605760
1366529152132775939
1366529105894735876
1366529028182663173
1366528907550285832
1366528428292333576
1366528396042379264
1366528380062040070
1366528023495901188
1366527960921108481
1366527786177896449
1366527606464651265
1366527531831197697
1366527412171927558
1366527249718120448
1366527170202451970
1366526947308822530
1366526838915301376
1366526749295734792
1366526670551846913
1366526360416575498
1366526180170420227
1366526085744230405
1366526066152648707
1366525765018386437
1366525379708547075
1366524645575376900
1366524302674255878
1366524276984184837
1366523939976077318
1366523876377772032
1366523873148235779
1366523817737261059
1366523468443959298
1366523417688686596
1366522929668911104
1366522772650942467
1366522699942617089
1366522621332971522
1366522576655314946
1366522530794766341
1366522278310252547
1366522275298750464
1366522023460155394
1366521738411053058
1366521526196043780
1366521386823520257
1366521358578982912
1366521299707834369
1366521135500787716
1366520943087075328
1366520791588868097
1366520545660010496
1366520484196724738
1366520040254660608
1366519947451633665
1366519417622913028
1366519364732731394
1366519324987453442
1366519114232176648
1366518910820974593
1366518661629046788
1366518635574013953
1366518629521641472
1366518625453146112
1366518285790048256
1366518256014663681
1366518202855997445
1366518072387977217
1366517927118204931
1366517924798869504
1366517812462837760
1366517734381662211
1366517605205303296
1366517555280633859
1366516872544358400
1366516825861857280
1366516812310077440
1366515951735341057
1366515887596072966
1366515607085010944
1366515206688542721
1366515111242956801
1366514826894278661
1366514705796374532
1366514577219928067
1366514555971657737
1366514470818832386
1366514327335956482
1366514313436024839
1366514044199403520
1366513806004871170
1366513787076038658
1366513785138270208
1366513753626443776
1366513745501937665
1366513447886815236
1366513224166887425
1366513166507769856
1366513105765720064
1366513039198081028
1366512626528882695
1366512603481202694
1366512570316845056
1366512436338114564
1366512057059848198
1366511890122346499
1366511807351947267
1366511699839303683
1366511686149152768
1366511125882363906
1366511059792769029
1366510939760193547
1366510665616261123
1366510540592398338
1366509960599855105
1366509869847769090
1366509721830752265
1366509691770195973
1366509623684005893
1366509420176420869
1366509133680304134
1366509122267545600
1366508978495193090
1366508785175388161
1366508734734811138
1366508725066948615
1366508710479212549
1366508527146082306
1366508483374374918
1366508391477043201
1366386248542167052
1366385443109888003
1366385315133464578
1366385298297421829
1366385288885506049
1366384926430527492
1366384863155277826
1366384663695081476
1366384204674699267
1366383988919656448
1366383946171363330
1366383890919788549
1366383821424320513
1366383758111252480
1366383746941911040
1366383688985030657
1366383660191125505
1366383416288174084
1366383375389458432
1366383268870967297
1366383266719227907
1366383065791094786
1366382976595070979
1366382922740154368
1366382822836088836
1366382765713874945
1366382390512414723
1366382295570124806
1366382226032754690
1366382223398744065
1366382196341305347
1366382175428476928
1366382173880807427
1366382035741396999
1366381960797560836
1366381340615192578
1366381336215183361
1366381130983870467
1366381125271248896
1366380799218524165
1366380695522668548
1366380418665230337
1366380247478853634
1366380242407940097
1366380083666108418
1366380058508734468
1366379878908645376
1366379755206037506
1366379550796578822
1366379327487639557
1366379267744034817
1366379239478603778
1366379162865311744
1366378851387854848
1366378590556868610
1366378337929551872
1366378297781866499
1366378284724936708
1366378201937809408
1366378141858553856
1366378133205712907
1366378087458484238
1366378031279923200
1366378003207516163
1366377965991440399
1366377829257125891
1366377803269033985
1366377706498232328
1366377598583005193
1366377473362042882
1366377291744481280
1366377189357223936
1366376961153658882
1366376922125631489
1366376879964512257
1366376833634033668
1366376808887672834
1366376783239655425
1366376726637461510
1366376458889932800
1366376427948539909
1366376394352185350
1366376118027132932
1366376108984328196
1366376067104178176
1366376063622905859
1366376057935441924
1366375819531087878
1366375790712131584
1366375708705095681
1366375694918447104
1366375645278662660
1366375503993708548
1366375425707040769
1366375279296446465
1366375243204419586
1366374858762973185
1366374659164434446
1366374487709650945
1366374279638618115
1366374204027772929
1366374196020969473
1366374139502747652
1366374123484688386
1366373806860869634
1366373719665500170
1366373565864554499
1366373528950382599
1366373421391745025
1366373380400832513
1366373378983092227
1366373296346906631
1366373142558609416
1366372907304316928
1366372735971069953
1366372701833744385
1366372433368731655
1366372387806134273
1366372214849884166
1366372033198710784
1366371913426173953
1366371774322139137
1366202483870162945
1366202320418086912
1366202312335581191
1366202277569118216
1366202015035002881
1366202008957382659
1366202002036948995
1366201921133039618
1366201850475634689
1366201827335798787
1366201780665786369
1366201728878706689
1366201666236784643
1366201542387318785
1366201490742923265
1366201426431545345
1366201402603749376
1366201096646103040
1366200986428190724
1366200874859601921
1366200733297762308
1366200630231126018
1366200599465762816
1366200565504634880
1366200483707318274
1366200308217577475
1366200229670883336
1366200120606416900
1366199996287180801
1366199866968461313
1366199836790284291
1366199707584917513
1366199548159361029
1366199523786317825
1366199363467411462
1366199331741597702
1366199235776045064
1366199088383811590
1366199066732945408
1366199002971078657
1366198980695236617
1366198891759230977
1366198787241246724
1366198782254284800
1366198476900618244
1366198226215264258
1366198137061269504
1366198122930597888
1366197911420198915
1366197866130067456
1366197693991813120
1366197492757405699
1366197324494602241
1366196867739000833
1366196718438547458
1366196711740293124
1366196700377804804
1366196699350396928
1366196680425668612
1366196434416984066
1366196387268816897
1366196385566048258
1366196366221877250
1366196340741537798
1366196317010210817
1366196314678116352
1366196263306235904
1366196247715979264
1366195953900879872
1366195835294412800
1366195776423092230
1366195653781696517
1366195642163290113
1366195638627688448
1366195471753105409
1366195316853243907
1366195233076174855
1366194916049768449
1366194907929452544
1366194651242369024
1366194565435305985
1366194471105355781
1366194389199056901
1366194174702280708
1366194144100503553
1366194036370010115
1366193980023721984
1366193946205028356
1366193779485646850
1366193627710566403
1366193602913689600
1366193517685571584
1366193511117295617
1366193452636078081
1366193388198895620
1366193381890785283
1366193117158912002
1366193100868124679
1366193100192940036
1366193048791773184
1366192963265699841
1366192901131149312
1366192609560064001
1366192362498719754
1366192314541084678
1366192307549143040
1366192266856046595
1366192256215040000
1366191922381950976
1366191917541842946
1366191609268822019
1366191550066262016
1366191494919581700
1366191450099171328
1366191448270409731
1366191438464225283
1366191256032935937
1366191203839074310
1366191189528092672
1366190841534967808
1366190565868642304
1366190547023630343
1366190455562661888
1366190448319029248
1366190233692344325
1366190189945581572
1366190187093581826
1366189997892714498
1366189689258926082
1366189654156996608
1366189591519109120
1366189428767662081
1366189344948649986
1366189303836073985
1366188966408564738
1366188962944065539
1366188876608507907
1366188867049508865
1366188748807892998
1366188701395668992
1366188518620483585
1366188513549508609
1366188429013319683
1366188268228911105
1366188221068169219
1366187827084500995
1366187821044817921
1366187617096790016
1366187613644808192
1366187410510532612
1366432220244811776
1366432142587232262
1366432108432998412
1366431917898399744
1366431603430408193
1366431580340822016
1366431575534145537
1366431460698300417
1366431244981067779
1366431099807821827
1366431051363594242
1366430957927022592
1366430922892062720
1366430785214033922
1366430513033072643
1366430463167000579
1366430379746480131
1366430167472685056
1366430137873428482
1366430027517165569
1366429717893644295
1366429704182501382
1366429629809008642
1366429620527124487
1366429422694326275
1366429420412633093
1366429277617553409
1366429272836046856
1366428991175991299
1366428413704167428
1366428050699792384
1366428048992718851
1366428033054371840
1366427921641070595
1366427545873178624
1366427097368035332
1366427059350884352
1366426955323760640
1366426943067987969
1366426836922560519
1366426312089468931
1366425748865773573
1366425388209987590
1366425360104054786
1366424854422028289
1366424645646372865
1366424525747945475
1366423965762265091
1366423852071419906
1366423789274345478
1366423629068726278
1366423591215128577
1366423557216079873
1366423372196945925
1366423243351986177
1366423140432285696
1366423116830945280
1366423015030939652
1366423001105801216
1366422759459352580
1366422640160743424
1366422550817955845
1366422443615784960
1366422101347852288
1366422018229428226
1366421724888256514
1366421557518589952
1366421442896818184
1366421407610118148
1366421350064119817
1366421341096796172
1366421287292178440
1366421280682106881
1366420873163403264
1366420853404164096
1366420795937939458
1366420789445218312
1366420679780929542
1366420676454871045
1366420507952873475
1366420430257590272
1366419850718044166
1366419847844794370
1366419523881041920
1366419466591043591
1366419216568639490
1366419212323856387
1366419189955776517
1366419143646322695
1366418970530770947
1366418822358532104
1366418492090699788
1366418430799282181
1366418414231822340
1366418337102786572
1366418200846622724
1366417957438578696
1366417872646471685
1366417771840552965
1366417577711456259
1366417411382136833
1366417391828275204
1366477806281097226
1366477532908949512
1366477362725085185
1366477222391934978
1366476619947380737
1366476571553517570
1366475816310370310
1366475594008043522
1366474865276985344
1366474775024062465
1366474716274253826
1366474288182788096
1366474002651316232
1366473697880662018
1366473522982363136
1366472921556869125
1366472750169264136
1366472695861415943
1366472637854208004
1366472248077467652
1366472180251385858
1366471836771442692
1366471659406782467
1366471647876829184
1366471583347462148
1366471360449548290
1366471165653491718
1366470976549113861
1366470760706043913
1366470709338386432
1366470313270247426
1366470299064098820
1366470222690070531
1366469979474919429
1366469693020770307
1366469654911324175
1366469589073342465
1366469584430186496
1366469550666055686
1366469040869433363
1366468903711379456
1366468902503419904
1366468901824049156
1366468703047532545
1366468575221993475
1366468362835009546
1366468318975184901
1366468234455695361
1366467852472102914
1366467700504096777
1366467672666501127
1366467651829190656
1366467452612321280
1366467436783038466
1366467261574369282
1366467119962062851
1366466900251836416
1366466831242862594
1366466503374082048
1366466395215720451
1366466110791569408
1366466001135632392
1366465627360292864
1366465540341067782
1366465468349956096
1366465244147683337
1366465234429444100
1366465195611213824
1366464519522910208
1366464460018249729
1366464373909250052
1366464349032894465
1366464204945915907
1366464145533636622
1366464065623711753
1366463728154259459
1366463305938837513
1366463292642844674
1366463271650414592
1366462872931328000
1366263628056334336
1366263421851820035
1366263339689598976
1366262956078624772
1366262484101980161
1366262233450209280
1366262048854732802
1366261596767584262
1366261236531404800
1366261095594405890
1366260364241817602
1366259923311423488
1366259882089848833
1366259479201804289
1366259242542518272
1366259025474686976
1366258650722009088
1366258222143852546
1366258166808403969
1366257935463161858
1366257609829847043
1366256997054574596
1366256661212647427
1366256263357730816
1366256230486794244
1366256174568509441
1366255741389201414
1366255595263770626
1366255004462370818
1366254558557650945
1366254525175095296
1366254467750895617
1366253343677571075
1366252987560067074
1366252795947606020
1366252177363267585
1366252144328912901
1366251662776573952
1366251648809635840
1366251415190917120
1366251192221917189
1366251111552720896
1366250450199212038
1366249900749504513
1366248678814404611
