1371754670780211202
1371753425071960067
1371753238391820290
1371752752322375680
1371752664841781249
1371751719156191232
1371751678337253377
1371751676999258113
1371751298102652928
1371750523536355328
1371749070914662404
1371748774364725249
1371747584251953154
1371746924567666691
1371745754746908673
1371745259294691328
1371745109730033666
1371744743445647362
1371744645236002819
1371744492840230914
1371744414385704962
1371744372857917440
1371744306420195329
1371744172244369408
1371743843691954177
1371743665928871936
1371743634262011905
1371743115124543488
1371743028768092160
1371742934760968197
1371742337714511874
1371741912579903493
1371741512107712513
1371740236871524354
1371740085121605632
1371740012736344067
1371739798621331456
1371703772125097986
1371701692656283649
1371701100332470277
1371700868312010753
1371699950292176897
1371699681483354113
1371699402801360897
1371698763203375105
1371696918296936452
1371696773941526533
1371696070204481536
1371695393596080131
1371694637509799937
1371693733247340544
1371692845359321088
1371692744993775616
1371692656137490438
1371692569919418370
1371692039486763008
1371691934935183365
1371691706043666432
1371691325695819776
1371691060737404932
1371690340797751296
1371690079526158338
1371689710586900482
1371689651942002689
1371689273313783810
1371689038172712960
1371865595940118530
1371865307292131329
1371864673931423745
1371864619455807494
1371864429021827073
1371864416183017478
1371864255662800899
1371863750333059074
1371863288875786246
1371863005831520258
1371862700112896004
1371862516054167553
1371861625997770752
1371860858666684416
1371859999736143878
1371858319971905541
1371857760019640324
1371856329472638981
1371856233116864517
1371855763413471238
1371855682996146180
1371855567266979843
1371854734894759943
1371853936257273857
1371853010637295620
1371852523187879945
1371851858596220935
1371851735589879821
1371623887427923971
1371623766866997248
1371623751553413125
1371623595755982849
1371623435781111812
1371623218105098240
1371622843876737025
1371622681922134017
1371620506961592322
1371619654481891330
1371619127987609600
1371618831328755712
1371618778199568392
1371618068015804416
1371617665517821953
1371616885553434624
1371616790854430726
1371616189244444678
1371615948210372610
1371615704647151619
1371615276542918660
1371614964583067650
1371614612869746690
1371613943395987458
1371613720154152961
1371613643385737220
1371613627028008963
1371613126421020673
1371896727251394561
1371896485667803137
1371896000533692421
1371895937245847553
1371894022298599424
1371893868094914560
1371893126378491913
1371892282534805511
1371891749359075331
1371891591447728131
1371890909713956864
1371890579701923841
1371889629645959169
1371889243639926791
1371889119660367881
1371888868232982535
1371888298759573504
1371887843753095173
1371887775667064838
1371887690908635138
1371886630370430984
1371886564347895810
1371886304770850820
1371885843099574278
1371885725537296384
1371884967865806849
1371884659194404877
1371883937618870273
1371883054835191809
1371882789377822720
1371882177965735936
1371881732845232132
1371786291856220160
1371785975781789698
1371785887588130820
1371785477468999683
1371785192851972100
1371784523394940930
1371784150760398849
1371783810321321985
1371783626900307974
1371783519475695623
1371783356938080258
1371782534326071300
1371781021281230849
1371780444421828609
1371780217958727688
1371779811337715712
1371779709801992195
1371779122070970372
1371778552027213824
1371778188003700736
1371777093017739269
1371776788158906368
1371776754625417218
1371776410327584770
1371775832230916097
1371775237281435652
1371774813853913095
1371774541173768200
1371773916922937346
1371773806763778049
1371773437664968706
1371773069916786689
1371772255206830083
1371771847696584708
1371771812053282817
1371771712447057920
1371771327963570181
1371771285789831170
1371737147259109380
1371737000928231424
1371736437738065922
1371736235803299840
1371736160918196227
1371734157894815745
1371733581559660552
1371733037419991042
1371732932914728962
1371732268234989568
1371732246521057281
1371732106104168448
1371731831175970818
1371731476157501443
1371731318640414729
1371731024003088384
1371730837230780417
1371730773544468480
1371729534794543104
1371729408608854018
1371726354111205378
1371726017329528832
1371725965592760320
1371725850970877952
1371723769425825799
1371723665990107138
1371723548927086592
1371723475031838721
1371722423981240321
1371942886040821770
1371942866054959116
1371942838079000587
1371942826200678403
1371942804402941958
1371941573752188929
1371941497042399233
1371941317664595968
1371941085904211968
1371940845750980610
1371940249815937024
1371939883363749890
1371939827688611847
1371939598599925761
1371937771527503874
1371937257687498759
1371937199449640960
1371936885770162184
1371936733156282371
1371936403295240194
1371936112340475904
1371934816812244992
1371934636771794944
1371934542299332610
1371934421138423812
1371934045857316865
1371933816542101509
1371931694794686469
1371931029934641155
1371930297651068943
1371929623286648841
1371929433997778948
1371929273473376257
1371929051842158596
1371928699952594951
1371928627923804161
1371927860039069708
1371655170560434176
1371653090466750465
1371652675213877252
1371652552299851786
1371650176692203522
1371650028779958273
1371648395652202501
1371648122909167618
1371646561931960323
1371646022250729472
1371645338830917632
1371644361855877120
1371644132469268480
1371643361862549506
1371642974862417921
1371641763027378178
1371641525197803520
1371641161618763783
1371640920769191937
1371640887860674560
1371640695547629568
1371640509433843713
1371640209264246785
1371974385502932998
1371974313012776960
1371973699323187203
1371973363762135040
1371972954603585539
1371972716337766400
1371972202623602690
1371972183774220290
1371971694672351236
1371971557581484032
1371971403914825729
1371970861377458177
1371970807509831681
1371970647170162689
1371970459152039938
1371969835756818435
1371969655431127041
1371969350245158913
1371969332926951426
1371968210820546573
1371967400262897664
1371966938910429191
1371965810693058561
1371965556832763910
1371965524486291456
1371965427442577408
1371964949027823620
1371964735676157958
1371964501747134464
1371963933008011268
1371963803164762113
1371962712935256065
1371961451028566016
1371961295180812294
1371960116870799361
1371880721539870730
1371880418874654722
1371880409294901252
1371880392005976064
1371879555154243584
1371879056887721985
1371877480924073991
1371877470002110475
1371877282785202177
1371876615488208903
1371876449829986308
1371876317508083712
1371875780972720130
1371874246490787848
1371874171253362688
1371873718406938626
1371873327195766784
1371873290634022916
1371873083213107213
1371873055128059906
1371872785040039946
1371872771781890053
1371872708074553344
1371872258889760770
1371871996636696577
1371870532950429701
1371869236440748035
1371867939205447682
1371867116916330499
1371866838527787015
1371866112313425920
1371865879357628422
1371687868377092096
1371687816401317888
1371686986369675267
1371686547792089088
1371686047097102337
1371685817811275776
1371685624583962624
1371685529389985794
1371685240385765377
1371685187734634497
1371683856437424131
1371683797066977281
1371683343977181187
1371683002862825477
1371682664105713667
1371681962675556354
1371681609435377664
1371681494192771079
1371680876728320001
1371678163500142593
1371677184537006082
1371676004851322886
1371674392896356353
1371673431666618372
1371673246718775298
1371927721652199427
1371927349105676288
1371925621648064513
1371925050954280961
1371924716575932419
1371924561915080705
1371924403252985856
1371924346499969025
1371924212563156996
1371924112772304898
1371923952763691012
1371923873105608704
1371923799940034562
1371923787055312898
1371923365787668480
1371922123049033729
1371921453252235266
1371920780980854787
1371920090761863169
1371919896926425092
1371919634610413574
1371919028667699214
1371918700350164994
1371918374968684549
1371918247826702340
1371918085901402113
1371918011913936904
1371917954472902666
1371917877410988039
1371917873753460737
1371917850244435973
1371916840801349640
1371916839194877957
1371916161785421825
1371915865319481346
1371915249578823681
1371914663219318787
1371914151040319492
1371913820571045891
1371913569072263172
1371913136190672900
1371819153074450433
1371818724609695748
1371818316591955968
1371817453701976073
1371817436958265349
1371817043016646657
1371816858135928832
1371816653688766464
1371816560969539590
1371816442967027717
1371816405675298818
1371815675665252353
1371815630454804481
1371815376665862144
1371815231442272263
1371815045018095616
1371814578951237632
1371813978712764417
1371813314288881665
1371813212086173699
1371812790365741059
1371812129783783424
1371810995295842310
1371810277931503619
1371810199376441345
1371810083458404354
1371810011979071489
1371809985622126600
1371809940453605382
1371809923856744448
1371809828708962310
1371809654142078979
1371809516388552705
1371809462206537731
1371809386662879232
1371809312776056832
1371809241900662786
1371809240797614081
1371809169859358721
1371808858746798080
1371808690773360649
1371808595210350593
1371808527090655236
1371808505456422916
1371808498418339844
1371808453094744066
1371808387625811975
1371807847886041090
1371807820262166535
1371804334338449411
1371849841807130629
1371849439103623180
1371849153723125764
1371849120114167809
1371848961934434320
1371847815262048266
1371847480569176066
1371847059544940551
1371846858901966852
1371846525790384134
1371845918769737728
1371845185823502340
1371845075735576582
1371844858906808321
1371844642535317507
1371844474138202118
1371843941465751565
1371843393710604303
1371843064038363137
1371842759385088007
1371842470401703939
1371842460570296334
1371842389229375498
1371841595142766597
1371841047840579592
1371840834702827530
1371840426949419024
1371839776362536969
1371839730938167311
1371839477459644419
1371839017457696777
1371838367051157521
1371837954025488400
1371836370205949956
1371836353760083969
1371836198520492039
1371836185757290504
1371835046638858248
1371834907429900308
1371834261968408583
1371833789220065284
1371833625721864198
1371833061516656642
1371833034211725312
1371832586247548928
1371832204423233540
1371832098621952001
1371831950613303303
1371830116389642243
1371829659747430401
1371828227124133888
1371827670867189766
1371827528168579080
1371827321477292032
1371827135241986055
1371826531585114123
1371826498643111939
1371825885465153538
1371825637753782275
1371825508174942216
1371824860469465089
1371824592097009671
1371822996755603464
1371822865390051333
1371822493971931144
1371822190623096833
1371822175234224139
1371821886338961411
1371821685494648832
1371821615512743944
1371821517378584577
1371821284846399492
1371820730116096004
1371819726142271497
1371819688527761409
1371819629597896706
1371912104098340867
1371911472738041860
1371911329062211586
1371910926656487437
1371910702596784131
1371910454214324226
1371910114215665664
1371909780688662530
1371909399254564866
1371909290001379333
1371909270397014017
1371908818700005395
1371907933949153280
1371907884842356750
1371907782937612296
1371907579127984136
1371907490460360705
1371907409766182912
1371906961848041474
1371906478462791680
1371906182835793925
1371906171339169799
1371905746951147520
1371905746573623304
1371905624028635140
1371905555191697413
1371905162760105988
1371904657577152513
1371902360553975810
1371902227590357001
1371902187010416645
1371902160351428612
1371901611413540869
1371900830698328067
1371900801346646024
1371900584433909760
1371900338014449668
1371899782638280709
1371899660114276358
1371899149034094608
1371898809752633349
1371898683126599680
1371898481758064749
1371898441765429258
1371898440372850695
1371898135354748936
1371671844084883464
1371671662362497024
1371671278835265537
1371670543456333826
1371670284881780736
1371669856576270337
1371668836949372932
1371667060393046020
1371667039044177928
1371665702470381569
1371665187892301825
1371662342354784258
1371662195377967105
1371661712085110786
1371660184246915076
1371659571568201728
1371658738185175043
1371657686857744387
1371656794041327617
1371639908603944961
1371639729540759552
1371639411209822213
1371639398119452674
1371639103498940420
1371639036134187010
1371638316857233413
1371637618677547008
1371637469611982848
1371637181505269773
1371636594558574592
1371636571628171271
1371636086049550336
1371635770021281796
1371635528236462083
1371635522280452099
1371635239836131333
1371635218856120323
1371635198757113856
1371635007610052610
1371634833881976834
1371634633490763779
1371634548468019201
1371634429286834178
1371634213074698242
1371634175133020169
1371633988708749319
1371633864213471236
1371633712086056963
1371633407235592192
1371633315212632065
1371633285370056705
1371632914178379777
1371632799913013249
1371632610741469185
1371632367618686976
1371632173036548098
1371631994740834312
1371631814922625028
1371631811806302214
1371631595329880065
1371631456053776387
1371631199387594756
1371631069808713730
1371630937189011462
1371630935876235266
1371630771962839043
1371630601040769024
1371630554731397132
1371630381007564801
1371630214166544384
1371630179504824321
1371629844585398272
1371629347510087681
1371629330401492992
1371629324273606656
1371629123089657856
1371628487119880195
1371628365015363587
1371628362981122049
1371627938022629381
1371627184243236866
1371627015795838976
1371626236422680576
1371626133733568514
1371625072302161921
1371624817955328007
1371803476712296456
1371803081180995590
1371801909716254725
1371801249776033793
1371801081265717250
1371798912042930177
1371798780614434818
1371796719055347713
1371796362111635467
1371796289696980995
1371796175721000966
1371795937090228232
1371795892206993410
1371795580503035907
1371795489415426053
1371795327943016453
1371795126641512456
1371795104609009669
1371794887725576192
1371794396916637698
1371794340184350721
1371793055699853315
1371792103878049794
1371791301822214148
1371791188437704705
1371790214243442690
1371790117036253184
1371789900924792840
1371789618081845250
1371788903724814340
1371958575032107008
1371958200778510336
1371957410445803524
1371957142119399433
1371957012548874241
1371956940180484097
1371956912829386753
1371956382677762058
1371956154918649859
1371955909514104832
1371955836558344193
1371955817084293120
1371955766735859715
1371954440631169029
1371953835678199809
1371953236609961984
1371953050881990658
1371952821508186124
1371952759784808450
1371952544226885637
1371952187203485696
1371951770780450820
1371951753894227969
1371951584821792770
1371951416290467845
1371951341472337921
1371951298749161472
1371950809378918400
1371950528033402881
1371949657002283010
1371949320539406346
1371949210250141702
1371948795605450753
1371948515367211008
1371946832402771973
1371946525216100353
1371946494262120457
1371945510261682180
1371945489298456576
1371944897448714244
1371944895078924289
1371944794709233669
1371944374817411075
1371944228687872002
1371943848876838918
1371771115639607297
1371770532564176897
1371770374661275648
1371770108427825152
1371767928509636611
1371767697437040643
1371767560815972354
1371767246851280896
1371766544854876160
1371764969142902784
1371764284594794498
1371763293191241729
1371763172798033926
1371762328224591872
1371761685074227201
1371759034483802113
1371757521304756226
1371756741684305921
1371756495658946567
1371721363103358976
1371719886972534785
1371718292382101505
1371717833030254593
1371717514317676544
1371717108741107714
1371716469004759041
1371715286445957121
1371713447998713856
1371712687038726146
1371712578368368646
1371711979132497925
1371711880817999874
1371711766103797760
1371710889892663298
1371710316640403458
1371710286726578176
1371710256934494208
1371710042005725185
1371709653051191298
1371707657275330564
