1359221790875254784
1359221761418625024
1359221728854048772
1359221663859105802
1359221539380617216
1359221355112235013
1359221128770818054
1359221122458415106
1359221045102788615
1359221017219072002
1359220650385285124
1359220619716538368
1359220550275629057
1359220494130634758
1359220373733052416
1359220081192955910
1359219992789712902
1359219541843324931
1359219441662320642
1359219381146943492
1359218713745104899
1359218662587199488
1359218546107174920
1359218433745817600
1359218122469695488
1359218089125175304
1359218072809259009
1359218062558453761
1359217730365325313
1359217696395649026
1359217492573507597
1359217415196925955
1359216257816354816
1359215819390083074
1359030512376025094
1359030002994487298
1359029930856566787
1359029681673019392
1359029428840448004
1359029394182971393
1359029310716334081
1359028482672451587
1359027905049726977
1359027784761319431
1359026989362016261
1359025860712488964
1359025678134304769
1359025228517629954
1359024850904510466
1359024566903922688
1359024464005124096
1359023968246591490
1359022841673494532
1359022702749757441
1359022630544826375
1359022577323134977
1359022427163009025
1359022117816262657
1359021743298412545
1359021196201791489
1359021183472078855
1359021001435152385
1359020873764773891
1359020824393617411
1359020746916257794
1359020229565816836
1359020202185420801
1359020184401551361
1359019720704479233
1359019425698091010
1359019338267824130
1359018600154214401
1359018437364752386
1359017680989278211
1359016746720636930
1359016528994271232
1359016325025308674
1359016097350115328
1359184572282515459
1359184563860238340
1359184343546134535
1359184171613175810
1359183866607640576
1359183852342771713
1359183696230838273
1359183659815862281
1359183086295130117
1359182845688885250
1359182657024892934
1359182641694711812
1359182593539858434
1359182533188087816
1359182444084293640
1359182269387321345
1359182218065809414
1359182030181965831
1359181840767197184
1359181740561096705
1359181648986738691
1359181431780630530
1359181401103368195
1359181183121260544
1359180962303795204
1359180557465362435
1359180333019725830
1359180023845031938
1359179629060378633
1359179510004936705
1359179484805681157
1359179321110220800
1359179287539179520
1359178850228457475
1359178753956597761
1359178748613038082
1359178427262242816
1359178402985517060
1359177961589641218
1359177587281580036
1359177389092335618
1359177241192710148
1359176730158727176
1359176660160045057
1359176341736849419
1359176261747306496
1359176250481283075
1359176120671866886
1359176109087145989
1359176073636950019
1359175687169593344
1359175650863706112
1359175629627875334
1359175540771418113
1359175384374382597
1359175315923296258
1359175254564831237
1359175090479448065
1359174907301662727
1359174607442477058
1359174478224363520
1359174326109487106
1359174228193476608
1359174209176412169
1359173772956286979
1359173755088568327
1359173513085526017
1359173175054118919
1359173038068166657
1359172960016338944
1359172252562984961
1359172211941257220
1359171853500186634
1359171836085477382
1359171816938430471
1359171791495823392
1359171494652297219
1359171263130980353
1359171127889850370
1359170838482812935
1359170832430465027
1359170688632905728
1359170413977296900
1359169609816018945
1359091330727616512
1359091153346437121
1359090904754237440
1359090772923056130
1359090401630642176
1359090270143397891
1359089825182322689
1359089550862266368
1359088900195704834
1359088444773986304
1359087736809009154
1359087295220097035
1359087177024626691
1359087143742812161
1359087111081775105
1359086972745224194
1359086949101932545
1359086773641617409
1359086321021648896
1359086318890983424
1359085918771159042
1359085130728366081
1359085129382039556
1359084758454722562
1359084425636679680
1359084271441489924
1359083141168775171
1359081825361145857
1359081255703367681
1359081118595751936
1359081020985913347
1359079577319055362
1359079401716088840
1359077579987189760
1359076773217058817
1359076250044690432
1359275744476635136
1359275615464128512
1359275558291578884
1359275085606092804
1359275049685897217
1359274625142816768
1359274512399884289
1359274238822256641
1359274080407609346
1359274001932165123
1359273913457532928
1359273477048569859
1359273389291163654
1359273215449849856
1359273061975871488
1359272893503266822
1359272244623597571
1359272148641144832
1359271977547104259
1359271853068607489
1359271852057706496
1359271594850471942
1359271110202695681
1359270935157686276
1359270900164669446
1359270897119600641
1359270892208062465
1359270787354677250
1359270688314568710
1359270569108254721
1359270547411132428
1359270344159227904
1359270014893887495
1359269646961115136
1359269365913444353
1359269236628025346
1359269094755868675
1359268866958974978
1359268352439508994
1359267792818692097
1359267522680401920
1359267494599532548
1359267274352386049
1358943805173604355
1358943571773186051
1358943102237609990
1358943062668509192
1358943012420739076
1358942968238010377
1358942672707350532
1358942381769428996
1358942153544617985
1358941942948757509
1358941824610615308
1358941645295804420
1358941627503374338
1358941530954870784
1358941114846347265
1358941036417069056
1358940984055386119
1358940863137726467
1358940545935114243
1358939957767770114
1358939481114574849
1358939431340830748
1358939426341199873
1358939394217037825
1358939338881396736
1358939218278449153
1358939135076016128
1358938932675825664
1358938712642637832
1358938340196777985
1358938280398577668
1358938072109502465
1358937606550134784
1358937531451125762
1358937418720632832
1358937417181462530
1359215188621287432
1359214902217486338
1359214527586332674
1359214307783958541
1359214016053264385
1359213925603020800
1359213460270252037
1359213301146800132
1359213193537744900
1359212448469942289
1359212385177899008
1359212245062926339
1359212153723568134
1359211941248516100
1359211442113810440
1359211421024743427
1359211384253394946
1359211305828311040
1359210944325320706
1359210940915400709
1359210919872593921
1359210816487186435
1359210802679537674
1359210621733109765
1359210459379949570
1359209871435059203
1359209868121567242
1359209664332800003
1359209643155800072
1359209622540673028
1359209618027683843
1359209234039250947
1359209183204278274
1359209149146439680
1359209106909798401
1359208772401561605
1359208583427051522
1359208558424780800
1359208532944510983
1359208405970395137
1359208334939860993
1359208270213373953
1359207930302787588
1359207350280871937
1359207246803140608
1359207110484107272
1359207012123500544
1359206956985032704
1359206380268306437
1359205929292623872
1359205699583160328
1359205626988158984
1359205590778716160
1359205553424195590
1359205401238134789
1359205053484138500
1359204880620085248
1359204814303993863
1359204611811328005
1359204559999107075
1359204316188352512
1359204178892120065
1359204100974530569
1359203710761639945
1359203583380619267
1359203505580376067
1359202802950565890
1359202052954587137
1359201954023505920
1359201920158695425
1359201870984531968
1359201791011938304
1359201770652663808
1359201257118855168
1359200937429135364
1359200931120873478
1359200629734821891
1359200619475705857
1359200427477258243
1359200329179406339
1359200292856815619
1359200285860761601
1359200022726914060
1359199862189920257
1359199736511688706
1359199729935151107
1359199473331765248
1359199387226890241
1359199325964947456
1359199286064390145
1359199243496534016
1359198914168180736
1359198801676939264
1359198467395059722
1359198449594363906
1359198218186326017
1359198122258403335
1359197779344560130
1359197556455190530
1359196659801067525
1359196595535962115
1359196343571423232
1359195705164898309
1359195316696862720
1359195224002727938
1359194574279827456
1359194317525561344
1359193934677876738
1359193648726896641
1359193022995513348
1359192947074424839
1359192823006912515
1359192641129349124
1359192444156465152
1359192369778810886
1359192348115222529
1359191961836658691
1359191961740193792
1359191413720813583
1359191301435121667
1359191258359603205
1359190904435793922
1359190901382332416
1359190507121958918
1359190108453355522
1359189469564461060
1359188619513241600
1359187960483115008
1359187872780288005
1359187446915870723
1359187247598366724
1359187172482449408
1359186994212073474
1359186748400623624
1359186744701313026
1359186646642675714
1359186543701876736
1359186288599912450
1359186092357017602
1359185995384651777
1359185710335500288
1359185628412452867
1359185585525714952
1359185429992329217
1359185172059418626
1359185054208061441
1359153674812071940
1359153060224921606
1359152874635350017
1359152474544885762
1359151789589864468
1359151733490999302
1359151684816093184
1359151537591885837
1359151357933060096
1359150808005292033
1359150723070631942
1359150535111299081
1359148636702179331
1359148540199636999
1359148508276809731
1359148440056381440
1359148418589859841
1359148156219510786
1359148045045276684
1359147818758393857
1359147639330250757
1359147302691229716
1359147137280466944
1359146887069188104
1359146511297355779
1359146406653657094
1359146367235608587
1359033659119001601
1359033426767089664
1359033130225594368
1359033094343446528
1359033007999307779
1359032755909087232
1359032616100495360
1359032524169641986
1359032292178448385
1359031958173585415
1359031575804051456
1359031541494644736
1359290878322425856
1359290818863972359
1359290618548084739
1359290284887130112
1359290175692693505
1359289269517496321
1359289109534113793
1359288975295406080
1359288832659701763
1359288708873207815
1359288678741286912
1359288304009695233
1359287896444919811
1359287510480809986
1359287308248174596
1359287182977101826
1359287108825829381
1359286841074065413
1359286643836874752
1359286629567926274
1359286433828192256
1359285591612010500
1359285362871386115
1359284570957430786
1359284204115271683
1359283776556306434
1359283775646158849
1359282862348992513
1359282275704274950
1359282206678597632
1359281994161618958
1359281713625534465
1359281658105585667
1359281576765321218
1359281520398245888
1359281077672624129
1359281028192301065
1359280777054281732
1359280646384975874
1359280630849294340
1359280404830691328
1359279940970156033
1359279933193863168
1359279681162346499
1359279616205152258
1359279591865651200
1359279548576059393
1359279179066343424
1359279099236265986
1359279095931170821
1359278961180696578
1359278890112417793
1359278836282654720
1359278761712246784
1359278312376459267
1359278272954183680
1359278079919628290
1359277380578254848
1359277083097260033
1359277052210388999
1359276350960451586
1359276348829761537
1359275951176228869
1358983323108966400
1358983196424232963
1358983194100523013
1358982792655290370
1358982620684681216
1358981837352280066
1358981620179427329
1358981586616782854
1358980526586138627
1358980413272715267
1358979867212214275
1358978869605396485
1358978596304429059
1358978302698942465
1358978288740311041
1358977010140237824
1358976428705001474
1358976125297434626
1358975631770476545
1358975017690820609
1358974487086129152
1358973507955265536
1358973319324778496
1358973137115885568
1358972183029104640
1358971146243371008
1358970734182363142
1358970395412615168
1358970369890283523
1358970213295882243
1358969329690300416
1358969304977440770
1358968998369652736
1358968757444509699
1359123106116349954
1359122953254879234
1359122495362781188
1359122221126594561
1359121918939590661
1359121610989580293
1359121424376598528
1359120621171482627
1359120445480398853
1359120124205228032
1359119018309910530
1359118424350339073
1359118414862708744
1359117127442182150
1359117034387165190
1359116979521662977
1359116711253864453
1359116575228452868
1359116390876270594
1359116200995864576
1359116107274149888
1359115893343674370
1359115885538074634
1359115607946518530
1359115380153745408
1359115367600123912
1359113954463600641
1359113174298095616
1359113006295232518
1359112475745083393
1359112028959379457
1359111542441205762
1359111173631733769
1359110492535545857
1359109843701927939
1359109610779549697
1359109524083343367
1359109483142787072
1359109159350767616
1358952431174832128
1358952053272363009
1358951634232102914
1358951446679609351
1358951393697042433
1358951173659656193
1358950917194743808
1358950835514871809
1358950806372966402
1358950498213134336
1358950221171093504
1358949617841430532
1358949559230074880
1358949339880636422
1358949024221519881
1358947374157209600
1358947131722186753
1358947103637204992
1358946990672011266
1358946984728670213
1358946979108319237
1358946779279032335
1358946728448299008
1358946628464427013
1358946501091811328
1358946392010444801
1358946361652224003
1358946248200486915
1358946153505714176
1358945993635598345
1358945724600381445
1358945680849575940
1358945544509546496
1358945431980507136
1358945247175331845
1358945153038254081
1358945057538252802
1358944903737335816
1358944714968322049
1358944322851250180
1359267224771518465
1359267069817102341
1359266344261349377
1359266075356000257
1359266038735663107
1359266033106903053
1359265874750840832
1359265687219412994
1359265327327109120
1359265323782991874
1359265255793123334
1359265178991304706
1359265119298011145
1359264946966642689
1359264838317391876
1359264573338095617
1359264492287389699
1359264390990729223
1359264077206413317
1359263898713673731
1359263636930363397
1359263349150674945
1359263263867944960
1359263130266796033
1359262770361999364
1359262427020337154
1359262361098604544
1359261876014751744
1359261862152527875
1359261815767719936
1359261645663518724
1359261497181040647
1359261464972918790
1359261431288455181
1359261344244113408
1359261331199717378
1359261166812463105
1359261111112126466
1358967584306135041
1358967531734589441
1358967447836008448
1358967427791429641
1358966304728903683
1358965914281127937
1358965747817480197
1358965559178760193
1358965304458682369
1358964413760380930
1358963723843567616
1358963496390701059
1358963361195646977
1358963317105192965
1358963291188559875
1358963261803216896
1358962970110394368
1358962389538861056
1358962160936845313
1358961922532642816
1358961697550200836
1358961472555081729
1358960572746899460
1358960205518827521
1358960154927116307
1358960002137018372
1358959875859046400
1358959843151736833
1358959526947540993
1358959185707335683
1358959183861809154
1358959067570536451
1358958672957870080
1358958137697570818
1358958019871137792
1358957960488181767
1358957835581816832
1358957434400722945
1358957285033271300
1358957115713286144
1358956574350446592
1358954508995334146
1358954332415168512
1358954326945763330
1358954190811238403
1358954043540873216
1358953701927313408
1358953464349351938
1358953271692525572
1358953160514166787
1358953140301742083
1358952764106104834
1358952650692300802
1359138524558217216
1359138496372477957
1359138444073648130
1359138264683315203
1359138183108296706
1359137940467834883
1359137928786685955
1359137864542478336
1359137711496527878
1359137261883949058
1359136676447191041
1359136540191039491
1359136291745579012
1359136236099756032
1359136204780888066
1359136144869314570
1359136030968971269
1359135963503599621
1359135900966547462
1359135777003876352
1359135495154991112
1359134601315119110
1359134291708551168
1359134091241803780
1359134022765600773
1359134019208663043
1359133892750450688
1359133807392219141
1359133587984048128
1359133489946365958
1359133304444837892
1359133208974098439
1359132816383107077
1359132703040430087
1359132682341523459
1359132464791359491
1359132395157524481
1359131756495073285
1359131593990955010
1359131313773686790
1359131150040637443
1359130868745437188
1359130240086343683
1359130153482399744
1359129549775245316
1359129167191801857
1359128758872117249
1359128751410466816
1359128741264445445
1359128690383323139
1359128526176288769
1359128130175332354
1359127779070128129
1359127766298427401
1359127702666551310
1359126879895183362
1359126665956380674
1359125985690542088
1359125055612010498
1359124715017748488
1359124579340455946
1359124353410080768
1359123983824748546
1359045708305858566
1359045608338767874
1359045011040444416
1359044374932373504
1359043619659927555
1359043425367162883
1359042861019377664
1359042019218317315
1359041343188840455
1359041157653692417
1359040886256984074
1359040041754845184
1359038932051128330
1359038920449642497
1359038761800069120
1359038034558283786
1359038009077858304
1359038004401238018
1359037344511373313
1359036144936132612
1359035369229086723
1359035320352784385
1359034244945899526
1359033777863892995
1359146212969107461
1359145993321803782
1359145987932123139
1359145789025628160
1359145646431883278
1359145236522483713
1359144459963924487
1359144038432206852
1359143954634182656
1359143856827170821
1359143809330872324
1359143779446456324
1359143352743170051
1359143248246276096
1359143178184519680
1359142935367999489
1359142887120924682
1359142611181789191
1359142312673239040
1359142248051585028
1359141396247023619
1359141363837792256
1359141118366126080
1359141052603658240
1359140822076297219
1359140449236180995
1359140386099322886
1359140315886739456
1359140037850497032
1359140020326694912
1359139996163276800
1359139989200789504
1359139918077960196
1359139770002202627
1359139708023013388
1359139573939462145
1359139478770749441
1359139302735818752
1359138982433591296
1359138835842682883
1359138701503205376
1359138594020024323
1359138579671252997
1359260621662007296
1359259834743406593
1359259562147217410
1359258793008386050
1359258780383338499
1359258592386367490
1359257958127960075
1359257931884220426
1359257740695269377
1359257644683456514
1359257021338578945
1359256755772022787
1359256072624758788
1359255688065781775
1359255610903126019
1359255555773202436
1359255448260669441
1359255199932628993
1359254892993421313
1359254758045978625
1359254461231878145
1359253945898553345
1359253097034510336
1359252946916159488
1359252764933644289
1359252622079782912
1359252435106103296
1359252183896662021
1359252113570713603
1359251881143504903
1359251872104599552
1359251782442962945
1359251711416823809
1359251570957910020
1359251534387810313
1359251251272314885
1359250824589893635
1359250414894424066
1359250390353641477
1359250256739905539
1359250171230642177
1359250058848448512
1359249721940795393
1359249545167855618
1359249377051750401
1359249320080506881
1359249157039480832
1359249035480100864
1359248788804825095
1359248619518492678
1359248545790976003
1359248356334317571
1359248049210589188
1359247959699951621
1359247693172920325
1359247672541024256
1359247639766827010
1359247602760388609
1359247582556524545
1359247507096797184
1359247192553308164
1359246778915291141
1359246676515561474
1359246613693267968
1359246543124054020
1359246471271432192
1359246136800862208
1359245958987403264
1359245946224316417
1359245911973650434
1359245820638294016
1359245680003354624
1359107610855800836
1359107594359500804
1359107520011374599
1359107335311003648
1359107225458003975
1359107115034546184
1359107110957703171
1359106849379868680
1359106582533918725
1359105515964530688
1359104898944688130
1359104470647525376
1359103902621327367
1359102959255080962
1359102406986878977
1359101986457726977
1359101491504627717
1359101280220807169
1359101059831005190
1359100502940790786
1359100412851343365
1359100151328047106
1359099932926435332
1359099880812154881
1359099284663263235
1359098637276561409
1359098623158415360
1359096833381916675
1359096724405579777
1359094666751279104
1359094468180336642
1359093421558882304
1359093405406486530
1359093296916742146
1359093181577527301
1359092987725160452
1359245519193841664
1359245462306496517
1359245395403169792
1359245175353147396
1359244964002226176
1359244956003491841
1359244937712254978
1359244423977201666
1359244086432182280
1359244049324990470
1359243615541874690
1359243471803064320
1359243467319169024
1359243284950958089
1359243116465827848
1359242820096200704
1359241468225851392
1359241259798388737
1359241149685198849
1359239377105412096
1359238589968769033
1359238362004127745
1359237977780740104
1359237503602024452
1359237397091860481
1359236398130331650
1359236297450168320
1359235945573322756
1359235864753278979
1359235804598587393
1359235685706846211
1359235647517687816
1359235589296431110
1359235549349834754
1359235528793575424
1359234990182170625
1359234452967292931
1359234040264613889
1359233868579016706
1359233409772638210
1359233334707171328
1359233298007023618
1359233182114189313
1359232941717680128
1359232505740742656
1359232082409648132
1359231882966102016
1359231707443003394
1359231568448016386
1359231533962436608
1359231245427879937
1359231146551304194
1359230771416997891
1359230742266585090
1359230624607911944
1358935618210967553
1358935573566803969
1358935187325767682
1358934591185317888
1358934208832557060
1358933492986429441
1358933223800242176
1358932257520586752
1358932095410790402
1358932094202703874
1358931902057562113
1358931803554394112
1358931318738808834
1358931051687641089
1358930954744721408
1358930919109718016
1358930913632149507
1358930191649808389
1358930041942405123
1358929906713903120
1358929712110833664
1358929549573160960
1358929201043283978
1358929137386180608
1358928935745187841
1358928909421711361
1358928773547233290
1358928730220019715
1358928662880468995
1358928661345427462
1358928629355474946
1359060875118850050
1359060737453404161
1359060559753322496
1359060011071152129
1359059712856231939
1359059419053649924
1359059245665247232
1359059056481038340
1359057902703697920
1359052092841803776
1359050789617086465
1359050729286230017
1359049802407948288
1359049707968995328
1359048833355968516
1359048750178717702
1359048617034678272
1359048546146746369
1359048507114586113
1359048359420391425
1359048033619607552
1359047370760200194
1359047355589402631
1359047159773941766
1359047055348482048
1359046704553721859
1359046133553717256
1359169224393056258
1359169161298083844
1359169124983844865
1359169038417592324
1359168310307389447
1359168278023782404
1359168096259485710
1359168068484804609
1359167928197857290
1359167593341480960
1359167330287300621
1359167120483966983
1359166865654886408
1359166816329887748
1359166734780010496
1359166623568003085
1359166589032161287
1359166358680965134
1359166201457487877
1359166044833800193
1359165891506827273
1359165640792236047
1359164824605892616
1359164725385379841
1359164441175216128
1359164411454324745
1359164393871802371
1359164330055450624
1359163986923708420
1359163932213194756
1359163930183168000
1359163410332680194
1359163313167486976
1359163279508135936
1359163245035196422
1359162585694810114
1359162023028875264
1359161988358819842
1359161722725142533
1359161658040586243
1359160950755102724
1359160891573493773
1359160761017372685
1359160522931855360
1359160151694069771
1359159511991406592
1359159464998412291
1359159410388566019
1359159373982035971
1359159277529804803
1359159197745754114
1359159014916050950
1359158932086915074
1359158550199742483
1359157928406765570
1359157653235187724
1359157632980967435
1359157546179850247
1359157250712076290
1359157154490560518
1359157129228275712
1359157060152283140
1359156856023826443
1359156792304033804
1359156683822559236
1359156007356796929
1359155851202805765
1359155559262531587
1359155443889766403
1359155442375667719
1359155378806743046
1359155313920851968
1359155238012391425
1359155153228693517
1359155081418047506
1359155027177267203
1359154923976482820
1359154862651568137
1359154683168882695
1359154535558701057
1359154167013650442
1359076056586735616
1359075763438424065
1359075740323512321
1359075240106553348
1359075167595560961
1359074534264029185
1359074032390443009
1359072893838241795
1359072793313353728
1359072686773858309
1359072379977269248
1359072193779552257
1359072098778566656
1359071997347696643
1359071810290081792
1359071655767789574
1359071540701192193
1359071414997950464
1359071274044129285
1359071174249086976
1359071038554976258
1359070838377611270
1359070512299864064
1359070506352312320
1359070277762744323
1359070167540649991
1359069235172016128
1359069201470742531
1359069089491283968
1359068792937205763
1359068690076078080
1359068556143579137
1359068351490850818
1359068168195629061
1359068039199797249
1359067923495718913
1359067825432911873
1359067585308991488
1359067499845865472
1359067493743099905
1359067262368448515
1359067256077099008
1359067088648687622
1359067055157370881
1359066955538432000
1359066871459438594
1359066601866350592
1359066380159565826
1359066286517534720
1359066138563469312
1359066016630849538
1359065841409675266
1359065803283451909
1359065729904041990
1359065449795776514
1359065428627193856
1359065352852934663
1359065292081684482
1359065217091727362
1359064257678221313
1359063217578868741
1359062554136481792
1359062446628102147
1359061034279989251
1359015301485125632
1359015218563678210
1359014548678840325
1359014225516126208
1359014094960025600
1359013971026714624
1359013319580000257
1359013158438993922
1359012334119829505
1359011840127164419
1359011029863124998
1359010912229818371
1359010587024322560
1359010066926604288
1359009715284553728
1359009505338683392
1359009121983361025
1359007733391966212
1359007154271883267
1359006671947911171
1359006394758819846
1359006266207711232
1359005711225794562
1359005641420001280
1359005268575719424
1359003718574866435
1359003115970781186
1359002983648825346
1359002535558742018
1359002167818944513
1359001920245932038
1359001894866178048
1359001595309142016
1359000914934267905
1359000890334720000
1359000668418236418
1358999400459227146
1358999368809009152
1358999297900093440
1358998401153724418
1358998298493734914
1358997876093841409
1358997792090390537
1358997205609312256
1358996792864612358
1358996594096537601
1358995596804169729
1358995595256598535
1358995143618093059
1358994951040716800
1358994018697244676
1358993612139241476
1358993336984457220
1358992411360456705
1358992135031291906
1358991856563081216
1358990866963136513
1358990858306125825
1358990436304629764
1358990065943404546
1358989902323548161
1358989645405540354
1358988942608109573
1358988590253019138
1358988581394669569
1358988484468502528
1358988164501823491
1358985896306094081
1358984815425560581
1358984345541873665
1359230391580721153
1359229701642997762
1359229283957432332
1359229047809662978
1359229042868772871
1359228713175552000
1359228103034368003
1359228034239373317
1359228000651251714
1359227938286280714
1359227407589400578
1359227353138888705
1359227268980211713
1359226984145051658
1359226845670080512
1359226812560257024
1359225761794838529
1359225734238191639
1359225613278674949
1359224848954851328
1359224128201498625
1359224101425082371
1359223974903902211
1359223697169674241
1359223121325228036
1359222857084133382
1359222789262213123
1359222379877199876
1359222363682787329
1359222304602001409
1359222298440585222
1359222161769197571
1359222159680417798
1359222128155975682
1359221878573961216
1359221809179074561
