1380549684582871043
1380549526948298757
1380549413223940096
1380549397335969792
1380549275453624329
1380549025703792648
1380548930669326339
1380548781268164610
1380548525369520130
1380548140890255362
1380548006622138371
1380547878599409669
1380547837776302087
1380547826913001475
1380547746545950729
1380547562302664709
1380547494879322112
1380547158265462785
1380547140435464198
1380546965839167488
1380546959853912068
1380546247510138882
1380546170318159879
1380546067142434818
1380545956320530435
1380545905871499264
1380545878369386499
1380545546314780678
1380545294241259524
1380545259432779778
1380545097658425355
1380544588906119170
1380543900004286469
1380543898871857159
1380543803480756231
1380543649130369024
1380543465726087170
1380543387598778372
1380543297656127494
1380543241330774020
1380543221651005440
1380543216840228864
1380542808851951623
1380542693806374914
1380542548410822658
1380542539019612164
1380542369662173191
1380542223125778438
1380541279067639811
1380541052902285312
1380540979015516167
1380540252629180417
1380540250997555202
1380539801053638659
1380539478008287235
1380539406780616709
1380539189742202880
1380538490325241856
1380538403343769611
1380537798277656581
1380537503195750404
1380537173426966531
1380536810409955337
1380536803514589184
1380536374693142532
1380536248545185797
1380535728694718464
1380535692124594179
1380535434955083783
1380535428567162881
1380535027193233408
1380535026417344516
1380534973321650179
1380534958339411970
1380534689136578566
1380534589765136391
1380442825335115777
1380441464992325635
1380441069905567745
1380440827432943616
1380440117383413760
1380439397561143296
1380438095280054276
1380437627426332673
1380437507700092929
1380437267915833344
1380435865068056576
1380435435722174469
1380435293585674240
1380435260467507200
1380433553612242945
1380432795189776390
1380432634262736897
1380432180980121601
1380432122490589185
1380432055180398592
1380431973253058560
1380431532763049986
1380431444753969158
1380431279036960770
1380431101374570497
1380430745647394816
1380430700206301186
1380429436353454080
1380428620288516099
1380428390776311811
1380427771537723392
1380610852718542856
1380610816567808001
1380610779213357061
1380610620555370496
1380610531657183236
1380609590455382018
1380609285684613128
1380609023075098628
1380609012241141762
1380608353840242691
1380607458977013761
1380607058064576526
1380606462582480899
1380605924222570500
1380605726045921281
1380605695045873664
1380605382851182597
1380605333547196422
1380605189418319878
1380604888988651523
1380604821514895360
1380604725930852352
1380604390621515780
1380604386217447428
1380603983924891648
1380603598346706945
1380603582840512518
1380602904487329799
1380602887252795392
1380602578388549650
1380602557828063233
1380601520933105666
1380601449697132545
1380601187502817281
1380601140832784394
1380600855389380608
1380600329989947397
1380599700164841474
1380599071669379072
1380598710346817536
1380598540699860992
1380598357979144194
1380598291000348676
1380597928662814720
1380597805740392456
1380597745430446081
1380597660726493187
1380597522507440138
1380597372531707912
1380596979844141059
1380596920217915392
1380596796272037893
1380596719503736837
1380596362341912580
1380596213813219341
1380595979896958977
1380595978865086465
1380595896455475204
1380595885449613315
1380426849680044033
1380426822756798467
1380426562491850757
1380426488764321793
1380425342855299075
1380425009135558656
1380424580498649088
1380424148258709505
1380424145805131777
1380424056948854789
1380423551551950848
1380423236652044289
1380422856186732545
1380421997738463232
1380421425190866946
1380419992873668612
1380419953145225216
1380419710135635976
1380419522738405376
1380419068168126465
1380419001352863744
1380418891923419141
1380417724170522625
1380417551147147264
1380417497908834304
1380416640458756096
1380416022264512512
1380415791942799363
1380414158483640320
1380413517342314496
1380413226043670533
1380413135849357312
1380413026751422464
1380412995143151617
1380412847297982465
1380412566418059267
1380412304051822597
1380411890166206464
1380379842261180425
1380379025391165442
1380376598512238595
1380374846920564737
1380373953877737472
1380373622880051200
1380373453472100353
1380373136638640131
1380372443550867456
1380372354891612160
1380371982110363649
1380371265836494849
1380370069457399811
1380370030202912769
1380369667366264832
1380368481175138306
1380367857863643142
1380366862890975232
1380366814677504004
1380366470039937028
1380366315660120065
1380366050055835648
1380365998654558209
1380365005846151169
1380457936548421633
1380457677776691200
1380457537644941317
1380456829327716352
1380455251636060160
1380455102738264066
1380454677561671683
1380454571928064000
1380452848203354113
1380452840573911049
1380452488067842048
1380452391930228737
1380452379145932801
1380452353581662208
1380452045161922560
1380451357182853127
1380451192141180928
1380451107168735234
1380451032774283265
1380450866482671618
1380450547967217665
1380449275809792004
1380448867817119749
1380448799932489728
1380448643057078275
1380448512987385860
1380448291813482496
1380447913436909568
1380447211000057856
1380446844229185536
1380446028768362499
1380445311479472130
1380445015898488836
1380444889180221440
1380443900976844808
1380443402685325313
1380443133226463235
1380671795532009477
1380671739236089863
1380671644990013445
1380670916380737542
1380669357601169410
1380668897368621064
1380668487757148164
1380668173574402054
1380668105295339522
1380667821860921346
1380667221970665478
1380667053032542211
1380666688237150209
1380666555910983683
1380666508376993795
1380666492002385922
1380666372087238658
1380666170957778944
1380666076078411777
1380664918723211267
1380663737825247232
1380662995945091072
1380662567245340673
1380662247786045441
1380661447693336576
1380661224057282563
1380661085657649153
1380660993953513473
1380660966942248964
1380660862386544643
1380660658107219977
1380660370390548482
1380660298852540422
1380660277390282754
1380659792381939712
1380659530934128640
1380659156479320068
1380659019950534661
1380658998685233153
1380658631935459330
1380657812280373248
1380657458708799488
1380657416816189447
1380657274062970885
1380657126201249798
1380656746050506752
1380364166850965507
1380364021472374784
1380362942546382856
1380362836119969792
1380362612039385088
1380362006843305989
1380361215642378241
1380360615303188480
1380360005665267716
1380359829013794821
1380359726668652545
1380359342801747969
1380358468826230784
1380358327083929601
1380357996971167749
1380357669840678912
1380356418797195273
1380356325083729922
1380355756701184006
1380355645971566595
1380355240877305858
1380354781026353153
1380354246298718212
1380352508644749315
1380352090321657857
1380351578113146885
1380351334445105152
1380351291566739461
1380350871884726272
1380350727957143553
1380318103582691329
1380316323813597187
1380316217190318081
1380315978681225216
1380315387993198595
1380315178584137729
1380314691910696969
1380314495428423680
1380314390495330305
1380314287273574405
1380314078783139843
1380313624435159042
1380312741534175233
1380312642611507200
1380312572944125952
1380312548344487942
1380312494267363334
1380312332237209607
1380312096227885060
1380311971220893699
1380311864291233795
1380311567422484480
1380311244813578243
1380310953988927491
1380310846384050177
1380310698069172226
1380310417860395010
1380310181565890563
1380310111319699456
1380309735874920453
1380333421302530048
1380333140233891841
1380332941365100545
1380332515827793921
1380332503530082304
1380332145625944071
1380332114835611650
1380331764434890755
1380331664325414914
1380331125172629507
1380330919706439681
1380330846444531712
1380330836977840131
1380330763875409921
1380330446307782657
1380330074147274757
1380329769330442240
1380329658667958275
1380329510986526724
1380329354463444992
1380328868716802048
1380328491774803971
1380328457738063872
1380328438523908098
1380328008674906114
1380327946993434628
1380327933605244930
1380327492506951680
1380326806507634697
1380326308257918978
1380326298472615937
1380326231422300163
1380326050744389633
1380325110662463489
1380324325564284928
1380323948945149955
1380323942951489543
1380323686209716225
1380323541908881410
1380323475106234369
1380323407749738499
1380322825085480960
1380322801760956416
1380322766256177153
1380322719351271426
1380322226767990785
1380321886836379650
1380321256508129282
1380320636577415169
1380320573599932418
1380319635317346305
1380319309969297417
1380319247847587847
1380318967227674624
1380318867898109954
1380318816933044224
1380411557553664003
1380411490918825986
1380410852126392320
1380410737852489730
1380410698589560832
1380410666163568643
1380409891198746624
1380409148161073158
1380408696979791872
1380407788287877120
1380407599032627201
1380407370220777473
1380406717771620353
1380406399532945408
1380406073325019136
1380405488760721409
1380404460556595201
1380404366943920130
1380404282088960001
1380403163346268160
1380401977356644352
1380401608245186563
1380401095906840578
1380400902901796866
1380400360943099911
1380400242626023426
1380400184576774146
1380400069996777472
1380399336568225796
1380399149674229761
1380398499745906689
1380397122323812353
1380396850520457216
1380396766831513607
1380656695878291457
1380656635677339648
1380656192515624961
1380656080611651592
1380653530625753092
1380653359133302787
1380653312211574786
1380653252275023876
1380652920794927107
1380652563507347463
1380652264050864130
1380652051428900866
1380651899452583937
1380651886114639879
1380651706522853376
1380651494677098496
1380651030858371079
1380650919231115270
1380650684568190980
1380650557812146181
1380649845753589768
1380648710024146945
1380648406092222465
1380648040026017799
1380647091308003329
1380646767759400967
1380646648611811331
1380646580513087490
1380645852671270912
1380645782651555842
1380644968784670730
1380644459877109760
1380644419947335680
1380643741740990471
1380643628469608450
1380643260385918977
1380643148993552387
1380642655974125568
1380642315807625220
1380642140376682500
1380642040489381888
1380641975410515976
1380534432445173762
1380534345748905986
1380534183961972739
1380533845662007303
1380533744617070595
1380533446901129217
1380533219406282757
1380533061327151108
1380532898806300676
1380532664223010825
1380532656472006657
1380532604462567427
1380532404209733636
1380532313285595139
1380532089460641792
1380532019223007238
1380531973211316224
1380531827614609408
1380531604452384770
1380531519169695744
1380531458704572418
1380531302491951109
1380531038422769670
1380530690555543556
1380530555494797314
1380530204351868931
1380529340148948998
1380529030785556480
1380528961399050242
1380528559190577156
1380528394605973508
1380528316055056387
1380527676637646850
1380527423297613826
1380527283128168449
1380526909793140742
1380526832525705218
1380526762447134725
1380526696072380425
1380525600864100354
1380525395682983939
1380525252053147651
1380525118166867971
1380524609418752005
1380524136922025989
1380523636730306564
1380523521709776898
1380522834267664390
1380522594642759681
1380522236566716419
1380522176231698434
1380521931888189444
1380521891711045642
1380521858257260547
1380521707887288320
1380521608809488388
1380520970843209732
1380520420923695107
1380520358810378246
1380520193940541443
1380519489343737862
1380580283670495233
1380580266595483655
1380580047107538956
1380579983119294465
1380579532244201472
1380579414799450117
1380579384361418753
1380579334931496961
1380578941799428100
1380578679588196356
1380577869882142724
1380577626620887041
1380577249787838474
1380577038524952576
1380576838200799235
1380576591064006658
1380576400680263680
1380576171373498375
1380576156202766336
1380576124669984783
1380576050359410689
1380576001269362695
1380575977005256709
1380575882843131911
1380575655797096451
1380575578403782656
1380575088567848967
1380574902139375618
1380574842752225288
1380574776671006728
1380574766663360513
1380574078571008001
1380574024028278795
1380573271452696576
1380573259859640320
1380573252536434690
1380573191115042819
1380573061062201347
1380573002958524418
1380572727568908288
1380572504079671300
1380572186625327108
1380572117050261506
1380571876787957765
1380571554287865861
1380571378626269190
1380571350809591810
1380571058609258503
1380570727829622784
1380569768831430658
1380569645552394247
1380569560529666048
1380569503214530566
1380569322452447232
1380569285576253446
1380569272565571587
1380569240332292097
1380569209826992129
1380569080206405634
1380568995313639427
1380568773099405317
1380568500868091909
1380567826004643840
1380567222108717056
1380566822324428805
1380566806432251908
1380566683996319761
1380566392727076871
1380566330026430476
1380566263840317444
1380566238795997186
1380565979516837888
1380565961183481862
1380565927092056066
1380565696074149889
1380565592814592002
1380565456097062917
1380565366921908224
1380564953166454788
1380564920954195976
1380564785427853324
1380564487506432004
1380564406375944203
1380564399858016270
1380564395986673668
1380564378416676866
1380564363241787402
1380564255725002753
1380564174422601731
1380564078746349568
1380563943362592771
1380563841281622030
1380563392235245571
1380563065511546880
1380562934389149699
1380562894279041030
1380562734329303042
1380562462148296706
1380561803189555202
1380561699254759425
1380561609085620225
1380561543427981321
1380561251198246919
1380561089797222405
1380560908611637256
1380560866316218370
1380560258230272005
1380559890947710976
1380559710940762113
1380559492060962816
1380559367137849344
1380558939373322246
1380558771102097411
1380558678089158657
1380558575651717121
1380558559776276480
1380558413931950081
1380557961903362048
1380557358728941568
1380557291481616385
1380557191502045191
1380556948353978372
1380556661811785729
1380556596221255680
1380556045077127175
1380555353511882758
1380555261052653570
1380554960731992068
1380554132105396224
1380553893957013504
1380553462103093251
1380553265037914114
1380553206837751814
1380553104836399107
1380553008535248899
1380552832198311938
1380552718926946307
1380552609115873284
1380552047901163524
1380551831563038722
1380551631452860416
1380551581935009792
1380551549378699271
1380550877476442120
1380550709637230594
1380550184111853569
1380550117758009344
1380550096937488386
1380549890179280907
1380488537129254913
1380487408672718848
1380486889547911170
1380486481890971652
1380486293428264962
1380485388389744643
1380485156008419333
1380485005772795904
1380484849564319753
1380484097290727429
1380483830943977473
1380483761461137411
1380483300087726083
1380483166390075393
1380482933581025282
1380482666492010499
1380482390699646976
1380482279051554817
1380481977153953793
1380481964533239809
1380481116591816705
1380480618480467969
1380480438989373440
1380480318638071810
1380480246214971392
1380480168058310656
1380479830328635393
1380479764943753221
1380479562346299392
1380478709849800704
1380477127284428805
1380477028508532741
1380476378693373952
1380475808934981634
1380475435935485959
1380475045902962689
1380474804147458048
1380474234481348608
1380474217053949954
1380473620502347778
1380473524469571585
1380473449689276417
1380395538630107137
1380395478685265924
1380395218625650695
1380393972976078851
1380393071477673985
1380392990322089985
1380392757781487616
1380392488062554114
1380391844115140609
1380391515495800832
1380391133205966848
1380390891211345921
1380390804171190277
1380390542161309700
1380390423596830722
1380390272799027200
1380389557384921089
1380389487524601861
1380387674729627648
1380387614210002953
1380387125506437123
1380387097052385280
1380386827102691329
1380386360813481986
1380386199492124675
1380385966041530368
1380385654870265860
1380385634318172162
1380385212576755712
1380385004883152896
1380381999454584832
1380381760379363334
1380380735027077124
1380380651732533253
1380380574892716034
1380473413689614337
1380473027595472896
1380472693686996994
1380472513143132160
1380472452174782465
1380471802321899525
1380471257641144324
1380471159838363654
1380470440427151362
1380470127624388609
1380469864570179586
1380469616955248640
1380469565575073792
1380469519458701313
1380469462479015937
1380469262616125440
1380468972492050436
1380468808834506754
1380468682590158858
1380468491602460674
1380468305555816451
1380468038533849089
1380467855016222720
1380465882816782340
1380464950204846080
1380464880721915908
1380464656188379140
1380464555508314112
1380464381906063365
1380464155635818503
1380463440301588486
1380463039032475652
1380462782223634432
1380462071188496387
1380462060585111552
1380461551191265280
1380461424112177152
1380461352968454147
1380460955528794113
1380460731557089281
1380460432327114753
1380460225392738305
1380460200981884929
1380459850409316361
1380459672952442888
1380459505708900353
1380458696480858116
1380641515081510915
1380641334583824387
1380640821549146117
1380640620318982145
1380640449564700680
1380640359710089218
1380639977059577860
1380638670265401347
1380638085290078208
1380637980658896901
1380637955132428292
1380637336338366469
1380637073972080641
1380636815271600134
1380636143889252353
1380635990751055879
1380635950410260485
1380635671119945733
1380635321235296264
1380635249315561472
1380634736092123137
1380633394065903617
1380632869463265282
1380632847812157441
1380632420769263630
1380631331831418883
1380630996362657794
1380630838669369345
1380629926362148865
1380629488237707265
1380629222356615174
1380629213124956163
1380629053108027397
1380628895863615488
1380627961901105153
1380627341420990466
1380627080040304649
1380626957826670604
1380503728814501895
1380503602524004352
1380503492759072772
1380502441783914499
1380502224682549254
1380501885149306889
1380501870045667331
1380501721017892867
1380501484568207364
1380501465932816389
1380501451378671620
1380501389038792704
1380500588752961540
1380500247860932608
1380499972609736704
1380499390822031361
1380499362946686986
1380499351370403842
1380499100559364096
1380498875006484490
1380498873534320644
1380498803460083718
1380498321391882241
1380498305151565826
1380498059621187590
1380497923394441219
1380497901391056896
1380497512004526086
1380497178280521728
1380497110362128387
1380496677207937027
1380496206309261315
1380496065963683842
1380496030958022656
1380495934375727107
1380495741664247810
1380495286825578503
1380494930326487052
1380493895528747008
1380493728566099969
1380493434184736773
1380493384964579331
1380493356669763585
1380492942075367424
1380492814778298371
1380492612495413248
1380492264217182209
1380491900302528518
1380491900214468608
1380491393391595520
1380491161488478208
1380490121389150210
1380490118176378891
1380489349234618372
1380489306595266565
1380626363154001922
1380626060774055936
1380625433545175041
1380624561268383747
1380624200185085955
1380623770902274050
1380623102934097926
1380623015797518337
1380623008780455943
1380622725492916225
1380622706354323456
1380622239490584577
1380622095466516480
1380621974121017346
1380621928961032195
1380621397219741697
1380620781508517894
1380620625534976004
1380620317383610370
1380620219962511364
1380620152362868738
1380619027563769857
1380618817672450055
1380618791147683840
1380618701335109647
1380618578836226052
1380618406521532416
1380618262715768833
1380618246211125250
1380618066229346312
1380617959182381056
1380617741485416455
1380616661770899457
1380616616971395073
1380616586885742597
1380616389086433280
1380616081946112002
1380616032360951811
1380615897333837824
1380615787841474564
1380615723807047687
1380615711056408580
1380615617909288963
1380615610846097409
1380615225037164552
1380614830781046786
1380614326143320076
1380614074988396550
1380614073897918471
1380613931350126593
1380613280507527176
1380613272261554180
1380613155919831043
1380613038835953671
1380612452921057284
1380612331047030784
1380611947847094272
1380611718091571205
1380611626068492289
1380348885726543881
1380346356695465988
1380345714354556930
1380345687485861897
1380345585795014658
1380345176493682690
1380343368455225344
1380343332237406213
1380341903531577344
1380341704469970949
1380341654742269955
1380337877901438978
1380337808439644165
1380337489685045250
1380337381157392384
1380336847507841031
1380335886634745856
1380335679683629062
1380334500618530817
1380334386168668162
1380334144136347650
1380334022950281221
1380595576677498887
1380595511288332290
1380594623828135937
1380594269182951429
1380594225641885698
1380592788232937473
1380592641881079811
1380591378070183939
1380591289478025222
1380590405448794119
1380590018633273349
1380589987121483779
1380589781487353860
1380589756657074182
1380589530521145347
1380589349654384641
1380589347293040643
1380589297871413249
1380589199053574144
1380589159711133698
1380589155533602821
1380588955024908295
1380588038405906443
1380587803059228672
1380587539044646915
1380587477744955398
1380587037653356551
1380586495229243396
1380586453516832770
1380586259874209792
1380585964695879684
1380585314192855044
1380585295679156229
1380584821542518785
1380584548073943040
1380584544714305542
1380583482397626370
1380583017052262409
1380582890271035393
1380582829285838849
1380582787321901061
1380582743403286529
1380582511819030534
1380582477211779079
1380582427584782338
1380582114291290117
1380582107253252096
1380581996817227777
1380581890122526722
1380581869138411525
1380581749328056323
1380581654092263425
1380581613730414598
1380581122589876224
1380580890766680064
1380580869384122372
1380580716665315334
1380518901923078146
1380518813066797056
1380518625577144320
1380518618551742469
1380518355291926529
1380517972452601858
1380517713030774785
1380517641530511360
1380517619506155521
1380517125102530560
1380516928880541697
1380516830381490179
1380516776790790147
1380516735317577738
1380516345486319617
1380516001406713859
1380514603441008644
1380514554350723073
1380514354257354753
1380514122962513922
1380513985494138883
1380512647523794944
1380512576040284164
1380512373556002822
1380511649837236225
1380511461525577729
1380510824310173696
1380510303243411468
1380510058232963073
1380509872962342915
1380509697841709060
1380509404194344960
1380509377875083275
1380508827909386243
1380508631494459394
1380508405392154624
1380508099144867844
1380507460813873154
1380507448562249730
1380506958550208517
1380505985069031424
1380505952571494403
1380505774527541251
1380504920126808067
1380504878368317441
1380504472317800456
1380504298140880896
1380504253119262723
