1383826802771038208
1383826746810667011
1383826363497422850
1383826362260090881
1383826091471609857
1383825997603033095
1383825811535319045
1383825753570103303
1383825577941946371
1383825507725180928
1383825229160488961
1383825195434078218
1383824903871205380
1383824867808538624
1383824802205429763
1383824678502891524
1383824472172470284
1383824129929797640
1383824092105560067
1383824049466318850
1383824013961547787
1383823845182763011
1383823723728228353
1383823691604103173
1383823678522101767
1383823645319958534
1383823644032258050
1383823601715924995
1383823579393916930
1383823411479121927
1383823294026051592
1383823244382273536
1383823236681527315
1383823023791230983
1383822827707506688
1383822796661264392
1383822714658459648
1383822679807983628
1383822664574275591
1383822511977029633
1383822428439076870
1383821969863286795
1383821958651863040
1383821753349148685
1383821713880748037
1383821695262199817
1383821505394401283
1383821332480020484
1383821133514829829
1383821067253293066
1383820930690945028
1383820929180999692
1383820889616125955
1383820836126158852
1383820705880363009
1383820375440560144
1383820345904275456
1383820325725433863
1383820317592752133
1383820306582708232
1383820037559967745
1383819687587237892
1383819631538819072
1383819486805983238
1383819353125122057
1383819066402476044
1383819020101505035
1383818994180714499
1383818976120115202
1383818909019635719
1383818848932007939
1383818846297935874
1383818712403222531
1383818617486077957
1383818616206815234
1383818564776300546
1383818450980638722
1383818329471655936
1383817973815603201
1383817805514960896
1383817768579960842
1383817591563558924
1383817480854929420
1383817311501512706
1383816886735949839
1383816867282710535
1383816815478939654
1383816774202712092
1383816669454209026
1383816571575963648
1383816287961305092
1383816280424083464
1383816204532412426
1383816164535463950
1383816143190695938
1383815928740147202
1383815918354976781
1383815760313606146
1383815742118719496
1383815683037827082
1383815633649823751
1383815554637582339
1383815384768278540
1383815088386105356
1383814906265235459
1383814358472351747
1383814356291358720
1383814138116247557
1383814039684280327
1383813838462603267
1383813791213789192
1383813539974893576
1383813504222720000
1383813274827853830
1383813269874348033
1383813196734074888
1383812956744347664
1383812693249847299
1383812609032347653
1383812546541408260
1383812533304266752
1383812263216181257
1383812137336799248
1383812119326466056
1383812116713402372
1383811873926090758
1383811845035761675
1383811730518593544
1383872505937465348
1383872484009598982
1383872372223053827
1383872284834758665
1383872201577754627
1383872184842473474
1383872178672701447
1383872159848701956
1383872109236015107
1383872003879235593
1383871817811517451
1383871567512281093
1383871548126232583
1383871518006865930
1383871419977584646
1383871370619068423
1383871338410954762
1383871332090224646
1383871119401226245
1383871042133774337
1383870952627339272
1383870949297037322
1383870736213835777
1383870305945362435
1383870293156917252
1383870181638774790
1383870140903608330
1383870096053968896
1383870001707294722
1383869969662767107
1383869867254681602
1383869691098107907
1383869653697527809
1383869601620971529
1383869345579757573
1383869318870355969
1383869252394909697
1383869249181999109
1383869203678076940
1383869146518065155
1383869111998943241
1383869070752182281
1383868974690017283
1383868965458350090
1383868885615616006
1383868880993411073
1383868824877899781
1383868653829906438
1383868650440990724
1383868528520949760
1383868465358925828
1383868434811736064
1383868396698177545
1383868384442343432
1383868162651742213
1383868113096036358
1383868067113889807
1383868053918605312
1383868001263386638
1383867970498138117
1383867944262791170
1383867912260227084
1383867893658439685
1383867891724914689
1383867860879958025
1383867853116370950
1383867821726126085
1383867816076451845
1383867760724254726
1383867753535213573
1383867703178321922
1383867624145100805
1383867571158409217
1383867454099656710
1383867308456648705
1383867226692849672
1383867207034183683
1383867200084209670
1383867173718827016
1383867142311796745
1383867070106853381
1383866776824401921
1383866722604617730
1383866651808919552
1383866641390260228
1383866636315217933
1383866526923509770
1383866525078102017
1383866519172489221
1383866500642054152
1383866428093190146
1383866404324089866
1383866399005704206
1383866262535634951
1383866198324961282
1383866096353112068
1383866000404140034
1383865995287175171
1383865985220808709
1383865904937672710
1383865760653582339
1383865717020237828
1383865702780588042
1383865690700980228
1383865671608463371
1383865603249696774
1383865598904442883
1383865582471110660
1383865573470183427
1383865527433535494
1383865523323105284
1383865394599919621
1383865338358472709
1383865278761553924
1383865105394192391
1383865100587573250
1383865071386861574
1383865054836051977
1383865004668059657
1383865002029817859
1383864946904031233
1383864915560071170
1383864855422115846
1383864812703129605
1383864812627628037
1383864783628214280
1383864752233844739
1383864739281850368
1383864727357464584
1383864664400924674
1383864606834053134
1383864588546965515
1383864285646843906
1383864278793351172
1383864194626252812
1383864105472196618
1383864059347423232
1383863926262140928
1383863924634779652
1383863888970543104
1383863819147960322
1383863791989911552
1383863752198524931
1383863653309378572
1383863563937222656
1383863451416596493
1383863450716180486
1383863393388351499
1383863381459755021
1383863179416018947
1383863087464214531
1383862993834758161
1383862966496350215
1383862966114611203
1383862900473794561
1383862797067374597
1383862778092396547
1383862769821229056
1383862734748487682
1383862728553467905
1383862728096292865
1383862657078349827
1383862599213666307
1383862509677912067
1383862481425092619
1383862411053047810
1383862377666338824
1383862360608178179
1383862357873414153
1383862267297468416
1383862261932912643
1383862250604175360
1383862109662957576
1383861881794826241
1383861848835989509
1383861812156792842
1383861762089373698
1383861714484031495
1383861705579458567
1383861636507660300
1383861628102316034
1383861623966748675
1383861620808450049
1383861516361863168
1383861491300855808
1383861477669437448
1383861367149457410
1383861318298394630
1383861315127496705
1383861275327746050
1383861168784113664
1383861087221686276
1383861002169589768
1383860934796476422
1383860816970092551
1383860765606645766
1383860704357216259
1383860639588773895
1383860520449495041
1383860516146204683
1383860437058342918
1383860405232046080
1383860370830360584
1383860341411512325
1383860255478616069
1383860178173325313
1383860175782641670
1383860132774178820
1383860131218083848
1383860114583527429
1383860103015661578
1383860081612132353
1383860001672814598
1383859891878567941
1383859874900037632
1383859859087511555
1383859801247993860
1383859687771172868
1383859486125793280
1383859373240320005
1383859371034103810
1383859332563955713
1383859276553146370
1383859201051561984
1383859186522484736
1383859139869167619
1383859067815297035
1383859024748109836
1383858970561892366
1383858892698918919
1383858784511004679
1383858737681616897
1383858700570435590
1383858676096651267
1383858666793693185
1383858627157499907
1383858569452290057
1383858546920415234
1383858481325699079
1383858480616861696
1383858424518123525
1383858422869753859
1383858399926906881
1383858358449410050
1383858325977137160
1383858293412560898
1383858207680962564
1383858184759123969
1383858135442477056
1383858117142749193
1383858024838688768
1383857950272360460
1383857905766522891
1383857879053045762
1383857841207869440
1383857770676457476
1383857759184060425
1383857718067294209
1383857711398350849
1383857647934271488
1383857591894220804
1383857551050088451
1383857487451807746
1383857435165696001
1383857432267431942
1383857426789584900
1383857411878842368
1383857366152618005
1383857312960454665
1383857250758844420
1383857184346316804
1383857125600813060
1383857114469134340
1383857063168679941
1383856981191004166
1383856955509202946
1383856904766590977
1383856824735076352
1383856767679950874
1383856712688357377
1383856625920856070
1383856501287133185
1383856460979838977
1383856446081691654
1383856444412362752
1383856375441154055
1383856302204489738
1383856273150550021
1383856166262906886
1383856125628452867
1383856107433512968
1383856089926569993
1383856078945878018
1383856045836029956
1383856038777004032
1383855956065325057
1383855934087200771
1383855895684124675
1383855841695080451
1383855788729323526
1383855739324616711
1383855731548377097
1383855615877935107
1383855554662068225
1383855468867514378
1383855455785525248
1383855378836844545
1383855353700380672
1383855353050255367
1383855321370685449
1383855314605252609
1383855176310689802
1383855116143403013
1383855086946766850
1383854948039856136
1383854916230287360
1383854733786443779
1383854692527005705
1383854687632326662
1383854664777486341
1383854581377994760
1383854495096983557
1383854437756596237
1383854428629856270
1383854369100075008
1383854359197347845
1383854346748629006
1383854128393117701
1383854112446423045
1383854089772036107
1383853730030755840
1383853414346477570
1383853277683458052
1383853261451456516
1383853250915422209
1383853129456775168
1383853006840483845
1383852939287040001
1383852896521920522
1383852778066378754
1383852776451493889
1383852743987662854
1383852716552712198
1383852664480440330
1383852658180509701
1383852633878765568
1383852594385154049
1383852577276665866
1383852565008326668
1383852435370745860
1383852368437989381
1383852285445382147
1383852231053639681
1383852217900306440
1383852192499519488
1383852188221378560
1383852168642318338
1383852067576377353
1383851900588630017
1383851761601945611
1383851653577658378
1383851463743401987
1383851393488809992
1383851385251237891
1383851359879852043
1383851327273406464
1383851319375499266
1383851190652260369
1383851125732900865
1383850798157754368
1383850781833498636
1383850778243125255
1383850719485128711
1383850694650732550
1383850565113827335
1383850497900093446
1383850364697337860
1383850350268981249
1383850334070579208
1383850305775751179
1383850294484684805
1383850288109342722
1383850276717621255
1383850118353350659
1383850097503473681
1383850031283785737
1383849988887703556
1383849983800057861
1383849962476216320
1383849953047416836
1383849944298131465
1383849912077492224
1383849866355347463
1383849858587496459
1383849848223408133
1383849819408502784
1383849787116580869
1383849785589780482
1383849743739019272
1383849727230300168
1383849625950429185
1383849608711790599
1383849593859805189
1383849485248258061
1383849287629434880
1383849197841969157
1383849191139541006
1383849022205534209
1383848980493205518
1383848979343974401
1383848944778637319
1383848921554853893
1383848896003117060
1383848843758821377
1383848739127775234
1383848722698686470
1383848654235062279
1383848641043910657
1383848617685831685
1383848603559497730
1383848598094241793
1383848543341871113
1383848411376488453
1383848295554899971
1383848238332059655
1383848233873510408
1383848196644872200
1383848194287706113
1383848153166671874
1383848109977989121
1383848056618065929
1383847981091151882
1383847963730976784
1383847928184197123
1383847863113846786
1383847848513470466
1383847836794580996
1383847797305139212
1383847725989384193
1383847708608196615
1383847561736249351
1383847411903201291
1383847388075335687
1383847367573532678
1383847267849760780
1383847253111021571
1383847226175156230
1383847207598624772
1383847206457810945
1383847191802904582
1383847171968040966
1383846856845713410
1383846646346223631
1383846611105640459
1383846563148034056
1383846468813950976
1383846427323817984
1383846423729373195
1383846379856879624
1383846352245772290
1383846267596414979
1383846169260953601
1383846163997093902
1383846102252756996
1383845962628538371
1383845940939812866
1383845890201309185
1383845846991577088
1383845814989049861
1383845799113621510
1383845787759628301
1383845774593695744
1383845766251220992
1383845694151168002
1383845644498964490
1383845587066388481
1383845583916474373
1383845550735298571
1383845490781933568
1383845177152868358
1383845160153272320
1383845111079919621
1383845089751928833
1383845075914870790
1383845070596567048
1383845055169929218
1383845043220275205
1383845000962732034
1383844979651448840
1383844942208847879
1383844909682069509
1383844890866458626
1383844841067405312
1383844778010320902
1383844760666861573
1383844720590213123
1383844706228994051
1383844695357280263
1383844690408067072
1383844632681873424
1383844574557204486
1383844555116539911
1383844485516328968
1383844471897419781
1383844424254320646
1383844338241662978
1383844307128315906
1383844303156379650
1383844268851171329
1383844217156300807
1383844216472694784
1383844173720080390
1383844167441289216
1383844139800825859
1383844112869122053
1383844093051105292
1383844080044498951
1383844059240828929
1383844022192533508
1383843957101109254
1383843910460481544
1383843835768283138
1383843829464264708
1383843749659176965
1383843697196896258
1383843694772514826
1383843650656870407
1383843647406305285
1383843618897620998
1383843599712886793
1383843529617674245
1383843524680962054
1383843454367670276
1383843437057699845
1383843378102603777
1383843299794898947
1383843283432968192
1383843252395151366
1383843073877176322
1383843041111281669
1383842976334417921
1383842902002991114
1383842881392181259
1383842864585601036
1383842808998469635
1383842801884880896
1383842719127138316
1383842699963289603
1383842685509791752
1383842673316958210
1383842661732257796
1383842508547846145
1383842453405376519
1383842364070846470
1383842298824249353
1383842296932683780
1383689105331015684
1383689012045443078
1383688134437728256
1383688067744108544
1383687963452657670
1383687655976673283
1383687186638249992
1383686822383919108
1383686765957898244
1383686519534153728
1383686489532362758
1383686402282430466
1383686244828286980
1383686016939085824
1383685421859622917
1383685314300977152
1383685209866919937
1383685095538659329
1383684941846769665
1383684715090120707
1383684710614720515
1383684632315523082
1383684332699615234
1383683904821882896
1383683839831121924
1383683465128800265
1383683330160295941
1383683181174345730
1383683115118317570
1383682757377761280
1383682522316345345
1383682493589585925
1383682401872728064
1383682385393324038
1383681945448509442
1383681827643166726
1383681694100639744
1383681574684692483
1383681503670898693
1383681341628116997
1383681329137475584
1383680735656124425
1383680475340763137
1383680446093959180
1383680212051763205
1383679874825560067
1383679397866008583
1383679290248630288
1383679213832531969
1383678900933332998
1383678658322178052
1383678590013767691
1383678334496739331
1383678247041310721
1383678202288119819
1383678155760697353
1383678017780604932
1383677704998821890
1383677355973959683
1383677322234982415
1383677294938492933
1383677282561138693
1383677279323058176
1383677260754874372
1383677111177662468
1383676874459521024
1383676760915542019
1383676728980082692
1383676393079283719
1383676346564415495
1383676178393833472
1383676050475864067
1383676036500525065
1383675798511513600
1383675674506924038
1383675635432759300
1383675365592223748
1383675221798842387
1383674920828162057
1383674633308622850
1383674443877126149
1383674280307695616
1383674241787207687
1383674203312775174
1383674161176866819
1383674117526675456
1383612890033229824
1383612532217184258
1383611878815932417
1383610774048841734
1383610731069771781
1383610606331199493
1383610543936659460
1383610475519242243
1383609895950245894
1383609770301558803
1383609444395749379
1383609109430165504
1383608948595453958
1383608859265167360
1383608445887152129
1383608371970904071
1383608324260651015
1383608126486716418
1383608075202928640
1383607380915625987
1383607245154394114
1383607101792997384
1383606715636076545
1383606476938219528
1383605981725138945
1383605697456185346
1383604957853536258
1383604842929680386
1383604672947126275
1383604287515725824
1383603300478504964
1383603297357996032
1383602615615856648
1383602493523824646
1383602343548051456
1383601554645610500
1383600795745062916
1383600685283897349
1383600415451713540
1383600011611566089
1383599418004230145
1383599334004957186
1383598840100446209
1383598807603052550
1383598628300738561
1383598226557702149
1383598215946063876
1383597900102389761
1383704385310531584
1383704163016613889
1383703977447940096
1383703629618548736
1383703610152800267
1383703579282731012
1383703498437500928
1383703406116630533
1383703354841337863
1383703275648688134
1383703132803272710
1383702941073170435
1383702870411780096
1383702790694871049
1383702488075755522
1383702345708568576
1383702333129826316
1383702252783734793
1383701931734966284
1383701906531393543
1383701669653798915
1383701456688082947
1383701123542917128
1383701092597342211
1383700915182444549
1383700906210861069
1383700868613099521
1383700729387356165
1383700601322672130
1383700591579320320
1383700387220189184
1383700343465283588
1383699967101964292
1383699866803589125
1383699622183391236
1383699565535059977
1383699538062413825
1383699278338560001
1383699057349054467
1383698865208004612
1383698650908401664
1383698261588934656
1383697455540183040
1383696990043709440
1383696905813717000
1383696884133371913
1383696676657844224
1383696581170327556
1383695769052479492
1383695560121540615
1383695557361770497
1383695196274130951
1383695167207526404
1383695059757854722
1383695002463719427
1383694892711374854
1383694714663170051
1383694617690837010
1383694481069776901
1383694316535619589
1383694315617017857
1383694060922175491
1383693859104854022
1383693828121522183
1383693816524197894
1383693761830526980
1383693520137986055
1383693493013409794
1383693357843578882
1383693279967911939
1383693220123533318
1383693153891274756
1383693058735153155
1383692933753278469
1383692831542300675
1383692755956768770
1383692744174886920
1383692606664708098
1383692490109198339
1383692247720361987
1383691904001331202
1383691893247152128
1383691747553804291
1383691194346082311
1383691054990258176
1383690754149687304
1383690422086635528
1383690133879156738
1383690049338839042
1383690044934823936
1383689907089018881
1383689869210177536
1383689777921155076
1383689631393148931
1383689478405967879
1383780989713805325
1383780831349547012
1383780744552542220
1383780607319109637
1383780604114702344
1383780435457548295
1383780345611374594
1383780136495902721
1383780016291344396
1383779684337344523
1383779394653618180
1383779385862352905
1383779378912317442
1383779301468762112
1383778765365383174
1383778691528810506
1383778631739084805
1383778537870479361
1383778470203822088
1383778447441289219
1383778116376559626
1383777693905211410
1383777343521517569
1383777277821865985
1383777248147243012
1383776917766119428
1383776890830286860
1383776743245246477
1383776495928180738
1383776489145962505
1383776431142961154
1383776426738929664
1383776376486957057
1383776327107432456
1383776319733833736
1383776273474805767
1383776205283893252
1383776072315981834
1383776052644782093
1383776019723653124
1383775765452312579
1383775700923027458
1383775642735366146
1383775642299162630
1383775474661298189
1383774871532949513
1383774763420590084
1383774733104156679
1383774392572805134
1383774249358303236
1383774209256476684
1383774177857982465
1383774094722682880
1383774069967917066
1383774034349813767
1383774006323531787
1383773883111645188
1383773822243852304
1383773820159365137
1383773773552263172
1383773619113709588
1383773559407865864
1383773452172095492
1383773448783101954
1383773383226126347
1383773294361419780
1383773256814002178
1383773167932428295
1383772861249118215
1383772775827972103
1383772691606372364
1383772484248342534
1383772439046279169
1383772153015791617
1383771877072543745
1383771768704307203
1383771344018436098
1383771286095101962
1383771179970797569
1383771145439117322
1383771126573142028
1383771122055876617
1383770764755705857
1383770536677842952
1383770385712246787
1383770150587961361
1383770148436287491
1383769932597399558
1383769920475832330
1383769896442466309
1383769881238065165
1383769805904244746
1383769767723421701
1383769586638618624
1383769486767976459
1383769461086253070
1383769445538009089
1383769383630118916
1383769351078043654
1383769248686694409
1383769237068546049
1383769210581487616
1383769173499645958
1383769158664392706
1383769113621798915
1383769021863006213
1383768981308207115
1383768885933993984
1383768812386807815
1383768765997871105
1383768682627702794
1383768510828978183
1383768499768549379
1383768490042003461
1383768451886448642
1383768426720632835
1383768424665403398
1383768380797116419
1383768314594295821
1383768206813237257
1383768152085995521
1383768140253843468
1383768139301756931
1383768065905594369
1383767953842212874
1383767911274221573
1383767366253748230
1383767324352679945
1383767100322238465
1383766887364915221
1383766582858420237
1383766110592397313
1383766089478205441
1383765904513585165
1383658777212186625
1383658678625005572
1383658425742073856
1383658240177627138
1383658200067497987
1383657975819079687
1383657825520390154
1383657618237915143
1383657472301228036
1383657195204579330
1383656961229479944
1383656927905804293
1383656907554975750
1383656686175416321
1383656464749760517
1383656423314182146
1383656239909904384
1383656075652603905
1383656041976455175
1383655855971737601
1383655418518376451
1383655259466133509
1383654754962731008
1383654207215988746
1383653960964218880
1383653954421067777
1383653616318238726
1383653615340986385
1383653607740874757
1383653564656934917
1383652920835547137
1383652913956810758
1383652232277549061
1383651433858289667
1383651310747086854
1383651118392090627
1383651022975889409
1383650412817911810
1383650387748478986
1383650336745803781
1383650267128762380
1383649593699692544
1383649182599159808
1383649157798268932
1383648968450600970
1383648777114775560
1383648226083889159
1383648087130861572
1383647692472033287
1383647593486381066
1383647248198692869
1383646352173793280
1383646144182460424
1383646072677945346
1383646032521699329
1383646012988739589
1383645854460907524
1383645389874634757
1383645260757159938
1383645171246530566
1383644715858292741
1383644490351603718
1383644384982310915
1383644121680596994
1383644107931746311
1383644040608972804
1383643704439701510
1383673932868329482
1383673918376996866
1383673913041854478
1383673879038595074
1383673580215410689
1383673528386392069
1383673433083420674
1383673356881305610
1383673042497245184
1383673026126880772
1383672788276236289
1383672279159107586
1383672228542222336
1383672007192039434
1383671522162659331
1383671140279750657
1383671115843731458
1383670890261409792
1383670881612750850
1383670810645200898
1383670769004077058
1383670741271334913
1383670635889528836
1383670212235448328
1383669845703593984
1383669660852183044
1383669394933387269
1383669204897853444
1383669111322931202
1383668738478678019
1383668614360829955
1383668239033520129
1383667495505063938
1383667263513890825
1383666999264374785
1383666681814208518
1383666661346004992
1383666650734493699
1383666507561930752
1383666467019710473
1383666239101292551
1383665943016968203
1383665741325496321
1383665538753196034
1383665400366264325
1383665306690736128
1383665304446791684
1383665254937227273
1383665206925029376
1383665113337454595
1383664991551692804
1383664989131591683
1383664025813229570
1383663804651687939
1383663728793591808
1383663718613979137
1383663609255841793
1383663300362215426
1383663158015922178
1383663073928482816
1383662874141155328
1383662566388289546
1383662473488703488
1383662046068101120
1383661777850753031
1383661735886811146
1383661463009513476
1383661411868430341
1383661086440792068
1383660652531642375
1383660491180937223
1383660091535101952
1383659937927028739
1383659500826071049
1383659496476532741
1383659409126039562
1383659183422144512
1383659066761760770
1383933209658855424
1383932889289527316
1383932831827595267
1383932129218752513
1383932112533811207
1383932040144248833
1383932005927178240
1383931714737610759
1383931598056214534
1383931569421754379
1383931560684974087
1383930977794215936
1383930697845395467
1383930129504563202
1383930004971528199
1383929526372077571
1383929423645220869
1383929205369446405
1383928949890113536
1383928933607821313
1383928911747108871
1383928501951098886
1383928289446699020
1383927804144734212
1383927792291569664
1383927587240431617
1383927571767644165
1383927550485823489
1383927194032906241
1383927150517002252
1383927080832753666
1383926624891006985
1383925829365747712
1383925743940370444
1383925463924412416
1383925456353718288
1383925296877895681
1383925291941126146
1383925130934382600
1383925034872238082
1383925024004853768
1383924801497014277
1383924701718745096
1383924669271605251
1383924663114366977
1383924477528973317
1383924418238316558
1383924350957408261
1383924107431931908
1383924098389086216
1383924034362957829
1383923946895011845
1383923760072331267
1383923669307510784
1383923611988230145
1383922892220473347
1383922134829785090
1383921981074989056
1383921920542871556
1383921714841587713
1383921520964030471
1383921018591350789
1383920863074942980
1383920829956640772
1383920734586634244
1383920349016821773
1383920289768087557
1383920250228383747
1383920090731585536
1383920020657360903
1383920004337311749
1383919787584081921
1383919633971826695
1383919587813597187
1383919578288320516
1383919518641127431
1383919217959837702
1383919187664412679
1383919131339104258
1383918943476219915
1383918841755930626
1383918790606352388
1383918556757127180
1383918422266847241
1383918377945636868
1383918185498304514
1383918133556105222
1383796280141381648
1383796240178061319
1383796162101014536
1383796143465787393
1383796062645755908
1383796031687589891
1383795869598707719
1383795327774253061
1383795264759103494
1383794497708953607
1383794488296890372
1383794369921097733
1383794282293694470
1383794013375909890
1383793915728334853
1383793570751029256
1383793521560154118
1383793388642660352
1383793127211761665
1383792938178605062
1383792820788498432
1383792634607464453
1383792608237920269
1383792322651901952
1383792171262697489
1383792077519998981
1383791796082200582
1383791696169693190
1383791474492334085
1383791411615596554
1383791138901872644
1383791104877764616
1383790568304611332
1383790348778889216
1383790288783613955
1383790170827153411
1383790124295544837
1383789828001525760
1383789721994760192
1383789241088450565
1383788926284959745
1383788925764792338
1383788734924025865
1383788694692274181
1383788656587014144
1383788414479175686
1383787673446346760
1383787286517600262
1383787253512638464
1383787184142970885
1383787165339897867
1383787035522043909
1383786757603282962
1383786749655011339
1383786618717310994
1383786586735714305
1383786572038897672
1383786548529754119
1383786548001271816
1383786450022408199
1383786446121684994
1383786299065208832
1383785776794669058
1383785754808127492
1383785539812298760
1383785487375114241
1383784550002692098
1383784270641057805
1383783737695957003
1383783735628210176
1383783681563660296
1383783527095799812
1383783470279774214
1383783332996009985
1383783263483822081
1383782877465235466
1383782688834744322
1383782543799951368
1383781974406361088
1383781687318908931
1383781395584094219
1383781343591469066
1383643313081778182
1383643264767520768
1383642667242819596
1383642604433072139
1383642002609217542
1383641800372486151
1383641796274581514
1383641791954493448
1383641595493318663
1383640965798268928
1383640812475486213
1383640693541724167
1383640213419749377
1383640073908887557
1383639743808737286
1383639683582730244
1383639464682033159
1383639387221598209
1383639124326772739
1383638868809773056
1383638679340478468
1383638572062806023
1383638139525234700
1383637804190552068
1383637337825898496
1383637117000052736
1383636997361704965
1383636660588482560
1383636075864748037
1383635989243990024
1383635809866194944
1383635764727074818
1383635747018657793
1383635746465087491
1383635568655888397
1383635558463787008
1383635548758167552
1383635516407521288
1383635182608023555
1383635089767030786
1383634952705642497
1383634783800991746
1383634718575398920
1383634563876888583
1383634552917135365
1383634524114874370
1383634348969127937
1383634219646128131
1383634163371175944
1383634066340077573
1383633792326258697
1383633614475173891
1383633312548151300
1383633012747763713
1383632892195049475
1383632837170003978
1383632696417525765
1383632329529200643
1383631963525844993
1383631250791878659
1383630692840460294
1383630442096521216
1383629845138010123
1383629742851596293
1383629490941698049
1383629362235285506
1383628772612534277
1383811589296377865
1383811049091067913
1383810922712494100
1383810652414775302
1383810534483447819
1383810399863119874
1383810300680368135
1383810265972572164
1383810215045337090
1383810133008863236
1383810102176600068
1383809906763960326
1383809865525579781
1383809825172197389
1383809811532247054
1383809729097474058
1383809519629725697
1383809301538508808
1383809295117012995
1383809289467219970
1383809160630865929
1383808892656787460
1383808800340070408
1383808622749044750
1383808342796029956
1383808339654569993
1383808161182748676
1383808102978363398
1383808026688163847
1383807841773912072
1383807630880108544
1383807501804523521
1383807206592704526
1383807081514344456
1383807030914273286
1383806963461464064
1383806806040793096
1383806801611673617
1383806791008456707
1383806736180514823
1383806671705628686
1383806488477519873
1383806478809665542
1383806336828284942
1383806255345520643
1383806249116913677
1383805535829430278
1383805116713603075
1383805100976578561
1383805098262814731
1383805079610806283
1383805056722477059
1383805030826864649
1383805013294649345
1383804997561819147
1383804993887604736
1383804987466076171
1383804971431251973
1383804939839762442
1383804914569125897
1383804890779062280
1383804888245628929
1383804863549558786
1383804830389456910
1383804807308201992
1383804779743244290
1383804694443614208
1383804536234512390
1383804427191029771
1383804296890773513
1383804134143389704
1383804094746284033
1383803986134781961
1383803972972990464
1383803968728363013
1383803964416618502
1383803892845072391
1383803885735743492
1383803868308414465
1383803474710728706
1383803421258514442
1383803397183180809
1383803362064306187
1383803324252659718
1383803264060116997
1383803185567985671
1383803073433268227
1383803005187760143
1383802956496076812
1383802875638280200
1383802810114789383
1383802783086759948
1383802667873366016
1383802608565977091
1383802342558945284
1383802326008229896
1383802282202996747
1383801967382732806
1383801921006313478
1383801781713477634
1383801469397213191
1383801323007537170
1383801112587685895
1383801080090300425
1383801036498903048
1383800927358918664
1383800872568688647
1383800757766418433
1383800703072620544
1383800466518122506
1383800439716540429
1383800266298851334
1383800248993153028
1383800146232631311
1383800131539984384
1383800108731420672
1383799976745000966
1383799806234009606
1383799299209777159
1383799246533447680
1383799230662266896
1383799146419609600
1383799002227900416
1383798716088287237
1383798486202679298
1383798227527299074
1383798009515823116
1383797953475747843
1383797514977959950
1383797195682369544
1383796797793988611
1383628074688794635
1383627842747961354
1383626964825567238
1383626907460116486
1383626742674329612
1383625623067709441
1383625607863357442
1383625509821509633
1383625421565034498
1383625099194945539
1383624998955347972
1383624361295319049
1383624313123708932
1383624176859115524
1383623994490822679
1383623893777141764
1383623691129393156
1383622948368510983
1383622583774420997
1383622231998164995
1383622130739277832
1383622129883631623
1383622075529633792
1383621300862689280
1383621233351090187
1383621123405795329
1383621074206687237
1383620681976348675
1383619950242267147
1383619739138678788
1383619662118678541
1383619405087531010
1383619364595720192
1383618867646275586
1383618729729134598
1383618411377295365
1383618357815963660
1383618154249670666
1383618100365434886
1383617978495733761
1383617821335199761
1383617772173754369
1383617751399354368
1383617745468628998
1383617743723794433
1383617366223851521
1383617010597130242
1383616993283121158
1383616548196163584
1383616499005280258
1383616199972450304
1383616133681451012
1383615544721506304
1383615454271348742
1383615103375790085
1383615100683112450
1383615026787803140
1383614632422637570
1383613901149937676
1383613231382470666
1383613139560718354
1383902930491744267
1383902901781729286
1383902779207348225
1383902778087542784
1383902680792277000
1383902666892345349
1383902599154307082
1383902486289805312
1383902392928784385
1383902369579077637
1383902108265582597
1383902002686533641
1383901962937147399
1383901954879868932
1383901888068808704
1383901814521688067
1383901759446208518
1383901742853607432
1383901687128104960
1383901386857869327
1383901181236318214
1383901124458016771
1383901044275499010
1383900969365241856
1383900964072001544
1383900853220757512
1383900796564033542
1383900744370188289
1383900709142159361
1383900627730718733
1383900587993931792
1383900550782078984
1383900492334395405
1383900488412721154
1383900459476213765
1383900428421660677
1383900370422829058
1383900331348688904
1383900327653515267
1383900309014028298
1383900232832802816
1383900219083874316
1383900178231435267
1383900062653116427
1383900039018291210
1383900024203976715
1383900004444639240
1383899917404426242
1383899903257051138
1383899784587579407
1383899771685859333
1383899681764175876
1383899456370745345
1383899432370933765
1383899375789756427
1383899197397561349
1383899187884924930
1383899074294804488
1383898853959630857
1383898767431127053
1383898747222958084
1383898724376596481
1383898692365680647
1383898586719555584
1383898555794944011
1383898520235642889
1383898453969752071
1383898447795736584
1383898397036347392
1383898354023755779
1383898326777483275
1383898313296998400
1383898297367109638
1383898287715934218
1383898243189264399
1383898223551520779
1383898074800553985
1383897780238700546
1383897765189537796
1383897719404580870
1383897640023171072
1383897626504962053
1383897525778714631
1383897522683342849
1383897504354168836
1383897425094471683
1383897311072243728
1383897305745477634
1383897246341615617
1383897138166304775
1383897100220395521
1383896919127166986
1383896824746938369
1383896657276772356
1383896599118503947
1383896577018761217
1383896534303924225
1383896439005224962
1383896348286545933
1383896300672802826
1383896210902110221
1383896067448598539
1383896028873588742
1383896020229099521
1383895965564739594
1383895811398926336
1383895766821871627
1383895665051271174
1383895459391889411
1383895383118544896
1383895167162195969
1383895117791055881
1383895063567106064
1383895035914067969
1383895021707948037
1383894488121102345
1383894335200976900
1383894304066719745
1383894294319095810
1383894221271175168
1383893925719461894
1383893925132341250
1383893675277619206
1383893673948053513
1383893655639842818
1383893446306398217
1383893443299090433
1383893343202004995
1383893324470263814
1383893285232472072
1383893261476007936
1383893016029450250
1383893012334317569
1383892848873906188
1383892757463257091
1383892519931449357
1383892509466583045
1383892402545467392
1383892340528488452
1383892232051204100
1383892213298393096
1383892208047194115
1383891973015146501
1383891927444066311
1383891845495754762
1383891663634927620
1383891626678915073
1383891555593846787
1383891460248924169
1383891404280139777
1383891225879613448
1383891102801874950
1383891053636329480
1383891032870248449
1383891011982688265
1383890956240384009
1383890853916074004
1383890759489703937
1383890604984193028
1383890542870728712
1383890393356390413
1383890172920565763
1383890076174741505
1383889926643589124
1383889885409398789
1383889874462248960
1383889806237736960
1383889769252343813
1383889695927541769
1383889651975430148
1383889625580593160
1383889483796414473
1383889432646873090
1383889176794308620
1383889006320967686
1383888794307293188
1383888728322560000
1383888533815906307
1383888522982035461
1383888450252808192
1383888097511763975
1383887985532305417
1383887896462061569
1383887889738600448
1383887643054727185
1383887633068150786
1383887597294944256
1383887366713053184
1383887305547468805
1383886978710528005
1383886961748840451
1383886903481540608
1383886902420328449
1383886880576393221
1383886868773625860
1383886692822618113
1383886567375179783
1383886560152547334
1383886504162856960
1383886348566683657
1383886295915667461
1383886286667223051
1383886237258244105
1383886073068093449
1383886071260323843
1383886028973371395
1383885965823909892
1383885880859914240
1383885820264796163
1383885778527219717
1383885736563277826
1383885433688387598
1383885391657242633
1383885362334867461
1383885312124854278
1383885160622354432
1383885109942571012
1383884980443488258
1383884911875039232
1383884576313921538
1383884461087936526
1383884292611219458
1383884245135859720
1383884111912132608
1383883714153771009
1383883645253951488
1383883551863541764
1383883438655119361
1383883382023548935
1383883313232769027
1383883203321032711
1383882926157275144
1383882838882230272
1383882796406493186
1383882734104301572
1383882540683988997
1383882523600584713
1383882447381692420
1383882439462842371
1383882338753335298
1383882310190129156
1383882273762660356
1383882167827058692
1383882052580245507
1383881984817070090
1383881979557339141
1383881938377707521
1383881893842612228
1383881807855112197
1383881742755323913
1383881613432410119
1383881179766525954
1383881166168625154
1383881031162290177
1383880956268797962
1383880561958166533
1383880557176627204
1383880236706668550
1383880159426609153
1383880156935192576
1383880087997587463
1383879963313459203
1383879953440145413
1383879788264255490
1383879783625347073
1383879539965657092
1383879522336997387
1383879512752943108
1383879451172241413
1383879180174069764
1383879132346339328
1383879034006765571
1383879000804659202
1383878951957712898
1383878843157471243
1383878811989647361
1383878774173831174
1383878766129127435
1383878754242424839
1383878754078904321
1383878651087769607
1383878618154082312
1383878564408299529
1383878472729174023
1383878470137090052
1383878455939330062
1383878435940945923
1383878317367984130
1383878240981245953
1383878022881705987
1383877990153560068
1383877891813896193
1383877819923517444
1383877756581154821
1383877590125924353
1383877492751011842
1383877454775738371
1383877450409529347
1383877447578382351
1383877323003334660
1383877267768569862
1383877207592820740
1383877159471566850
1383877027929808898
1383877001174417413
1383876965531197450
1383876935772635142
1383876815660322821
1383876778498789376
1383876746093555714
1383876725067567108
1383876587217580048
1383876575356096514
1383876565197475840
1383876462579650564
1383876442283413504
1383876280454578180
1383876251178311681
1383876208765509641
1383876084261814275
1383876038082523136
1383876011398291460
1383875966724804613
1383875952803868678
1383875937536675840
1383875871971241991
1383875752739803142
1383875615556661255
1383875550951788556
1383875508111249408
1383875356008931330
1383875209816535051
1383875150907465730
1383875064823574530
1383874944090599431
1383874899387641859
1383874860569436170
1383874702838419456
1383874683485835272
1383874678058491908
1383874518989434889
1383874320825405442
1383874305461669889
1383874284955725825
1383874187433967618
1383874087844339718
1383873996450451468
1383873636071706627
1383873576961413128
1383873417133232137
1383873361449607191
1383873358530441218
1383873123712331783
1383873037322252297
1383872969923956741
1383872908414517254
1383872662817046532
1383872635780534276
1383872618252562436
1383872591962644481
1383597761195503616
1383597658007240711
1383597464926576644
1383597454575034374
1383597349264453632
1383597123527069703
1383596746664595463
1383596435904483331
1383596326651269124
1383596186938974211
1383596149660033027
1383596097872924678
1383596040733925392
1383595977420918786
1383595926569177089
1383595361005019139
1383595213638160387
1383594933764845587
1383594728462045184
1383594526699266049
1383594389671333892
1383594284885049350
1383594090411950087
1383593413975502861
1383593079903375368
1383592882724958217
1383592873115873282
1383592803259674628
1383592669130104838
1383592512225374213
1383592446404173834
1383592386136186886
1383592334961496080
1383592237229957124
1383592174030266375
1383591967427227661
1383591850657816583
1383591613947990018
1383591017467637761
1383590841608933382
1383590622385246211
1383590452138414082
1383589932766162953
1383589868744286213
1383589747562467333
1383589520709279744
1383589502464139269
1383589428107431947
1383589288407834628
1383589252290650118
1383589141556785155
1383588526554374145
1383588477472632839
1383588280185200644
1383588207116259328
1383588071485018112
1383588010478825473
1383587867398606854
1383587399301689351
1383587133395402758
1383586275601440784
1383586110438141966
1383585776298987522
1383585490582917132
1383585353265672192
1383585179860574209
1383585146171904008
1383585105277448202
1383585007151718407
1383584708756312068
1383584685779939331
1383584631191072770
1383584626065633286
1383584545992167431
1383584332258807811
1383584332149772289
1383584222976233474
1383584100720672771
1383584024883437570
1383584023071453192
1383583991828082691
1383583930217947142
1383583514797301768
1383583511626403847
1383583148311605253
1383583047262425093
1383582751262089221
1383842227302985735
1383842222336925698
1383842165390938116
1383842151591682050
1383842150127792134
1383842127805784074
1383842112307752967
1383842045723217925
1383842018229579785
1383842007974440969
1383841990777868304
1383841965343576079
1383841957990985728
1383841813333610504
1383841756479844359
1383841676892901378
1383841653262209040
1383841572064661508
1383841549734211590
1383841503215198210
1383841464233259020
1383841382247256064
1383841367353294856
1383841301460705291
1383841189766459399
1383841164780965900
1383841161169694724
1383841158804082688
1383841144698589185
1383841132212232193
1383841117045592065
1383841073181577216
1383841050117087239
1383841040197586944
1383841000724992000
1383840939760783364
1383840929304305671
1383840897549307905
1383840861914472455
1383840828024451079
1383840817513521160
1383840775096569856
1383840694867927047
1383840690489020417
1383840658255798276
1383840570464870404
1383840553595375617
1383840508707893254
1383840370107113473
1383840361911447555
1383840333859938304
1383840326444486666
1383840301886754816
1383840282500767749
1383840248702980097
1383840198610485258
1383840164150009858
1383840156000546817
1383840146815033351
1383840085527781387
1383840080591089669
1383840077176995847
1383840047586103305
1383840023007555588
1383839999477485572
1383839968380952587
1383839947359064073
1383839883014279178
1383839862193754118
1383839851481473028
1383839836151242755
1383839785047887872
1383839774184644614
1383839770615320576
1383839649739673604
1383839626608078851
1383839623365857289
1383839602058825742
1383839580328128516
1383839520269901830
1383839443346280457
1383839429324800005
1383839379093815303
1383839378951139337
1383839345929429001
1383839333652721665
1383839318217691136
1383839306305863680
1383839244821536768
1383839207479595013
1383839177880391688
1383839138508464134
1383839107353235466
1383839104945692681
1383839016479387658
1383839012566167558
1383838996673961985
1383838920044015618
1383838820664176652
1383838792612675595
1383838771242672142
1383838736589352965
1383838724715257862
1383838649586913287
1383838630825791490
1383838591483138057
1383838542497927171
1383838540602114049
1383838463909195787
1383838460700545035
1383838428941348877
1383838415402139651
1383838403439906822
1383838400755617801
1383838396133494785
1383838321655259145
1383838270811873281
1383838248590450699
1383838219804966921
1383838208581005318
1383838146102644740
1383838130101374976
1383838126645202956
1383838115765264396
1383838106189582343
1383838018457407499
1383838009192181768
1383837955769339910
1383837940476911631
1383837904229654535
1383837762067988488
1383837757307379718
1383837710415130630
1383837624993947651
1383837606295662599
1383837546505936897
1383837540680011779
1383837531553222657
1383837513928757249
1383837493930299393
1383837479401365504
1383837477119557642
1383837453304225793
1383837390226092037
1383837364737384451
1383837336484548612
1383837097254014985
1383837028148682762
1383837025044811801
1383837014953394176
1383836998100602882
1383836951539707909
1383836930215845891
1383836906589282310
1383836897030512642
1383836888641929222
1383836778440781831
1383836710832721923
1383836709624840194
1383836705497571335
1383836695347355648
1383836642507591689
1383836632017641478
1383836600145104904
1383836498588430346
1383836489881063435
1383836472944381969
1383836450647461888
1383836435942313987
1383836416585527299
1383836410583543808
1383836376383164418
1383836280463642625
1383836248482074625
1383836244128399373
1383836115996536837
1383836103296253954
1383836037789614087
1383835855106703364
1383835844818046989
1383835836119097348
1383835820679864331
1383835818226196481
1383835774211158018
1383835741524877312
1383835704883515393
1383835590471286787
1383835562977550343
1383835548712726535
1383835524310343692
1383835441061785609
1383835416176910337
1383835391275372547
1383835357855162378
1383835353367257091
1383835350355779599
1383835313290711042
1383835300103737349
1383835267270807559
1383835253744099333
1383835223125680131
1383835218293886982
1383835153206636544
1383835146604797957
1383835084634030086
1383835066896318474
1383835058650304514
1383835034193317892
1383835012089348108
1383835010063470593
1383834997971316738
1383834990836740100
1383834969596829702
1383834912667541505
1383834727287693319
1383834720308367366
1383834670366793737
1383834622723641349
1383834593678168066
1383834579602055175
1383834571356053520
1383834564200517640
1383834505518088206
1383834485871976452
1383834470147444749
1383834466246823940
1383834434374299649
1383834414757466120
1383834397816745987
1383834357484331015
1383834307978924033
1383834275754119169
1383834266371432456
1383834223098810373
1383834222318686215
1383834213254762496
1383834213175074819
1383834192895627268
1383834174692290565
1383834169197809675
1383834058799542281
1383834043867820034
1383834034497757197
1383833992487571466
1383833958970839051
1383833921880686598
1383833905208254473
1383833834886623242
1383833798610067465
1383833719539060747
1383833709921521664
1383833693991497728
1383833690279604224
1383833688203436036
1383833651629019136
1383833497538686980
1383833390705627151
1383833356245209090
1383833282899431427
1383833254743052289
1383833244873855000
1383833201286651912
1383833180919123978
1383833177718808582
1383833120206573574
1383833076195684362
1383833062430023693
1383833042469359628
1383833033791336464
1383832937624309761
1383832933648134147
1383832884050464777
1383832883928866822
1383832854979776517
1383832813259038722
1383832802848698370
1383832794032345088
1383832766924484611
1383832728253001746
1383832728190132226
1383832689715810305
1383832662658322443
1383832502838595587
1383832452754329609
1383832383133077510
1383832343144632326
1383832314912727042
1383832295090528263
1383832280754360337
1383832250144288779
1383832245434142721
1383832245086027776
1383832192443314177
1383832131693023235
1383832058913452039
1383832058703749128
1383832042375315461
1383831992182050818
1383831923248615438
1383831895167799310
1383831873357447173
1383831862204768266
1383831859960811523
1383831826368585728
1383831823927545861
1383831811030061061
1383831807045423112
1383831792692568085
1383831743057203200
1383831718046539785
1383831713634082817
1383831703496519681
1383831648739860485
1383831604410216456
1383831578707591169
1383831557706686468
1383831552128290818
1383831550446370825
1383831549628456962
1383831548890214409
1383831538039541760
1383831529135038465
1383831520964579340
1383831492216774664
1383831488303566857
1383831485443055617
1383831474416148493
1383831465188749319
1383831439402098695
1383831438726889493
1383831433236467713
1383831382326079488
1383831371815088129
1383831328131469315
1383831323773571081
1383831317998030849
1383831297450135560
1383831217410170885
1383831195293655042
1383831172690501633
1383831168244535310
1383831160715808774
1383831159004536839
1383831156315983882
1383831128352559108
1383831115153043460
1383831104520523786
1383831076653604870
1383831073411325956
1383831033200603153
1383831031006986242
1383831025042694152
1383831011062992898
1383831008961724421
1383830992272515078
1383830990720626695
1383830908449423360
1383830900316676097
1383830896986390536
1383830884126625794
1383830829462278146
1383830817714020353
1383830797090652160
1383830790438494213
1383830786567131136
1383830777494867976
1383830749330100233
1383830725347078144
1383830712885805058
1383830711954640901
1383830706699128834
1383830700655185932
1383830685840928769
1383830674881191939
1383830666945593345
1383830649623093256
1383830645198114825
1383830644581494788
1383830642916425736
1383830575887175694
1383830563086233604
1383830547663704070
1383830541691068419
1383830539593949184
1383830538364997633
1383830517070503939
1383830504634404864
1383830499932610572
1383830485533478920
1383830479900532742
1383830471625166850
1383830459621072908
1383830454239825920
1383830453665161221
1383830452704743425
1383830437185814528
1383830430873313284
1383830421264158724
1383830420563787780
1383830398711390212
1383830396886941699
1383830388083097602
1383830384710799360
1383830379212148736
1383830374027980802
1383830369548394501
1383830353161310212
1383830352582504452
1383830333590622211
1383830331657125889
1383830326590332943
1383830322597433345
1383830288506130437
1383830278896963585
1383830255773708291
1383830252049207304
1383830248127483918
1383830243677409282
1383830240699424769
1383830235775258632
1383830221179133953
1383830199779823621
1383830199620362251
1383830189143035907
1383830183233277961
1383830182272802817
1383830179244433415
1383830162710564873
1383830155894812673
1383830149666283524
1383830137104265222
1383830121413443593
1383830113112838154
1383830074462400524
1383829962138869764
1383829913912823810
1383829656378298376
1383829483124260868
1383829349028163587
1383829060032237578
1383828820906561544
1383828677931134984
1383828672319090688
1383828258597212167
1383827627304112128
1383827414514421764
1383918108771979264
1383918093399855110
1383918048860524548
1383918036277596160
1383918033060581378
1383918000688955392
1383917952353796097
1383917500769837060
1383917455760773128
1383917447992930310
1383917441667854345
1383916978176356357
1383916962934247432
1383916959582982149
1383916829509230595
1383916767236354056
1383916761288826884
1383916556623613961
1383916492798906383
1383916389400858632
1383916101231276038
1383916092247011331
1383915939951890435
1383915867273003014
1383915656337248262
1383915596035678216
1383915507582050309
1383915403835973637
1383915402086948876
1383915392041578500
1383915356029218823
1383915289092399111
1383915174524981257
1383914817916833800
1383914802804793350
1383914740330602502
1383914607547326471
1383914591319576586
1383914335718629382
1383914247789285387
1383914216470454276
1383914160057032712
1383914102125318147
1383913865411403776
1383913850353831937
1383913836227416072
1383913751728988175
1383913716282847237
1383913626378006545
1383913562452553741
1383913425596682251
1383913294004584449
1383913291089518601
1383913120611979267
1383913090631143428
1383912965129203715
1383912938981842949
1383912927573417995
1383912833256091649
1383912755682430976
1383912673658642436
1383912617115197449
1383912603953418260
1383912481156853762
1383912401041432576
1383912329792745479
1383912323396505600
1383912137983086598
1383912136028553217
1383912116470439945
1383912091518521354
1383911916087562240
1383911915986972679
1383911550772158467
1383911502399242243
1383911457415327746
1383911332982845446
1383911330403426311
1383911292897947652
1383911291387977731
1383911137125683200
1383911098626166797
1383911004522778627
1383910909576310788
1383910853959815171
1383910626850795530
1383910607607328781
1383910560421400577
1383910480566099969
1383910435984867333
1383910427453624326
1383910385506406407
1383910294066327552
1383910072737157120
1383910053908910090
1383909930638315524
1383909644901314560
1383909642439315463
1383909441788026889
1383909354781351936
1383909262376673283
1383908983971352577
1383908798167797768
1383908683323568135
1383908642370453511
1383908590088454148
1383908541526724610
1383908210956935179
1383908140643602436
1383908108989202439
1383908092753051650
1383908061853540357
1383907846316650502
1383907692222185484
1383907288260354055
1383907220853645321
1383907220786540548
1383907200452624392
1383907130797805574
1383907087235698695
1383907085105070081
1383906716362829832
1383906368944439298
1383906288703139841
1383906013867253766
1383905966790373383
1383905927787515913
1383905887832535048
1383905826297946113
1383905506817761281
1383905445975232515
1383905066709516290
1383904895032467461
1383904861448589313
1383904859099865095
1383904494371557383
1383904460431265792
1383904328797233159
1383904296551346176
1383904176036478980
1383904159733219331
1383904101541421057
1383904056049954820
1383904047296516100
1383903976358223875
1383903964932968455
1383903845512663043
1383903784187822092
1383903713970982914
1383903556403535872
1383903464174981122
1383903404326461442
1383903049828114436
1383735121371492361
1383735086881730564
1383735070343659521
1383734826444886019
1383734785806274573
1383734694273900557
1383734276428947459
1383734257248468994
1383734081729400846
1383734050796437514
1383733874883104771
1383733803047215110
1383733700483948546
1383733641583357952
1383733612659449865
1383733535639408641
1383733471403679744
1383733447844196361
1383733424385527810
1383733375630921729
1383733323470557190
1383733223528693765
1383733162874867721
1383733132776534019
1383733034554314756
1383732965629304833
1383732922998419462
1383732887686582274
1383732886717624325
1383732841280770051
1383732798733766661
1383732790491967490
1383732777753858056
1383732668035047427
1383732637899001856
1383732625618071556
1383732597398786049
1383732322365673472
1383732071017771019
1383732022875619336
1383731925873950733
1383731922463907840
1383731851416588294
1383731365250703361
1383730791834738688
1383730447398555651
1383729618813808645
1383729583468339208
1383729550991904772
1383729529978462208
1383729489423716352
1383729458884988932
1383729380669546499
1383729206429818891
1383729080558710785
1383728099099963399
1383728077180604420
1383727922163306498
1383727889380569096
1383727870195822595
1383727635784605698
1383727173639442434
1383727131125944324
1383727061374672900
1383726935704961030
1383726853110702084
1383726702371635202
1383726648210595840
1383726642867040262
1383725926609948673
1383725853977182209
1383725560241610752
1383725351591825410
1383725192740966425
1383725126894583814
1383724692029120512
1383724433064357891
1383724318966784006
1383723971468664839
1383723639133016066
1383723619402932237
1383723548477255686
1383723491434762253
1383723428318830598
1383723351319871489
1383723347054272513
1383723224786083844
1383723209271373829
1383723189105086477
1383723102433988615
1383723089209434117
1383722976227459087
1383722930589159425
1383722928852717572
1383722879896809475
1383722733482102793
1383722658295017482
1383722572714364928
1383722524307906562
1383722396134166533
1383722183298453507
1383722178542063626
1383722159214776323
1383722089807441922
1383722048216702979
1383722021612244996
1383721982831718407
1383721926871318536
1383721837117411334
1383721712273924110
1383721581336088577
1383721384807862282
1383721252896927749
1383720533355745288
1383720437910106112
1383720213993066504
1383720090902831104
1383582495774429192
1383582408709009409
1383582248239202305
1383582201015455752
1383582123387355138
1383582056756568064
1383582033536950272
1383581990952128517
1383581880658776069
1383581854284935169
1383581722793545743
1383581618212806660
1383581462520156160
1383581318869512196
1383581292273360896
1383581200904724492
1383581015336050694
1383580924764246025
1383580904346456064
1383580431069573121
1383580327604482058
1383580016424849418
1383579874502213635
1383579839731433477
1383579750476648448
1383579361043906565
1383578939042385931
1383578744829276160
1383578662893617152
1383578493733150720
1383578369749516299
1383578363348979722
1383578121924866050
1383578100710084612
1383577972666290177
1383577677487960065
1383577642276823042
1383577422566551553
1383577275027787776
1383577251199918086
1383577240651255811
1383577189744926727
1383577144853368834
1383576985935355905
1383576981648728069
1383576737187995649
1383576603591024642
1383576365811654658
1383576200782639116
1383576155203067907
1383576083161784324
1383576069618376705
1383576025016147979
1383575977633009677
1383575969613586433
1383575676733644805
1383575499754991617
1383575392905154560
1383575277167550474
1383575171814989824
1383574939706355718
1383574909020827668
1383574744851619846
1383574721938087942
1383574631672471558
1383574563615764480
1383574544032538628
1383574446712123393
1383574404752281600
1383574353179078661
1383574234731974657
1383574068180389892
1383573973888233474
1383573827616006145
1383573636880076800
1383573608841105408
1383573533582716930
1383573509234851848
1383573456776695813
1383573395049050116
1383573361905659905
1383573347003342851
1383573346395201540
1383573315126665218
1383573236131065866
1383573213620228101
1383573174785175553
1383573166023315459
1383573160222629893
1383573108049645578
1383573106279665668
1383572806336614410
1383572765588942851
1383572672089518083
1383572666943115264
1383572578783039492
1383572558126063622
1383572358036746242
1383572279632617481
1383572243272241159
1383572028146343939
1383571923922079745
1383571893236617219
1383571889566601219
1383571617834434568
1383571563065212942
1383571426007949316
1383571343984140289
1383571321204789252
1383571199133814787
1383719955401646080
1383719856101478402
1383719571710832643
1383719359923712000
1383719176213204994
1383719070839676935
1383718566386495496
1383718419069947908
1383718309254680576
1383718289302441990
1383718169869656070
1383718117134639108
1383718073329278978
1383717791920889864
1383717702301224973
1383717642435915779
1383717587448524802
1383717022920429571
1383716910580174853
1383716885187887104
1383716714186113028
1383716582891810816
1383716568106889223
1383716271477248007
1383716178393133056
1383716136546566151
1383715756928503824
1383715545984299015
1383715534756143104
1383715417349263360
1383715401549291520
1383715239997231106
1383715081003802630
1383714710340526086
1383714649602859014
1383714424209379329
1383714247419387905
1383714067362181124
1383713956045344772
1383713807420194826
1383713656060317696
1383713638444195840
1383713497746345990
1383713184154939392
1383712979615584259
1383712839601332235
1383712573372080130
1383712572206043137
1383712292043251718
1383712172010663949
1383712134039621636
1383711893999681538
1383711864568258563
1383711781462306820
1383711697253277696
1383711468525297667
1383711443200069638
1383711119357865985
1383711116824436741
1383710632944406528
1383709903936626693
1383709543029362692
1383709270642872322
1383709106003795969
1383708782534950919
1383707923444944903
1383707835804971010
1383706741838270465
1383706550045274117
1383706440926261251
1383705978596593670
1383705865467752449
1383704995070050307
1383704975251951616
1383704896919072771
1383750334930034691
1383750309055406082
1383750127567859713
1383750100443287559
1383749970902147072
1383749791012642832
1383749532559675403
1383749426678620166
1383749387608674304
1383748911278354433
1383748720450162694
1383748556733894674
1383748508822360067
1383748489012649988
1383748324096757767
1383748149756383237
1383748062502293513
1383748043174932481
1383747766204076047
1383747648415408136
1383747511207088128
1383747481691774976
1383747378943987718
1383747356332421120
1383747046050390016
1383747026358136845
1383746847181729798
1383746684543401995
1383745880059092995
1383745853345570816
1383745257884377093
1383744998403809284
1383744602562207747
1383744552738062342
1383744482835779593
1383744375474196483
1383744081533145094
1383744023848914946
1383743786711281669
1383743275786407943
1383743252768071684
1383743055140843525
1383743005220229122
1383742843601113096
1383742248022528005
1383742224362401793
1383742202610819073
1383742127771852807
1383741954240909321
1383741895793287169
1383741338202492933
1383741294317490183
1383741228752142339
1383741160108150787
1383740938464358400
1383740931921248274
1383740701079265280
1383740682255310849
1383740550910668804
1383740292474425349
1383740173133832195
1383740141798256645
1383740051557785612
1383740034457632774
1383739883743678471
1383739559481991171
1383739407392403457
1383739382339801093
1383739225246294025
1383739169491480576
1383739163099287557
1383738919083151360
1383738776158015495
1383738745988423687
1383738736358223876
1383738735418699779
1383738195863429129
1383738107166564352
1383737930087206917
1383737895609987074
1383737841373442053
1383737633906446343
1383737565556084737
1383737177159331844
1383737100193857541
1383736970606628865
1383736881171484675
1383736525557436425
1383736510931902468
1383736412885831687
1383736397098471437
1383736342773833733
1383735567637090311
1383735469817532427
1383735372392271877
1383735334857441283
1383735258126815237
1383765736930172937
1383765659507585027
1383765567656529931
1383765489931800577
1383765430905364487
1383765277746233350
1383765261883379714
1383765095373709318
1383764688140324868
1383764645710766091
1383764390701256716
1383764098941284370
1383764096550465545
1383763957710684160
1383763735286730769
1383763465991426052
1383763457032351754
1383763407682244614
1383763312991621123
1383763238983114760
1383763204166193153
1383762739017895947
1383762656318742534
1383762589771964428
1383762396854972419
1383762287408816131
1383762165723631619
1383761909875298307
1383761700793450497
1383761690207023104
1383761685815590921
1383761604265660423
1383761439366664205
1383761260244733960
1383761155072487427
1383760908183166977
1383760898704084999
1383760644399271936
1383760356611264512
1383760171550212106
1383760027220021255
1383759973138587658
1383759785334513677
1383759706594836483
1383759602215383042
1383759575585722369
1383759504735563786
1383759399647207433
1383759327886905344
1383759121082511366
1383758824364908548
1383758744798994432
1383758554994122755
1383758506281431041
1383758349276114946
1383758168405123087
1383757854167896068
1383757722986844163
1383757715428700164
1383757591512186889
1383757575146000391
1383757559228629000
1383757417935118339
1383757395977916418
1383757265610579973
1383757203471953923
1383757141811421192
1383757005488201734
1383756887733063681
1383756779243204611
1383756588821872643
1383756568202645509
1383756366779535371
1383756206540419073
1383756085400539143
1383755944975163404
1383755657342377985
1383755585217208320
1383755317008207879
1383755176993906696
1383755007988695046
1383754987251986438
1383754931438448648
1383754915185451009
1383754898685054979
1383754858390384641
1383754777645834241
1383754749187485708
1383754731168813060
1383754654224314369
1383754449831690244
1383754250421895170
1383754070775668737
1383754017835151365
1383753936042004483
1383753897840238594
1383753809223045128
1383753524069109761
1383753396440604674
1383753085261017092
1383753077501485060
1383753066449539073
1383753018651209742
1383752826518597636
1383752823595102210
1383752809703641094
1383752791026405377
1383752628274745348
1383752621668802570
1383752583173447681
1383752518044291081
1383752402998726665
1383752397185376260
1383752389899919363
1383752313106432005
1383751828303532040
1383751640059047945
1383751471095685122
1383750933138448386
1383750749503451140
