1356901556386467841
1356901367516921857
1356901146238066688
1356900948585676806
1356900660562780161
1356899967869272065
1356899311020351489
1356898773138632710
1356898633946398720
1356898439624331264
1356898388026007553
1356897675766079488
1356896519501324290
1356896407890894849
1356896288286117888
1356896198624501760
1356895382773641216
1356894978044293125
1356894694060425216
1356894553735839744
1356894231827111943
1356894051195355137
1356894025471512580
1356893493696806914
1356893418300014593
1356893246740398080
1356892680886902784
1356892610950959104
1356892339021766657
1356892166132482048
1356892164677111810
1356890768414289922
1356890660683538432
1356890278033043458
1356890033152811008
1356889383975215113
1356889339129651200
1356889311925456897
1356889014452842496
1356888347122278401
1356888168398790658
1356887823480152064
1356887385573892099
1356886993804742656
1356886871087931393
1356886783812800512
1356790559487188994
1356790391052382209
1356790345774870528
1356790077901312001
1356789900004061185
1356789278752321538
1356789201673613314
1356787948365225984
1356787860460892163
1356787775996108803
1356787622769815555
1356787223862136834
1356786916067139589
1356786900800053248
1356786638102224896
1356786495273791490
1356786465972367362
1356785978950750209
1356785604109991937
1356785603233341441
1356785249947185154
1356785199451955201
1356784511456010241
1356784357910974468
1356784354375073793
1356784152285220866
1356784100154216450
1356783559122501633
1356783435713454086
1356783332659523584
1356783272206950400
1356782929620402178
1356782846434803712
1356782657556865027
1356782474014113798
1356782460441419776
1356782432813465608
1356782318648610817
1356781315568381957
1356780977297772545
1356780620312162311
1356780325460987909
1356780126650978311
1356779262267846656
1356778525903237129
1356778002823196683
1356776604035395586
1356776577946820609
1357100862020214786
1357100859449049088
1357100748719415296
1357100734710308866
1357100658596405248
1357100630771437568
1357100561716432896
1357100510172631040
1357100309764583424
1357100298683228162
1357100213333356546
1357100138347560960
1357099816577294337
1357099495423623168
1357099491929837570
1357098936956293120
1357098784141017094
1357098735717679107
1357098551835299846
1357098457220214786
1357098413159034884
1357098293743013888
1357098293126336513
1357098252374429697
1357098201988419592
1357098189019578368
1357098133591904256
1357098020849000452
1357098017799610369
1357097610952122371
1357097484561092609
1357097469734232066
1357097367737139205
1357097242071609344
1357097185263947780
1357097072500092931
1357097040434483203
1357096942237593600
1357096861832773642
1357096679745458177
1357096602125676547
1357096328468250627
1357096312949374979
1357096290765668353
1357095878805307393
1357095847926919178
1357095836728057858
1357095802993332226
1357095786069262338
1357095485429923841
1357095393251713027
1357095319226441733
1357095118554202113
1357095112430485506
1357095100501946369
1357095047326543873
1357095024895361024
1357094991856885762
1357094981882703873
1357094968981078016
1357094874755919872
1357094692916256768
1357094462619541507
1357094281777803266
1357094193479487490
1357094011786338305
1357093982711369729
1357093830768656389
1357093574123347971
1357093532809523200
1357093489507397633
1357093486030442501
1357093311446712320
1357093239619260420
1357093112208891904
1357092975927582728
1357092717591810048
1357092460271464461
1357092447902294016
1357092397516210184
1357092316943679489
1357091997136392196
1357091929800855552
1357091665337606146
1357091515881955329
1357091248218247170
1357091113019047936
1357091007502970883
1357090923512008704
1357090916184567810
1357090796328144896
1357090626639134722
1357090523639668749
1357090493033639940
1357090429586579460
1357090134412447753
1357090026723692548
1357089800407445504
1357089642709925888
1357089584358842374
1357089437453344768
1357089411356364815
1357089343626563585
1357089284101144583
1357089020313038848
1357088925760671744
1357088254202441728
1357087994948255750
1357087981253894145
1357087947015802889
1357087739578089474
1357087641783570433
1357087470802894854
1357087053037654017
1357086714058186752
1357086513004216322
1357086368149753864
1357086128466063360
1357085900434534404
1357070210029780996
1357070135115329537
1357069892256751616
1357069809897385984
1357069671657328650
1357069390739628034
1357069145616113666
1357068850127323139
1357068208612728833
1357068129428377602
1357068108490551298
1357068008565452815
1357067879670292481
1357067730126528513
1357067700112138241
1357067684148482048
1357067267054395401
1357067034954186752
1357066581352845312
1357066545617281026
1357066221150236672
1357065695167713281
1357064739747213312
1357064575213043712
1357064453628567555
1357064351354675200
1357064322825015296
1357064056943742976
1357063529396916229
1357063495066476544
1357062920874692610
1357062696148078594
1357062560290340866
1357062415091916803
1357062241611378689
1357062116377841666
1357062015290798080
1357061605490581508
1357061552357199873
1357061501782265863
1357061323155243009
1357061210789797893
1357061069487890437
1357060795855745025
1357060257986588673
1357059962330087425
1357059824027119618
1357059575082487809
1357059287210741762
1357059128393224192
1357059096004952067
1357059071451557890
1357058970658230275
1357058836612476928
1357058734678228993
1357058648401412102
1357058552410607617
1357058427311251460
1357057915430002700
1357057780113436677
1357057332002381824
1357057182433304585
1357057064955244545
1357056877826367490
1357056842468364292
1357056811963195394
1357056629515169810
1357056401886093313
1357056353429241857
1357056045223456771
1357055932665126912
1357055853115961345
1357055709582675970
1357055687004618752
1357055292048031746
1357039867797118977
1357039714264444928
1357039026214035462
1357039011748061184
1357038778016227330
1357038442421567488
1357038441029115904
1357038378802417665
1357038297508364297
1357038107460329476
1357037483888902144
1357036909671899141
1357036685549273089
1357036293176266757
1357035647010242565
1357035612013023235
1357035604719067137
1357035569486974983
1357035158486933505
1357034778546098177
1357034539797929989
1357034499847172098
1357033502643019781
1357033364826562564
1357033340184924160
1357032998038814723
1357032287091752960
1357032015082770433
1357031564580945926
1357031258673545219
1357031158308098051
1357030825875759107
1357030814618431490
1357030298450464768
1357029938403147783
1357029800955830272
1357029779107684353
1357029718961381376
1357029694684749824
1357029552543924224
1357029515629715456
1357029505555177479
1357029418296692741
1357029363426992128
1357029269671657480
1357029129590341635
1357029113710657536
1357029097323573251
1357029047310700549
1357028939286347778
1357028548024799232
1357028226950967296
1357028155152867333
1357027934486331392
1357027915628601348
1357027291780546561
1357027097844285446
1357027078814621696
1357026948829110273
1357026073460936706
1357025663014883330
1357025061903851523
1357024954181689346
1356822327154118656
1356822184031830017
1356821041922920451
1356820727048114177
1356820017724153856
1356819238040690692
1356819194264829953
1356817751231365126
1356816148537483264
1356815655287328770
1356815521350524930
1356815123378102273
1356815051471085569
1356814386979983361
1356813739555753984
1356813686715932672
1356813432822009856
1356812659912396800
1356812477741334529
1356811315134701576
1356810942596730880
1356810324003938310
1356810310422683649
1356809576230846466
1356809078782197763
1356809010825949184
1356808914357129216
1356807885234319362
1356807727989874691
1356886226435981317
1356886143694999553
1356885574058201088
1356885219308093440
1356884024422133760
1356883261738414081
1356881576408346626
1356880765502574592
1356880540364906496
1356880415785639947
1356880106195546114
1356879870194810882
1356879343948091392
1356879260212989952
1356878992155045888
1356878152174194688
1356877678058622978
1356877596248707072
1356877556029534208
1356876361856614401
1356875991528914944
1356875984406994944
1356874178666840066
1356872640343007232
1357116074106392576
1357115957647400963
1357115808267264003
1357115785987166208
1357115773190307840
1357115491647586306
1357115301372960768
1357115287913529345
1357114940981563392
1357114924867203075
1357114840469356548
1357114827513110529
1357114543680421889
1357114530967523329
1357114193472798722
1357114166570532865
1357114007111544832
1357113977063542788
1357113899800293376
1357113732992798721
1357113639140880384
1357113627631906816
1357113588926853120
1357113175079088132
1357112138481868802
1357111959179698176
1357111794389684231
1357111711325691904
1357111516605141005
1357111301110198274
1357111245401374723
1357111214892085250
1357111119266127872
1357111016409206785
1357110951263277063
1357110936750985218
1357110820401012737
1357110794136268800
1357110544600354816
1357110498077081601
1357110148431511554
1357110074355949579
1357110014570356738
1357110004348833792
1357109934773706752
1357109519185289216
1357109482577346565
1357109333041897476
1357109110165172224
1357108900496101378
1357108838332329985
1357108757763919872
1357108580785156099
1357108494386790405
1357108398941208579
1357107988406956034
1357107745284108289
1357107625528348680
1357107240239570945
1357107150426882048
1357107088976183299
1357106992536551424
1357106739083157511
1357106734205202434
1357106663183052801
1357106658942492672
1357106582488817666
1357106532819865600
1357106302154133504
1357106249930833920
1357105891854680065
1357105807758876675
1357105793494040577
1357105773655060481
1357105334872064009
1357105063127375872
1357104757651947520
1357103976689389568
1357103640432029699
1357102937797926914
1357102906856587265
1357102614433976322
1357102283817971713
1357102170324283397
1357102009942441984
1357101935413895172
1357101885514280962
1357101719847645185
1357101663669084162
1357101421968162816
1357101158158983174
1357100983441047553
1356758786250133505
1356758743065780225
1356757981677957121
1356757791738847232
1356757762575896578
1356756345567944707
1356756345563713539
1356755687049547776
1356755665541353476
1356755144243871746
1356754555254435842
1356754391450148866
1357085691516223490
1357085520761925637
1357085517884628994
1357085514390777859
1357085411454160900
1357085369909579781
1357085308404326401
1357085293539717122
1357085184114450433
1357084983823917066
1357084912361168897
1357084906199912450
1357084808510382081
1357084765451669507
1357084619246559239
1357084524388225039
1357084522605645827
1357084495074254849
1357084450673328128
1357084256313442308
1357084229893464064
1357084083390730243
1357083992177192966
1357083982677110787
1357083831455649795
1357083644196773892
1357083637381013504
1357083560235192324
1357083530854080518
1357083528845025284
1357083365514633216
1357083123587112964
1357082975163330560
1357082951234813952
1357082738659127297
1357082573265133568
1357082566197714951
1357082523491315712
1357082475176947712
1357082457695264770
1357082448451035150
1357082385255452685
1357082127796469765
1357082126345113601
1357081924691513345
1357081879715983362
1357081705903964160
1357081578317492225
1357081527746707457
1357081461766189057
1357081351665704962
1357081350822645761
1357081281297862665
1357081200339337217
1357081174825385985
1357081076435451906
1357080947288604676
1357080667234963456
1357080571906768897
1357080434182680581
1357080295036645378
1357080287235170304
1357079848477458432
1357079835500285963
1357079756055830528
1357079456750444549
1357079408310431747
1357079305050861568
1357079286444883968
1357079162582925319
1357079137383567361
1357079071969189891
1357078910719123457
1357078909846650881
1357078862790676482
1357078827982225408
1357078613003231239
1357078602530054148
1357078588340674560
1357078440801939460
1357078262464327682
1357078253748559872
1357078174820143108
1357078086718750721
1357078025024765955
1357077915549257731
1357077541178245120
1357077459259322368
1357077434013782027
1357077391554863107
1357077288815194113
1357077284847517697
1357077257492307969
1357077242292047872
1357077239133851650
1357076983293837312
1357076903648235523
1357076757787144192
1357076635120459778
1357076491658551299
1357076439523287040
1357076123323088898
1357075953432805376
1357075778966585347
1357075737568808960
1357075203080286211
1357075195270463489
1357074955519811584
1357074920807821315
1357074892760440833
1357074890030002176
1357074887098200067
1357074806815010817
1357074785021415426
1357074623972712449
1357074532557856771
1357074261396054016
1357074041211936768
1357073756255051784
1357073728828567555
1357073688479285257
1357073560074940419
1357073345380974594
1357073296613908482
1357072922637185025
1357072733654446080
1357072442632585216
1357072346595557377
1357072304048586755
1357072128286355456
1357072007112888320
1357071912611033089
1357071893040418819
1357071828515192832
1357071708436504577
1357071590719180808
1357071364188823552
1357071346170232836
1357071333285384192
1357071292021800960
1357071279652798464
1357070982704414720
1357070787044388865
1357070786578776064
1357070708711555074
1356932303973478405
1356932258360344578
1356930988790734850
1356930440666312704
1356930111845642242
1356930025426219009
1356929993578860544
1356929826700066816
1356929455927816195
1356929353578393608
1356929217724698624
1356929079744753675
1356928394278170625
1356928249763229698
1356928198215360512
1356927970036903937
1356927795926994945
1356927567538900992
1356927345819480064
1356927224402882562
1356927213409497088
1356926937231482881
1356926593940209667
1356926026396360708
1356925745407401991
1356925419266670594
1356925280120680451
1356925199996891137
1356924719103107073
1356923793504014336
1356923410782150658
1356923292175769600
1356923112768626689
1356922923731324930
1356922259609378822
1356922222963752960
1356922009452646400
1356921765373620224
1356921436863164416
1356921390998278144
1356921295951257602
1356921035216592902
1356920411469066241
1356920282196418563
1356920167628947461
1356920066919530496
1356919919816962051
1356919634813984768
1356919401480675330
1356919275819261953
1356917675390361600
1356917453322870784
1356917392555839489
1356917246287900672
1357024682650738689
1357024346175275009
1357024207461380100
1357023753838845952
1357023526356738049
1357023342348402689
1357023196369813509
1357023182637703168
1357023029419737088
1357022994497961985
1357022558089019398
1357022270535979009
1357022268514263042
1357022239523282946
1357021710436999171
1357021494539214855
1357021410254876677
1357020951993491457
1357020468264505344
1357020249279909888
1357020184498823168
1357020041863118849
1357020005645303813
1357019805853876226
1357019655366447113
1357019461727911936
1357019341259214851
1357018750361374720
1357018545650073601
1357018494550867968
1357017890206212097
1357017722064887817
1357017471044124672
1357017343633674240
1357017279049986051
1357017069376667649
1357016823116529669
1357016530509307908
1357016511550996480
1357016506610184196
1357016166544326656
1357016044884344832
1357015929213837312
1357015876793425921
1357015809873367040
1357015762989367296
1357015698673967104
1357015519711424516
1357015292405288962
1357014898048438272
1357014677788766216
1357014636034469889
1357014360384708608
1357014214930554881
1357014199050723332
1357014164246581252
1357013932930723842
1357013900831690755
1357013667095715850
1357013664600096768
1357013643792175104
1357013566835093504
1357013342741794817
1357013129318834177
1357013085207339017
1357013053955584005
1357013010213203968
1357012506150129666
1357012405063094272
1357012132857081856
1357012098828685313
1357012054293544970
1357011939960979460
1357011816694571019
1357011683760345088
1357011498405658628
1357010823655399426
1357010808216109062
1357010684479946756
1357010364643344389
1357010116013342722
1357010093376737281
1357009963584000000
1357009787213524992
1356837521343320066
1356836318500782080
1356834939933773825
1356834873646993408
1356834678729306114
1356834406174924800
1356834143217229826
1356834042516287488
1356833957715787778
1356833683701854208
1356832377314639872
1356831846315659265
1356831694762831873
1356831381104570368
1356830445049061377
1356830262802477056
1356829908501204992
1356829726158057473
1356828353869799424
1356827350948749316
1356827296976396291
1356825425792573442
1356824472074870787
1356824343620317187
1356823926936981504
1356823631842672641
1356823529581408256
1356823524841816064
1356822510227046400
1356853617328848896
1356852744225660933
1356852626709770240
1356852284056080384
1356852087578058752
1356851745574551555
1356851461574057984
1356851053283704834
1356850656909295616
1356850636990656514
1356850420807835649
1356850239655866370
1356849041812955136
1356848736316579841
1356848352478916609
1356847460442726400
1356845214355316738
1356845180721184770
1356844813652549634
1356844732190703616
1356844726582976515
1356843811809427456
1356843247423926273
1356843122806968323
1356843075616661504
1356842668643524609
1356841112527380481
1356841061604151298
1356839355592159238
1356963517472063488
1356963435620278272
1356963256011804673
1356962975568003078
1356962886799687685
1356962565771952134
1356961948039012352
1356961933304414211
1356961880292605960
1356961860059299840
1356961819915669505
1356961580047605761
1356961485235355649
1356961464003813378
1356961251532959744
1356960932333834245
1356960416669315073
1356960368925450241
1356960247492071429
1356960105619746818
1356959978028814337
1356959564705353730
1356959529460617216
1356959522535862272
1356959233607163908
1356958822233964546
1356958515420672003
1356958177112203264
1356957985814290438
1356957703621468172
1356957381662552069
1356957367338897409
1356957174598139905
1356957131761680389
1356956998210883585
1356956938790178820
1356956491882893312
1356956476103946240
1356956400589635585
1356956395250147328
1356956383783116804
1356956051174813697
1356956036826083331
1356955920148946944
1356955707434799106
1356955625029312512
1356955355117281281
1356955287945625604
1356954925876404236
1356954919413121026
1356954801779716096
1356954081160478720
1356954016492707840
1356953863589347331
1356953787668328450
1356953784870522881
1356953448806146048
1356953266383327236
1356953136062160896
1356953122489393152
1356953011881402368
1356952652324757504
1356952641851576320
1356952610167656448
1356951510760972289
1356951313834196993
1356951164965834753
1356950652010774530
1356950577515749377
1356950525649055744
1356950512021745669
1356950491499012096
1356949791100596225
1356949263910117376
1356949207362375685
1356870742919557121
1356870725592883200
1356870150818058242
1356869593399132160
1356869124509622273
1356868954615119872
1356868691791671304
1356868423712731137
1356868286437347328
1356868044258213889
1356867735729356800
1356867202230714369
1356867115588943873
1356866988354732033
1356866929106046977
1356866828841218051
1356865701395496962
1356865519740211204
1356865473514795008
1356865324365340672
1356863914886184960
1356862934157152257
1356862650479742976
1356861958910279681
1356861610074251265
1356860678179553281
1356860206240526336
1356858469186342913
1356856029250789376
1356855911281795073
1356855836895813632
1356994101527330820
1356993980723040258
1356993847058960386
1356993518129078275
1356993396590735361
1356993279557062658
1356993236229902339
1356993147327418370
1356992787149971457
1356992338778816513
1356992250488709120
1356992245329756160
1356991968174346243
1356991486483697666
1356991275564740610
1356991046295695361
1356990998849675269
1356990445776220160
1356990267899994112
1356990052316770309
1356988205032214528
1356988182278062082
1356988103647514628
1356987996801814530
1356987974982975489
1356987901024813056
1356987861296427012
1356987645860044803
1356987623798157312
1356987093797527554
1356987037983727616
1356986901664845824
1356986498990678017
1356986443483217925
1356986284774940673
1356986178130481157
1356985856003817473
1356985329849368583
1356985081504628737
1356984965557350404
1356984951892291585
1356984899115380736
1356984675970019338
1356984595921727488
1356984336868904964
1356984268753403905
1356983320769404928
1356982818807644161
1356982262978408448
1356982155180605442
1356982098616320002
1356981632088047621
1356981523166228488
1356981431700971524
1356980862089371656
1356980564658688000
1356979889312829445
1356979859197747202
1356979227678052362
1356774993728839682
1356774792268042245
1356774567331704834
1356772269796724737
1356771728614113282
1356771696922025986
1356771396593070080
1356771351843860481
1356770750062075904
1356770657191809026
1356770361883385864
1356770100079124480
1356770029082185728
1356770002540634113
1356769993275437058
1356769680661348359
1356769631717842944
1356769246265671680
1356769075503001600
1356768735474900992
1356768092085493762
1356767487463940096
1356767451963215872
1356767388440625155
1356767322531368960
1356766816052404232
1356766518919462913
1356766481707634688
1356766331786395650
1356766322739212289
1356766199464398859
1356766118162157571
1356766097035378690
1356765983915057152
1356765833456979968
1356765675855835137
1356765262964535296
1356764725800017921
1356764486020067328
1356764402519691266
1356764383418798081
1356764378796818433
1356764113125470211
1356763694110289921
1356763367285940225
1356763341939740680
1356763326215258112
1356763173047697420
1356763051228241920
1356762979753222144
1356762869065416705
1356762474847080448
1356762218478456835
1356762078611144708
1356762042510802944
1356762019420987396
1356761931890241542
1356761805578723332
1356761684229189632
1356761471783374851
1356761351226540044
1356761119306756096
1356760900460568576
1356760771196317698
1356947579175464960
1356947557570797569
1356946998214201345
1356946459300663296
1356945784927789056
1356945692493717507
1356945242369458178
1356944907064250368
1356944827347304451
1356944661869379586
1356944505107275776
1356944287422898176
1356944279567020032
1356944220758695938
1356943809742045186
1356943708717940736
1356942941277868039
1356942794657574913
1356942385612267522
1356942290053451776
1356941883516280832
1356941404623233027
1356941207151259648
1356941123764318208
1356940767567224832
1356940756104183809
1356940582506102786
1356940374506356736
1356940319301001218
1356940026584702977
1356939317453721600
1356938991921025026
1356938605537734657
1356938530711367688
1356938225118543878
1356937605443633152
1356937450522869760
1356937203121721345
1356937113179021318
1356936078255661056
1356935902191304705
1356935597689102337
1356935478537302018
1356935452855578626
1356934968602226695
1356934423887896578
1356934309962113025
1356933996438052864
1356933580254019585
1356933441145634817
1356916674851651584
1356916592177786880
1356915985794629632
1356915504330465280
1356915049483362304
1356914765721911296
1356913521238413314
1356913370885201920
1356913282725027841
1356912699494461440
1356912126217093121
1356911173476757506
1356910233856200705
1356909089029251078
1356908551080456193
1356907946962276352
1356907259746541568
1356907257464840195
1356907195754020866
1356906945882513409
1356905880990670854
1356905798799134723
1356905597921230848
1356905586491801601
1356905547388354561
1356905482758344704
1356905412398702593
1356905244681261056
1356904754736168960
1356904665523314692
1356904340594839558
1356903141980196865
1356901629421838338
1357009200455561216
1357009010591956996
1357008755578335236
1357008687475359746
1357008685931913217
1357008386747949060
1357008220909428747
1357008208527818753
1357008117712699392
1357008007155048454
1357007937642856449
1357007678581710848
1357007601876221953
1357007369688014849
1357006793252233221
1357006691804581888
1357006437382258689
1357006298999648265
1357006179080224769
1357005410738266116
1357005263740534785
1357005044218908675
1357005007057485827
1357004626592202758
1357004355589836801
1357004335968776193
1357004096453169153
1357004056695369728
1357004031340773379
1357003484151877637
1357003341260156931
1357003273937510401
1357002821430837248
1357002786894974978
1357002734176669697
1357002377463693313
1357002327203352576
1357002160534392840
1357002098441920517
1357002059673919490
1357001995253596163
1357001986416275456
1357001855314886659
1357001844715880450
1357001375750758407
1357001093524443143
1357000927941689346
1357000794512457730
1357000582502957061
1357000234874728448
1357000181577904132
1356999583218417671
1356999577702969352
1356999434303897602
1356999302275600385
1356999161296551936
1356999096305938434
1356998499368271872
1356998022748585989
1356997947519606784
1356997923163226115
1356997896533639168
1356997711141232644
1356997647110914051
1356997642211975169
1356997307577884672
1356997243182714889
1356996981625913345
1356996961707114501
1356996713416949761
1356996620085207041
1356996571708203014
1356996502665785345
1356996485158735878
1356996419069034496
1356996346167836672
1356996325221539841
1356996266576781315
1356996213141200903
1356996049165037569
1356996048342900739
1356995878037323777
1356995714656706562
1356995660126519299
1356995222929104901
1356995138749407236
1356994985439219713
1356994903243431943
1356994723731374080
1356994653896212485
1356994529815977984
1356994235355049986
1356994131961270273
1357055093611393034
1357055046270214145
1357054653557403649
1357054584494129160
1357054438654046215
1357054408916262912
1357054196042858496
1357054116380499972
1357054111850483717
1357053978668900354
1357053960843051012
1357053952101998592
1357053855033393155
1357053730638684161
1357053651810942977
1357053166546792450
1357053133986406403
1357053106467528704
1357053030831714304
1357052628983808004
1357052531503955978
1357052385387044867
1357052354625953803
1357052007886905345
1357051800751378436
1357051657981472772
1357051495204683783
1357051123174146058
1357051069029703681
1357050569047879683
1357050456921436163
1357050420678578177
1357050369214472193
1357050187550720000
1357050031522672640
1357049841898172429
1357049819538337796
1357049779667275780
1357049758662164480
1357049663849955328
1357049333506596866
1357049145043861506
1357049082586480645
1357048811726766080
1357048294917218304
1357048209940631559
1357048107033329666
1357047770939486208
1357047532455682054
1357047299545915403
1357047281292357635
1357046957173276674
1357046912046653443
1357046845030211584
1357046394176036868
1357046122699780102
1357046075161538560
1357046041556697089
1357045904084197378
1357045785930661888
1357045473543094274
1357045285571219456
1357045217992581123
1357045039432486912
1357044981790355456
1357044706795008000
1357044684661514240
1357044572032020480
1357044555040833539
1357044235854258176
1357044147291648002
1357044136797499404
1357044115695800322
1357043730381869056
1357043522579300354
1357043294090522624
1357043235575668738
1357043206383431681
1357043143548555266
1357042721094041600
1357042618803322885
1357042212400463872
1357042189470228489
1357041512119476224
1357041448391180299
1357041307399684102
1357041289301213186
1357041264521338882
1357041260805165060
1357041215150170119
1357041168215773184
1357041084489101312
1357040967950479364
1357040404647051264
1357040342365790214
1357040306559082496
1357040256332218373
1356978967958405120
1356978518039662594
1356978363366277124
1356978336824713218
1356978022944034816
1356977947584913408
1356977153288593408
1356977121588113408
1356976928180342785
1356976924195774465
1356976838057353219
1356976265509687303
1356976034697129988
1356975443891552256
1356975025946042376
1356974997206495232
1356974933352529925
1356974907465347080
1356974736320962561
1356974727932305409
1356974578216669189
1356974445743767552
1356974327049187328
1356974047578447872
1356973711086260224
1356972905482059776
1356972749055483904
1356972583263088640
1356972481647534084
1356972470398562310
1356972281973649416
1356972244694622214
1356971807660777472
1356971734231097351
1356971643109834755
1356971515829346305
1356971513799266304
1356971152963473408
1356970489890144256
1356970318326165506
1356970232850620419
1356970157520924674
1356969438768209928
1356969154541158402
1356968984281817090
1356968922268983299
1356968573411995653
1356968425973760002
1356968319966998530
1356968219639238659
1356968101645086724
1356967933843488770
1356967884996677633
1356967716490334217
1356967453167812610
1356967434142576641
1356967357583941633
1356967146367115268
1356967001185538060
1356966841684545539
1356966555117113354
1356966301344935936
1356965617954414592
1356965447791443971
1356965037047500808
1356964826971537413
1356964262053371904
1356963954300436480
1356805881992785924
1356805877026684937
1356805723120939011
1356805475925430273
1356805399979073537
1356805376432365577
1356805278445015048
1356804468105437186
1356804225569710087
1356804046103973888
1356803985445965825
1356803583174471680
1356803290672021507
1356803099655081987
1356802892020260865
1356802053725634560
1356801877359353856
1356801678859661318
1356801439889293314
1356801183529250817
1356801175388061696
1356801142571819009
1356801019640827904
1356800562189246466
1356800428902596608
1356800332429463562
1356800304667381761
1356800056788086785
1356799786855223303
1356798943691210752
1356798852666376193
1356798700983627781
1356798568540106754
1356797926031384583
1356797501001486341
1356797363730276360
1356796780348899328
1356794643669803008
1356793732129976320
1356793573539262466
1356793546083233794
1356792755171778566
1356792538070470659
1356791715135430657
1356791641483268097
1356791579323879425
1356791465645604869
1356791348087685120
1356790794246443009
