1383570760476753925
1383570641748598787
1383570508944347141
1383570492250943493
1383570473489879046
1383570116911144963
1383570047965093894
1383569949210210304
1383569942943965190
1383569841441759239
1383569805580505089
1383569688215506949
1383569537035952128
1383569443742048258
1383569365765791750
1383569249533194241
1383569144440791041
1383569008918556676
1383568824960651274
1383568765061779456
1383568673760157703
1383568572908150784
1383568534890975232
1383568271610314753
1383568025253646347
1383567945607962626
1383567635187601420
1383567609510072320
1383567565037793282
1383567513342996484
1383567395625730051
1383567388717633541
1383567370547986436
1383567264004276225
1383567183087763460
1383566685303566350
1383566598926004224
1383566583872692236
1383566494584381451
1383566374623080450
1383566343220326403
1383566192388886535
1383566161955065863
1383566140706680833
1383566126278352907
1383566121022853122
1383566037988233224
1383565937484304385
1383565883138662405
1383565804646518794
1383565740649811973
1383565643425882117
1383565598639022081
1383565585821290504
1383565453818171403
1383565446524248071
1383565267440074755
1383565243436077057
1383565202701000709
1383565050653200384
1383565017916706824
1383564867928412163
1383564682326265862
1383564625254387717
1383564609374720002
1383564483780517890
1383564482341834757
1383564474859229189
1383564372597821440
1383564197976416278
1383564181987676160
1383564155634868232
1383564097787109379
1383563983035064326
1383563867846897671
1383563747520770052
1383563625835552772
1383563524186595334
1383563277226049542
1383563260411060226
1383563168862015490
1383563098519334918
1383563069842812937
1383563008475947008
1383563007800713216
1383562984358694914
1383562804196646917
1383562670779998214
1383562344089853953
1383561892048752644
1383561848667000837
1383561801565048836
1383561760322449415
1383561723844567043
1383561701073645577
1383561611001024515
1383561515601563649
1383561439034572804
1383561388858122241
1383561110784069636
1383561085437976577
1383561066098040835
1383561027183202307
1383560994874564615
1383560682323415043
1383560668566102018
1383560630532075525
1383560475690995713
1383560287605821444
1383560231393775622
1383560174913286148
1383560085113245706
1383560008709804033
1383559999264235523
1383559993765425168
1383559935561064450
1383559815683731460
1383559371674689537
1383559251642093574
1383559163163283457
1383559082720645123
1383559013569228803
1383558863039860743
1383558857822130177
1383558708211249152
1383558600459644933
1383558597091618825
1383558475083513856
1383558463981117440
1383558452140658692
1383558350995005446
1383558312126345220
1383558089043939336
1383558077312475145
1383558046580838403
1383558009289203712
1383557858952843268
1383557840426573827
1383557833396867079
1383557739540975622
1383557689104502784
1383557680174800900
1383557578043523085
1383557576533569548
1383557492605526026
1383557348761890822
1383557322404810764
1383557213889781769
1383557186958233604
1383557010902327298
1383556995802755076
1383556906980044809
1383556741862805504
1383556731855261697
1383556601206898688
1383556566188630016
1383556510475640840
1383556259878604800
1383556105083650052
1383555935713382407
1383555766582272004
1383555738056806403
1383386931715731462
1383386910043688967
1383386819555778566
1383386673422110730
1383386610440364036
1383386058042200067
1383386029462220810
1383385825832935430
1383385718706171905
1383385565832249346
1383385213053509636
1383385109437456384
1383384260296413188
1383383729284915201
1383383325922906116
1383383143554555904
1383382948645273601
1383382718126325764
1383382682604740617
1383382457773219849
1383382153535266822
1383382138838392836
1383382032210821126
1383381828111765511
1383381782481960966
1383381777473957891
1383381679834730500
1383381638705401865
1383381633533767682
1383381551346454533
1383381537622675461
1383381485290352641
1383381359637372931
1383381284974514181
1383381121845497857
1383380877451808775
1383380799043477507
1383380787098128390
1383380771142914052
1383380520118018059
1383380425918144515
1383380353692233732
1383380275296489478
1383380163166048269
1383380058170007560
1383379883628191752
1383379857824878595
1383379765860524037
1383379606342750213
1383379541066805250
1383379348695121922
1383379309608378371
1383379137318973444
1383378799182548995
1383378747630313480
1383378396751687687
1383378240153088008
1383378209337577472
1383378147177996295
1383378134934835210
1383378090609418242
1383377958685974528
1383377810035642380
1383377502605746177
1383377384359956483
1383377347986923524
1383377324314292224
1383377261064187906
1383377086090342405
1383377034747912196
1383376835388444678
1383376784943566858
1383376773656633348
1383376544878366725
1383376434060611585
1383376225285001219
1383375782911700998
1383375747734069248
1383375642368958468
1383375601352937472
1383375597171134475
1383375556155043842
1383375468024401928
1383375339397607429
1383375323614515200
1383427884694392837
1383427853497167875
1383427833863700491
1383427448453287938
1383427373975040005
1383427337128071175
1383427202130219010
1383427069569167366
1383426933854117902
1383426642219917320
1383426578583941129
1383426078195159045
1383425814738333705
1383425744445984775
1383425715295588355
1383425668952719370
1383425548173537283
1383425440581185549
1383425326571679745
1383424904259801091
1383424758474174464
1383424662915354636
1383424656359624714
1383424590366470152
1383424341371604992
1383424161263931403
1383424115042701317
1383424087511355398
1383424015474196483
1383424004225077256
1383423986604728327
1383423799714934793
1383423641950457860
1383423602146430980
1383423543711469577
1383423491546906632
1383423481585430534
1383423352874823685
1383423209211535366
1383423126256590856
1383423030387363849
1383422897952153601
1383422602463510529
1383422427951079429
1383422266482970636
1383422114196189189
1383421966850301952
1383421610305081357
1383421493875384326
1383421474279608320
1383421463714095108
1383421387189088256
1383421242032545794
1383421211804192769
1383421122998259717
1383421058355580932
1383421052257062917
1383420993851387905
1383420661293486085
1383420434910044165
1383420202910588934
1383419980029456385
1383419798130888707
1383419551589691398
1383419491430797320
1383419480349446150
1383419345531850758
1383419335297822725
1383419006820884480
1383418989527793675
1383418830081257479
1383418675617669123
1383418663970082820
1383418652632903697
1383418583154266113
1383418533996945409
1383418524685664275
1383494246955577344
1383494177330130951
1383494079938396160
1383493977689640966
1383493929421606925
1383493787406663682
1383493669408317442
1383493522481844225
1383493119409221638
1383493080624484354
1383493064983863301
1383492662913757186
1383492602230493188
1383492502724907013
1383492259627225091
1383492235006668802
1383492118161756161
1383492105021005827
1383492095697068042
1383492049475756033
1383491950079139844
1383491743354552321
1383491576274448390
1383491539762962435
1383491491029344262
1383491479499251716
1383491357155553280
1383491353204576263
1383491325731823626
1383491166461599748
1383491152565858306
1383491077697544198
1383490792925192206
1383490486246072323
1383490416301862927
1383490307933630470
1383490149233741824
1383490131705798657
1383490059546988552
1383490007650881536
1383489989049085959
1383489807393853442
1383489804566876164
1383489804201979905
1383489596495826950
1383489529491845122
1383489502316883973
1383489442652979201
1383489400621830145
1383489344980197389
1383488895833174022
1383488875297873927
1383488626328104966
1383488473366110212
1383488453174730761
1383488272001757194
1383488246605258752
1383487764163821574
1383487726272487429
1383487589433233418
1383487482730213378
1383487471040700432
1383487344158728192
1383487284197027844
1383487114122129414
1383486941132320768
1383486927215595525
1383486891496906754
1383486867706843137
1383486685116125186
1383486506535329802
1383486506145226756
1383486313458933766
1383486241908264960
1383486187264905217
1383486153009995784
1383486144969547780
1383486140401930241
1383486112165859330
1383486043865829380
1383485902832357385
1383485862428614663
1383485830870695936
1383485723391631360
1383485600729161737
1383485244154605577
1383485242548244486
1383485240396582919
1383485232494505992
1383485218695176193
1383485209606164487
1383485133878034433
1383485078181847041
1383485074209873923
1383485059529732112
1383485022317940742
1383484906303483911
1383484747972632590
1383484614723837955
1383484448235085825
1383484297554796557
1383484295226871814
1383484242525491200
1383484017907961861
1383483962236964866
1383483938845323280
1383483913222328331
1383483895572664322
1383483709815357443
1383483706543775746
1383483698880802823
1383483502411227143
1383483492638494726
1383483299209744387
1383483183631503378
1383483074701185027
1383482905750491136
1383482844463337474
1383482753014894592
1383482565470789638
1383482533904408585
1383482436781101056
1383482210271907842
1383482152193380364
1383481803701252103
1383481555541057538
1383460788975726606
1383460769266765829
1383460724899385354
1383460651280961536
1383460611221164033
1383460611003011075
1383460555386617856
1383460542551977991
1383460325786226688
1383460317812772868
1383460316135133186
1383460303636029441
1383460044914577411
1383460019480322049
1383460000866050048
1383459976450957312
1383459920079581186
1383459869244592132
1383459866581241859
1383459854866518019
1383459796116926465
1383459756631748608
1383459740856897545
1383459737241407495
1383459709030526978
1383459698674860036
1383459697848553476
1383459563676995589
1383459474594177027
1383459460337659909
1383459413181091842
1383459239859949582
1383459165352259586
1383459159564177414
1383459057499967490
1383458894463213572
1383458854843797506
1383458833645793285
1383458813093638159
1383458521761517577
1383458437523144718
1383458325648400387
1383458280287076353
1383458263425900554
1383458257730097162
1383458173936234504
1383458072652251142
1383458059448553487
1383457980931219457
1383457885204582403
1383457859367698432
1383457843496427528
1383457832813563908
1383457562075418636
1383457333175410691
1383457181882744835
1383457068896571392
1383457032888410112
1383456955553910785
1383456936784326660
1383456864550068228
1383456835097620485
1383456726796488711
1383456631032205319
1383456529114750977
1383456429009293318
1383456409912631306
1383456280933584898
1383456147156312067
1383456098670186497
1383455959540912129
1383455910471757825
1383455847175524356
1383455838669398020
1383455616832741385
1383455484162707461
1383455446707490823
1383455419868188679
1383455343141810176
1383454949095313408
1383454745843560449
1383454630579818502
1383454577068953607
1383454390430797829
1383454317525409799
1383454181764124675
1383454174809972747
1383454012633096192
1383453851156578306
1383453717983236099
1383453669505388547
1383453437019385856
1383453384489922575
1383453369272991747
1383453282924851203
1383453223210524675
1383453061415198728
1383452971145457669
1383452675212152843
1383452592949268486
1383452420202590218
1383452206590922754
1383452012273049605
1383451569274818577
1383451551834902529
1383451373405048838
1383451285152624645
1383451200863936516
1383451178743189508
1383451152893677570
1383451081905106944
1383450982294507533
1383450841701502983
1383450792183533580
1383450599564316672
1383450571105914892
1383450435999072256
1383450354126184451
1383450216720859140
1383450211339571201
1383450192557469699
1383450181174120451
1383450109648597006
1383449981391015938
1383449974512381966
1383449814835159045
1383449594248392709
1383449533909135367
1383449394670833667
1383449288710053894
1383449165791825921
1383449145206214657
1383449138856005636
1383449116143853573
1383449053699002380
1383449036183666703
1383449019649695751
1383448991531081732
1383448927937056777
1383280380929712128
1383280238675652613
1383280121117700103
1383280006667726850
1383279710168240129
1383279375936679939
1383278772258971648
1383278687810834438
1383278516368596992
1383278423045337090
1383278317327982594
1383277994949582853
1383277588018122759
1383277565452853250
1383277447798398983
1383277252213805061
1383277235847655429
1383277180948344834
1383277113243889670
1383277085410488330
1383277027499724800
1383277011553030145
1383276772188319751
1383276742807146500
1383276594941239298
1383276558148800523
1383276220058505220
1383275995197632515
1383275873504161792
1383275745162645506
1383275527524417538
1383275362788855811
1383275313526808585
1383275178902179845
1383275151253336066
1383275003022512132
1383274958428655620
1383274888308264971
1383274879852576768
1383274823799820289
1383274778870517768
1383274700042768388
1383274655826399237
1383274425269641226
1383274326699364353
1383274171237470211
1383274092246167552
1383274052089905156
1383273983143944193
1383273968103165956
1383273960691830793
1383273940810813446
1383273887513800710
1383273854236184576
1383273827874967561
1383273746929045514
1383273680688455684
1383273639861100549
1383273274868600835
1383273186087768064
1383273114209984512
1383273041057128453
1383273012871327748
1383272869937831940
1383272807321067524
1383272754854563843
1383272694938882055
1383272448439689222
1383272424741896193
1383272376150888456
1383272322648338436
1383272282265583625
1383272098265649154
1383271836826230793
1383271644752355328
1383271289280876544
1383271257353777163
1383271227213553666
1383271131776315392
1383270974158630912
1383270913253150724
1383270568355450884
1383270551494352897
1383270411077443600
1383375320858775556
1383375205955895302
1383375140113641478
1383375071457124357
1383374980155539458
1383374869702746120
1383374803982196736
1383374748269178883
1383374529188163590
1383374398657220617
1383374370739867657
1383374358152769536
1383374075926507522
1383373885857353731
1383373750012289024
1383373745935372289
1383373538082447362
1383373537776267268
1383373519933739008
1383373495514456068
1383373385585942539
1383373360193708037
1383373334662979584
1383373330791559168
1383373290249494528
1383373158460182534
1383373000079077376
1383372996656517124
1383372805283057673
1383372803928334336
1383372767492333572
1383372616438718473
1383372527121010688
1383372385689079813
1383372331322540037
1383372264289103879
1383371871341580293
1383402058552811522
1383401919759020033
1383401873437118471
1383401542472978432
1383401472499482626
1383401406422417416
1383401062430773259
1383401017572675592
1383400592391901184
1383400316419203074
1383400259636715522
1383400141910986757
1383400134386409476
1383399728050626565
1383399287422214148
1383399055854751754
1383399052235010054
1383398923511820289
1383398711305199620
1383398623703040009
1383398608674836482
1383398447479283713
1383398356836257797
1383398347633954816
1383398126619217924
1383397939020664837
1383397608354287620
1383397339537104898
1383397201334861830
1383397168724148224
1383397125472460801
1383397104312217603
1383396954911084548
1383396942890246146
1383396861839503360
1383396828385660928
1383396785457008645
1383396755245441024
1383396656327008260
1383396444653047818
1383396434045673478
1383395869332963335
1383395765192597516
1383395453585088514
1383395435008565258
1383394908908638226
1383394695036821511
1383394633846169609
1383394396071104520
1383394271303110664
1383394252407803904
1383394013928034312
1383393869845307393
1383393693353209859
1383393631881416706
1383393362535796736
1383393267497066506
1383393174962331649
1383393070243217414
1383393068154458124
1383392910670909447
1383392690415443974
1383392480784130054
1383392438367055881
1383392359338037252
1383392332632911872
1383392018987053061
1383391963630555161
1383391931045007361
1383391745547784194
1383391723011776516
1383391663729479692
1383391577255469062
1383391480459382798
1383391408136933381
1383391373894717444
1383391267061596174
1383391204830715907
1383390951863816199
1383390837220933634
1383390803645460484
1383390760771350542
1383390722691198986
1383390643901198344
1383390349087838208
1383390210659029001
1383390191486869510
1383390141662654468
1383390095726632965
1383390018111115267
1383389978953015306
1383389903682109446
1383389823113719808
1383389817916981252
1383389757770592261
1383389700036067333
1383389687297937414
1383389670222950403
1383389408573857800
1383389380455198720
1383389074577260546
1383389051755974659
1383389037931601928
1383388992972890118
1383388959649140736
1383388805512663044
1383388717616812033
1383388618383781890
1383388452369047555
1383388402196705284
1383388273779773444
1383388139444523028
1383388114278764548
1383388067008897035
1383387993310830592
1383387945940307969
1383387424370225152
1383387143985242115
1383387038666219528
1383386986291994629
1383433514545123335
1383433454830776320
1383433138630627343
1383433055004610560
1383432916785500164
1383432429914923013
1383432330832842756
1383432245520658435
1383432042147311618
1383432020735369227
1383431960463171594
1383431858168365060
1383431802761596929
1383431360941936641
1383431295443771402
1383431276816859146
1383431136395751425
1383430995949494287
1383430978400514052
1383430977804914688
1383430943168286726
1383430733511806979
1383430645620252676
1383430418775511043
1383430356095823877
1383430288231989270
1383430169130504192
1383429746218864645
1383429614714847234
1383429339669164043
1383429291434659853
1383429192327467010
1383428833806733319
1383428706039779328
1383428636812795911
1383428540784254982
1383428459809046528
1383428449365217286
1383428435561705480
1383428393564131329
1383428201146327045
1383428095185539076
1383270292911321095
1383269986001584135
1383269961636876292
1383269611383058441
1383269545612255240
1383269531682889736
1383269413164437510
1383269383816978432
1383269083458588674
1383269082120687624
1383268978009595916
1383268972175323139
1383268965221236739
1383268938860023813
1383268925840838667
1383268833041915905
1383268709968474117
1383268568653959172
1383268366991839238
1383268348272599045
1383268312432320514
1383268261689663490
1383268176469712901
1383268155255005193
1383268128935714817
1383268047532609536
1383268018004787209
1383267953840328713
1383267945858494471
1383267936597512203
1383267821992308739
1383267716769796099
1383267594648449027
1383267586985451526
1383267549064830978
1383267491787337738
1383267362107912202
1383267357368324102
1383267311340036101
1383267301252755464
1383267094762954753
1383267015826178056
1383266940173492230
1383266865733017602
1383266722765971461
1383266685591855107
1383266590536310786
1383266444146733058
1383266318703493127
1383266301259313154
1383266195906854916
1383266116055625728
1383266071545737217
1383266052037959684
1383265904889270273
1383265796772622340
1383265787444535298
1383265767257346051
1383265634398609410
1383265566429900803
1383265556380274688
1383265522234445827
1383341505633423370
1383341505029410821
1383341243187400705
1383341218461995017
1383341188531449857
1383341131421810688
1383341130364833798
1383341113101066240
1383341108990603270
1383341045610475525
1383340987800424448
1383340924856541184
1383340919064121344
1383340693993578496
1383340607108616202
1383340600821383172
1383340518696841217
1383340396613300226
1383340354313678848
1383340238228000769
1383340063602339847
1383340009860730881
1383339976792842248
1383339873222856711
1383339711989620738
1383339658453475328
1383339592464494599
1383339548491407361
1383339536311144448
1383339520926511110
1383339497799094276
1383339281163296771
1383339265052921856
1383339195041607682
1383339185705132033
1383339111470096388
1383338988468015108
1383338947502166018
1383338677246455814
1383338345351106565
1383338335020621830
1383338293555650567
1383338241105879045
1383338112609259522
1383338073304358916
1383338018686128132
1383337974016856066
1383337903514787852
1383337890818641930
1383337814234845194
1383337694135087108
1383337635905556484
1383337627466665987
1383337585968177152
1383337422147051523
1383337235764813835
1383337218576588800
1383337218211598339
1383337163798900747
1383337105024110601
1383337104483094531
1383337086296629248
1383337028104843264
1383336985629102086
1383336939571400705
1383336891206959113
1383336889021730823
1383336840581709829
1383336839524732928
1383336832822218756
1383336730313457670
1383336712894517249
1383336657319993350
1383336629033594881
1383336621974573057
1383336509118418948
1383336400301420550
1383336364175814666
1383336341014937610
1383335952760803328
1383335863858327552
1383335845013311493
1383335833827045379
1383335764491071495
1383335708996227074
1383335665681670145
1383335587516616708
1383335523813519362
1383335516196593664
1383335351285030916
1383335268669788164
1383335219491610625
1383335179133935618
1383335118891143173
1383335105511399432
1383335030198456324
1383334987227754496
1383334746877423619
1383334679038685184
1383334642678329346
1383334625951457285
1383334619123122177
1383334589825884164
1383334574357303306
1383334567495438337
1383334517109231616
1383334277912272902
1383334119489245186
1383334089206292485
1383333556299067397
1383333506445582336
1383333426137210883
1383333425084473345
1383333338413375500
1383333274332717057
1383333134977011718
1383333039388852227
1383332970769965058
1383332955297226755
1383332955230138370
1383332888163229696
1383332795754242051
1383332792063250432
1383332718163812360
1383332630309924869
1383332510751354882
1383332505802067969
1383332432632373255
1383332344027697154
1383332294186782722
1383332229443514369
1383332129103245317
1383332087533477894
1383331885669961738
1383331869551300614
1383331819970437120
1383331616018210824
1383331478159822853
1383331223972421634
1383331185451958276
1383331184126488580
1383331068254711811
1383330979629060102
1383330948343730177
1383330743649136652
1383330741480673297
1383330652792135686
1383330466044911619
1383330418489917442
1383330189187239942
1383330109503926276
1383330020383330309
1383330011579486210
1383329975512698884
1383329669122985989
1383329360766144515
1383329082255966209
1383329054263156737
1383328958834352128
1383328921706405888
1383328808858570752
1383328784728739843
1383328772254965761
1383481532933820424
1383481019542642688
1383480784535777289
1383480727874924548
1383480708769804291
1383480650829766657
1383480636271337474
1383480466573987851
1383480415550197768
1383480409636278275
1383480310382301186
1383480211002445824
1383480153729159178
1383480136956223488
1383480038364913674
1383479868264902667
1383479786870218753
1383479570020528129
1383479340092981264
1383371794468413445
1383371774704766983
1383371565937565710
1383371511466135553
1383371486212222982
1383371129205575688
1383370984791494656
1383370943993581574
1383370928940191754
1383370875404111874
1383370865677459456
1383370702359719941
1383370484922732552
1383370278764376080
1383370085801226246
1383370045447806981
1383369838358269952
1383369500712587267
1383368827581308935
1383368813513560070
1383368552216817671
1383368492854833158
1383368251451662348
1383368060078227460
1383367951227637760
1383367913126596615
1383367896638709763
1383367884693331971
1383367883749609476
1383367879064657934
1383367875163947009
1383367825071362049
1383367760382631939
1383367697388302337
1383367545042870273
1383367475740377088
1383367379422384135
1383367287822901259
1383367269586145280
1383367142813310982
1383367050706386953
1383366967923339271
1383366900659359755
1383366852118671364
1383366801350819851
1383366747873374217
1383366717691158532
1383366473796653061
1383366333895561220
1383366310193614850
1383366295534465029
1383366207332442121
1383366045872713731
1383366029334630405
1383365615654621185
1383365502379065355
1383365413518536709
1383365214196801544
1383364819605024768
1383364391823822859
1383364149229457411
1383364137103749120
1383363971047059459
1383363941330341888
1383363890482802693
1383363792768172037
1383363638010863618
1383363107246862341
1383363076683014144
1383362974572634113
1383362680149266433
1383362670024298510
1383362583776825360
1383362438922338305
1383362415832670213
1383362341832564743
1383362311801303045
1383362237562200075
1383362200568418305
1383362175645851650
1383362088265871370
1383362049841844225
1383362041402986507
1383361875165868038
1383361795046273030
1383361704818479112
1383361703090409476
1383361628167565313
1383361577680740355
1383361552187727874
1383361508080447489
1383361398109982725
1383361355315515395
1383361349191823364
1383361270225641475
1383361225963184130
1383361205109026818
1383361182224977924
1383361089878986756
1383360916566151169
1383360393569918980
1383360150711406598
1383360034021675008
1383359929373757448
1383359922394451970
1383359859773493251
1383359845185703940
1383359743331213313
1383359699534303240
1383359489869422596
1383359362442272772
1383359356763197445
1383359293290778628
1383359233010266128
1383359124692295680
1383359049639497730
1383358994727665670
1383358913970524163
1383358217825050627
1383358202356461570
1383358132760453133
1383358087898144778
1383358022009847808
1383357980112871430
1383357796591181829
1383357413663776771
1383357410740301826
1383357320793448448
1383357063489736704
1383357036902055937
1383463925920854021
1383463917498691590
1383463895617081351
1383463867167117319
1383463830634647565
1383463829896458251
1383463825379192847
1383463822254477320
1383463792567144453
1383463719296901126
1383463522856620047
1383463314047442948
1383463141078487044
1383463129577705477
1383463125165371406
1383462944755703810
1383462929685569541
1383462912497373195
1383462799217594375
1383462782260023307
1383462776278970378
1383462715138531341
1383462647736147969
1383462547039215625
1383462363152601101
1383462233124999178
1383462229228417031
1383462150857912328
1383461825090519044
1383461744488587273
1383461591270658052
1383461461532430336
1383461302966755330
1383461194690744324
1383461129360314381
1383461119327555594
1383461002872721415
1383328741531668489
1383328713274654727
1383328658861920261
1383328615656394767
1383328508651311109
1383328384793546754
1383328300353802244
1383328270888837125
1383327865291169795
1383327637813092355
1383327591994519552
1383327442346020869
1383327347533774848
1383327242814513162
1383327151240269829
1383327002342531076
1383326996009164802
1383326891252219906
1383326867244032001
1383326858339524614
1383326734045515777
1383326713321426948
1383326689069998084
1383326437038460929
1383509358730911744
1383509129034010627
1383508988709380097
1383508985689501698
1383508939841568768
1383508865254264838
1383508694214737922
1383508153103310849
1383507750886416389
1383507562109095937
1383507442760183810
1383507429011255306
1383506852927868931
1383506837945819139
1383506569174786055
1383506392267386893
1383506250445443075
1383505882302930955
1383505663440023555
1383505627352244228
1383505566962618368
1383504875145682951
1383504862785114119
1383504744589582342
1383504699433766915
1383504668463034370
1383504523906355200
1383504428724940806
1383504172327215110
1383504146901340162
1383503971885621251
1383503593953587201
1383503408074674185
1383503317934870534
1383503128788488197
1383503100653150210
1383503024602054659
1383503000988127234
1383502982134730765
1383502816082153479
1383502316481912835
1383502224798621699
1383501995634429969
1383501822535495687
1383501541949067269
1383501419609657350
1383501399401455620
1383501377704325124
1383500987730579459
1383500719978729489
1383500716426231812
1383500424519438336
1383500237721915398
1383499913330249735
1383499832191438849
1383499178496598019
1383499129817423884
1383498909801074690
1383498737922691073
1383498640975482885
1383498077454012424
1383497577748779009
1383497183173873664
1383497165201297408
1383496830713942016
1383496542644961282
1383496471023013889
1383496217863200768
1383496023641772034
1383495845769748482
1383495757798416385
1383495370450165770
1383495369011580937
1383495223293087744
1383494956073906182
1383494915078852612
1383494672111181829
1383494669317722113
1383494666260140035
1383494646513344515
1383494626288443400
1383494592524292100
1383494580117463044
1383494383064948741
1383494296532176911
1383494270783397892
1383525111366516739
1383524743844810752
1383524431692136450
1383524393037438977
1383524309872697344
1383524196915965956
1383524168310792194
1383524000995766281
1383523389046857732
1383523257035280389
1383523101506297866
1383523055922663433
1383522750778593280
1383522678569459712
1383522555890266117
1383522414714183682
1383522400793333766
1383522360024715270
1383522268303691777
1383521791411322884
1383521387541786630
1383521252262912003
1383521085249843204
1383520839421726722
1383520762967912452
1383520756294770691
1383520499884462080
1383520424516984832
1383520177443119105
1383520144392015881
1383519964720627726
1383519950699057159
1383519869958647809
1383519345502953473
1383519231585574913
1383519093366554633
1383519083828715530
1383518909236584459
1383518530985861126
1383518528175673361
1383518383677734916
1383518335711596547
1383518292443164676
1383518111949750282
1383517944957726725
1383517885608304640
1383517374721052674
1383517353112076290
1383517005496475664
1383516997669900288
1383516936424751104
1383516812122361862
1383516740034777096
1383516634170630144
1383516303537827842
1383515805510295558
1383515704436039683
1383515519316234244
1383514752307982339
1383514508140765192
1383514377223958528
1383513954295549959
1383513196669984768
1383513184644993027
1383513068961816576
1383512988921913358
1383512898572414983
1383512607609344007
1383512586507878405
1383512283247112205
1383512030720585733
1383512002190921728
1383511669796610049
1383511580688539649
1383511377973682191
1383511375213862915
1383511354460364803
1383511070497665027
1383511022745440267
1383510772748222468
1383510613834432518
1383510490278551552
1383510394308726785
1383510359818969088
1383510321189462017
1383510309860610048
1383510305313984522
1383510291388932099
1383510121242796036
1383555482741219334
1383555424545173506
1383555402948747272
1383555266977832974
1383555214528061447
1383555102548500495
1383555065537974283
1383554912865308677
1383554909820243974
1383554872570642445
1383554816174018560
1383554709886144514
1383554706769813515
1383554431766044678
1383554282390052869
1383554257480130571
1383554219270021125
1383554091859644428
1383553903141154816
1383553884942045193
1383553744042741767
1383553619237109760
1383553534008827905
1383553462114275333
1383553290567229440
1383553265476857860
1383553209927495684
1383553097293713411
1383553052750204928
1383552857618587649
1383552732234063876
1383552543897243650
1383552435650662402
1383552182885044229
1383551975141175299
1383551953876049927
1383551934360014858
1383551866445864970
1383551687177117696
1383551637545832456
1383551610937176066
1383551568880947203
1383551400928374785
1383551150973079553
1383551017602621447
1383550937701052420
1383550783161991169
1383550778497855489
1383550769434009601
1383550503750017024
1383550429968039936
1383550387504906240
1383550257192075269
1383550172337082373
1383549834477461505
1383549686921928707
1383549675895103495
1383549550116302851
1383549213775073288
1383549110616158212
1383549091754364933
1383549082493329413
1383549046632058880
1383548970669002759
1383548917187440641
1383548891581194246
1383548872862040065
1383548855602483200
1383548630481596425
1383548609631711238
1383548529092698115
1383548512248365058
1383548467306393602
1383548404848992263
1383548398318411781
1383548380471726088
1383548270429892611
1383548266130731014
1383548116968742917
1383548098970980356
1383547965088796679
1383547957992050692
1383547816534953987
1383547718233038852
1383547716957995011
1383547630760857602
1383547343862071298
1383547209182973953
1383547146599735304
1383546792927662080
1383546632176734214
1383546259860901892
1383546241397641223
1383545983317934083
1383545937042186241
1383545773942472706
1383545525559984132
1383545517276155909
1383545406823354373
1383545180402249732
1383545066124242945
1383545042120314882
1383544842236563460
1383544688620163077
1383544641971052550
1383544489482981377
1383544441030332424
1383544429642797065
1383544358125768712
1383544279373520899
1383544197131628550
1383544047042580480
1383544024565305344
1383543910094434316
1383543881891913734
1383543431411036169
1383543377547862020
1383543321260281858
1383543283905753096
1383543222916370435
1383543221003849730
1383543146353610757
1383543085313847301
1383543056834600960
1383542733940297730
1383542650574282763
1383542553434148865
1383542370310885382
1383542241856147466
1383542132862963714
1383542108393328647
1383542082787102721
1383542063900205065
1383542007692333059
1383541803668836353
1383541699146706946
1383541429775912960
1383541334967869440
1383541331012640781
1383541243662065666
1383541184212070400
1383541129585385480
1383541107632394245
1383541015429087238
1383540929617825802
1383540608837423110
1383540432706039815
1383540423247863815
1383265274036559872
1383265230881366016
1383265109229727750
1383265075452997638
1383265071443312648
1383265056205406218
1383265014681784324
1383264647755702272
1383264641862672389
1383264319530430475
1383264219412328453
1383264195551010817
1383264048981049351
1383264032791031811
1383263943628521475
1383263821003857930
1383263480929681411
1383263439120785414
1383263421861224457
1383263377695203337
1383263369457659912
1383263367897309199
1383263231091777539
1383263126175424514
1383262963159617543
1383262941454032900
1383262833165574148
1383262790379393028
1383262653213118476
1383262602088779776
1383262454306594821
1383262297120907270
1383262250333466632
1383262218599354370
1383262171342065669
1383262010901622788
1383261942878330882
1383261721482063877
1383261669380411393
1383261343646588939
1383261335262175236
1383261287526719490
1383261219918729217
1383261143871852547
1383261117737177092
1383261042277376000
1383260886232489985
1383260765751185409
1383260747975720975
1383260706238201864
1383260682695561216
1383260598448783361
1383260593142960135
1383260581029810177
1383260534481448960
1383260534221393923
1383260326871764994
1383260276582084615
1383260254931079178
1383260146067918849
1383260123527749636
1383260084612911110
1383259851824926720
1383259850528878594
1383259708643971083
1383259597343911942
1383259585230766084
1383259500476473351
1383259486333243399
1383259428221198339
1383259258360238080
1383259226278010884
1383259226261254149
1383259214252969989
1383259202747961347
1383259123714641929
1383259080374906880
1383259074855268357
1383259034212462596
1383258963966263296
1383258805765435396
1383258787763539970
1383258694431903754
1383258672231456769
1383258619609714695
1383258550101704711
1383258462428139520
1383258366374383631
1383258365044805643
1383258325182140416
1383258249764347905
1383258245159002119
1383258053210873872
1383257908318662660
1383257814848602114
1383257795361865729
1383257759521460227
1383257700176338950
1383257659441254407
1383257647743344645
1383257547725885450
1383257541946220545
1383257504172236801
1383257447582756865
1383257374228586504
1383257365131055106
1383257358365708293
1383257318515564552
1383257242527354890
1383257216707301376
1383257199321837576
1383257131848110083
1383257104023052292
1383257045936136195
1383257025761607684
1383256905666076685
1383256859960770560
1383256854713626626
1383256792608567300
1383256764594810897
1383256757980385283
1383256754230726659
1383256753018576897
1383256727739502596
1383256727609507842
1383256724426018828
1383256702150086660
1383256687075741701
1383256579370147844
1383256570306330631
1383256486793515010
1383256386566430722
1383256372129632257
1383256300381868039
1383256285634654219
1383256274637234180
1383256249479749654
1383256198011490316
1383256111273238532
1383256014909165569
1383256008693149705
1383255991672733696
1383255963952500738
1383255889365266434
1383255806397673476
1383255714726961155
1383255702211231749
1383255693726162947
1383255688328073223
1383255602915274758
1383255536292880396
1383255529586266115
1383255527497502726
1383255466621292545
1383255366364921856
1383255357787578375
1383255348769820680
1383255347964485635
1383255338661466117
1383255327232073729
1383255275415560196
1383255238929379332
1383255149359996931
1383255131886522377
1383254919809880064
1383254735650648067
1383254589625958400
1383254584999628812
1383254527785140226
1383254511079215117
1383254402606112768
1383254345349664772
1383254324080349184
1383254312009158661
1383254310872489988
1383254296423059456
1383254292316844033
1383254175744593923
1383254130181906435
1383254083272802310
1383254039605833742
1383253989244866562
1383253988158558214
1383253950296588289
1383253784973889537
1383253624298504200
1383253481209810952
1383253472481476611
1383253370404675586
1383253088572612620
1383252993508737026
1383252972696576001
1383252868161961990
1383252797211123716
1383252784909230082
1383252675249074183
1383252617422270468
1383252615849385989
1383252585419730947
1383252581317693441
1383252539362091012
1383252506638123009
1383252453882093574
1383252402296418304
1383252385036861442
1383252374215561218
1383252179633410055
1383251907532132354
1383251888603234313
1383251835197149194
1383251818973601793
1383251806499729413
1383251791379267584
1383251789403721732
1383251483672514562
1383251435219873792
1383251408493846529
1383251395445358595
1383251240625197061
1383251185222569992
1383251089105965061
1383251081287766024
1383250981572382730
1383250917760266246
1383250701225062405
1383250638474137600
1383250638419619851
1383250630509162504
1383250576507498497
1383250407762239490
1383250366255431682
1383250309040902146
1383250282688122885
1383250266133204999
1383250232801075203
1383418351255388168
1383418181423820805
1383417670586888203
1383417635342147591
1383417617453514752
1383417523266232320
1383417431721316357
1383417247729786894
1383417137583194120
1383417031614111752
1383416445795594243
1383416244863262720
1383416157542051842
1383416078261391370
1383416064353046530
1383415791773618186
1383415778674810888
1383415776808300545
1383415699725455367
1383415691185819657
1383415401468481536
1383414905701769229
1383414838735478790
1383414810260299782
1383414669830889476
1383414607402868745
1383414548821020672
1383414546010755090
1383414537055997961
1383414424686317576
1383414388489539593
1383414249205030921
1383414236546699271
1383414105067819011
1383414085270654977
1383413997056131085
1383413883281440768
1383413875991711760
1383413797780525063
1383413707108061184
1383413592737796099
1383413472835215360
1383413380606619654
1383413342325207044
1383413209504174083
1383413176897662987
1383413025240014857
1383412966331076611
1383412942176014342
1383412799959822342
1383412491070296066
1383412267635527687
1383412075876159500
1383412073682530309
1383412070356451328
1383412068963913729
1383412067437219842
1383412023300481029
1383411842349879300
1383411648233234435
1383411600741212163
1383411520151769093
1383411363641368580
1383411260839002112
1383411151606730760
1383411142177918989
1383411045285261322
1383410858559033352
1383409918603001856
1383409757046722562
1383409725920796675
1383409618274045956
1383409588645482503
1383409578155462659
1383409423901593601
1383409119688761345
1383409093117808641
1383409090680872961
1383408857674776576
1383408782508650502
1383408767190982659
1383408414798139396
1383408256039604233
1383407434627117065
1383407311687872517
1383407188937297921
1383407063947112456
1383406822166462479
1383406692461735941
1383406677773275141
1383406621833850886
1383406365192818688
1383406329402822657
1383406249828491267
1383406196124635144
1383406110460104706
1383405892293382153
1383405858684424198
1383405659496927236
1383405653155205121
1383405359205797889
1383405040400957451
1383404643187761153
1383403931443744773
1383403821288681476
1383403524856320004
1383403413677907970
1383479041202683905
1383478874198003739
1383478773270474754
1383478747265835010
1383478723287031815
1383478486556307456
1383478393363001346
1383478351701053445
1383478340200243204
1383478074440699907
1383478057600634890
1383477937127575560
1383477800800161795
1383477449267171329
1383477449065779200
1383477298620370947
1383477124967780356
1383476851629195268
1383476797178667010
1383476697429803014
1383476490205945856
1383476488347930636
1383476316033273858
1383476311495041029
1383476311335739398
1383476235410415626
1383476171115929600
1383475799102148608
1383475672673226757
1383475513339961352
1383475419114926083
1383475341440602113
1383475070517932032
1383475055238156295
1383474917526573062
1383474886178271236
1383474178662096903
1383474103441510405
1383473955734839296
1383473952618549251
1383473779548979203
1383473774662602756
1383473680978571265
1383473559360573443
1383473548723777538
1383473483389100038
1383473366468726785
1383473343962120205
1383473296633597959
1383473062742396942
1383472897029599232
1383472836837183493
1383472807191842821
1383472636064198660
1383472588202987521
1383472587611639815
1383472460146700297
1383472392446439426
1383472239174045699
1383472238196772869
1383472220861648896
1383472090901213188
1383472053479632897
1383471941768515584
1383471864584892420
1383471814614028288
1383471638532874245
1383471174894559248
1383471138836074497
1383471063783276549
1383470924276506627
1383470751571865610
1383470594830733314
1383470441474367494
1383470440035717127
1383470374118064136
1383470284737376270
1383470223634825220
1383470209198034958
1383470201161752577
1383470152755257347
1383470143221624837
1383470077664632838
1383469577938501635
1383469515774693376
1383469488499163140
1383469306067886085
1383469280881037315
1383469266649763842
1383469211595415552
1383469177827061765
1383469173838213129
1383468846619664386
1383468844199469059
1383468788574691334
1383468532105506819
1383468347203809281
1383468046912614405
1383467999835742214
1383467829081436167
1383467739029786625
1383467609161551887
1383467546859368450
1383467307041574920
1383467249369948165
1383467212648812558
1383467010424594434
1383466923501887496
1383466766236491786
1383466747412451329
1383466656551235586
1383466540335460359
1383466503102631940
1383466428087504896
1383466354473259019
1383466301788545025
1383466188978540547
1383466077577904135
1383466031251746818
1383466008594116616
1383465997894516736
1383465884300156930
1383465771938942978
1383465602124161028
1383465557157056512
1383465508461187074
1383465385656160264
1383465193603174409
1383465079610306565
1383465028842528774
1383464985716662281
1383464902589763590
1383464785019162633
1383464757802377218
1383464694543835141
1383464379249664002
1383464315752120326
1383464286253568005
1383464147988344838
1383463964193869828
1383311238411603969
1383311108413349892
1383310829118889985
1383310616857702410
1383310515141681160
1383310391548121090
1383310361000955911
1383310142683242497
1383309997438763014
1383309961652887559
1383309891633172489
1383309771755835395
1383309747533672453
1383309631070511104
1383309541261991944
1383309522777690113
1383309418612150276
1383309371132715012
1383309330762457094
1383309295039614978
1383308908802895874
1383308901395750912
1383308827882246148
1383308669803130881
1383308596234969088
1383308572675624960
1383308495970193411
1383308470510710792
1383308434896941056
1383308330412625922
1383308319025025031
1383308260724277258
1383308153215881218
1383308137768243206
1383307875452297222
1383307723777875972
1383307577308581899
1383307070481461253
1383306745628356610
1383306741417332739
1383306601952468999
1383306531307880454
1383306451741904899
1383306349849714688
1383306327242330113
1383306299916525568
1383306272229916674
1383306012275318785
1383305928972193797
1383305813855326216
1383305797971570690
1383305791495544839
1383305783094349825
1383305762588434433
1383305722507644929
1383305512591106050
1383305440419741708
1383305435625623555
1383305219971248131
1383304926718160905
1383304862020997122
1383304817796284417
1383304799563567104
1383304608349523968
1383304538543706115
1383304521279893506
1383304474962259968
1383304366208143361
1383304052826537987
1383303806272761857
1383303735959375874
1383303604631605252
1383303403615358982
1383303378764066821
1383303265723449344
1383303146596753413
1383303101331820548
1383302761115127810
1383302745604591620
1383302613177798657
1383302611298701312
1383302604361330689
1383302329173110788
1383301897549873155
1383301869934551047
1383301807821099017
1383301754226282505
1383301631484198916
1383301222841552896
1383301123805564928
1383300958063513602
1383300834675494912
1383300831739482113
1383300715234226178
1383300669453393922
1383300516122222592
1383300441082011648
1383300388942606340
1383300352527663108
1383300268171825162
1383300192972148737
1383300080183087110
1383300072901730307
1383300032963641351
1383299929267867649
1383299917368631300
1383299807029055493
1383299781745811456
1383299583694970884
1383299517563375621
1383299349090762756
1383299347903705094
1383299249631203335
1383299226508005379
1383299131188203525
1383298997507399681
1383298901462044681
1383298818574196745
1383298658976690176
1383298648356708354
1383298597689585671
1383298596355776514
1383298158793412611
1383298099230113792
1383297934708539392
1383297871223549961
1383297857252315142
1383297837450989568
1383297809068150785
1383297528095854594
1383297396914851846
1383297383744761862
1383297353021493260
1383297320049991681
1383297295546937349
1383297179473760258
1383297174813888519
1383297086888701968
1383297057478172679
1383297042974343171
1383296827164745736
1383296749725315077
1383296664169897985
1383296618552643589
1383296572390187012
1383296571006066691
1383296541335588865
1383296447550955520
1383296226477572098
1383296218030247942
1383295980259315717
1383295977361076228
1383295931378913280
1383295902417252357
1383295852588920839
1383295786205683713
1383295780555943938
1383295609562570755
1383295602423853057
1383295549755981841
1383295512195911689
1383295446580219910
1383295244687405062
1383295022179577875
1383294880550592513
1383294787399217153
1383294535669714949
1383294402601259017
1383294188771368960
1383294119535988741
1383293762948894734
1383293688541945864
1383293593624846343
1383293566387048449
1383293542559215616
1383293465975398404
1383293390125600770
1383293217924272131
1383293075305295874
1383293061527007239
1383293029667115011
1383292980514017282
1383292968673501191
1383292678410969088
1383292446075883528
1383292199924731904
1383292157277048835
1383292055871365122
1383291990696103941
1383291902590472198
1383291765516509184
1383291735510425606
1383291719643394050
1383291705927999492
1383291571546726402
1383291532627775489
1383291532120248321
1383291426365087746
1383291312074493955
1383291292562595841
1383291173125591048
1383291010013306885
1383290666206208002
1383290563072430096
1383290312638951430
1383290262634438663
1383290146536058882
1383289738317107204
1383289637658009600
1383289211562860552
1383289149747126272
1383289011821694978
1383288954829434892
1383288895446523905
1383288723496861697
1383288284269334530
1383288277130612743
1383288189889040386
1383288042052493315
1383287780642459650
1383287757305303044
1383287692046135303
1383287425095528456
1383287356816433156
1383287308770713600
1383287225027153922
1383287215560695813
1383286948895199238
1383286879299112969
1383286872634322944
1383286741633617925
1383286699275407362
1383286692392554505
1383286591360172043
1383286410795311105
1383286235146293254
1383286120331370501
1383286066950524934
1383285992916877322
1383285662175035397
1383285607871381510
1383285552795983872
1383285438580883464
1383285326219661320
1383285141448003587
1383285071461769220
1383284732620800005
1383284694750359552
1383284592002494466
1383284559953858563
1383284527112482820
1383284522578415617
1383284356114903043
1383284274602729472
1383284271675183105
1383284092536385540
1383284064912744454
1383284064073912323
1383283859257630720
1383283731490766854
1383283520081039377
1383283413465985024
1383282792767782917
1383282773272580096
1383282549783289864
1383282517298450432
1383282479654604808
1383282162883956742
1383282154562473985
1383282075453718531
1383281955924451329
1383281785488900096
1383281502494941212
1383281437231640581
1383281406730661891
1383281393417940994
1383281276136820736
1383281076294983684
1383281056556609543
1383281031290122254
1383280996464742401
1383219906846490628
1383219893445611526
1383219873052909575
1383219849149640704
1383219802370494465
1383219784477597703
1383219776659410952
1383219725837029376
1383219719243657216
1383219641804234754
1383219633256210436
1383219563161030661
1383219500502245382
1383219496056332289
1383219492092710912
1383219461000290306
1383219444684521475
1383219344390295557
1383219307388100609
1383219284185260050
1383219180531445762
1383219077498376197
1383219041217638403
1383219032413769729
1383218979607433219
1383218893368352769
1383218860904488962
1383218789043474442
1383218762627776517
1383218648207151110
1383218601394532360
1383218549842272261
1383218513205022723
1383218482087546882
1383218465822048259
1383218385282945031
1383218379327111170
1383218305024937989
1383218300604141575
1383218258392670213
1383218256333266944
1383218228793462789
1383218228583747591
1383218167288238082
1383218111847931907
1383218056608903173
1383218054012669952
1383218036216242180
1383218026401595398
1383218023624888329
1383217899616096256
1383217766627381257
1383217761954844685
1383217735300046849
1383217703251443714
1383217347016609798
1383217239738912772
1383217219350327297
1383217174915948551
1383217133987930118
1383217107022749702
1383217064970653704
1383217038357766151
1383216799093727233
1383216642662961159
1383216572915847171
1383216567333265415
1383216525977341959
1383216510668218370
1383216409635790850
1383216379512250370
1383216335476334594
1383216313561075712
1383216294594441219
1383216236683677700
1383216185924218881
1383216119922577412
1383216061458239493
1383215949696835605
1383215897016340484
1383215715725893632
1383215343036862472
1383215180075597830
1383215131652288514
1383215070923018249
1383214913150013440
1383214776201842689
1383214663073030148
1383214419547627520
1383214200923693061
1383214189880123392
1383214157588144129
1383214029049528321
1383213946509746177
1383213813189677059
1383213673578070019
1383213478542860289
1383213407654973441
1383213155858358274
1383213131619475456
1383213066507087872
1383212873028014082
1383212867776704517
1383212687711080449
1383212599945269248
1383212466327281664
1383212435536941056
1383212429404823552
1383212191457824776
1383212134574673922
1383212076265447425
1383211976784969730
1383211944086097923
1383211797700775939
1383211781829500929
1383211746156978176
1383211712803868675
1383211690590818307
1383211592909656066
1383211504602734595
1383211443487526913
1383211292131954690
1383211150754516994
1383211085675696128
1383211024908578819
1383211013848244224
1383210867177623553
1383210800823738368
1383210605885194242
1383210585022685186
1383210580593508352
1383210558246195205
1383210555977076739
1383210550381965316
1383210535202750464
1383210508367626248
1383210472325861377
1383210392680230917
1383210363072692229
1383210347247509505
1383210331183456262
1383210307804303360
1383210293183057920
1383210217685577728
1383210183392890881
1383210170654679043
1383210151746830337
1383210126195187714
1383210101167820800
1383210096822456321
1383210095941713921
1383210028979523586
1383210018288308227
1383209986336169984
1383209980443103233
1383209970255159297
1383209968493559810
1383209950529355776
1383209932162531328
1383209921576120322
1383209879792340992
1383209835009695747
1383209802650820610
1383209706328571906
1383209677341741057
1383209672442789888
1383209644638806023
1383209624451608583
1383209623650439168
1383209608836227073
1383209544650752010
1383209423515099136
1383209409053089793
1383209406582693892
1383209341151543297
1383209329961046019
1383209315146764289
1383209289888649219
1383209260629123076
1383209226529603587
1383209189460353025
1383209108266835970
1383209062117076994
1383209012590612482
1383208980122460164
1383208921817501702
1383208851089063936
1383208833531711488
1383208791089512450
1383208769597829121
1383208746361442306
1383208732163645443
1383208707660603395
1383208650936889344
1383208632909758468
1383326403404337155
1383326401999163392
1383326392926961664
1383326200530046979
1383326187074641922
1383326035735846912
1383326024792829954
1383326013971582980
1383326003875880961
1383325982770163719
1383325964730470400
1383325953489739780
1383325944987881475
1383325912251322368
1383325894480039941
1383325885252575236
1383325861110173700
1383325654163197953
1383325613339996163
1383325604775272450
1383325603479257091
1383325536953389060
1383325510961270784
1383325495840841729
1383325464039550976
1383325419361816577
1383325367490867203
1383325140209917956
1383325086090813443
1383325033871728642
1383324995250577408
1383324775947202561
1383324704660803599
1383324634603393024
1383324612734320642
1383324216229912590
1383324132373188608
1383323903204880387
1383323814382039044
1383323720484147212
1383323623117574146
1383323526095020037
1383323447258882048
1383323216060452866
1383322846949036033
1383322784386805764
1383322766389043211
1383322744608092168
1383322697371815949
1383322390415876098
1383322223134449664
1383321870414454790
1383321660829298688
1383321589396033541
1383321430880788486
1383321142555938820
1383320934510075906
1383320725642088457
1383320598466551812
1383320566732447745
1383320455197560842
1383320411689996292
1383320364764127233
1383320103748390919
1383320057292345344
1383320053777530890
1383319939046535171
1383319937217753088
1383319861489586176
1383319512771035141
1383319207031410693
1383319201855668226
1383318791421976581
1383318617371013123
1383318563658768392
1383318459795218434
1383318180957868033
1383318180479655938
1383317759484784640
1383317630161866753
1383317563954765826
1383317418164985859
1383317389400367106
1383317295431262208
1383317291148791808
1383317234748039169
1383317082582896643
1383317020511412229
1383316973740720132
1383316701740081154
1383316567476240390
1383316524551741442
1383316470940127232
1383316404221341702
1383316231374053382
1383316192337612813
1383316161899556869
1383316074402254851
1383316003757588483
1383315811100549123
1383315320719384581
1383314895786020864
1383314568416358400
1383314552264167427
1383314453400145920
1383314408256851969
1383314366963978249
1383314212118695939
1383314173551988737
1383314098406838273
1383314094900473859
1383313834220290056
1383313800573571083
1383313733770907650
1383313392140652548
1383313315426828288
1383313234342514688
1383313228768309249
1383313208149123075
1383313147344211969
1383313136212582402
1383313017530576899
1383313009854992390
1383313004331081735
1383312775091417090
1383312767831085062
1383312751917821957
1383312377534316550
1383312306692530176
1383312262727827456
1383312212312215558
1383312180771102723
1383312135212568582
1383312085073887233
1383312044007428098
1383312034863845386
1383311914424422400
1383311844517957645
1383311765656592392
1383311715161427968
1383311572521553926
1383311358679162881
1383356602418307082
1383356483115438085
1383356464161431554
1383356331151695872
1383356192383143941
1383356176478343172
1383356130676465668
1383355646762840077
1383355494262206472
1383355481461116928
1383355371520086022
1383355230700539908
1383354998298316806
1383354979491057665
1383354939443867650
1383354815384719366
1383354687911436291
1383354651689422848
1383354650284290053
1383354590683303945
1383354493987811329
1383354347296215041
1383354269437333506
1383354261497540608
1383354244472852488
1383353997822627842
1383353847200968710
1383353783359401993
1383353781211959302
1383353749503045633
1383353746063724544
1383353714572857348
1383353544959401989
1383353449840975875
1383353418492747781
1383353394786496513
1383353125495402496
1383352811644014595
1383352799241523205
1383352742698098691
1383352615153508356
1383352611550613511
1383352567539793924
1383352549147766793
1383352548531183619
1383352544362074116
1383352502427389954
1383352387201499144
1383352239507447815
1383352226358333443
1383352219794231300
1383352180963373056
1383352124063420426
1383352122238849032
1383352034850603011
1383351825340895243
1383351741236736000
1383351648429301763
1383351597892214787
1383351567202406407
1383351474978127876
1383351427058135045
1383351411379871746
1383351378337095681
1383351365049602061
1383351347580268552
1383350977642700806
1383350783593254913
1383350573030727684
1383350386849841158
1383350373386055682
1383350265546371080
1383350191311376384
1383349985303941126
1383349868211564547
1383349736258752513
1383349722874716162
1383349547426930698
1383349394502676491
1383349369328439296
1383349296804687877
1383349250277265412
1383349233604980739
1383349195269054471
1383349173546676231
1383349098619621385
1383349068382883844
1383348997813805061
1383348927001366529
1383348586721673217
1383348579381571587
1383348573853519878
1383348418009919496
1383348264666161156
1383348208454098944
1383348081685516291
1383347937594339342
1383347761429377025
1383347531447365632
1383347361636765699
1383347307358294023
1383347070476509184
1383346771271684100
1383346751759810563
1383346205015429120
1383346111033741325
1383346010815033347
1383345960957353987
1383345709852684291
1383345624930611215
1383345619255795713
1383345597625692163
1383345483905597444
1383345409779666949
1383345327105724421
1383345263280988163
1383345218745868294
1383345138785652742
1383344804902277127
1383344763936542720
1383344572554616838
1383344524584394752
1383344335735844865
1383344073193361412
1383344048442732550
1383343997339406336
1383343965185794055
1383343436867129348
1383343382064295941
1383343289676406794
1383343189981990912
1383343064077402115
1383343051628707840
1383342966169751555
1383342861458952199
1383342756219691012
1383342431291142152
1383342352085905417
1383342122787508226
1383342007209271303
1383341557143670790
1383341551263248384
1383235026670690307
1383234937541730304
1383234874987872262
1383234683907952641
1383234606850187264
1383234464713613315
1383234454529843203
1383234392110166017
1383234389765591041
1383234355414192133
1383234341816344576
1383234336351080448
1383234298275254273
1383234279312818177
1383234277693820928
1383234229480218626
1383234110018134018
1383234051771830279
1383233896003735560
1383233831096881152
1383233823274532867
1383233667317649415
1383233635046723587
1383233613748076546
1383233554297942018
1383233471775055873
1383233466691510272
1383233439487303684
1383233383157751811
1383233347975929862
1383233265172058113
1383233244934463498
1383233195764699143
1383233161870548992
1383233048393568260
1383232978394914823
1383232960699142148
1383232955439480833
1383232794806022144
1383232716527702016
1383232556674338817
1383232514781696006
1383232309034315788
1383232294110961666
1383232193170837505
1383232133502627842
1383231974320467969
1383231946222833668
1383231938253627393
1383231866946220032
1383231806502105089
1383231803213828097
1383231638247677964
1383231638021185537
1383231577908383755
1383231536779038724
1383231384278294536
1383231374417534978
1383231344289800198
1383231251520258054
1383231222248132613
1383231190023372800
1383231134809485319
1383231019323518990
1383230914419826691
1383230871218507781
1383230837970259976
1383230831448059907
1383230759809388552
1383230750040854529
1383230728616366081
1383230700644487170
1383230698035683331
1383230680327278597
1383230674195271691
1383230582734290953
1383230568947621898
1383230553441193990
1383230401452253187
1383230383458635781
1383230369890140163
1383230365758672896
1383230364534009862
1383230306124140553
1383230301502021632
1383230189388193801
1383230178814349317
1383230178571083777
1383230152461619204
1383230024598228993
1383229960983179272
1383229955954274306
1383229909657559042
1383229840954826756
1383229670204723200
1383229458455306241
1383229451761192967
1383229385331798019
1383229384530612226
1383229351555072002
1383229199935098882
1383229182713339910
1383229115298242561
1383229095245271042
1383229091533393923
1383229073653067782
1383228919940194311
1383228891142098945
1383228855733735427
1383228810875740162
1383228773634482179
1383228751522123790
1383228748141449218
1383228709667098635
1383228647876689922
1383228591144521729
1383228513713475592
1383228494461640709
1383228489214480397
1383228446197764097
1383228429063970827
1383228404846141456
1383228398986620928
1383228363486097408
1383228334042087431
1383228310059065348
1383228224600113152
1383228187321135105
1383228156568506369
1383228149916266501
1383228145344516097
1383228138579132418
1383228112054353925
1383228068978823168
1383228029925658633
1383227985814122496
1383227941560016899
1383227905778479112
1383227901856813058
1383227881887727627
1383227855438372865
1383227847305691136
1383227844956884993
1383227800497262593
1383227770705121287
1383227760236105730
1383227731748352000
1383227715092828161
1383227698965712900
1383227522221887492
1383227512797339653
1383227464529317888
1383227459856834563
1383227459282239489
1383227424024907786
1383227421252472834
1383227408472371203
1383227402726219776
1383227350737846274
1383227303098949632
1383227259297824768
1383227245225865216
1383227230898180101
1383227223264489473
1383227165441859591
1383227160958160896
1383227106482556928
1383227073213263883
1383227063293726732
1383227007970930690
1383227005219446791
1383226945572204544
1383226927029186568
1383226925561257992
1383226907366334467
1383226896276627456
1383226895085363203
1383226843306741775
1383226822540726272
1383226792140361730
1383226759550685187
1383226739808096259
1383226717871869953
1383226710007504900
1383226674838261767
1383226661022306305
1383226654768521219
1383226589937209347
1383226578109304834
1383226542587748356
1383226508068540420
1383226494953037826
1383226379957792770
1383226369887244289
1383226343240867847
1383226275465089026
1383226221132058628
1383226196809314304
1383226185044271104
1383226164894789637
1383226074033623042
1383226039539671043
1383226038038065154
1383226037916508163
1383226024134025216
1383226002164260864
1383225983914766338
1383225943527870469
1383225870005903365
1383225857347522565
1383225823348498437
1383225806957150208
1383225806122471430
1383225800716001285
1383225794294521857
1383225793992482822
1383225787382341635
1383225705350139905
1383225693840891907
1383225689004859396
1383225630704029702
1383225538769154049
1383225519156563968
1383225461640024064
1383225408485687296
1383225330048012291
1383225239828525059
1383225183419260934
1383225135402930182
1383225126116753414
1383225067018985475
1383225029018591239
1383225010211282945
1383224953219153928
1383224947762290697
1383224917223612419
1383224909187276805
1383224902769991692
1383224832989351941
1383224802949754882
1383224784784293889
1383224777813364737
1383224726391169026
1383224708930310144
1383224707596513294
1383224662109265926
1383224655843000328
1383224645755703297
1383224645562691585
1383224637346115584
1383224627644616707
1383224607046393858
1383224604156592130
1383224586041315329
1383224550834376706
1383224523114180610
1383224502914482179
1383224441933422606
1383224400099438592
1383224370030530568
1383224368990359554
1383224349079920644
1383224325453410305
1383224208541425664
1383224102433918980
1383224098344509445
1383224034188427271
1383224032300965890
1383223976059564034
1383223948201009164
1383223898037100545
1383223789404647425
1383223776507097091
1383223718009180161
1383223673562173456
1383223672098344967
1383223668990300167
1383223668323459072
1383223664405991435
1383223656587743235
1383223547942764544
1383223415574650885
1383223379965005829
1383223343881474052
1383223311673356288
1383223293876916230
1383223285186404353
1383223245982212096
1383223217125355530
1383223178130903045
1383223159755710465
1383223081267724291
1383223053258162177
1383223019254947841
1383222979438419971
1383222968197603334
1383222958907289602
1383222922853064707
1383222916578353161
1383222904288997376
1383222884407996418
1383222869761482752
1383222859770650626
1383222845279412229
1383222820532985857
1383222778426400773
1383222743634612224
1383222697988018177
1383222671480033280
1383222615569965056
1383222556187009027
1383222543394304000
1383222542748446721
1383222521726599168
1383222485752057860
1383222442680672259
1383222408815931392
1383222363290968067
1383222342210359300
1383222273641906179
1383222187604070413
1383222162337656841
1383222120096755725
1383222048403558400
1383221998772310022
1383221972977422341
1383221956946763779
1383221951712305152
1383221882040688641
1383221809772781571
1383221770690306060
1383221732488585217
1383221717120667652
1383221675823566855
1383221642776637445
1383221592453378054
1383221586480623622
1383221553366659074
1383221463348506627
1383221189489823745
1383221178093826049
1383221096862740483
1383221076654661636
1383221067020324871
1383221057646055427
1383221046182957057
1383221003602464768
1383220933343645700
1383220899680161793
1383220818893627399
1383220800719790080
1383220795619504133
1383220688454967307
1383220661024264201
1383220580967542791
1383220509865766912
1383220491842854916
1383220486767734786
1383220486218215425
1383220451694977027
1383220449815916547
1383220408250372098
1383220407268823041
1383220396552429575
1383220296119832576
1383220293305442306
1383220232202833921
1383220222639763462
1383220185058840582
1383220180772278272
1383220114527461376
1383220076518670336
1383220073238720516
1383220063046561796
1383220062899761161
1383220010630356992
1383220008398974980
1383220004804382728
1383219958587428867
1383219957438185472
1383250127972814855
1383250117990383617
1383250058322145281
1383249965598736391
1383249813148299265
1383249800754176003
1383249692654403586
1383249606587260931
1383249441944006661
1383249433412837376
1383249348323024907
1383249288218648581
1383249252852240386
1383249104759783425
1383249098204012544
1383249086262874112
1383249037537660933
1383249023033745412
1383248853642579973
1383248828090916864
1383248773124542465
1383248661006589954
1383248606749073418
1383248474712338443
1383248336040259584
1383248034755055621
1383247954820046849
1383247928660086796
1383247784657133571
1383247743154491402
1383247666994315268
1383247650057711626
1383247612283801607
1383247496374198277
1383247431056257034
1383247249803661318
1383247129171222533
1383246944953192448
1383246902586601478
1383246898702602246
1383246795552157702
1383246707668832257
1383246673124622343
1383246586344402948
1383246584779984908
1383246579117686786
1383246532934180868
1383246353124323328
1383246246509301767
1383246190360240134
1383246100497268739
1383246065843937280
1383246037691686914
1383246012110671882
1383245937900810248
1383245923724054531
1383245716236079106
1383245683772190731
1383245513298833415
1383245356176076806
1383245219701739520
1383245216950280196
1383245119936028680
1383245081797300226
1383245028575748102
1383244984573329408
1383244750933745673
1383244643945508868
1383244609720000516
1383244586991058949
1383244531647188993
1383244456409722883
1383244449803763712
1383244324310183939
1383244291879829507
1383244209101053957
1383244208119508998
1383243932146929668
1383243774545985546
1383243723224412160
1383243629196550145
1383243602663329808
1383243525999894536
1383243512582316037
1383243464255545346
1383243418667675650
1383243363617366023
1383243328813101058
1383243309565419535
1383243301231288322
1383243261486059531
1383243187007885316
1383243174844329984
1383243162500550658
1383243115226566658
1383243108549238784
1383243098315116549
1383243051867377673
1383243040274321411
1383242979490484226
1383242961366831105
1383242911605608448
1383242709628985351
1383242674728161280
1383242595938172938
1383242499242659841
1383242443043205126
1383242414672945159
1383242390438219779
1383242296062218240
1383242241339138051
1383242132601774092
1383242092323819520
1383242065702645764
1383242039261753350
1383241980902199299
1383241944571072521
1383241856717234179
1383241834093105165
1383241832339939330
1383241794872233988
1383241629176254467
1383241627037167624
1383241589821116419
1383241403543605249
1383241309096341505
1383241294684725252
1383241250053058568
1383241124991492108
1383241115445338118
1383240786729340929
1383240781251551237
1383240732522139653
1383240407341953024
1383240372034293761
1383240350756605958
1383240340291817483
1383240318133280769
1383240038461304834
1383239992491732994
1383239880654823427
1383239860836716545
1383239762710986763
1383239693278474243
1383239589205213187
1383239549778743299
1383238688499372038
1383238673336987651
1383238606576226307
1383238574418501639
1383238531036839938
1383238434651742211
1383238300446511109
1383238283925221378
1383238217818800137
1383238195526070279
1383238107252674563
1383238091259797507
1383238078999896067
1383238068308615175
1383238054081531906
1383237892059762690
1383237876528287746
1383237850674601986
1383237846719373313
1383237822279086092
1383237778087964675
1383237452165369856
1383237398595657733
1383237333944733706
1383237331650416645
1383237320430682117
1383237305532510212
1383237272523337738
1383237194450493442
1383237126712561672
1383236549672718344
1383236489794920448
1383236482228387841
1383236468974391301
1383236229848723460
1383235972217729024
1383235872368173060
1383235872217210886
1383235831486320643
1383235815233363970
1383235748279701506
1383235612749176833
1383235592729686021
1383235517328678914
1383235390069301249
1383235349116198912
1383235267243372545
1383235228597067777
1383235228014059523
1383448814309154817
1383448716649000963
1383448554430111744
1383448468803391492
1383448357503332357
1383448331871940609
1383448235939799044
1383448076178784256
1383448015428456456
1383447690319564802
1383447642089213958
1383447537714036742
1383447487554330636
1383447448148865042
1383447012679421976
1383446882639175683
1383446759406379011
1383446714237943810
1383446662211723274
1383446615709536258
1383446603751510019
1383446430463918083
1383446192185511936
1383446115022893065
1383445978410221574
1383445868578185218
1383445862660018179
1383445727544709127
1383445649585184769
1383445501018710031
1383445490172268549
1383445471159472135
1383445326971867144
1383445134776307720
1383445031541874694
1383444770849050632
1383444666666786819
1383444597519441926
1383444588740841484
1383444446344212481
1383444402782150664
1383444401242841098
1383444307034525707
1383444208212594690
1383444192404250631
1383444050284453897
1383444019083059203
1383443383230758917
1383443236983771139
1383442868748967944
1383442644798361615
1383442634052571138
1383442600758112268
1383442567891542017
1383442564687175682
1383442380766937091
1383441874204073987
1383441723326562311
1383441513514864644
1383441458062000131
1383441432405442571
1383441413266755584
1383441375333548032
1383441282312200196
1383441269943193605
1383440979730960391
1383440868489666567
1383440802475511825
1383440788227465228
1383440719222755329
1383440667351805953
1383440491753054223
1383440427810918406
1383440255726940165
1383440242774925322
1383439977380421633
1383439731090878466
1383439713164423170
1383439616049483780
1383439572336480258
1383439517051277317
1383439509660979200
1383439399124234240
1383439341377056781
1383439201060810755
1383439152826359809
1383439066729893896
1383438996710170635
1383438912815702017
1383438884441182210
1383438649174364162
1383438643218444299
1383438564919152641
1383438541166845958
1383438310366859265
1383438013825384449
1383437968157806597
1383437806458916878
1383437732433711111
1383437527063830540
1383437522504601603
1383437481438109701
1383437029728428033
1383437008991789059
1383436993112076296
1383436981368070146
1383436971339436049
1383436907695067136
1383436773984923652
1383436618229448712
1383436600730800133
1383436556032122884
1383436488528982026
1383436464034258958
1383436400922558467
1383436321608269827
1383436217774055427
1383436091328405504
1383435897010417674
1383435739384352779
1383435606064209922
1383435503479836674
1383435330259361796
1383435230296510473
1383435016655441931
1383435011446087682
1383434999811108864
1383434957780000774
1383434912947003401
1383434910342344714
1383434811054821379
1383434440018251781
1383434321361465345
1383434158874058752
1383434137357361156
1383433946080301069
1383540378771484687
1383540357674147845
1383540221069778955
1383540099447541764
1383540025040637958
1383539988386648064
1383539867578077186
1383539789241020422
1383539768223354890
1383539646802534403
1383539623943557121
1383539604687446018
1383539603970215939
1383539485791514633
1383539471052775431
1383539417772531718
1383539398415765505
1383539300990521345
1383539126784303105
1383539108459421696
1383538968197668866
1383538930960584709
1383538849796612105
1383538724479246336
1383538518165651462
1383538403132669953
1383538344097845249
1383538067676434435
1383537992678084609
1383537927863504900
1383537812415279107
1383537523159277572
1383537452816629769
1383537303209922570
1383537272331464708
1383537164579840000
1383537094304305160
1383536969251102720
1383536965677555720
1383536936103518212
1383536811218112517
1383536759846301700
1383536468262408194
1383536335059750928
1383536190670839808
1383536132701319180
1383536126749671435
1383535820351557642
1383535799535247366
1383535483309813761
1383535431078146049
1383535206401908737
1383535142019375111
1383535121156874246
1383535035572056072
1383534981796941825
1383534934413910024
1383534879292354568
1383534834958573569
1383534729639522304
1383534591084879875
1383534556175687683
1383534555634671623
1383534470003781633
1383534240092999684
1383534212272201728
1383534127853367299
1383533920436719616
1383533761334153221
1383533646762561538
1383533615179472900
1383533606983766017
1383533259523465222
1383533224177983490
1383533201977610240
1383533081299017731
1383532891653566475
1383532787605544966
1383532621775310850
1383532575768023046
1383532563629629440
1383532472604905474
1383532406003490817
1383532376991485957
1383532331642720260
1383531640920567811
1383531527686946827
1383531316201680898
1383531264867667970
1383531211243458564
1383530897870262282
1383530792643534849
1383530451982110721
1383530241524518912
1383530138202116099
1383530048200744965
1383530028156153859
1383529985361670147
1383529940256137226
1383529844323930118
1383529786530701322
1383529760110747657
1383529753584357381
1383529736001912834
1383529674672795653
1383529463359574018
1383529382107439114
1383529271239462917
1383529178075525123
1383529029932777477
1383528918880116743
1383528916489363458
1383528778031239173
1383528641619906567
1383528563370971136
1383528449491365888
1383528364821028866
1383528106015612928
1383527722782101504
1383527281650397187
1383527253041061891
1383526914451668999
1383526912912363531
1383526852233363469
1383526844956254217
1383526773346816004
1383526771077763087
1383526688772919302
1383526569923158024
1383526492072661003
1383526348832993285
1383526242113114112
1383526137058369541
1383526034927017987
1383525766286036992
1383525380431122432
