1074104648561295361
1074104226014478336
1074103226973208576
1074103054625107968
1074100375286898688
1074096570881241089
1074096034987401216
1074095608053547008
1074095335306338304
1074094072778948608
1074184201048637440
1074183759270793218
1074183557545783296
1074183294609063936
1074183149968535553
1074183014249308161
1074182411192279041
1074181184123367427
1074180805625143296
1074179552044146689
1074179551146729475
1074178682066010112
1074178574968635394
1074178493997559808
1074178034838589440
1074177901384282113
1074177885295046656
1074177879418814464
1074177289838039041
1074176596892938240
1074175944259031041
1074175044928995328
1074175021143052289
1074174787004575744
1074173444869173248
1074173282356609024
1074173094347137025
1074173016916062209
1074172179229671425
1074171252686839808
1074169804901310464
1074169605587902464
1074169310942240768
1074168278694670336
1074168183639207936
1074167780126076928
1074165929783758850
1074165041837064192
1074162821263290368
1074161419392831488
1074160893846536192
1074160070361964545
1074159321825599490
1074159312144986112
1074159188379648000
1074158324952809477
1074157524834758657
1074157402260422656
1074157029957267457
1074156375226372096
1074155800594141185
1074155698152452097
1074154355027148801
1074154261011931136
1074153683460472832
1074137337351860225
1074137238848430080
1074136245159321601
1074134931578720256
1074134484688273408
1074134418002993152
1074134193888772096
1074134129640439808
1074133553133379585
1074133510611451905
1074133349420228608
1074133332357726209
1074132982313705478
1074132951812714496
1074132412236488705
1074132235211685888
1074131492584845314
1074130366305366016
1074130149812158464
1074130000226512898
1074129530569273344
1074129439267667968
1074129289040330752
1074128804979838977
1074128482366603266
1074127647867891712
1074126156495011842
1074125770975571973
1074124930554437632
1074124186749157377
1074123576117215234
1074122528111689728
1074122260456329216
1074278620162637825
1074278072864641024
1074275900659707905
1074275138198110208
1074274742281023489
1074274181414510593
1074271350674489344
1074271340893417472
1074271078401368065
1074269248799748096
1074267284393349122
1074266739368751105
1074264950489591808
1074264789046579200
1074264699368140801
1074152599060795393
1074152324078153728
1074152300208246784
1074151965234483201
1074151643636215809
1074150757287505920
1074149685206622208
1074149674099994624
1074149537638318080
1074149272956866560
1074149210696675329
1074149192493338629
1074148985554767872
1074147454604451840
1074147426288623617
1074147346953502720
1074146079384498177
1074145134235840513
1074144924445085696
1074144836645724165
1074144661688721408
1074144470885695493
1074144190794207232
1074144062855356416
1074143931997278208
1074142781713477632
1074142094556626944
1074141127283040256
1074140789536579584
1074140700705464320
1074139762670362624
1074139468397993984
1074138655109861378
1074230352707645440
1074227581958799365
1074227325120733185
1074226910014582784
1074223581784096777
1074223200303669248
1074223101133475840
1074222424827326464
1074221824043474944
1074218969714679808
1074217961089585152
1074217681979695104
1074217237236477952
1074217179493662720
1074217095561265157
1074216003511320576
1074387891579703299
1074387663598145537
1074387091444903938
1074386866886074368
1074386841019789314
1074386451960279041
1074385561291550721
1074383660433006592
1074383627658522624
1074381801785835522
1074381706994561025
1074380451064807424
1074380054136807424
1074379932699160576
1074378484477235208
1074377516691976193
1074377096485580800
1074376199223369730
1074376089458356224
1074374454610821120
1074374394837958657
1074374067812216834
1074372945454149632
1074214781270265856
1074213714168041472
1074212576290983936
1074209631805726720
1074209418072461312
1074208561830510593
1074207971020865536
1074207700064632832
1074205780394565634
1074203312843579397
1074202950862544897
1074202694229741569
1074202238279712768
1074202052685754368
1074201784669913088
1074200497152765952
1074200287760375809
1074245533445832705
1074245098819518465
1074243472222273542
1074242767797268481
1074242751858827265
1074242040504868864
1074241993218318336
1074241788620066816
1074237837745274881
1074235375600746496
1074234807893151745
1074234359245299712
1074232999519051781
1074231264834674689
1074230738474524673
1074199524778827777
1074199476623990784
1074199261275815937
1074198113248632832
1074197613132431361
1074197396878430210
1074196151174197248
1074194997354905600
1074194951242743808
1074194160163450881
1074193160786432000
1074193128347713537
1074193083561140225
1074191357009379328
1074191036027678721
1074190940644896768
1074190387739123712
1074189587864465408
1074187195878014977
1074187020170276864
1074185045890514944
1074184796186779648
1074308976412647424
1074308558689169408
1074307815844470784
1074307771128963073
1074307610038329346
1074307481088782336
1074307049339576321
1074307020025667584
1074306606756782081
1074306433708109826
1074305908727902208
1074305218416799744
1074304902388580353
1074304531465265152
1074304320420700160
1074303912545415168
1074302988884344832
1074302695576465409
1074302652308176896
1074301838277689346
1074301733319237632
1074301376325476354
1074300869238231040
1074300370439036928
1074300126410158088
1074299991311695872
1074298883780444162
1074298805133197312
1074297901881249792
1074297441657057281
1074297032741871621
1074296918094819328
1074296313552850945
1074295530342105088
1074295453108318208
1074295209133989888
1074294919328604161
1074294483364147200
1074294254095130626
1074262952985821184
1074262871847174145
1074262711167463425
1074262022987046912
1074261975021031424
1074261412845780993
1074260123311267840
1074260050569420800
1074259478583959557
1074257553859596288
1074256873489133568
1074256156799885312
1074255762568896513
1074255229997195264
1074254773354938370
1074254690014117889
1074254059702349824
1074253853032251392
1074253013311721472
1074251800180604929
1074251526409981952
1074250940906037248
1074249474954817536
1074356219014512642
1074356175762788358
1074354651905081345
1074353044928704512
1074352811314425856
1074351040290541568
1074350146702307329
1074350065148284928
1074347416873259008
1074346555539214337
1074346112079880192
1074346012456685568
1074345923717799938
1074345576244797440
1074345380886781952
1074345060014178308
1074344736532553728
1074344723043766274
1074344354385403904
1074344259841638400
1074344183039696896
1074342921086722048
1074341878802382853
1074341643866624000
1074341536752640002
1074341478455926784
1074121879684767744
1074119768523780097
1074119392714141697
1074118956535951360
1074118844216733696
1074118640549679104
1074117545395920898
1074117177484152833
1074115676053356545
1074112711460601856
1074112266520444928
1074111849371762688
1074111796108279808
1074111777057714176
1074111169865138177
1074108931478380546
1074108891754045441
1074108022035804160
1074107324887756800
1074451565312991233
1074451016655998977
1074450433970716673
1074448108652777472
1074447042162896896
1074446623617544192
1074446300400226304
1074445352307253254
1074445330199007233
1074445181322227712
1074445177954205696
1074444355509870593
1074443986901893120
1074443644558442496
1074442831446589440
1074442459227348994
1074441993999319040
1074441433581522944
1074441274436907008
1074438807448117250
1074438185235767298
1074437868012003328
1074437619931668480
1074436493450592256
1074324247852531712
1074324086891913216
1074324026963578880
1074323800555048960
1074323710897737729
1074323041944027137
1074322668806012929
1074321688865751041
1074321560452751361
1074321109305028608
1074320022489559040
1074319954739113984
1074319243376611334
1074318422618595328
1074317964927819778
1074317773780611072
1074317598844628993
1074317596344737794
1074317596328116225
1074317294514237440
1074316670850617344
1074316560741871616
1074314955674013696
1074314694909845509
1074314636982333440
1074314512151396352
1074314220399968256
1074314108478976000
1074314011166953473
1074312790947446784
1074312383324217344
1074309944994746368
1074309913218871298
1074309171422658560
1074435107513987073
1074434991549865984
1074433964411097088
1074432742157402112
1074429026649997314
1074427730509398017
1074426845964177408
1074425505963749376
1074424645082845185
1074424559120629760
1074422571238608896
1074422488438837248
1074421327581364224
1074420214337560576
1074420045483257862
1074372487213793280
1074371321050644485
1074371098123202560
1074370572543516672
1074368943610097665
1074368764093681664
1074368519859359744
1074367907667304448
1074367498596814868
1074366982659559424
1074366333498900481
1074364764611141632
1074364623162355712
1074364219250880516
1074361534476898306
1074361352402157568
1074360752247586817
1074360737433292806
1074360396755161089
1074360387397668866
1074360305990426625
1074358021231398914
1074403558517284876
1074402534557507584
1074402445122519041
1074402177119125504
1074401867986333696
1074399018032062464
1074398114344300544
1074395493227261953
1074395266999050240
1074393394984706049
1074392930385768448
1074392896193871872
1074392786026278914
1074392159887994881
1074390663104528390
1074390002732285952
1074389682702688257
1074389545544765452
1074388606918291456
1074419466681966594
1074418970755784704
1074417899715080194
1074417532327538688
1074417092164771841
1074416972014739456
1074415945194528769
1074415809034743808
1074414510264315904
1074414370677940224
1074413995099070465
1074413353181872128
1074412201476349953
1074411803831078912
1074411147539947520
1074411032120942592
1074410818614280193
1074410794895507456
1074410764205576192
1074409650907463680
1074408648057806854
1074405531048165378
1074293742297731072
1074293645149376512
1074293450516746240
1074292071333314561
1074291718705491968
1074291004621021184
1074291000598646784
1074290194377990144
1074289569455960065
1074288942193635329
1074288615839035392
1074287472333463552
1074285750739382272
1074285602940563456
1074285316935012353
1074284707888750592
1074283992692604928
1074282266602467328
1074281540585209856
1074281441339498496
1074281420212776960
1074340188854218752
1074339994968449025
1074339337037320193
1074338368115240961
1074337701497856000
1074337471192817664
1074337203294232582
1074336628259332097
1074336529869238273
1074336353834414081
1074336321643167744
1074336071104618497
1074335418118782976
1074335322337464321
1074334653455028224
1074334521057730560
1074334336307027968
1074334029959389185
1074334011709743104
1074333937864830976
1074333444090392576
1074332239687794689
1074331877807349760
1074331662236831744
1074331075147636737
1074330345556840449
1074329018944507911
1074328675569393664
1074328546993070081
1074328457797124098
1074328333037404160
1074328123246764034
1074327392196251650
1074327147119038465
1074325999146348544
1074325295501520897
