1076690236560691200
1076689751053193216
1076689396043210752
1076688856441913344
1076688720160534528
1076688175077249025
1076688012988301312
1076687426125524992
1076687371658235904
1076687341673164801
1076686969785208833
1076685086966329344
1076684706413006849
1076684261217001479
1076683826456276994
1076683732495593472
1076683298645004289
1076683052716302342
1076683005979066368
1076682938949951493
1076682909581537285
1076682356683984897
1076681789484105730
1076680918541258754
1076680898890760192
1076680209871425537
1076679811735609344
1076679739027279873
1076678755488333824
1076678459529715712
1076677368394076160
1076676411040030720
1076676243955871744
1076675705457512448
1076675431137390592
1076675416071462912
1076675140765839360
1076832908445470720
1076832572032700422
1076832354113671168
1076831167712657411
1076830961701212161
1076829349817520128
1076829293718560769
1076829157756145664
1076828340332331008
1076823617680363520
1076823523753189381
1076823439678337024
1076823385320103936
1076822981047771136
1076822293362294784
1076822282528481280
1076820882834653185
1076820073136951297
1076819483195371521
1076659085183983617
1076657632293908481
1076656836986720256
1076656598028738560
1076656238304219136
1076655646345318400
1076655293113790464
1076654502428725249
1076653843037880320
1076653116249001995
1076652503574429696
1076652309633998849
1076651591254659072
1076650797813895173
1076650239379947520
1076649458790584320
1076649359410892800
1076649341278920705
1076648794446536704
1076647713238908928
1076646601337245698
1076646457497870337
1076645818474479616
1076645757338484737
1076645735762845698
1076645345176764416
1076644722666602496
1076644248370532357
1076863778535419904
1076863178741563393
1076862445036228608
1076861257959886848
1076859576367046656
1076859441650139136
1076859172661145609
1076857135319924736
1076857113593278464
1076856023246426112
1076855068010446849
1076850400228139010
1076849444006576128
1076975812870430720
1076975711855017984
1076975438415712256
1076975184244928512
1076974762373627910
1076974403999723520
1076974347120709638
1076972975847550978
1076972298530422785
1076971950889684992
1076971736061612032
1076970622482300930
1076970298598055936
1076970105219764225
1076968565390168066
1076967623319908353
1076967246063390720
1076966549616017409
1076966055573180416
1076965555255558144
1076962266690584583
1076962098729705472
1076961415800541185
1076960891499884546
1076643680239333376
1076643568545120256
1076642387647188992
1076642200073711616
1076641667044777985
1076641610388058112
1076639517292023808
1076639501676625920
1076639075170439168
1076639025786744832
1076639002822934528
1076638699969040384
1076638249450438656
1076637826496765959
1076636857314824192
1076636030525210624
1076636014192615424
1076636008421183489
1076636008085708800
1076635858445451264
1076634622610628608
1076634582160719873
1076634194388926469
1076634015397003264
1076632550632652800
1076632479564468229
1076631724535107584
1076630007395569665
1076629454468788225
1076628934865895427
1076879410932998144
1076879140416978945
1076879115603472384
1076878738460164097
1076877536024379393
1076877379799318528
1076876407391715330
1076876236331380736
1076875473219575808
1076875232663621632
1076875143677394946
1076874222943825922
1076873791358337025
1076872849992962049
1076872515941593089
1076871833884872705
1076871102259961856
1076870823162642433
1076870730019528704
1076870595898494976
1076870125691850752
1076869754646745089
1076869651026583552
1076869249392508928
1076868350557413376
1076868305305174017
1076867875426758657
1076867661231939585
1076867445061754880
1076866970086191104
1076866545031225346
1076866277992480768
1076866110668951552
1076865831659724802
1076865828040011777
1076865158423535621
1076864726414516224
1076722199052963840
1076721559035961344
1076720916636127232
1076719880353722368
1076719635515478016
1076719275275153409
1076717655250345984
1076717600825065473
1076717271639220225
1076717116408029184
1076715578348326913
1076715115142172673
1076714194807021573
1076714059045711872
1076713315647123456
1076713217911484416
1076713082347573249
1076712458931204096
1076710365751169025
1076709610508161025
1076709549749473280
1076709149868810241
1076708599005675520
1076708190190882816
1076707999370993665
1076707767556161536
1076707666246942725
1076707459916431360
1076707311429677056
1076737355568934912
1076736594453753856
1076736103988613120
1076735444522434561
1076735404416610304
1076734557586518016
1076734353437208577
1076733026984312832
1076732165675638784
1076732024537341954
1076731833914544128
1076730894210289666
1076729869537632257
1076729040357085184
1076728995452841985
1076728531944644610
1076728287588569089
1076727979546427393
1076727531661918208
1076727527601852416
1076727131885969410
1076727108682956800
1076725841986502656
1076725521587888128
1076725256897720321
1076725233669746688
1076725061564809217
1076723926485659648
1076723914951221253
1076722924256706561
1076674904848625664
1076673727675285505
1076673089654513664
1076672768354148352
1076671996132392960
1076671802380828672
1076670008800014337
1076669714036858881
1076668450376945664
1076668314036903937
1076668091294048256
1076667406406307842
1076666866930728961
1076666806683791360
1076666801130520577
1076666794507730945
1076666702736379905
1076666399953608704
1076665901846540288
1076665613743996928
1076665065955315712
1076664959566864384
1076664096051941376
1076661255077654528
1076660874624913408
1076660845613068289
1076660744513638401
1076660721101012992
1076660637072220161
1076660444335550464
1076894814229155841
1076892313643819010
1076892293280350209
1076891855432740865
1076891633323393024
1076890234900467714
1076889482115219456
1076889352041652225
1076887936300244993
1076887655839944705
1076887366466445312
1076885099340132353
1076885018427957252
1076884383527628800
1076882603494363136
1076882377950007298
1076881336751648768
1076880879178309633
1076816495328382976
1076814954995638272
1076814691316494336
1076814476509249537
1076814421102604289
1076813884470616064
1076813585274175488
1076813355007070208
1076812106761031680
1076811281472974849
1076810970540892160
1076810463705366528
1076810281236389891
1076809985504423937
1076809919674888192
1076809441750728704
1076808784297758721
1076808672032870401
1076807099378585600
1076806853546463232
1076802827484389378
1076802791706890240
1076802769871425536
1076926557023813634
1076926327884734464
1076924740370079747
1076924045122252802
1076923821616185344
1076922954871652352
1076922240820760584
1076921208917110790
1076920449920057350
1076918897381646338
1076917676545585153
1076915882826317825
1076914863811772416
1076914493903405056
1076913770658705413
1076912882657443840
1076912559574388736
1076912520638750720
1076912445799591936
1076912352564559872
1076912154660474881
1076911904352743424
1076911556527570944
1076768488474230786
1076768086605193216
1076768078313152515
1076767627362545664
1076767201770651649
1076767169826906112
1076767026507468800
1076766245297352704
1076765518013452289
1076764124321787911
1076763095635296256
1076763018875338752
1076761236191264768
1076761135003488256
1076760680689090560
1076760540884549632
1076759577511657473
1076759068478488577
1076758965445246976
1076758262366777344
1076753599282196480
1076848343207141382
1076848110272425984
1076847716775411712
1076846031629881344
1076844933229748229
1076844468005818369
1076844342067654656
1076843717351231488
1076842826384588805
1076842502584500225
1076842291032215554
1076842194852491266
1076841335443709952
1076839844897271808
1076839065440407557
1076838856824115200
1076838183516717061
1076837813126119424
1076837223624978432
1076835606351790081
1076834935175086085
1076833363691036672
1076752504099004417
1076750802234949632
1076748120736886785
1076747936460144640
1076745977799868417
1076743263892078592
1076742587946545152
1076741160884977664
1076739836969508865
1076739290326020096
1076739073207926784
1076739020103782400
1076739018522423297
1076738933503840256
1076738283630080001
1076942954856673280
1076942935252451330
1076942626073559041
1076942096026796032
1076940293876957184
1076939646792282112
1076936911565082630
1076936872532852738
1076935752552984578
1076935233843400704
1076935034085535747
1076933605769637888
1076932203630743554
1076932143048261638
1076931838210424832
1076931103053598720
1076930244005773312
1076930242185515009
1076930174845968384
1076929281463406592
1076929231316234240
1076958357985157126
1076957857914998784
1076956144655089669
1076955004056072192
1076954113441759232
1076954035272540160
1076953958118293504
1076953113670561792
1076953053645889536
1076951556170440704
1076950158456381441
1076949624605282304
1076948488670363649
1076947928667865088
1076947740087779328
1076947667345907712
1076947143745851392
1076947029052612608
1076946961209741313
1076946443624169473
1076945841720578049
1076945667401105409
1076945509716242432
1076945402249793536
1076945157327605760
1076945061928189953
1076944844533256192
1076944205786857478
1076909932308443136
1076909782513184773
1076908595046957056
1076907998872625153
1076907508000845824
1076907460743626754
1076907114268831744
1076906037326811136
1076904599821398017
1076904559111491585
1076904405851615237
1076903829835153409
1076903671118610432
1076903389685039104
1076901924295847936
1076901835523276800
1076901196588306433
1076900483653136384
1076899560776220672
1076899033845706752
1076898016961933312
1076897940109705216
1076897770139717632
1076897566300823552
1076897329850986496
1076896855420616704
1076895980056829952
1076895130588569600
1076706756464541696
1076706512616054785
1076706359041617921
1076706209422426113
1076704715122053120
1076704359239614464
1076704235818045441
1076703114994929664
1076702833104236544
1076702630347526144
1076702476747694081
1076700970598436864
1076700761814458368
1076700587717144577
1076698833906737152
1076697060257218560
1076696170636894208
1076696110171860992
1076695724086030336
1076695643505098753
1076694915617148929
1076694503220744193
1076694265160445952
1076694081810694144
1076693921357537281
1076693220225150976
1076692715495194624
1076990485930029056
1076990225514196993
1076989035250438144
1076988351436283907
1076987262489874433
1076986994574721025
1076986166417784833
1076985890986250240
1076985847927529472
1076985281180590080
1076984639170990081
1076984213017120769
1076984098420334592
1076983121508253697
1076982627096129536
1076982512646344710
1076982028195848192
1076981859547000833
1076981850466328576
1076981772448079872
1076981567166312450
1076981541484539905
1076981487646531584
1076980505801822213
1076980049197162497
1076980048320577536
1076979815629144064
1076978388076761088
1076977412192256000
1076976499172012032
1076976346230857729
1076784197480665088
1076782028350279680
1076781463595438081
1076778676652392448
1076778051428601856
1076777587718860800
1076775744016023553
1076773964796485638
1076772542386450438
1076772466553483264
1076771487539814400
1076770817038376961
1076770388565204992
1076769907369566209
1076769377796550657
1076800320783765505
1076799508053352448
1076797385769185280
1076796033328340992
1076795896686243840
1076795617282674688
1076792664417198080
1076792333515931648
1076791948428468224
1076791834985132032
1076790037105266689
1076789512825495554
1076789487710003202
1076788475893108737
1076788322268299264
1076787860466876418
1076786937262829568
1076785702107471872
