1491377917842300933
1490517404694290432
1487478264352415746
1486469863803609092
1484696033934422016
1484604743737557005
1484523541378879488
1484523386084675598
1482884265792712719
1482789879171977226
1482789856698941447
1482085619501314060
1482085367331409924
1481642207417233411
1481642075082817542
1481641899106529285
1481430031096242180
1481368291465695235
1481324716682059780
1481324124454940672
1481210272069136387
1481068668633108480
1481060398673666056
1481047372134244353
1481017549135523846
1481012857374486533
1481011601247555584
1481001739314769925
1481001701335343107
1480984338351202305
1480950656026484749
1480950627819831298
1480902408616263683
1480637111611138056
1480618325587767300
1480618293505503237
1480497349025800192
1480494628499505152
1480494193197920261
1480493912259284996
1480493824485076996
1480493735230291968
1480489060359720963
1480235444700909572
1480235376912568320
1480196897319133192
1480132520930947074
1479837770214514689
1479833534441398279
1479805072531984386
1479777540873101312
1479654802778988549
1479654768494718995
1479654737100345346
1479628586378268673
1479628216038010880
1479577783772844036
1479564506972004356
1479534607825612808
1479531688766099461
1479529713886445573
1479513266946809859
1479498220745154570
1479481829505839105
1479477841515491333
1479409582078312450
1479407947646124033
1479406578692415490
1479254130573074438
1479224449027215362
1479222875471163393
1479222864175943682
1479179604879360006
1479179073360437250
1479092317499932673
1479062212207644675
1478834314745946113
1478825717752377348
1478808810286374912
1478532980306030599
1478531900411101187
1478502526198689795
1478496842031804424
1478407624454463497
1478403322436800517
1477981851440590850
1477704245960974341
1477367546059890699
1477341353499672579
1477341197853200387
1477184743347208194
1477164942042316800
1477164832788987907
1477163091016261632
1477163070883516417
1477162406388420611
