1365676680560455684
1365675925526970372
1365675849501073409
1365675840067887105
1365675770451009537
1365675432784384000
1365675364282990598
1365675070304231427
1365674604765839363
1365674485869871105
1365674108470591489
1365674071233613826
1365673810528190467
1365673333614800896
1365673305752150017
1365673252861972481
1365673210549780485
1365672153832636416
1365672121788153857
1365671803608326144
1365671564176486400
1365671433922306048
1365671077981130754
1365671055851945986
1365670446734209031
1365670151278977025
1365670139220402176
1365669860290793475
1365669182659035136
1365669174161326086
1365668638481657856
1365668599302660097
1365668561067380737
1365668513587875845
1365668508001054721
1365668501780848648
1365668302085849095
1365668172771201026
1365668071080394756
1365666573042782213
1365666448991993861
1365666254401527811
1365664929345277954
1365664120121475075
1365663987933798402
1365663943918813188
1365663789421522949
1365663583703597057
1365663385820479492
1365663322847080452
1365662907325837315
1365662740619091975
1365661619213205506
1365491168067264516
1365490969299324929
1365490897241051137
1365490829180215298
1365490301930979330
1365489931997618177
1365489899848294401
1365489855543795713
1365489834635251712
1365489815039471618
1365489626215972865
1365489168323923971
1365488894741934080
1365488424904458242
1365488250501087239
1365488183153147904
1365487574656155649
1365487503940063233
1365487365779816451
1365487184120193027
1365487147394994176
1365487126993772550
1365487126469611523
1365486967589273600
1365486767202164736
1365486557440966660
1365486299076046848
1365485850461618176
1365485355881922560
1365485315146715137
1365485229033447426
1365485160939081728
1365484707098550275
1365484585207746560
1365484004292648960
1365483956502601728
1365483907844628483
1365483881999306760
1365483831910944769
1365483677535399936
1365483270725644296
1365482949634883588
1365482836942151682
1365482607081906178
1365482522537299971
1365482502417227778
1365482091165679616
1365481603745652736
1365481278917668865
1365481198198288385
1365481194104770562
1365481010096406530
1365480683544715264
1365480537478070273
1365480379667349513
1365480239686680576
1365480163966861314
1365480081448132609
1365479993585721345
1365479755949236225
1365479669093588994
1365479663162785792
1365479643667554306
1365479538143100929
1365478992455819264
1365478972994256896
1365478967940104192
1365478951817154562
1365478950315687936
1365478949682372609
1365478721059057665
1365478602939195393
1365478555388284929
1365478358000144386
1365478326135975936
1365478064516382721
1365477607374921731
1365477362914242562
1365477255867109376
1365476909157597184
1365476392561872896
1365567849033424897
1365567350582476800
1365567096621576192
1365566881302650883
1365566392498589697
1365565981599412224
1365565020948418569
1365564667955879936
1365564308185178116
1365563356455731203
1365562434124193793
1365561981290176514
1365561348449390593
1365561280992579587
1365561226751713281
1365561178940874752
1365561132119773191
1365560627947737091
1365560116737499141
1365559232976674818
1365559056639815685
1365558710702141441
1365558591013330951
1365558411652440065
1365558109884792832
1365556424806432769
1365555460196208641
1365554945148088320
1365554545938456578
1365554237309149185
1365554065397047297
1365553907234177025
1365553310586056705
1365553258807222274
1365552801057767432
1365583488473313283
1365583097400598531
1365582591106121728
1365582123692941313
1365581762370408449
1365581578244653063
1365581486196461569
1365581441678118914
1365581392810303488
1365581170063237125
1365580731779538944
1365580354841673728
1365580070694354947
1365579594175307776
1365578761001984002
1365578069289787398
1365577874892328964
1365577620801388544
1365577548046991361
1365577422427586560
1365576597600878600
1365576588759363584
1365576509726076940
1365576353114775557
1365576097862189056
1365575189153550339
1365575174733639680
1365574943866413060
1365573567044145155
1365572965434200064
1365572732553953283
1365571905789435904
1365570933398908929
1365570156970323969
1365568959567790083
1365614311582797826
1365613494717014020
1365612817374568452
1365612224656666626
1365612049125019651
1365611940865695745
1365610960959000582
1365610913232023553
1365610828167221249
1365610430131957760
1365609580307259392
1365608180332388355
1365608118990864386
1365607972001439748
1365607820750696449
1365606042667728900
1365605378885615617
1365604904316899332
1365604571104575488
1365603602073604103
1365603096412487681
1365602571113664517
1365601729925021696
1365600920713764865
1365600900069404681
1365600683681079298
1365600209783246849
1365600061397241979
1365599274315231232
1365767866591571969
1365767376336257026
1365766826836295683
1365766686843023369
1365766404943790083
1365766270235275271
1365766067096797192
1365765963006763019
1365765642104700928
1365764838228639745
1365764607076421634
1365764583550500867
1365764239886061574
1365764120906194945
1365764120038027270
1365763957013712898
1365763867410857988
1365763814365532165
1365763508021903360
1365763295605641219
1365763272125874177
1365763171735240705
1365762639142420480
1365762129480065024
1365762015659229187
1365761849854148612
1365761676214165505
1365761615115804674
1365761469237854210
1365761229051027456
1365761117100904454
1365760400835420160
1365760265455734785
1365760264017215501
1365760186758139906
1365759930691710981
1365759924152729605
1365759129260875777
1365758297836511238
1365757781752520710
1365757686428684289
1365757526780878848
1365757513015123969
1365757419016523780
1365756738058805255
1365756271236968448
1365756003979911171
1365755954675998727
1365755765584183318
1365754707617210369
1365754543015944195
1365754156095528962
1365754021886255104
1365753687939899394
1365753681010978820
1365753616523534340
1365753569371119616
1365753418208342019
1365753369998946304
1365753359244943361
1365753096702418946
1365753007145705476
1365752976263041024
1365737452057550854
1365737336667955201
1365737162818289664
1365736927295660034
1365736888309489665
1365736614606106629
1365736207649550339
1365735776613523457
1365735607645986824
1365735523353038857
1365735170855305221
1365735118942457866
1365735006015025152
1365734676174835714
1365734443596410884
1365734206987399168
1365734141048860678
1365733885540204544
1365733805139648512
1365733576004820999
1365733545935859712
1365733318365388800
1365733188044259329
1365732968673599489
1365732673902247936
1365732362328408074
1365732054428766209
1365732040277184514
1365731923746816005
1365731863625539584
1365731847867691014
1365731488377966592
1365730776810213381
1365730247686164481
1365729922006847490
1365729395021918208
1365729305406414917
1365728993115320324
1365728682996682754
1365728138152599561
1365728036964999173
1365727915149824008
1365727685771735042
1365727503659196417
1365727451792441347
1365727428128071681
1365727120828166145
1365727013961621515
1365726978385600521
1365726931124178945
1365726926015455233
1365726739523989505
1365726700806496256
1365726575329697808
1365726292818202626
1365725835404210176
1365725646253678603
1365724984123871233
1365724912967704584
1365724636584017928
1365724393066942466
1365724324817219589
1365723735144214530
1365723441324838918
1365723358252453892
1365723338031652866
1365723206741463043
1365722775399387139
1365722517420208128
1365460845971574791
1365460702270349316
1365460620863299585
1365460591251439618
1365460455054008322
1365460121506078725
1365460019219755008
1365459952907788291
1365459949996941314
1365459870061895681
1365459733990236160
1365459645511458819
1365459575143604224
1365459420671397889
1365459139841908744
1365459096066023433
1365459068387794948
1365458889945329668
1365458713897795595
1365458523216375810
1365458219422875649
1365457858238812162
1365457691452313606
1365457082636501001
1365457068484747271
1365456953716011013
1365456773218459652
1365456627177054208
1365456625486630913
1365456595329687555
1365455474913648640
1365455131693772803
1365454961673334789
1365454943579234304
1365454845398900744
1365454796472352773
1365454424051572737
1365454363657834498
1365454114046541828
1365454111022473218
1365454019708223499
1365453910194991106
1365453796843880449
1365453555990220802
1365453542471868417
1365453228398301186
1365452773018525702
1365752592370982916
1365752568790532097
1365752189503770625
1365751801652379652
1365751795386048518
1365751770211844108
1365751503831633920
1365751453156048897
1365751064759304198
1365750774094036996
1365750439883509765
1365750001666826241
1365749931605164038
1365749810788237326
1365749136079818758
1365749110620512259
1365749059760361477
1365748947940171778
1365748725998637065
1365748492891787265
1365748136518516739
1365747875943247872
1365747569117327363
1365747436333846532
1365747436141109255
1365747355371331589
1365747279840169986
1365746357345075206
1365746184028119042
1365746054772178945
1365746025638592512
1365745650844000256
1365745358651949057
1365744850121809922
1365744816475299844
1365744789346529286
1365744278065020932
1365744161593446400
1365744041028186119
1365743957183979520
1365743665428242432
1365743346455482368
1365743151370145794
1365743071539961868
1365742557813231621
1365742482508677122
1365742040533901315
1365741995566788611
1365741472406888449
1365741384913850371
1365741374478426115
1365741342635290630
1365741180647075846
1365741064515158020
1365740999021129736
1365740929425043458
1365740496023248896
1365740427924692992
1365739475914137606
1365738342009208833
1365738036991033352
1365737722510528516
1365537230610190336
1365536920080576516
1365536904561582083
1365536804330295296
1365536683798724608
1365536468706291720
1365536408102920195
1365536236748894210
1365536052811689987
1365535564028465156
1365535361502339072
1365535233106468864
1365535125715492864
1365534084055891971
1365533819332292611
1365533321858592769
1365533208587218947
1365532820815421444
1365532566477012993
1365532024795185159
1365531971414335490
1365531800546598922
1365531433742209027
1365531295636328449
1365531195501518851
1365530179892695043
1365529984857559041
1365529869094817794
1365529526541942784
1365529427187277828
1365529131941826561
1365529053760004098
1365529027193303041
1365528562053177347
1365528502737514496
1365528140420771843
1365527718339760128
1365527447102361602
1365526832754405379
1365525760258297857
1365525744412225536
1365525676594520066
1365525504984453126
1365525447862288384
1365525387011379200
1365525339439439872
1365524910999822336
1365524815352897539
1365524033756872705
1365524014052102146
1365523948855832581
1365523788406882304
1365523380623929348
1365523144920956930
1365522752602570759
1365522451527065600
1365598689629147148
1365598532594458624
1365598359743037444
1365598244051509249
1365596815077294080
1365596623703785475
1365596289380007945
1365595647206948864
1365594221927948288
1365593855374942217
1365593832285470721
1365593654342090753
1365593386368008194
1365593218558136321
1365593000030711809
1365592975456174083
1365592577588809729
1365592337393491976
1365592093490507779
1365591828536434693
1365591178276651010
1365590716865531908
1365590078458855433
1365586971775668227
1365586719702016002
1365586567197155333
1365586506086252550
1365586375416958982
1365586363211481098
1365586350011940874
1365586337823391750
1365584810262069248
1365583666504695809
1365798696923856898
1365797495457079296
1365796952810610689
1365796237082046465
1365796232946475008
1365796154730930178
1365795230713319425
1365795073481469953
1365794980669894660
1365794917675655168
1365794873740324865
1365793399027232770
1365793244928425991
1365792949968191490
1365792160621072385
1365792079608221710
1365791488932741126
1365791466950447106
1365791315540205568
1365791156974596104
1365791153614966792
1365791082550861832
1365790489060929538
1365790226472402946
1365789841674432514
1365789784157913089
1365789538212319238
1365789004373909510
1365788911663001604
1365788735187615744
1365788692367876096
1365788346623152129
1365788331322335232
1365787972709277705
1365787168891953153
1365787124054818816
1365787001132212224
1365786597967486977
1365786592216932353
1365786454194987011
1365786367301611520
1365785955244859401
1365785875083313154
1365785311209541634
1365785207111098371
1365785129617137668
1365784747318902793
1365784696131567616
1365784637147127810
1365784614749564938
1365784376898953220
1365784353595404290
1365784325413867520
1365784287623192584
1365784127639797763
1365783728010776578
1365661407652573184
1365661092266070019
1365660108412313607
1365659856032702464
1365659712948215808
1365659417065234438
1365659409809100801
1365659233602183171
1365658348595662851
1365658075731030020
1365657976527327233
1365657793475264516
1365657365568049158
1365656751878586370
1365656637772623874
1365656447254753289
1365656084933976065
1365656062146334721
1365655290377601033
1365655008205623300
1365654721395118085
1365654668353835009
1365654379789967361
1365654288274391043
1365654196670918658
1365654128299364355
1365654118908461056
1365654039766175748
1365653626803396609
1365653421580255238
1365652420928413697
1365651942312087553
1365651519991812100
1365651436084883462
1365651398151475202
1365651321777446914
1365651175954145282
1365650351706226695
1365650321284898820
1365648853396049922
1365648650379132933
1365647751724359684
1365647722443857925
1365647607956201473
1365646772467621888
1365646513024679945
1365646466778234884
1365552678626066432
1365552670837248001
1365552382214504450
1365551625792745473
1365551432695484418
1365550277609156611
1365549810040848384
1365549764473946112
1365549677005860865
1365549642054701059
1365549242102779904
1365548688408408071
1365548266520272897
1365546478731730944
1365545588788494336
1365545387281551361
1365545366079172611
1365545236588593154
1365545203545878530
1365545196033728512
1365544787898589190
1365544674551734274
1365543620971884545
1365543185972346881
1365542769985392641
1365542332771229696
1365542331861127170
1365542177791696898
1365542143348117507
1365541934396284930
1365541122550849539
1365540950404030465
1365540685739417600
1365540619742019585
1365540569938866176
1365540383384600579
1365539992261455873
1365539922497724421
1365539560504107010
1365539363258585089
1365538692194922500
1365538471847235585
1365538347985338368
1365537802998345730
1365521921924861957
1365521842086240258
1365521163670216704
1365521069696831489
1365520928596189184
1365520908488704000
1365520576127860737
1365520393184894976
1365520341305421828
1365520094575677440
1365519395620081666
1365518153728548867
1365517917748670465
1365517803537661955
1365517794473836545
1365517436326449152
1365516885781934088
1365515704561098756
1365515682582958081
1365515548273041410
1365515471819321344
1365515406337658885
1365515286926020608
1365514948818972675
1365514932133896194
1365514805705080834
1365514462191566851
1365514126777339906
1365513968077312004
1365512945971712004
1365512927076319232
1365512660486217728
1365511833914904578
1365511364886765569
1365510785196314625
1365510668494008322
1365510043169292295
1365509805406777346
1365509372722429954
1365509236441112576
1365509164420780038
1365509100264706053
1365508385085521922
1365508122819710976
1365508067765411843
1365507332625506308
1365507295879307265
1365507283539664901
1365507100567343112
1365476004811202561
1365475950151012352
1365475664040706048
1365475600836755457
1365475492296548355
1365475273676881927
1365475184975740932
1365475091472134146
1365474936203202560
1365474917043605508
1365474905773457411
1365474384928903170
1365474373600239616
1365474367929466882
1365474132662575111
1365474129437204480
1365473769050021889
1365473724770652160
1365473507660992513
1365473504917823494
1365473353889382403
1365473138260074496
1365472975919718401
1365472581009117185
1365472537811951616
1365472409386680323
1365472295280648193
1365472029739257857
1365471910503579654
1365471770405335046
1365471494743199745
1365470450495729664
1365470422150619137
1365470130902294536
1365470049939644416
1365469693943963652
1365469631046123523
1365469354834489346
1365469210504278025
1365468849190162437
1365468388554903553
1365468108329213964
1365467946911477760
1365467793584488449
1365467743911358465
1365467203705913347
1365467164388560903
1365467145115697152
1365467063859486721
1365466943671648265
1365466753728475142
1365466736544333827
1365466723302977536
1365466697713467392
1365466128240152576
1365465801134731265
1365465667428900864
1365465587351134210
1365465559798751234
1365465372212617217
1365464868011171840
1365464688901947404
1365464618760507395
1365464375297941506
1365463788363857921
1365463395063971844
1365463381327695873
1365462465673314304
1365462226447044608
1365461913040224259
1365461758530437121
1365461529563381762
1365461401284804611
1365460943157690369
1365630411649519619
1365630042403962885
1365629857833619470
1365629168680058880
1365627794642771968
1365627635007713281
1365627206605672449
1365626979538599937
1365626715867918344
1365626475144237058
1365626304578650113
1365626234487595011
1365625341407080451
1365624703126175745
1365624695761104897
1365624400125579269
1365624035938344960
1365623242455588865
1365623124172169217
1365623066882052096
1365622906173161473
1365622765051465731
1365622634252275712
1365622585862598658
1365622513083047936
1365620320472690688
1365619074475065345
1365618202886221828
1365617540869816320
1365617430542704640
1365617316654944256
1365616047609548800
1365615713390583809
1365722150628425728
1365721906494795776
1365721676369907713
1365720943088205824
1365720698736570389
1365720273018880002
1365720257311211521
1365720176403095557
1365719906638065673
1365719692837535745
1365719623270719489
1365719366868885506
1365719347436675075
1365719109942583298
1365718939389542400
1365718800319066113
1365718756048187392
1365718576133533698
1365717447261749253
1365717341259116550
1365717043719380996
1365716332910682117
1365716308734664706
1365716269115334657
1365716262588870656
1365715822778310656
1365715802851209216
1365715479638212608
1365715441067376643
1365715193246875650
1365715073889677319
1365714726034964480
1365714682099732484
1365714566655733763
1365714487089590272
1365714154070429699
1365713941070966787
1365713911476011011
1365713334000119812
1365713250101338112
1365713087811223553
1365713025634889734
1365712645299593216
1365712471546281986
1365712242335834121
1365711690415898627
1365711302455271424
1365710878692286472
1365710750426165248
1365710399518232576
1365709900148539392
1365709782187798533
1365709702672318464
1365709648582635520
1365709607121940483
1365709380134580239
1365709369426370560
1365708975375872000
1365708932992413696
1365708717493284873
1365708705535303682
1365707998149099522
1365707645018071040
1365707518060752898
1365707116347088896
1365707116082774018
1365645810814377987
1365645765473939459
1365645730057252865
1365645695059976204
1365645325264850946
1365645154670043136
1365645081563250690
1365644884108054529
1365643638164705287
1365643485760671745
1365643342701154305
1365642635667464199
1365642621595615237
1365642380309762053
1365642051711336451
1365641460201086977
1365641059250950144
1365640779729932291
1365640663279099909
1365640448828710914
1365640272248455169
1365640191139020804
1365639301418151941
1365639011805646849
1365638408832495618
1365638272177864705
1365638088593129475
1365638057286725632
1365637494428073985
1365637087744176130
1365636914779455490
1365636619685023746
1365636292546080768
1365635960042479623
1365635374501015554
1365635283320979456
1365634633854046215
1365634527784271872
1365634067702689792
1365633715070775297
1365633423868633093
1365633162055925766
1365632598542856198
1365632003782098948
1365631159305179137
1365630869717872649
1365707020939239432
1365706860326699009
1365706784242073603
1365706773898928133
1365706642797559810
1365706535771508740
1365706418934992896
1365706256443449344
1365706229763440640
1365706169973530624
1365706038557749248
1365706024192143365
1365705963555205120
1365705880713445384
1365705777558732800
1365705473031368705
1365705382958690311
1365705374184136710
1365705331003830276
1365705172907814914
1365704933979357195
1365704726646583296
1365704716722655239
1365704715661701121
1365704583931064325
1365704194133401601
1365703741115142150
1365703681983807490
1365703671586119687
1365703529055322112
1365703243205124097
1365702908029894660
1365702398300282883
1365702285553242115
1365702214992474115
1365702107429535746
1365701851690246146
1365701151971110914
1365701132417433603
1365701014750253057
1365700691700965380
1365700588835635201
1365700331775082496
1365700330495881220
1365700085250744325
1365700073183674369
1365699899853996034
1365699771873255426
1365699606059827206
1365699388492951558
1365698128716984329
1365698039642533888
1365697831777009664
1365697820045545472
1365697808116908033
1365697793160065025
1365697729888976899
1365697715582164994
1365697702080749569
1365697680383614981
1365697679934775297
1365697659642773507
1365697634686693376
1365697621281681411
1365697207270318081
1365696834346311688
1365696537184133127
1365696153929580544
1365696144760852484
1365695898542604288
1365695661983760387
1365695497403396098
1365695316138188801
1365694954350252035
1365693499031515138
1365692472664363011
1365692319186362369
1365692272352886788
1365692144409862150
1365692037606092801
1365506679459176449
1365506658017939456
1365506322549010437
1365506027064496130
1365505983481544706
1365505927286300677
1365505713188044801
1365505421444718599
1365505222131523584
1365504916563853318
1365504755120832515
1365504645305675783
1365504386609287176
1365504363800707072
1365504040839352321
1365503926582321152
1365503139168669697
1365502979223265282
1365502242401443842
1365501498227109894
1365501396729008136
1365501097901756424
1365501011742363648
1365500515648372741
1365500366591315970
1365500145488527365
1365499384809590787
1365499226747265024
1365499192962129921
1365498650076479492
1365498362355662851
1365497531355066370
1365497456679522306
1365497127074476037
1365496740208660484
1365496509094113281
1365496495668084736
1365496288024821765
1365496024542965760
1365495667699970048
1365495644186550272
1365493454097252357
1365493109409214466
1365492710677876736
1365492558609047552
1365492438660431876
1365492315838685187
1365491780507103232
1365491751524446215
1365783235192643589
1365783117181648896
1365783113431977987
1365783070591213568
1365782770098831367
1365782763094351872
1365782592591650823
1365781923100913664
1365781892193263616
1365781845191897088
1365781743643414531
1365781666225156103
1365781613171396610
1365781264570208258
1365780984713547777
1365780861464027145
1365779998947352578
1365779977862598659
1365779301786869763
1365779159943958529
1365778528239771651
1365777883751415811
1365777344393342977
1365777102935527427
1365777027211616261
1365776773284319236
1365776538633969669
1365776523328966656
1365776080276234240
1365775775866245128
1365775475738628100
1365775174210121728
1365775007197069315
1365774814317805572
1365774620310331393
1365774429679087619
1365773494735101952
1365773176735629313
1365772578674122754
1365772546864541703
1365772021183836162
1365771401475592197
1365770896854700033
1365770093406396416
1365770046602170377
1365770033637384193
1365768842358763536
1365768725488672771
1365691817983901696
1365691658487136262
1365691202067193868
1365691052905160704
1365691025902034945
1365690371888578567
1365689673872510979
1365689450727170051
1365689229955760132
1365688981434769412
1365688955446784002
1365687839745269763
1365687543707144193
1365687469983825920
1365687427722018817
1365687153209077762
1365687121462386697
1365686974422654977
1365686707505438722
1365686278864310272
1365685368411066368
1365685292561235973
1365685289407012870
1365685054022815746
1365684707803947012
1365684300935540740
1365684057858801666
1365684012287627270
1365683791541362693
1365683303097929731
1365681865051566084
1365681580925149185
1365680872259801093
1365680839904751622
1365680389008855047
1365679738250022918
1365679558826094599
1365678894091804674
1365678430679953409
1365678395581812748
1365678373188476937
1365678300090277890
1365677521467969536
1365677284347293698
1365676820507602949
1365813898176323589
1365813839560851457
1365813741376466945
1365813056446496770
1365812980546473987
1365812938779488257
1365812515347791875
1365812355851034626
1365812321910738945
1365812291132923906
1365812009116254209
1365811804878893062
1365811273338933249
1365810820450553856
1365810548990873601
1365810531953704960
1365810440769392644
1365810419802148866
1365810252386430977
1365810116059156486
1365810058270023681
1365809870436405248
1365809869614419968
1365809716467818498
1365809177269010432
1365809169757057025
1365808945558917138
1365808934733316096
1365808219994660868
1365807943929659393
1365807878741897220
1365807639003815942
1365807617445138433
1365807597014589448
1365807596494483456
1365807553104461826
1365807316549836800
1365807136509485061
1365806770007007232
1365806602717188099
1365806270385635331
1365806182003335171
1365806141310177281
1365805974532075522
1365805901957971970
1365805479843295234
1365805407944527873
1365804780229177345
1365804741717024773
1365804090681405441
1365804062017486849
1365803879711920128
1365803862452547590
1365803604746059779
1365803514337890311
1365803381516886016
1365803123739140096
1365802815336173571
1365802718355456003
1365802374934183939
1365802324820692996
1365801767041200130
1365801453558910979
1365801265528193024
1365801244900679682
1365801133541908482
1365800955950817284
1365800946677264386
1365800754469097472
1365800496137658368
1365800289085755393
1365799799732269056
1365799487562686464
1365799105172303878
1365799070527324162
1365799029104402435
