1359712399893254150
1359712391047618561
1359712265931399169
1359712251339550721
1359711786233188352
1359711213479952386
1359711185545949184
1359711148120170497
1359711111713587201
1359710764966289408
1359710745580236800
1359710615732846595
1359710389894864897
1359710066006458369
1359710014122954754
1359709947987185664
1359709876256198656
1359709773327917057
1359709398235496450
1359709365192818693
1359709251493638148
1359709117468864515
1359709114557861891
1359709040528523271
1359708982600998916
1359708613757915138
1359708447563014146
1359708253387558915
1359708161461133312
1359708041281609731
1359708010898219011
1359707952870006786
1359707929616605184
1359707871961841668
1359707848708603904
1359707757834686466
1359707695339556867
1359707664918474753
1359707585205649408
1359707559729504257
1359707480801050626
1359707308763275267
1359707279545802753
1359707259987759104
1359706594326511618
1359706588878102533
1359706471303438336
1359706439405588480
1359706416752308224
1359706294450593792
1359705980746014722
1359705893500256256
1359705788290371585
1359705565736411144
1359705332423905281
1359910108474597380
1359910067299094528
1359910063830413314
1359910029655179264
1359909897081679874
1359909844342493185
1359909829830189066
1359681906036604930
1359681722946908165
1359680735230251022
1359680362545369088
1359679972454055936
1359679469703823362
1359679032154071043
1359678964336369664
1359678945596235779
1359678864243503104
1359678810493505537
1359678796757037057
1359678582382080000
1359677785346744320
1359677460812496898
1359676932716118016
1359676895806300161
1359676878756470784
1359676684434350081
1359676588846055429
1359675864343052290
1359675764736749575
1359675665801482244
1359675633220153347
1359675528484184072
1359675525804003332
1359675387312226305
1359675229824561157
1359675058843754500
1359674849820618755
1359674739564904448
1359674686771240960
1359674623793766406
1359674489697538053
1359674388971454465
1359673646785118209
1359673570629148677
1359673094407933959
1359673029224202243
1359672826693906435
1359672550884786180
1359672546510184450
1359672416541229056
1359672066493022210
1359671936901595136
1359671627500318722
1359671591215517699
1359670662458056704
1359670616366878724
1359670179245019144
1359669964572160007
1359668598336200706
1359668346069934093
1359667891684147202
1359667799308734467
1359667694698696710
1359667543280148491
1359667469141630978
1359667419770286080
1359667376929783808
1359667127398006791
1359727509080731650
1359727256688603137
1359727026987491329
1359726714717315072
1359726601311690758
1359726555879071748
1359726490867302401
1359726456956477445
1359726441156341769
1359726387758792704
1359726291835052032
1359725949789626368
1359725743740231681
1359725737486544897
1359725714610810880
1359725392509116419
1359725229224980481
1359725168919158785
1359725078112534529
1359724988710998017
1359724880036585473
1359724680110825472
1359724641019850757
1359724635000950785
1359724339248197634
1359724044011134976
1359723873646698497
1359723596705366016
1359723441541189635
1359723406153891846
1359723394560716802
1359723006336106497
1359722992574603265
1359722419083116544
1359722316574433282
1359722282524893185
1359722231979466756
1359721961430089729
1359721905553608704
1359721737211023360
1359721207009058817
1359720775767490567
1359720558183780353
1359720507042586625
1359720439820537856
1359720254495154177
1359720000601341952
1359719637911437318
1359719464313364481
1359719191050407938
1359719110167339012
1359719101443297283
1359719100046475264
1359719076369756161
1359718826968047617
1359718822584881154
1359718692033097731
1359718634671624193
1359718376835268610
1359718353338834946
1359718288624922624
1359718225228013570
1359718008483176448
1359717918179745792
1359717907039723522
1359717807894777856
1359717581796503557
1359717426099744771
1359717327089127424
1359716832802967555
1359716152088403968
1359716138242826242
1359716083897409540
1359716010929115136
1359715787611795458
1359715682078842885
1359715661572890627
1359715551388438529
1359714976290766850
1359714721688023041
1359714430456627204
1359714111366569990
1359714016642232327
1359713956319830019
1359713547496923136
1359713413245538306
1359713190343438337
1359712996205953033
1359712951356321794
1359712705989419009
1359712556521295874
1359712549290332161
1359712451806322689
1359939926918385667
1359939837713915910
1359939707078017024
1359939638836801544
1359939594654011395
1359939584826744836
1359939555466559495
1359939438537822211
1359939344862126080
1359939312062771208
1359939277023551493
1359939261152317443
1359939216814206977
1359939136820547585
1359939044080295939
1359939011842691074
1359938977474650114
1359938976338083847
1359938975461482505
1359938954326335489
1359938908746899458
1359938782070382595
1359938650218393606
1359938472673488905
1359938423801450496
1359938394449735680
1359938254955511809
1359938248164974597
1359938061556146192
1359938050537709572
1359938004463349764
1359937938415628289
1359937845415272450
1359937793032609795
1359937776762953730
1359937772971307008
1359937725978140673
1359937707447906306
1359937692327411719
1359937450311884800
1359937436755890176
1359937402974961664
1359937380501848075
1359937375342837763
1359937315255316480
1359937173206822917
1359937100280397826
1359937094249025536
1359937064863686661
1359936983246774274
1359936977005645824
1359936959435706377
1359936947528032257
1359936938254491648
1359936922609717249
1359936867697717249
1359936828187570181
1359936632313573376
1359936587174404104
1359936544505749504
1359936521462140930
1359936469205475328
1359936462976929794
1359936429258919940
1359936325298884612
1359936193572573190
1359936179597099008
1359936110718255113
1359936096654786561
1359935885127606274
1359935853393440769
1359935835706191872
1359935761131405312
1359935752671531010
1359935606810415104
1359935541295386627
1359935460030767105
1359935458248130570
1359935456574644225
1359935445552017408
1359935297727979526
1359935173890957316
1359935158334480388
1359935127254675457
1359935111534370817
1359934975492173830
1359934918764220418
1359934720172171274
1359934665092694018
1359934643181608967
1359934608985346053
1359934516073144321
1359934504618590209
1359934382237249546
1359934361760641025
1360014775451873280
1360014622208774145
1360014618580684803
1360014371536179200
1360014260097679362
1360014216091025411
1360014168187940866
1360014124139368450
1360014106028363779
1360014085509767171
1360014020355493894
1360014008330371074
1360013889925169154
1360013871331897346
1360013805611339783
1360013774070157315
1360013587188695041
1360013509858381825
1360013465012887552
1360013195029729288
1360013027274350599
1360012996744015874
1360012890175070210
1360012837154914307
1360012816036466690
1360012677976903681
1360012651942694914
1360012494593548289
1360012485076652033
1360012446702911488
1360012318520844297
1360012193090199556
1360012123338919938
1360012122885865474
1360012056779489282
1360011993286135811
1360011862310608898
1360011832862343168
1360011425901654018
1360011196095737856
1360010976557424645
1360010911847751684
1360010654523023367
1360010481466015748
1360010450218475522
1360010401866534913
1360010392253181959
1360010370316984336
1360010097104199686
1360010070717784067
1360010042041270272
1360010041131225094
1360009925162921984
1360009780836790272
1360009764248420353
1360009700062990337
1360009639971221506
1360009506684551168
1360009439265382403
1360009429534572544
1360009276970983428
1360009232364560385
1360009223699128324
1360009055830478849
1360008909415669763
1360008896329433090
1360008815052283911
1360008669270802440
1360008633715687428
1360008628057632777
1360008622940565506
1360008213609914369
1360008162389200902
1360008149642665986
1360008008013475840
1360007984047390720
1360007720343130114
1360007634909290498
1360007598897049603
1360007598205005825
1360007403354357761
1360007260546736130
1360007247208792065
1360007081567354883
1360006917096157184
1360006804592353283
1360006585246957575
1360006253003616259
1360006181675278337
1360006076461162497
1360006024124530688
1360005912845406208
1360005911302012929
1360005872458563584
1360005828145741828
1360005826291912706
1360005772537548800
1360005615142240257
1360005509114454017
1360005470677737472
1360005413358428163
1360005389727760387
1360005334308425729
1360005241274593287
1360005239424843778
1360005004107673600
1360004817318531074
1360004707721347072
1360004706957950977
1360004684417806336
1360004563818979330
1360004558009810957
1360004479626715137
1360004453882089472
1360004402376044544
1360004349401976835
1360004226680766466
1360004068773662721
1360004010682560522
1360003995230732288
1360003986707873794
1360003972334034946
1360003837671723018
1360003803542601733
1360003793367281674
1360003556212957184
1360003550764498947
1360003546729631746
1360003497882759168
1360003409517174790
1360003380085686284
1360003304613441540
1360003290214379524
1360003275660161024
1360003156067950595
1360003150783139841
1360003063478710272
1360002989583441928
1360002920108990467
1360002802513289218
1360002756128493575
1360002716316147718
1360002705557770248
1360002700218421250
1360002696485437445
1360002683793530885
1360002623479427074
1360002562485669889
1360002557108776961
1360002499696939010
1360002406541651971
1360002395514748935
1360002351118090240
1360002307459604482
1360002126471168001
1360001987119616000
1360001924083429378
1360001845264007174
1360001769523212288
1360001740398034947
1360001671464538112
1360001668675497984
1360001641748058115
1360001630528299008
1360001580448292864
1360001551297900545
1360001367377653775
1360001228457930752
1360001159302414336
1360001125139759107
1360001122811998222
1360000970747506690
1360000955744358400
1360000931866288128
1360000811510730752
1360000687900360706
1360000666261979144
1360000665901096960
1360000629607985153
1359664601110036480
1359664409237413893
1359664408138571785
1359664163040219137
1359662995060649987
1359662742072741888
1359662509054132225
1359662471892660226
1359662371556499457
1359661873344491521
1359661574168997889
1359661438743187460
1359661065743835143
1359660954598965248
1359660882511335426
1359660593179992064
1359660124634304516
1359659839081885701
1359659620034306048
1359659391943929856
1359659108392202241
1359658073875492865
1359657959677165576
1359657638955524098
1359657416716124160
1359656776455626756
1359656769480515584
1359656616623132674
1359655934826598402
1359655889230299143
1359655807869218817
1359654833930788867
1359654646722289666
1359654370313437184
1359654097889165319
1359653795483983873
1359924800974635016
1359924766271016960
1359924685576810500
1359924567813337088
1359924496157802497
1359924469603708930
1359924407968419844
1359924365807255552
1359924343778795520
1359924295808524288
1359924259322286080
1359924206159466497
1359924024256704518
1359924018409840648
1359924009924780040
1359923897668431875
1359923897290747905
1359923790734630915
1359923788809461762
1359923752985915394
1359923625734901767
1359923496248373256
1359923485531910145
1359923444469567491
1359923408507719684
1359923249518370817
1359923237040365570
1359923228794228736
1359923129225732098
1359923120170237954
1359923060267249676
1359922987437346819
1359922817190535169
1359922786681118720
1359922742993301504
1359922618170810373
1359922445243842562
1359922387232452616
1359922373991006208
1359922262695161856
1359922202183946247
1359922146110287883
1359922127588139008
1359922114669772803
1359922078489710597
1359922002547662850
1359921991969615879
1359921945370906624
1359921924890128391
1359921864068509705
1359921779880427528
1359921776072003584
1359921757566562311
1359921742509207552
1359921698489782274
1359921685982564353
1359921599013679109
1359921440552857605
1359921206712037383
1359921130614718466
1359921122238685198
1359921071869329408
1359921050025414657
1359920990978002949
1359920984325820418
1359920956983177225
1359920941044801542
1359920930986860544
1359920784312041472
1359920720608964610
1359920580166844419
1359920502631002115
1359920460041969664
1359920365087174656
1359920321466429446
1359920280014114816
1359920177949929478
1359920132122955776
1359920016393703424
1359919914266550287
1359919905924132869
1359919903059378179
1359919883660705792
1359919873120477185
1359919825133387777
1359919694426353668
1359919626679943174
1359919525165170689
1359919502201413632
1359919489744162818
1359919422337658881
1359919414850818051
1359919407246544901
1359919359905255424
1359919314669813764
1359919266963816449
1359919238509518848
1359919215713673223
1359919157182103552
1359919125099933700
1359918904680849409
1359918896946565123
1359918895646310408
1359918841711628288
1359918838230511616
1359918563176325124
1359918543010226177
1359918437598973956
1359918376118870016
1359918366413082625
1359918316245106689
1359918252424585221
1359918131205005318
1359918098061623298
1359917879462932482
1359917717793439744
1359917660490891269
1359917629662760974
1359917617356619783
1359917564474904577
1359917519390322689
1359917172034830336
1359917049171103745
1359917009958543366
1359916801283481601
1359916766911168522
1359916523452784640
1359916442691510272
1359916426648317953
1359916405307678726
1359916339977097218
1359916215876124673
1359916205314826240
1359916093167534083
1359916017380708359
1359916015157657606
1359915967564906496
1359915861809762308
1359915850627772423
1359915746730467333
1359915734634291200
1359915688048082946
1359915515490127875
1359915493558276101
1359915444375670784
1359915424549371905
1359915402709630977
1359915274271657985
1359915242470449155
1359915167400738816
1359915163294531590
1359915143040221190
1359915046692790274
1359914989025427460
1359914961896628227
1359914807659548673
1359914723903496198
1359914681029169153
1359914512334393349
1359914467811876864
1359914446856933376
1359914333178839043
1359914125816590340
1359914070611271689
1359913947198021641
1359913901589168129
1359913651940032522
1359913421840523272
1359913378936946696
1359913374419546117
1359913268106641411
1359913123596144650
1359913117975797761
1359913085381840896
1359913066696216577
1359913050325811205
1359912756821041160
1359912735040016395
1359912628508889094
1359912583785033730
1359912561957822469
1359912553741189123
1359912545767817222
1359912484900139008
1359912449462341632
1359912379153285130
1359912365857280000
1359912328544858114
1359911766390575111
1359911763601469441
1359911682940825603
1359911549796777988
1359911295252721670
1359911266517610496
1359911219990302721
1359911196040790021
1359910953400356865
1359910817097895936
1359910794440421378
1359910724290699267
1359910698336272385
1359910651687284737
1359910566865887232
1359910557080576000
1359910525082214407
1359910366071955460
1359910336183296000
1359910154905538564
1359976031961120775
1359975884057432071
1359975838138138625
1359975712527122436
1359975689013895175
1359975630209748992
1359975538107043841
1359975511955546115
1359975398793220100
1359975338797891586
1359975313778888704
1359975218731696128
1359975171323539462
1359975067845881861
1359975006508363780
1359974943044235264
1359974927823220737
1359974887989927937
1359974879865544707
1359974684993986562
1359974589107961858
1359974505863610371
1359974329941958656
1359974309582757893
1359974260501020672
1359974238480781313
1359974024084918274
1359973990949744645
1359973965012336642
1359973962776776705
1359973915540545537
1359973910280830983
1359973908766740481
1359973902982787073
1359973856853827586
1359973798573977600
1359973774888562689
1359973709608534016
1359973704642486272
1359973640306049028
1359973611709337601
1359973571657945095
1359973568696745984
1359973519329755139
1359973494289752065
1359973396881305617
1359973267407163392
1359973203112787968
1359973178420965380
1359973163111772163
1359973096774651909
1359972962355589124
1359972942155808768
1359972847452491778
1359972841752571908
1359972824602079232
1359972802875576324
1359972790724513795
1359972704858832896
1359972673493872649
1359972643462643717
1359972584901775360
1359972473069064194
1359972459538239493
1359972454899318786
1359972442782003210
1359972281989148673
1359972257100136448
1359972255611183106
1359972120982339585
1359972111297740807
1359972079349678084
1359972014371569666
1359971996927488003
1359971925024505864
1359971924579938311
1359971920888889346
1359971898814320641
1359971886218817547
1359971878920740865
1359971872667013121
1359971715133145091
1359971641812467718
1359971623743455233
1359971574389080066
1359971453903532036
1359971324307906565
1359971320948211716
1359971301260201986
1359971260625793024
1359971251264053255
1359971189901393920
1359971119973994497
1359971094757834757
1359971032606638083
1359970982056796163
1359970875135561735
1359970736585244674
1359970694386360322
1359970678041100293
1359970501435793412
1359970497539227652
1359970467336052742
1359970467176738816
1359970466874552322
1359970464681127939
1359757985422192641
1359757741695320066
1359757669486182401
1359757395371655175
1359757333841207299
1359756154587418625
1359755718811910145
1359755676529131520
1359755634774802432
1359754930882572288
1359754861588459521
1359754826746265602
1359754580750340099
1359754170295795716
1359754118458466306
1359753772176531457
1359753745005907969
1359753604677173251
1359753245309030400
1359752936876699648
1359752548450672643
1359752437230370816
1359751984484667394
1359751813264769030
1359751702195404800
1359751458011439104
1359751098739875842
1359751054221586432
1359751044549513218
1359750884020744192
1359750665808052229
1359750555178991618
1359750415399723009
1359750347867176960
1359750232947511296
1359749586315669504
1359749175391498240
1359749085125869571
1359749038808137728
1359748895031623688
1359748735299854336
1359748563090108416
1359748551501307904
1359748234374221827
1359747981516304393
1359747947072790528
1359747859025784834
1359747832564088833
1359747639441567744
1359747569107292161
1359747529173270529
1359747220749180933
1359747024229462016
1359746972098396162
1359746936140689409
1359746615775551488
1359746513061236736
1359746505192534016
1359746348476731394
1359746326834016260
1359746169807794176
1359746105559425024
1359746014840766464
1359745871924113410
1359745728101367808
1359745727937798146
1359745403068035073
1359745275267600387
1359745193386381313
1359745151959261184
1359745131356835842
1359745044018827264
1359744920584609792
1359744793715363842
1359744644066799618
1359744614673088513
1359744451414024192
1359744402336452609
1359744068276822023
1359744044155437059
1359743998559023107
1359743852136067072
1359743841407033345
1359743774159757313
1359743737979572225
1359743467530944512
1359743398505115655
1359743340510474244
1359743197170135040
1359743167008968704
1359743030316716035
1359894404954271744
1359894311660376071
1359894284128968704
1359894213282967554
1359893986442412046
1359893916590473216
1359893832725389312
1359893749430591489
1359893599668891654
1359893547055525894
1359893482182070274
1359893443863019524
1359893408974782469
1359892886305841158
1359892779942490118
1359892757020573699
1359892538610581504
1359892509225144320
1359892395509317640
1359892282527350786
1359892277674602496
1359892237027401733
1359892217079369732
1359892115334049798
1359892008349884422
1359891977282723841
1359891940427268106
1359891816217251843
1359891813746823176
1359891644980543488
1359891639934857219
1359891543264354308
1359891517784150021
1359891503007608835
1359891468182249474
1359891361726681088
1359891215869763584
1359891205182672896
1359891103936172033
1359890929985978368
1359890851636383748
1359890686410174470
1359890662418710541
1359890619641061378
1359890605434896385
1359890595678945285
1359890550355341318
1359890242895896576
1359901347865321477
1359901329087483907
1359901172002299911
1359901156017905664
1359901047146315781
1359900881878093831
1359900827020709888
1359900571382251522
1359900559852109829
1359900543267790849
1359900521113522187
1359900455443312641
1359900397125709828
1359900329152835588
1359900256054476804
1359900253462425601
1359899666179977218
1359899566863187968
1359899516913266691
1359899487716716554
1359899400240320519
1359899291410694154
1359898751926730752
1359898654383898626
1359898288565194753
1359898267618844677
1359898168742211591
1359898124521725952
1359898107388063749
1359898093156782080
1359897899807756288
1359897847705915399
1359897645016350723
1359897523213774850
1359897486320693250
1359897478863159300
1359897333362790403
1359897232112238596
1359897017112096771
1359897002847395840
1359896973571145735
1359896943950987271
1359896841437941763
1359896784701706241
1359896757426147330
1359896755282849806
1359896708059066371
1359896552987389953
1359896549463973890
1359896525279817736
1359896331616190465
1359896307989680133
1359896276133949443
1359896240281055236
1359896233221980171
1359896205535424514
1359896059410063363
1359895990740918273
1359895808829763586
1359895763019567106
1359895703351414785
1359895621327597569
1359895592978284546
1359895532156686343
1359895405677268994
1359895335821279233
1359895019021295616
1359895013602254854
1359894973366358019
1359894969876500481
1359894655677177860
1359985445388623883
1359985381882687492
1359985310046781441
1359985293529649158
1359985236428410883
1359985224571121665
1359985206560710656
1359985133193990145
1359985119646281729
1359985113745006595
1359985046703271936
1359984992424722434
1359984983272792066
1359984982685454339
1359984940142714883
1359984865014403074
1359984764577579017
1359984734395199490
1359984688123826177
1359984533429444609
1359984473656463363
1359984365552291840
1359984322988679172
1359984290545741824
1359984246916599810
1359984198371708932
1359984083934326787
1359984019161681923
1359983988316672002
1359983927604240391
1359983911632257026
1359983834343866369
1359983737996460033
1359983602369507328
1359983468801888257
1359983373909909510
1359983333535580160
1359983215696637958
1359983095710175235
1359983070900867080
1359983050000629766
1359982970229121025
1359982938113400835
1359982928877342720
1359982879669948420
1359982551994105860
1359982459836903430
1359982409383608322
1359982347198734339
1359982292668538881
1359982157230444547
1359982067086458885
1359981874299473928
1359981799460503556
1359981692400852995
1359981617155031041
1359981614835634182
1359981604484112384
1359981306747183106
1359981273268248576
1359981230196932608
1359981159799812096
1359981157320974337
1359981123623923713
1359981117168889856
1359981116229365761
1359981026286657537
1359980943671349249
1359980932669857800
1359980743783555074
1359980645544517633
1359980634148638723
1359980622048096261
1359980606759849987
1359980550715559938
1359980548467396611
1359980548370825220
1359980531195215875
1359980527252631556
1359980429588193281
1359980364509442049
1359980272826032129
1359980127069888516
1359979974661263364
1359979941358669825
1359979678170304515
1359979657001652231
1359979627029164035
1359979477170798593
1359979432837062657
1359979317707563009
1359979200917176323
1359978932943155202
1359978864659869700
1359978779892998150
1359978723127169026
1359978716135387138
1359978708099084295
1359978626364637187
1359978604583616512
1359978597579190272
1359978558890901511
1359978506332086274
1359978470609219586
1359978269601394689
1359978182494081026
1359978043205443586
1359978033940226049
1359978028542156809
1359978026067501056
1359978015766114309
1359978013371285508
1359977999387529225
1359977963308126211
1359977827995648000
1359977730964664325
1359977607429775361
1359977599527751681
1359977572000534531
1359977527922597889
1359977448784474112
1359977420732915716
1359977353502478336
1359977333009092616
1359977315531423761
1359977301417590788
1359977293268008963
1359977290910859268
1359977184438480901
1359977164087701511
1359977138741518336
1359977065764843520
1359977038866710532
1359976948655476737
1359976915596115973
1359976765431500800
1359976633034235904
1359976527669166084
1359976394076418048
1359976296810487818
1359976259720273922
1359976176899489805
1359729026282192899
1359728927888056320
1359728921923575813
1359728839581192192
1359728675562872833
1359728661151297537
1359728636333539329
1359728411950931968
1359728380564889600
1359728316962381824
1359728213350572034
1359728115170349058
1359727840917401602
1359864102189940742
1359863878881075215
1359863786056908802
1359863785603948546
1359863688849723392
1359863441641656320
1359863377250680835
1359863293339447296
1359863280467128320
1359863217552568321
1359863115077345285
1359863064930242562
1359863046206861313
1359863039466622977
1359863021418520578
1359862942607491073
1359862939524624392
1359862823132741632
1359862755709362176
1359862636607905792
1359862491237535744
1359862467136995328
1359862465346035716
1359862358257012737
1359862336522235904
1359862077733666816
1359862052936900614
1359861879452160005
1359861842001199111
1359861749332275206
1359861669334290432
1359861632227287043
1359861617169739779
1359861441612890114
1359861388932509696
1359861385581236227
1359861042596216838
1359860959897124864
1359860949000331268
1359860902636486661
1359860852678090758
1359860718573617153
1359860479494131715
1359860350888329221
1359860181228748800
1359860178187919370
1359859844115795970
1359859681682984961
1359859679896219648
1359859641161637889
1359859479739838464
1359859430058319874
1359859145021743109
1359859071654977539
1359859066680397826
1359858982249185280
1359858754196496386
1359858650878214144
1359858059800170497
1359857564628959244
1359857553358917634
1359857455484829701
1359857437986197509
1359857344717463553
1359857320663150593
1359857218246619136
1359857188546740225
1359857125497913346
1359857053502738438
1359857015066161153
1359857003791810562
1359856848741011458
1359856847184928770
1359856797209755650
1359856699243458561
1359856658080559114
1359856632738512902
1359856570805460993
1359856566485327879
1359856547430625282
1359856544901390339
1359856411010859012
1359856373643714561
1359856369978011654
1359856287614263304
1359856266760232973
1359856156160761859
1359855954435731457
1359855946336522243
1359855869492609026
1359855840874872833
1359855816287936515
1359855710314651650
1359855708557217792
1359855667968892935
1359855592819597313
1359855532803313670
1359855435348664320
1359855377765040134
1359855306847698952
1359855115818196996
1359855050764517382
1359855003838668809
1359855001611493379
1359854903468974081
1359854830139764739
1359854603433631747
1359854548353863683
1359854531765534728
1359854455668277252
1359854131037536261
1359854104483364870
1359853912635883520
1359853882369855490
1359853816984842241
1359853761783603201
1359853751851491329
1359853645169381378
1359853615410774018
1359853566912040963
1359853429905100800
1359853407578824705
1359853359608512513
1359853279908401159
1359853261835108354
1359853190884294656
1359853104078946307
1359853078124576771
1359853010906722310
1359852861115531264
1359852634979598338
1359852565199020032
1359852545750016000
1359852463768109056
1359852411402276865
1359852398479572999
1359852341701341186
1359852262676381696
1359852150248140801
1359852030362341383
1359852005125103622
1359851963815493640
1359851940952301571
1359851919209095168
1359851825785171974
1359851778993455106
1359851761557794819
1359851758365900804
1359851705123364865
1359851675406790656
1359851584377786371
1359851556624072708
1359851513309523968
1359851449778339843
1359851446443728896
1359851436956336130
1359851433756151808
1359851354596990979
1359851296598106116
1359851259956785156
1359851238716751883
1359851168474812418
1359851143904526337
1359851028254846978
1359851025482604546
1359850996881629186
1359850966992969729
1359850955148304391
1359850881265643520
1359850676222910465
1359850626671386625
1359850575626698762
1359850429497151490
1359850364380545025
1359850265260793856
1359850235963600896
1359850178140725255
1359850176156991493
1359850138085261313
1359850127800889344
1359850108167335940
1359849937060659202
1359849865312894979
1359849777312141312
1359849759582932992
1359849719632195589
1359849677408067585
1359849669925429250
1359849667169837056
1359849623746150400
1359849620193615872
1359849587125673984
1359849566535905286
1359849559225233409
1359849462416424964
1359849423552004098
1359849406338658310
1359849315364126723
1359849256421642245
1359849234934206465
1359849230932787202
1359849132525932548
1359849121776095235
1359849049470427140
1359849042172379136
1359849023537098755
1360015698752372737
1360015583564210178
1360015397215498240
1360015367855300610
1360015343704563712
1360015249252958217
1360015175361921031
1360015080558120961
1360015037134475266
1360015024865955842
1360015002950918151
1360014944373268485
1360014880615653377
1359934289660542977
1359934263500673026
1359933960432812042
1359933864454545414
1359933820309504001
1359933805826617345
1359933723345567751
1359933074813956097
1359933062264606720
1359933061849309185
1359933044338098188
1359933039221092357
1359932746257293313
1359932716712677383
1359932715563315202
1359932715303280641
1359932713424273410
1359932613163679747
1359932574013997061
1359932561317916672
1359932516707270666
1359932499078610945
1359932453209710600
1359932401384779778
1359932319562399747
1359932284179075072
1359932254252896258
1359932186061848578
1359932185248223232
1359932120781717508
1359932118277771266
1359932002439475200
1359931942561607683
1359931940237934601
1359931831232176129
1359931829017600002
1359931801028943872
1359931779797368833
1359931766132404224
1359931693533077504
1359931519863689216
1359931500976877572
1359931383788011522
1359931382940766208
1359931289273577479
1359931281958727682
1359931158167961602
1359931082381082630
1359931069689135109
1359930975006978054
1359930807121494019
1359930734841069570
1359930726238535684
1359930576833290244
1359930499372896262
1359930428459806725
1359930265657819136
1359930254102560781
1359930237849632768
1359930232904515588
1359930151962869763
1359930084061286403
1359930019720671234
1359929999348752384
1359929950002958337
1359929916209389586
1359929880503324675
1359929748391092229
1359929676039348227
1359929617784524800
1359929519721783297
1359929512411025408
1359929415120084996
1359929297599930376
1359929044050018315
1359928959757144065
1359928842857644033
1359928798964314115
1359928717477347339
1359928638402154502
1359928589882384385
1359928457677971459
1359928257425072129
1359928250789736450
1359928218942382085
1359928210176229385
1359928176290525189
1359928153532207113
1359928152093581316
1359928139909128193
1359928032815960066
1359927972581568512
1359927806696783873
1359927755220127747
1359927635149787137
1359927490135937031
1359927470007472133
1359927291002957831
1359927175026212870
1359927161004699650
1359926986932633600
1359926890925088771
1359926602554109952
1359926564553695240
1359926543112429568
1359926445884264453
1359926392486567940
1359926227990007808
1359926199519223812
1359926198483234821
1359926163523649538
1359926065175662594
1359925809394442240
1359925783402336256
1359925705761562624
1359925634185785344
1359925582868447234
1359925201706905604
1359925167250575360
1359925166969552897
1359925113731350534
1359925072140591109
1359925038103859201
1359924950929440775
1359924928947097613
1359742655987548160
1359742273395675140
1359742224020430849
1359742209285758979
1359742010668707842
1359741684892991489
1359741664433221632
1359741360774008833
1359741086600728577
1359741045001637893
1359740791296454658
1359740278463221761
1359740214168666112
1359740134204141569
1359739501980098562
1359739029978157056
1359738980271611905
1359738762327175170
1359738745130536963
1359738725023023106
1359738617946648577
1359738438258458624
1359738210142670848
1359738033399083008
1359737998519246848
1359737713533083650
1359737638975119362
1359737476680589314
1359737280647344129
1359736687044222976
1359736596141121537
1359736576226566144
1359736557649895426
1359736441128046596
1359735915908915200
1359735620499865601
1359735416769839104
1359734948605825025
1359734924442546176
1359734877080350721
1359734768489750531
1359734747656826880
1359734324388458499
1359734110533607424
1359734041272934400
1359733703728123905
1359733650401742854
1359733388609949700
1359733171210846209
1359733160955813890
1359733134590234628
1359733112515645441
1359732832403398658
1359732736416772098
1359732675746009090
1359732635313012736
1359732615771693059
1359732534456832004
1359732404282290176
1359732383692582912
1359732120474763271
1359731874101223425
1359731692534194182
1359731387713155073
1359731214131757057
1359731160947912704
1359731035014127616
1359730480824938497
1359729733404143618
1359729510761943040
1359729210940551169
1359729120658280449
1359729056044965891
1359943841118355458
1359943703700340736
1359943682011525120
1359943598238818305
1359943592509399044
1359943520035962882
1359943431519408138
1359943255547400195
1359943215395336194
1359943170314805250
1359943169522155522
1359943114736234502
1359943095945728000
1359943049376391174
1359942971865640964
1359942957701484553
1359942944820629504
1359942941993762819
1359942923312365572
1359942923169783808
1359942711525183491
1359942637155979268
1359942577647194112
1359942563625631746
1359942504863440908
1359942428673900546
1359942296486223886
1359942274717745153
1359942225648525315
1359942189942472707
1359942165409988612
1359942014238867466
1359941988070682632
1359941882315423747
1359941869980045314
1359941859167129600
1359941825482555394
1359941790833532935
1359941627364704262
1359941611585744897
1359941474977218568
1359941473865785352
1359941287420583939
1359941279505866760
1359941233053941763
1359941191576416256
1359941079143907328
1359941057748885505
1359940957135921152
1359940915117359110
1359940905181052936
1359940870292799493
1359940857802096641
1359940751585591305
1359940733067816970
1359940716428988424
1359940715455873033
1359940648128888837
1359940608689848322
1359940517748871169
1359940505489055748
1359940503878459398
1359940321841471492
1359940285581516801
1359940273833345024
1359940272520654853
1359940267759915008
1359940237573644296
1359940223950594051
1359940142287454211
1359939986645131265
1359818586777411584
1359818559099174913
1359818545270558720
1359818438848503808
1359818419202363396
1359817935708184577
1359817907509862402
1359817812076867584
1359817794116804614
1359817518077083648
1359817494433792000
1359817442013425665
1359817423357153281
1359817251902410752
1359817013330378752
1359816673776324610
1359816473213087748
1359816309270315009
1359816234263588874
1359815854037295104
1359815832990322688
1359815716166393857
1359815695169642496
1359815593537527808
1359815571068473344
1359815532736884736
1359815357477900291
1359815339102638080
1359815221804756992
1359815086035058688
1359815059153842176
1359814961770471424
1359814844237504513
1359814689249759234
1359814669213573122
1359814608106700802
1359814549462003720
1359814541035585537
1359814351327174659
1359814340824735746
1359814288706273281
1359814114831335428
1359814083441090562
1359814072167002112
1359814029573824514
1359813656066801665
1359813486046449672
1359813482854699009
1359813443377840131
1359813400637956101
1359813306278699009
1359813291346956294
1359813131703304198
1359812762919198723
1359812752961900550
1359812506965995521
1359812469007466505
1359812126324449282
1359812080782766080
1359811955750539270
1359811920455471104
1359811808987664387
1359811400881823745
1359811183256174594
1359810963319513090
1359810930763251712
1359810929374937089
1359810833799331843
1359810789289328641
1359810704983883777
1359810586650046465
1359810567045869569
1359810536549076993
1359810483205910530
1359810338011680772
1359810180167385088
1359810123074392073
1359809877519040512
1359809780727111688
1359809602104274944
1359809534307536896
1359809443937067008
1359809369735634944
1359809203649478659
1359809189841932288
1359808991229009922
1359808881891942402
1359808834504638464
1359808824178315265
1359808759082717186
1359808481017085953
1359808442828001282
1359808335193776129
1359808227068813313
1359808074282844164
1359807928262422530
1359807821651542021
1359807601089904641
1359807566302351360
1359807405954109446
1359807379806814208
1359807336009850885
1359807327482884098
1359807233840840709
1359806986284638208
1359806798857912320
1359806795468976133
1359806507043414018
1359806412029886465
1359806403737649153
1359806321957158912
1359806314315194373
1359806254680522758
1359806215434498049
1359805996353347588
1359805976128405506
1359805927109591044
1359805769567375363
1359805673102483460
1359805569406824450
1359805482039320577
1359805420475457536
1359805381753655299
1359805242574049282
1359805233048788993
1359805205630644231
1359805062407737344
1359805026626060292
1359804968405004291
1359804897437360130
1359804897168945152
1359804869750607876
1359804832664723458
1359804790973341696
1359804572395577345
1359804530851000320
1359804406850605058
1359804375661699072
1359804375141523461
1359804374529306628
1359804366341996545
1359804304689942530
1359804296053854213
1359804166286303236
1359804148695334913
1359804044198477825
1359804009184329733
1359803958022217728
1359803851654766592
1359803733664804869
1359803704795357185
1359803610998083585
1359803589770813440
1359803566895038465
1359848891391348736
1359848881232699393
1359848851528638471
1359848807144521734
1359848610620469249
1359848532610605060
1359848503703465989
1359848492542361604
1359848432878440450
1359848415203581953
1359848328805122049
1359848250606510082
1359848241659977730
1359848164715614212
1359848074630332416
1359848042510303241
1359847934980947970
1359847888646504450
1359847832610570246
1359847815858577416
1359847784044707847
1359847723411898368
1359847691933655041
1359847675282288640
1359847674170793990
1359847669791916033
1359847656357511171
1359786807454482434
1359786801641238534
1359786702215217154
1359786654442151939
1359786328552951810
1359786322358112257
1359786297779359745
1359786161221304322
1359786077268156416
1359786003515506691
1359785962168078337
1359785934984794116
1359785914021662720
1359785809407279104
1359785784002437127
1359785761600593920
1359785755682500609
1359785710266560512
1359785694579851266
1359785519492784130
1359785435350851584
1359785418443665411
1359785250470178816
1359785229112721408
1359785182807658497
1359785083130019842
1359785063626526723
1359784963688853506
1359784869623181315
1359784746906222593
1359784420027301888
1359784371037884418
1359784345674858498
1359784293803974657
1359784267685928961
1359784149293273093
1359784142309904385
1359784005634293760
1359783992870977537
1359783748565401600
1359783709973635076
1359783659960627200
1359783602234523648
1359783448874020866
1359783421191593984
1359783398861135873
1359783348135219202
1359783318221451264
1359783234175971328
1359782988997926918
1359782955342823426
1359782697883860992
1359782574898483202
1359782507999350785
1359782492451069953
1359782479637471237
1359782459836088321
1359782346690551809
1359781968486031368
1359781879579365378
1359781760410808320
1359781751015542784
1359781721000976385
1359781523910627329
1359781403181912065
1359781338170208256
1359781109299638272
1359781086566449155
1359780692058587136
1359780437544087560
1359780283709546497
1359780201346060288
1359780105090977794
1359780058899111938
1359780023172005888
1359779990724837379
1359779973498830848
1359779919375572992
1359779850232483842
1359779732741632000
1359779567951609857
1359779496396791809
1359779382680772610
1359779204796043266
1359779150731436032
1359778951678205953
1359778806077083650
1359778675822972928
1359778576980205570
1359778550027595778
1359778352157102082
1359778238705336320
1359778200423976961
1359778110456094720
1359777889978380288
1359777827168661504
1359777778875441154
1359777707484143619
1359777601506607105
1359777535664549888
1359777496544276486
1359777474008211465
1359777406211489795
1359777363471532033
1359777318906941440
1359777258764910594
1359777169355001857
1359777003029856257
1359776994221768708
1359776900034527234
1359776841725190146
1359776839930175490
1359776753586216960
1359776715770384386
1359776467819716609
1359776439684501508
1359776403487621120
1359776124083920898
1359776087895642112
1359776083537784837
1359776034032398336
1359776012104568832
1359775899709808644
1359775823394463745
1359775661062291457
1359775624131465217
1359775293607727108
1359775172954378247
1359775134849134592
1359775068876857351
1359775051793522689
1359774832519491585
1359774787082596352
1359774672326455296
1359774587798646787
1359774457590603776
1359774422324760577
1359774288421806085
1359774061140856833
1359773866126680066
1359773713890242560
1359773328811130881
1359909635621179394
1359909632106524682
1359909570823344131
1359909570689261573
1359909388719431684
1359909316669636608
1359909273279598593
1359909248121991168
1359909073022574596
1359908873679814658
1359908799210008581
1359908788174794756
1359908764581826561
1359908528857710601
1359908354244579334
1359908327019446276
1359908262980837384
1359908009837797379
1359907959342592003
1359907807743598600
1359907770384977921
1359907753813291018
1359907707172515845
1359907703188041728
1359907647819046912
1359907608841187329
1359907498870796288
1359907415580409865
1359907350212190208
1359906935424782338
1359906861294706692
1359906845738074122
1359906824502272001
1359906801458663425
1359906797084151808
1359906706592067584
1359906486030327813
1359906463578263566
1359906371026714628
1359906359609708544
1359906238503477252
1359906173747683328
1359906057204686852
1359906022467452935
1359905929639133186
1359905830418714624
1359905734247391245
1359905650378162176
1359905626697199619
1359905557851815943
1359905521147461640
1359905489853775872
1359905463232569347
1359905334849130497
1359905319757910017
1359905273301803008
1359905201482833922
1359905024847974403
1359904992572952576
1359904941645721601
1359904902890180610
1359904858623651842
1359904497011576832
1359904455383252992
1359904436362035204
1359904300470788100
1359904299225141251
1359904138377654274
1359904097848053766
1359903917602177028
1359903884513312772
1359903882198024193
1359903574461976577
1359903567121940489
1359903402663309312
1359903368320278528
1359903281028493325
1359903270672740353
1359903216050327553
1359903142662467585
1359902932653666304
1359902709617426438
1359902666671984644
1359902647742918667
1359902631930564612
1359902626775781378
1359902551659937798
1359902518340325377
1359902516566179840
1359902457267183620
1359902453051793408
1359902443182698497
1359902282905772034
1359902185576890371
1359902159660339207
1359902156816592900
1359902141209481216
1359902029708070912
1359901822106955778
1359901766226112516
1359901712497180674
1359901699356303360
1359901687914323971
1359901683342594048
1359901635007422471
1359901555433037825
1359901545354166272
1359901537393205248
1359901534448926727
1359901515293556737
1359901456703381506
1359901390504669189
1359847646366695426
1359847566955843587
1359847538287910913
1359847468268216320
1359847351578460161
1359847289657958401
1359847186775896072
1359847028629647360
1359846869623590919
1359846853014077444
1359846837797195778
1359846662206877696
1359846637171073026
1359846479951769605
1359846461891043328
1359846359042560000
1359846183145902083
1359846151697158148
1359845813330010112
1359845564360384515
1359845459053797378
1359845454150840321
1359845439386902530
1359845379739705353
1359845273900572672
1359845182720659463
1359845089858756608
1359845085114949632
1359844934216474624
1359844925915865088
1359844863047589888
1359844828872343552
1359844773591416832
1359844754494742532
1359844689319493634
1359844647116410881
1359844595996196868
1359844402353614856
1359844114389426177
1359844053152641024
1359844044550123522
1359843839704518656
1359843758217584641
1359843715330805760
1359843712713515013
1359843538624602112
1359843310857191424
1359843296663773184
1359843269488693253
1359843055524806657
1359842992761298947
1359842892706156545
1359842747692109829
1359842731288313858
1359842605975171075
1359842588992405508
1359842533820481539
1359842450622267393
1359842256371482633
1359842142265487361
1359842119536553987
1359842016511819778
1359841981208272898
1359841980570861570
1359841911725379592
1359841869656698884
1359841826035892224
1359841771400945665
1359841738588786690
1359841731034947585
1359841694796156933
1359841655684268035
1359841585924562944
1359841483298377732
1359841323763830785
1359841260635316225
1359841239483506688
1359841231795322884
1359841198614151169
1359841190913347587
1359841042070188032
1359841022356959232
1359840978581024768
1359840901565210624
1359840901414191104
1359840713387737091
1359840585759268870
1359840548224458755
1359840514753847297
1359840496345055234
1359840462153121798
1359840460018188291
1359840184095961089
1359840169474588673
1359840135651729410
1359840084128858113
1359840006265856001
1359839918332198914
1359839898723905537
1359839743371055105
1359839696222892033
1359839674924224513
1359839670641827847
1359839605873385472
1359839592606760960
1359839511241502720
1359839489896628229
1359839456392601601
1359839300423012353
1359839227870126083
1359838946512023552
1359838940610592773
1359838936361754628
1359838930905010183
1359838878270689284
1359838861317320704
1359838800873213952
1359838728479531009
1359838629326110722
1359838585084649473
1359838543581835274
1359838406226948101
1359838398454919170
1359838286995415042
1359838156875530242
1359838050621169676
1359837952059330564
1359837847855972358
1359837793225170944
1359837780751360001
1359837726040850432
1359837712363229187
1359837556536315904
1359837430937968640
1359837428933083136
1359837373136211971
1359837251526664193
1359837145851117569
1359837132618162181
1359837131447877634
1359837094445604868
1359837071553224708
1359836847887839233
1359836793718382593
1359836737804058630
1359836704929165317
1359836625115619333
1359836510867124229
1359836485512548353
1359836333968138247
1359836275017154566
1359836210529787905
1359836187754692612
1359836095391936512
1359835944535359489
1359835925895917577
1359835851518214146
1359835530708590592
1359835292115472385
1359835205670993923
1359835107520053249
1359835015224393728
1359834897330896896
1359834787377254409
1359834748026290176
1359834738668748801
1359834588588163078
1359834571206983681
1359834570871492609
1359834541138063361
1359834514181271553
1359834467028922369
1359834267585552386
1359834223515996163
1359834068892942337
1359834042435317760
1359833896561627139
1359879290943393795
1359879256310964229
1359879227525505025
1359879213973524482
1359879083463647232
1359879074705981442
1359879056297242624
1359878984113258496
1359878885429501956
1359878839480946688
1359878649290387456
1359878595712319491
1359878568776503301
1359877909335453697
1359877786744283143
1359877681395957761
1359877642107854854
1359877595320434690
1359877521756610562
1359877271146934272
1359877221507293190
1359877221125550085
1359877167073513472
1359876888441851911
1359876883450654725
1359876882666250240
1359876622397145090
1359876402028380161
1359876387004239874
1359876343761043456
1359876234604380162
1359876208893300742
1359876194204872706
1359876090823495681
1359875993566126081
1359875871461568516
1359875859914579969
1359875761998614531
1359875611951521801
1359875267691491330
1359875246405353474
1359875121717075973
1359875022047891456
1359874556408852484
1359874526776078337
1359874495918579714
1359874279232397315
1359874218947710979
1359874068539969546
1359874030426349569
1359874028434051076
1359873985450762247
1359873964567367681
1359873953980964864
1359873950545825798
1359873877929693189
1359873868161253377
1359873836339101702
1359873789018992647
1359873680982110208
1359873677932781569
1359873479517085701
1359873447833325570
1359873421585317889
1359873348344414214
1359873280845430785
1359873261773983751
1359873066659180545
1359873040000180225
1359872802367619075
1359872748563136513
1359872648885501952
1359872608485969920
1359872419133984769
1359872319489929218
1359957059995918336
1359957024814030854
1359956948024762369
1359956904101961736
1359956890147553280
1359956886947172354
1359956857935249411
1359956849399889926
1359956838918328320
1359956728108974081
1359956590485532680
1359956570768101380
1359956545388376065
1359956517403824128
1359956450785787906
1359956434188918795
1359956423648632836
1359956402295377921
1359956385866350594
1359956287593865218
1359956267213721600
1359956184413990915
1359955957992873990
1359955944428490759
1359955889164333061
1359955749145894929
1359955743974252545
1359955724911149058
1359955703599947782
1359955559441600512
1359955370198802432
1359955369464856578
1359955345507045381
1359833748502687746
1359833582429220864
1359833580700979204
1359833501193928712
1359833040449507329
1359832957356290053
1359832881238052867
1359832677331963904
1359832645480427525
1359832613503070219
1359832517000503296
1359832491998277640
1359832478190600196
1359832472830308353
1359832444996845570
1359832444036341760
1359832156189655042
1359832038975668226
1359831925091926019
1359831912144121857
1359831861036544000
1359831835036049411
1359831797664780288
1359831651103162372
1359831632262422528
1359831629406076929
1359831500297031680
1359831488787853314
1359831449701150725
1359831277994602496
1359831249813188610
1359831197048844288
1359831138034941954
1359831128333500416
1359831090731581440
1359830996154077185
1359830930110709765
1359830847881412608
1359830693099024385
1359830678620241921
1359830658445672451
1359830566330327042
1359830508549644288
1359830430040682498
1359830350034272257
1359830330388189186
1359830214637944832
1359830149265584131
1359830109331537920
1359830085365334019
1359829970571395073
1359829925377769477
1359829829542178820
1359829826706767877
1359829759560192002
1359829667667091457
1359829568782127108
1359829483474272259
1359829475643568129
1359829232378118147
1359829197129211913
1359829175079739394
1359828983647526916
1359828946221694976
1359828941901545472
1359828911958458375
1359828830668660743
1359828783260442624
1359828766256734209
1359828717053313036
1359828695163297792
1359828658115010560
1359828598136438784
1359828578913968128
1359828523309961218
1359828437674917892
1359828139799642113
1359828138558189574
1359828120979783683
1359827971926810625
1359827894478860299
1359827817740066817
1359827620825870340
1359827423978790913
1359827410192125953
1359827380743774209
1359827330596630531
1359827306726924288
1359827224690589696
1359827194344783874
1359827185578737665
1359827149826519042
1359827149780230144
1359827130289299459
1359827124425793545
1359827113801633794
1359827018662182922
1359826995476131848
1359826856216850436
1359826845580025857
1359826741406089223
1359826710024306688
1359826641619480577
1359826577832333313
1359826540649828354
1359826515161194497
1359826511641997315
1359826471691329538
1359826285942439939
1359825997915422721
1359825962943275015
1359825938960252928
1359825809779884036
1359825699280945154
1359825679613906945
1359825585741180931
1359825336943448074
1359825250603704320
1359825148875067393
1359825079383842816
1359825065446166528
1359825021968003076
1359824958214590469
1359824769290539009
1359824567523569668
1359824502759202816
1359824395158528000
1359824382370189318
1359824374912724992
1359824269056819201
1359824222403575819
1359824209933963264
1359823999254073344
1359823932661104641
1359823881712893953
1359823800666386434
1359823774070276096
1359823600098938883
1359823595682357249
1359823551688237056
1359823531605950468
1359823447749197824
1359823279729508356
1359823278861389824
1359823269499703296
1359823260016275457
1359823222779367425
1359823124297039872
1359823099055788034
1359823045175615491
1359823035843420161
1359822931564630016
1359822896424747013
1359822845044490240
1359822810609307650
1359822800366764033
1359822648344268802
1359822632993046533
1359822462532415490
1359822436397682688
1359822402180497410
1359822373978066944
1359822151533084673
1359821880195178497
1359821661227413513
1359821607959752704
1359821601089482754
1359821464095105024
1359821214290698241
1359821166580387843
1359820798224179201
1359820793119715329
1359820750845333504
1359820657081597953
1359820373714419712
1359820299852800002
1359820291732430851
1359820191807377413
1359820144596443139
1359820058877259777
1359819995983790080
1359819971224821763
1359819849439055878
1359819847476117507
1359819731700703232
1359819673865494528
1359819477467226114
1359819469086879745
1359819365043101697
1359818997877899265
1359818886829473793
1359818878466064386
1359818848531324934
1359818779904016386
1359788345845571589
1359788196813541379
1359788083089207296
1359787970291789824
1359787861592145928
1359787752255029252
1359787560722194435
1359787345256607745
1359787327216881667
1359787322628329473
1359787264528822274
1359787226612314113
1359787173856305153
1359787145951518721
1359787124778803202
1359787005689925632
1359786980490555394
1359786930850779136
1359688859769073666
1359688498589151233
1359688493652455429
1359686939151114240
1359686714378313728
1359686532597178368
1359686506093420545
1359685785839149056
1359685411623358466
1359684923414642698
1359684476012527618
1359684380134838272
1359684186836246529
1359683727828353030
1359683446264782855
1359683273740476417
1359682739360915459
1359682518421749763
1359682371042349059
1359682280160169987
1359682160974774273
1359682127256772611
1359682118411030533
1359955080443793408
1359955039830364165
1359955038865661963
1359955015419514883
1359954884875882497
1359954844681912321
1359954839174672384
1359954762259714048
1359954718202675201
1359954668101713923
1359954661017591809
1359954316396691458
1359954283559493634
1359954209517559811
1359954208947109897
1359954182854352896
1359954173878554633
1359954123039383555
1359954050490466309
1359954050201104385
1359953995998052364
1359953901911425033
1359953754976567299
1359953739684196354
1359953738476249089
1359953655567441933
1359953618338652161
1359953606951063555
1359953592225058822
1359953576567713792
1359953499371556872
1359953254143164421
1359953216667086848
1359953143056900101
1359953076623446023
1359953051885445123
1359952997334278152
1359952903910359041
1359952827318235137
1359952668186325004
1359952645608382467
1359952582450556929
1359952579359371265
1359952487969656832
1359952455749033985
1359952449566605313
1359952217806155781
1359952117281157120
1359952081549987845
1359952075459805197
1359952044568809473
1359951931473551361
1359951856940720130
1359951832580243459
1359951792709251074
1359951757829419019
1359951630314196995
1359951543982829569
1359951519991349259
1359951504019361795
1359951439368486914
1359951338726113281
1359951333499957249
1359951307050782728
1359951278642724869
1359951124481081350
1359951085922844673
1359951034009980930
1359951019216568321
1359950965957361664
1359950870058827776
1359950862773346318
1359950644942110729
1359950611337408512
1359950576927338500
1359950542932381696
1359950493473271809
1359950487496216577
1359950392260517891
1359950337575108610
1359950281061113861
1359950122361225220
1359950083601666060
1359950072121810944
1359950071249457152
1359950059023052802
1359950044775018497
1359950007789637636
1359949873139879941
1359949814448947202
1359949761965674496
1359949645942820866
1359949628779745282
1359949584991211523
1359949571145818114
1359949353482338305
1359949348331749376
1359949174410649600
1359949071948124167
1359948988732956674
1359948916293308419
1359948905744633857
1359948901793595392
1359948825872527362
1359948820747018245
1359948713746173953
1359948682217553922
1359948472909201409
1359948466793844738
1359948462956163075
1359948451526676484
1359948450582953989
1359948421520572427
1359948346979475456
1359948286673707008
1359948220277915650
1359948129999683585
1359947890089725959
1359947863338459141
1359947826898350080
1359947814466371604
1359947772091371531
1359947748380971009
1359947730576171008
1359947630143434753
1359947618655338500
1359947606051463170
1359947482487263235
1359947414082314244
1359947339507634176
1359947318586449921
1359947306297090049
1359947268992995333
1359947234809380864
1359947153158918145
1359947137329561606
1359947133445672962
1359947097961857024
1359947074956120071
1359946875105779714
1359946839617900549
1359946820126838785
1359946815186075649
1359946774220316673
1359946750971281412
1359946597015162885
1359946554187124737
1359946541797175300
1359946496070803458
1359946454677225475
1359946423203102722
1359946380668788738
1359946375614631955
1359946334825021444
1359946247189184513
1359946172530581510
1359946109062242304
1359946066951614475
1359946062472036359
1359946031379709955
1359945952761675781
1359945909853966336
1359945867646615560
1359945865759240198
1359945819814825984
1359945780539387914
1359945757411934217
1359945753804894214
1359945644560048130
1359945640529256450
1359945588368900098
1359945531695501315
1359945529397018624
1359945483226140675
1359945394055176196
1359945263398473732
1359945220482285571
1359945095370448897
1359944991875997696
1359944954664091651
1359944859432460288
1359944776133599235
1359944763491942409
1359944663218626560
1359944609900683266
1359944544247296001
1359944512215412736
1359944497082302464
1359944492577656842
1359944411463958538
1359944368736636930
1359944366358421505
1359944214075826177
1359944182362763269
1359944128277209093
1359944069108158479
1359944066520219654
1359943943631298565
1359943937839034376
1359943867307540480
1359872318831476741
1359872254507708418
1359872224753246210
1359872168608337932
1359872092469006338
1359872090766118916
1359872048613449729
1359871971278741507
1359871864349327361
1359871861493014529
1359871756215988228
1359871730815279108
1359871714201632772
1359871595502829573
1359871590343802885
1359871440061874179
1359871288479789060
1359871193751429125
1359871149736345603
1359871061081419778
1359871024800489474
1359870778234331138
1359870672340721667
1359870578669322241
1359870571136376834
1359870461803450370
1359870424100737031
1359870371407814660
1359870305292832768
1359870130390503426
1359870004536164362
1359869992402120705
1359869960965750785
1359869841876934658
1359869841818214407
1359869806858678273
1359869784494604292
1359869523143389186
1359869439517294598
1359869383569534977
1359869325923020806
1359869144573820929
1359869135170097161
1359869067449012225
1359868915166420996
1359868883562299400
1359868813743955971
1359868541374193668
1359868475540463618
1359868429906415621
1359868201782370308
1359868186481549317
1359868133599772674
1359868076188192773
1359868044458287108
1359868021918097409
1359867950539374596
1359867706053378055
1359867592253599744
1359867476599836673
1359867432593162240
1359867262761660418
1359867237088309248
1359867192259588099
1359867140120150025
1359867138794749957
1359867126937509888
1359867082855317504
1359867015725465604
1359866937845702656
1359866884628377608
1359866866102136832
1359866854328655875
1359866758778269698
1359866571586494472
1359866553882324994
1359866496952926213
1359866472575750146
1359866465990639617
1359866323887677441
1359866269416185865
1359866015878959106
1359865844994613249
1359865776602234884
1359865468916531208
1359865370060947459
1359865338377166849
1359865289832353792
1359865226997465089
1359865215249219589
1359865126896218119
1359865047154118657
1359864923950563329
1359864892698804224
1359864845764550668
1359864833986936834
1359864787342098432
1359864769348567040
1359864689644232705
1359864687266062340
1359864685194072065
1359864661802446852
1359864472882401280
1359864285988589570
1359773239938084864
1359773218106671106
1359772698390368259
1359772518857330693
1359772337948794881
1359771123827752964
1359771026201083904
1359770806834720768
1359770725331202050
1359770658532585473
1359770469654667267
1359770279136886788
1359770187579469825
1359770124811603969
1359769700532695043
1359769183718891526
1359769040202440704
1359768836975845380
1359768634189619200
1359768251102875649
1359768164142309376
1359768105317113858
1359767865994272770
1359767719130787840
1359767288698834944
1359767169043734529
1359767166531235844
1359767139121520640
1359766892983054338
1359766848938647553
1359766760392699905
1359766758450749440
1359766649147183105
1359766577810460674
1359766533455548419
1359766532805525506
1359766468783722498
1359766434902065153
1359766277384978433
1359766259269849088
1359766180949540865
1359766150981300229
1359766054604480515
1359765894403133440
1359765798194196482
1359765696767553536
1359765625049079808
1359765616308015106
1359765591758835717
1359765559181774849
1359765473345351683
1359765350305304576
1359765175667216385
1359764957542375426
1359764888327913473
1359764394222190593
1359764318137573376
1359764068379353089
1359764015988281348
1359763966742913024
1359763810928758786
1359763472930734082
1359763252830498816
1359763031555788800
1359762858133778435
1359762638658494465
1359762205995114497
1359761695959359488
1359761682940059648
1359761544901390336
1359761295503880194
1359761234535579649
1359761150074839042
1359761004448595976
1359760333859151873
1359760332286271490
1359760305132367878
1359760294768119812
1359759930455187457
1359759530897383426
1359759519358873602
1359759494952140800
1359759114205728768
1359759036279889921
1359758934777683970
1359758897100193792
1359758893564370948
1359758786022490112
1359758749464993793
1359758592354697217
1359758487413211136
1359758445168250882
1359758395683856385
1359758392768798725
1359758204192788485
1359758150954590208
1359970332472471554
1359970327930015756
1359970316794163213
1359970313283510272
1359970309655449601
1359970259533520901
1359970251916607491
1359970189631225868
1359970172153520135
1359970159503540228
1359970113030660106
1359970061730148356
1359969910399488000
1359969905190318082
1359969891864829953
1359969847036305416
1359969825670447109
1359969736331829249
1359969574083510282
1359969445934993408
1359969364641009665
1359969340301402120
1359969286979223556
1359705229911064576
1359705094103719938
1359705057994936321
1359705030773850114
1359704900238770176
1359704752611729414
1359704706373849088
1359704503398912000
1359704392262430721
1359704378207309825
1359704376068161537
1359704369093095425
1359704319348637701
1359704148963377153
1359704072694210561
1359703980897689602
1359703952233693185
1359703859506126854
1359703599077613568
1359703579959980033
1359703528906883073
1359703424703553536
1359703405678256132
1359703208520806408
1359703202497585163
1359703181719195650
1359702931302408194
1359702696354320386
1359702660660797442
1359702640876134405
1359702569531097091
1359702495279411203
1359702461422960641
1359702308825743360
1359702144815935490
1359702128252518405
1359702032408526853
1359701980969639936
1359701953798950913
1359701727155396609
1359701662802341888
1359701656888303621
1359701388561768453
1359701344202985473
1359701301924225027
1359701069971021827
1359701028711628802
1359701010726457345
1359700995392102401
1359700990153248770
1359700864399781889
1359700733747150856
1359700719994085380
1359700320323002369
1359700105272655873
1359699955401715712
1359699909499265028
1359699821632905217
1359699325136347139
1359699187596623877
1359698982054764547
1359698931064705031
1359698927860203527
1359698917550657538
1359698816019165189
1359698802257584129
1359698786990264321
1359698778647838723
1359698564339798018
1359698528105353220
1359698372865609730
1359698141596028930
1359697897126830084
1359697822296117251
1359697787500302337
1359697650560339968
1359697560487755778
1359697475930640384
1359697437439365120
1360000593364877312
1360000549882650625
1360000544421662721
1360000457104642049
1360000420618383367
1360000344152043520
1360000343959105540
1360000195317104651
1360000071908089858
1360000071379656708
1359999917922672643
1359999909009702915
1359999834170744836
1359999767485513728
1359999711348932618
1359999545569128448
1359999527483301891
1359999422516645889
1359999379382411266
1359999315435941888
1359999205796945933
1359999200554008577
1359999174272569350
1359999017934065669
1359999003337785348
1359998947314585601
1359998858378493954
1359998660893933569
1359998563149897728
1359998498356162566
1359998410670166018
1359998400230551552
1359998398842232832
1359998391762227209
1359998382606065667
1359998333675307016
1359998327916548096
1359998282735505415
1359998190993485826
1359998133514760195
1359998074114998272
1359998031089840132
1359997836436398082
1359997675484176388
1359997649206804481
1359997468969164804
1359997447007789058
1359997386165268484
1359997356280799235
1359997330267766787
1359997204266639363
1359997086687776769
1359997080052318220
1359996995314847747
1359996923747438592
1359996922216464386
1359996914406678529
1359996784140034051
1359996776233775104
1359996759565611015
1359996723058376708
1359996625855406080
1359996435392065536
1359996308182949893
1359996276515954689
1359996263433965570
1359996175915618304
1359996134689751042
1359996103291240453
1359996031589634057
1359996010886488068
1359995947552489472
1359995936504770568
1359995818187620355
1359995804526731270
1359995699295907853
1359995622602997763
1359995470991421442
1359995467300368384
1359995395141681155
1359995173527318528
1359995172902350853
1359995135841419265
1359995076341096450
1359995028878278656
1359994710417240066
1359994694411943938
1359994600665055232
1359994549087707145
1359994468313812996
1359994362260774918
1359994303142068235
1359994289963556865
1359994284003442692
1359994265913483266
1359994176910327810
1359994154097475584
1359994118991187971
1359994100620140547
1359994048333897731
1359994025961529345
1359993461978632196
1359993380529467393
1359993366298132483
1359993325928017922
1359993233594601472
1359993204028882946
1359993112979005442
1359993099263627273
1359993062223712258
1359993060550205443
1359993014148595719
1359993002928791554
1359992991948165124
1359992928832159746
1359992857042554880
1359992824687689731
1359992804022353925
1359992800012558338
1359992789694631940
1359992733167988736
1359992648740843520
1359992597666758658
1359992582529572864
1359992576665870337
1359992462345981956
1359992405060169739
1359992373871341568
1359992367030415364
1359992366992654338
1359992361338736642
1359992350668427265
1359992331076780033
1359992303805485058
1359992256879542272
1359992222255624203
1359992217557950465
1359992200445108224
1359992191280676865
1359992127023960066
1359992123349737472
1359992089619148800
1359992068123238402
1359992014201360387
1359991993573793794
1359991971956338688
1359991955925655553
1359991935881068548
1359991815747866626
1359991793408999431
1359991725318672388
1359991720323260419
1359991720084189187
1359991704514871296
1359991671899836417
1359991667286278153
1359991659040276480
1359991648021848068
1359991619525738497
1359991606108160006
1359991583656079368
1359991513854402569
1359991459567579144
1359991408720039938
1359991327287566336
1359991281104138246
1359991259478319108
1359991243913236486
1359991102296760327
1359991016850411521
1359990925070635013
1359990922881216518
1359990810633199621
1359990739502006272
1359990733831348230
1359990718375288832
1359990658128347137
1359990641011404803
1359990617556844546
1359990608270622723
1359990581439590401
1359990553262260229
1359990501164867584
1359990436555857922
1359990273892376578
1359990232398012418
1359990213725065219
1359990153964642305
1359990134935011328
1359990123585282060
1359990111656624132
1359990101737172992
1359990027694968833
1359989988394434560
1359989984980303873
1359989843934150659
1359989802129620992
1359989754310328322
1359989712837095427
1359989698396053504
1359989696244420619
1359989599821586433
1359989583728021504
1359989548713971723
1359989413674184707
1359989399681982465
1359989309814824963
1359989290651025414
1359989094336585728
1359989071444082690
1359988958562779142
1359988955723235332
1359988908516274176
1359988886412414980
1359988847262760960
1359988805219086338
1359988778652233728
1359988745014042627
1359988697597411332
1359988626239741955
1359988604706164737
1359988569813770247
1359988558895996929
1359988549278441473
1359988518383218694
1359988487257280513
1359988417485012996
1359988243484319747
1359988203080531971
1359988183551901697
1359988170402779143
1359988160323813383
1359988154879598596
1359987843075108875
1359987765610487813
1359987754013249537
1359987726179786761
1359987492125040642
1359987449670348802
1359987444989505539
1359987327960043520
1359987273572339716
1359987227896524806
1359987202864918538
1359987014297214979
1359987000561053699
1359986937579401219
1359986570737123328
1359986560079380480
1359986427975528448
1359986338976645125
1359986337357651972
1359986161113038854
1359986142108614666
1359986137968877568
1359986114728189959
1359985981558984704
1359985981538119681
1359985965545177092
1359985956015792130
1359985880853860359
1359985822834036738
1359985639672971265
1359985564804468737
1359697212263997440
1359697109797249024
1359697072291602434
1359696572532088832
1359696562155253762
1359696516106092544
1359696248433876993
1359696160106151944
1359696060151693315
1359695936067432448
1359695878014066689
1359695803640643587
1359695790063640578
1359695696039993344
1359695629694476288
1359695490548383749
1359695315746451466
1359695119050395648
1359694992764243970
1359694900388900864
1359694731035500545
1359694730075004928
1359694591000268806
1359694327560159236
1359694246664675331
1359694233687502848
1359694054993313792
1359693709873467395
1359693679921942528
1359693387767635969
1359693328523091968
1359693266837454856
1359693167822594055
1359692999555485700
1359692980236546052
1359692887928225798
1359692500429115392
1359692382317531137
1359692033640783880
1359692032952967172
1359691147921264652
1359691127880888321
1359691058477727745
1359690927942610947
1359690875413135361
1359690739492524034
1359690249744633858
1359690189078200321
1359689980403191814
1359689970622083075
1359689727612395522
1359689350519394304
1359689309113221120
1359689171162529793
1359689120554110977
1359969207270703116
1359969178686480384
1359969084989984769
1359969043747323907
1359969009811271684
1359968964282097665
1359968889044672515
1359968869432127492
1359968789836791809
1359968756236226564
1359968658471018498
1359968604704366594
1359968524895068160
1359968478107602945
1359968439822082054
1359968401301655558
1359968394536247298
1359968376395866114
1359968359840772097
1359968134661369856
1359968031275970563
1359968004969295874
1359967887105130506
1359967829546721286
1359967780372627457
1359967745664811009
1359967711330205704
1359967483768303620
1359967460842176514
1359967458145148932
1359967455028871185
1359967443268034562
1359967298929324035
1359967273528795146
1359967259431755783
1359967238695059459
1359967207929831425
1359967206986162177
1359967144499437569
1359967144059039754
1359967143966756870
1359967076169957377
1359967010692632576
1359966993831636994
1359966943718100995
1359966884419031047
1359966883433377796
1359966736553025538
1359966625517207555
1359966602775715846
1359966569602940928
1359966388387946497
1359966352325378049
1359966299703693317
1359966279743000577
1359966154056298497
1359966148704542727
1359966143243575298
1359966128605454338
1359966028449665024
1359965977526624256
1359965890863894529
1359965813432848392
1359965751357153281
1359965749054369792
1359965669354315778
1359965595064754176
1359965533131661316
1359965477477507073
1359965469340536840
1359965462264762368
1359965439275659265
1359965344320864258
1359965314088374278
1359965298074468352
1359965247075995655
1359965226360258560
1359965183423221760
1359965131359326214
1359965041139863553
1359965013251792896
1359964995216429059
1359964845844664320
1359964529849991168
1359964528994373633
1359964477752442880
1359964446869848064
1359964432957403138
1359964396085268486
1359964384639021056
1359964280528003074
1359964262765125632
1359964190589485062
1359964161795629060
1359964079465631744
1359964038415978497
1359963858018926593
1359963856597118976
1359963721632743426
1359963673779974149
1359963654884528129
1359963624773672963
1359963584776855555
1359963546940035076
1359963510650896384
1359963499355594767
1359963469957709824
1359963454170427397
1359963441453281283
1359963439234441216
1359963249538723844
1359963248775163907
1359963246858559489
1359963078956302336
1359963002217324547
1359962972790087697
1359962968256045064
1359962961259814912
1359962944532959235
1359962915973914624
1359962844553486348
1359962828732592138
1359962736835366916
1359962721530298368
1359962706758033412
1359962667373506560
1359962600218451973
1359962570287951875
1359962555284873224
1359962542836248576
1359962481515446272
1359962475148570627
1359962417770471430
1359962400242434048
1359962337235460097
1359962230276694021
1359962155534217217
1359962097711464454
1359962074529546240
1359962061082681354
1359962059765649420
1359962033979072518
1359962005646548994
1359962003469570049
1359961926676193280
1359961926084796417
1359961864181067780
1359961822909128705
1359961807058829321
1359961761747587072
1359961717057363968
1359961620848513025
1359961604897574913
1359961571104071682
1359961560182124547
1359961543983652864
1359961505333084160
1359961454284312580
1359961428673888258
1359961347094552576
1359961325099712512
1359961301615857671
1359961243067506688
1359961237828812801
1359961219700903937
1359961193239183361
1359961165854556162
1359961053778440192
1359961048317636612
1359961038960140288
1359961015165849605
1359961013978816512
1359961011923648517
1359961005661560836
1359961004482859008
1359960947922771973
1359960929635549188
1359960906122338307
1359960904645894156
1359960898094452737
1359960893686075393
1359960885310144516
1359960753244041218
1359960647061155850
1359960623036198917
1359960557084942336
1359960547362557955
1359960543541424128
1359960513686491146
1359960440114192387
1359960364817895425
1359960348309270529
1359960333796970499
1359960270785847296
1359960265828270081
1359960260660891658
1359960223922929667
1359960192138493960
1359960163164299264
1359960144428212224
1359960125503655940
1359960113482788866
1359960071384551424
1359960046566834184
1359960026316763136
1359960000920080386
1359959983828439041
1359959975737622528
1359959975402082307
1359959934209642498
1359959875481198593
1359959837421883393
1359959815011844100
1359959802139430914
1359959790491996170
1359959742550925312
1359959707281219585
1359959700817801216
1359959639698276352
1359959622770122752
1359959597327515654
1359959444533227523
1359959419455483912
1359959382717571075
1359959382117777417
1359959320386035712
1359959304175034371
1359959300123287564
1359959296054726658
1359959285107679233
1359959283123843073
1359959238475452416
1359959212160393218
1359959191469912071
1359959128869924864
1359959094451347457
1359959054953644046
1359959003737055233
1359958970916560897
1359958897029566469
1359958850468773890
1359958826032631811
1359958797888946179
1359958758277984258
1359958744864591876
1359958693840883719
1359958659577577475
1359958655207174146
1359958652069826572
1359958649049808897
1359958606779736076
1359958594704310275
1359958518414024706
1359958511925526529
1359958489360003073
1359958430014963712
1359958393591648258
1359958337165615112
1359958336947576835
1359958303011270656
1359958275047972867
1359958256093966346
1359958219397947401
1359958212045381634
1359958158609907712
1359958135948144652
1359958066544967687
1359958048224272391
1359958040460496897
1359958028464705537
1359958007644377090
1359958005257826308
1359957984399532040
1359957972529643526
1359957917630365697
1359957914807644161
1359957901473943553
1359957898152062978
1359957889604063232
1359957812487589888
1359957783777587207
1359957781252616192
1359957756762066951
1359957747723304963
1359957721164972033
1359957680966696960
1359957651027857415
1359957635341168640
1359957628156280832
1359957560762249217
1359957551257894913
1359957545780211713
1359957539706707968
1359957504877289481
1359957467980005378
1359957445502619650
1359957358802305029
1359957299591323649
1359957237809045504
1359957237461049347
1359957237096210432
1359957142501998594
1359957092271083524
1359957061816188931
1359890159995617284
1359890097953337346
1359890095973814273
1359890025442377735
1359889980487839749
1359889977950277632
1359889925538074624
1359889742016446471
1359889670356705280
1359889618028687360
1359889598306918401
1359889521576468483
1359889491465445378
1359889439175159808
1359889411190710272
1359889389564796932
1359889272736788485
1359888886390947844
1359888878933594118
1359888617804603400
1359888559164051459
1359888431342514180
1359888362975338496
1359888332940001284
1359888279588511744
1359888106737070083
1359888052878004227
1359888029788307457
1359887988696772614
1359887978445815813
1359887922137235458
1359887921474654209
1359887910951137283
1359887810711404545
1359887766159556610
1359887757846269952
1359887741157318656
1359887697381236740
1359887695972081664
1359887664757895169
1359887612425691140
1359887418695049219
1359887373224603649
1359887353788174339
1359887304144392198
1359887215640330245
1359887186867478535
1359887035041861632
1359887014481563651
1359886991534526468
1359886937541255168
1359886915999309824
1359886842288603138
1359886766321393677
1359886760273149952
1359886638273474565
1359886497692852229
1359886485881774082
1359886450167336960
1359886237851668480
1359886195157733377
1359886187335450626
1359886111087165443
1359886014257496066
1359885908745613314
1359885848041451520
1359885803011342336
1359885790424236036
1359885728075968516
1359885707863613440
1359885654352683010
1359885634232586240
1359885537486786560
1359885470310760451
1359885423099674628
1359885393869627393
1359885390111518720
1359885197123219458
1359885196032573445
1359885156908212226
1359885127099187201
1359884895313678340
1359884850577219591
1359884731312185348
1359884699787812865
1359884639960244231
1359884636013355009
1359884523853418497
1359884386699784193
1359884358144974855
1359884355976503298
1359884346669293572
1359884326448603140
1359884282219536387
1359884210614460418
1359884154347941889
1359884104112746497
1359884083560476679
1359884063457366016
1359884021409447937
1359883808477229062
1359883762985627651
1359883544529686531
1359883432751489025
1359883351042179075
1359883263037353986
1359883217638092807
1359883180812156937
1359883145907220481
1359882839311933443
1359882658646536193
1359882643630788608
1359882462336348160
1359882449162018817
1359882255615852546
1359882184694378496
1359882153153150980
1359882119720353794
1359882112959205379
1359882099524685831
1359882095724797956
1359881979991388161
1359881894167343104
1359881891999055872
1359881747123625985
1359881693864341507
1359881606081761282
1359881426020298755
1359881371192279044
1359881062533509127
1359881032519081986
1359880827002380300
1359880780768555008
1359880700166623237
1359880585360138245
1359880428832841729
1359880315959844866
1359880294107521027
1359880286083940357
1359880103489069062
1359879969896361984
1359879870025785344
1359879788232642561
1359879670141968384
1359879666669129729
1359879334366900226
1359803449018376192
1359803378939879424
1359803198714773510
1359802882657247237
1359802461331013632
1359802398143893505
1359802344972693508
1359801986363895808
1359801868977897476
1359801868910800897
1359801637557178372
1359801575267577856
1359801344790560770
1359801108571426819
1359801011519582260
1359800846255538177
1359800774184759299
1359800446957846529
1359800435855347714
1359800077808721925
1359800037551853568
1359799481936601089
1359799280941338624
1359799255800643585
1359799253011369984
1359798983728758784
1359798979312107522
1359798960274120711
1359798717822365699
1359798666459021319
1359798594472210436
1359798590856716289
1359798462766870528
1359798336929345546
1359798225457328128
1359797932640391168
1359797645783560192
1359797416090873856
1359797302647345154
1359797170241691648
1359796959758974979
1359796822890405889
1359796819719581698
1359796702379663365
1359796406588964866
1359796349412143112
1359796217446817792
1359796141605482501
1359796137071419392
1359795962328322053
1359795647881314307
1359795629548003333
1359795568504147968
1359795440347193345
1359795439764144132
1359795374647627776
1359795172394024960
1359794715596587009
1359794294186520576
1359794274502590464
1359794048052195328
1359794035292999684
1359793955873914882
1359793894809088000
1359793839016394753
1359793808955871232
1359793649916215305
1359793596589887489
1359793579598753794
1359793578336129024
1359793405216382982
1359793286165258242
1359793079205699584
1359793028853030912
1359792886037024768
1359792866306846721
1359792681942212608
1359792640586309633
1359792442292244483
1359792320162447364
1359792135143383043
1359792085809979394
1359792051404087298
1359792038053638144
1359792002024562689
1359791749112160259
1359791646444048388
1359791301235982338
1359791283733098496
1359791205039693834
1359791171862745089
1359790891733426177
1359790848645472258
1359790761668141056
1359790727568494592
1359790703103123461
1359790656055631874
1359790649931952132
1359790529635115012
1359790383010516992
1359790367634251776
1359790335925354497
1359790242425880579
1359790233232015362
1359790207646760960
1359790050272309249
1359790049567649794
1359790006529904640
1359789865022459905
1359789797724852225
1359789749909733378
1359789719580680196
1359789521659912193
1359789278318977024
1359789270874034180
1359789265736105987
1359789262321950722
1359789225164632064
1359788805566455808
1359788771580014594
1359788588024659968
1359788483926257664
1359788449226711040
1359788381501227009
1359666762887831557
1359666496075689987
1359666377850834944
1359666247848361990
1359665794884513793
1359665664231931916
1359665446769856516
1359665232214376450
1359664655954714629
