1368430848245178381
1368430783640305667
1368430657983111168
1368430630929715201
1368430077910937602
1368429726319120387
1368429474346397699
1368428845733470208
1368428635334533120
1368427888203161600
1368427799871111168
1368427561349447680
1368426997999824899
1368426389846720514
1368425398283825154
1368424723340816387
1368424681037037568
1368423818780377089
1368423446217129987
1368423338369036288
1368422960466366468
1368419745855311872
1368416034030374919
1368415860126326787
1368351525047779328
1368351034133864450
1368574079830265857
1368574013358796801
1368573838422913026
1368573622856552448
1368573357696954368
1368573192554577922
1368572895107104770
1368571999275081735
1368571769796300802
1368571623993966594
1368571042608857096
1368570540584300546
1368569954480570379
1368569407190994951
1368569351234871298
1368568596901793797
1368568592191664130
1368568451762163712
1368567753741893635
1368567741444132864
1368567329815199745
1368566100930215942
1368565724210372611
1368565283540074501
1368565210596925440
1368564444452814851
1368564433560145920
1368564034405076994
1368563360158081033
1368562921240936455
1368562615820115971
1368562402912919558
1368562141628923905
1368562140077039625
1368562138382561284
1368562130711150592
1368561030511656960
1368560205139767298
1368559846744862720
1368559531349917714
1368559524488036355
1368383554103603203
1368381809902297090
1368381729690578947
1368381689609732096
1368381167427280907
1368380580627419137
1368380147804540931
1368378934333734913
1368378867774230528
1368378334812532739
1368377934344581121
1368376642222100484
1368376617643433985
1368376406036643843
1368375885963857921
1368375845673459713
1368375688483504134
1368374343621697536
1368374187077812226
1368373016980123648
1368372904170192897
1368372699957968897
1368372414271356933
1368371671632015362
1368371663843323904
1368371415414620161
1368368664467144713
1368511375354560512
1368510441241128960
1368510221786755074
1368510050105499650
1368509232325201920
1368509001550487560
1368508347129987072
1368506987076542466
1368506861352259584
1368505214987276289
1368503167256850439
1368502617698004993
1368499951408406532
1368499628673490950
1368499528836419587
1368499274527481856
1368498830967250946
1368498103700033538
1368465317840658432
1368465150659952645
1368464398700879876
1368463825218002947
1368462982443765765
1368462793461149697
1368462466582126596
1368462413348110336
1368462231969533955
1368461791995588609
1368461226443894785
1368461115521298435
1368460932372819969
1368458470245203968
1368457988881670145
1368456408644149248
1368456130809262080
1368456027256029184
1368455981231968258
1368455952974888964
1368455209073119232
1368454131535417344
1368453656836669442
1368453645025439749
1368452778939457539
1368452492111974407
1368451899712704512
1368451756431003648
1368451279249436674
1368415556160737286
1368414560626032644
1368413715746406401
1368413164543635456
1368412237656858627
1368412121067847680
1368411849280999425
1368409865803202564
1368408468936331269
1368408250538950664
1368407279796633602
1368405972872433667
1368405698003017728
1368405513684328448
1368404797955702786
1368404735531814912
1368403900479528962
1368403897199497218
1368403416561639428
1368403220553293826
1368402953539710978
1368402861265199112
1368402761314926594
1368401848638529538
1368401815088340992
1368401635869745155
1368401425609461761
1368401190111748098
1368400732924174338
1368697801857769474
1368697566595055623
1368697466699182080
1368697179855020036
1368696245720645632
1368695442201018371
1368695411943370754
1368695039401091073
1368695026864300039
1368694323047510018
1368693520752590848
1368693296827162634
1368692333588385795
1368691105986973698
1368690973975457794
1368690668261023745
1368690526460014597
1368690225292210177
1368689988548845571
1368689872865816578
1368689833149931520
1368689186983796742
1368689179782168577
1368688501122863104
1368687818428583937
1368687406572920832
1368687228751380486
1368686646963671042
1368686169395986435
1368685609091559432
1368685529164886017
1368685256006643715
1368684994579865602
1368684757014429704
1368683177804525572
1368683173727657988
1368682709028139018
1368368400984985602
1368368393502535682
1368368258043179015
1368368201940135941
1368368149733634052
1368367893105287173
1368367690209841152
1368367610279165955
1368367544944521222
1368367470545866754
1368367142408572933
1368366971352326145
1368366666330087428
1368366407512113154
1368366060223803393
1368366046269300741
1368365953235509251
1368365856141369344
1368365853092106243
1368365849422143490
1368365773966749701
1368365117805592580
1368365051564920834
1368364137512898560
1368364101043372032
1368363814190800897
1368363731508420609
1368363703297572866
1368363495583014916
1368363117487521798
1368363065176190980
1368362910599294977
1368362821315158020
1368362719821389827
1368362614322036737
1368362551847829504
1368362523704037377
1368362130949439497
1368361943178874881
1368361824454774784
1368361817634988035
1368361316994457604
1368361162887282694
1368361086915928068
1368360691661479943
1368360565710741505
1368360548975468545
1368360487138770946
1368359862837600265
1368359811897786369
1368359256391565315
1368358480235569152
1368358449310994435
1368358054069174274
1368357949798821893
1368357772199395330
1368357652468793346
1368357569387978758
1368357345999327233
1368357231524208648
1368357120731709441
1368357024346542080
1368356338955395084
1368356329262288901
1368356165499912198
1368355879662288896
1368355801098838017
1368355749148172288
1368355424689401865
1368355064176345088
1368354631332593670
1368354614962233346
1368354017466793985
1368353879738449922
1368353553216061450
1368480834945097731
1368480834773278725
1368480726400856066
1368480706314256387
1368480621794893828
1368480576139886593
1368480232005644288
1368480191865966592
1368479464091443201
1368479073601748992
1368479063166312448
1368478945490972672
1368478928646594562
1368478881724923904
1368478183142555654
1368477967643512836
1368477211422957569
1368477202136850434
1368477012747112449
1368476776448495620
1368476719464681486
1368476490992676866
1368475575862583298
1368475116481490945
1368474381622652929
1368474179264253953
1368473408409804800
1368473321277374464
1368473199101554688
1368472979408093187
1368472333573369859
1368472306108887041
1368472235980316672
1368472068447084550
1368471774099165186
1368471243956043776
1368471037306830848
1368470558111715331
1368468589674717189
1368468060391100418
1368467273237729281
1368466938393817090
1368466639583281155
1368466023675002882
1368621109478842371
1368620985755308035
1368620793769439238
1368620720515919873
1368620664005988352
1368620635761565701
1368620476629590017
1368620475547447296
1368620474448580608
1368620238238064645
1368620173679288320
1368619549252231173
1368619133756182528
1368618545056190464
1368618503993954304
1368618448989917185
1368618422658101257
1368618064833437697
1368617981417291777
1368617428561846272
1368616788682891265
1368616776137908230
1368616678670667776
1368616603424854019
1368616339531829254
1368616085814120448
1368615504471015431
1368615136836124672
1368614860213354506
1368614810556854272
1368614249510141957
1368614239452168192
1368613542383947780
1368613495378481153
1368613464395165697
1368613074345803778
1368612948898414597
1368612920112865280
1368612645339688965
1368612498274807808
1368612460618452995
1368612374995951619
1368612294624763904
1368612239566008320
1368611606989570049
1368610950580998147
1368610875045732352
1368610397624864773
1368609920405364740
1368609881243193345
1368609619199881219
1368609375892496387
1368608869103116290
1368608823343210500
1368608812756656129
1368608539216912386
1368607957051703300
1368607928320720905
1368606626060632075
1368606337538682880
1368712981303984147
1368712707906633729
1368712670405345280
1368712172386324480
1368711746739929091
1368711741866184706
1368711594285400065
1368710302351646722
1368710179148025858
1368709390342131712
1368708960828743685
1368708923218300934
1368708891383578624
1368708718565658626
1368708571668623361
1368708383595986947
1368708077843841026
1368707549361496068
1368706099625525254
1368705844087504898
1368705127603974145
1368705075565191175
1368704868219842563
1368704201400942594
1368703543973122048
1368703271838363651
1368702942656802817
1368702918644400135
1368702839342698496
1368702838470303744
1368702133940465664
1368701120823050241
1368700896075337728
1368700856879710208
1368700649731481604
1368700499676037123
1368700333476765698
1368700006480441344
1368699561745805313
1368699154952646659
1368699131003215874
1368699114519724034
1368698879928074241
1368698763771052032
1368698377668620289
1368399082474016770
1368398891347976192
1368397811788693508
1368397431713521667
1368397403930259456
1368397126053421059
1368395950566354944
1368395517907120129
1368395318971146243
1368395220056965123
1368394637514321921
1368394534778859523
1368394146268864516
1368393884670119937
1368393732094111746
1368392778498072584
1368392206621405184
1368391150684434432
1368390931800547329
1368390479465881603
1368390047393869825
1368389854753611777
1368388796711067652
1368388611184463872
1368388339066404879
1368387944059301891
1368387355460124672
1368387330571186177
1368387288913305601
1368386738805161985
1368386294154412035
1368385710466695170
1368385032927215616
1368384775120125953
1368384656794648579
1368384646627659778
1368384477005717504
1368384283551924226
1368384028810899456
1368651612579917825
1368651405440000004
1368651227517583367
1368651078670123008
1368650720614965248
1368650579644473347
1368650475185184770
1368650414241902593
1368650310802153474
1368649653487611911
1368649305830129664
1368649075239706645
1368647769204940801
1368647727953760256
1368646960157237251
1368646036474986505
1368645943281602560
1368645702956560384
1368645493115523077
1368644352759726082
1368644309646413827
1368644280567402496
1368644258509381634
1368643797643624448
1368643719348502543
1368643644845137925
1368643546845220865
1368643173719945221
1368642709997690882
1368641208839532549
1368641167563325443
1368641091021369344
1368640809206226948
1368640784929554439
1368640537998295041
1368640491261022209
1368640317163900928
1368639852841959427
1368639819396476928
1368639660239577088
1368639571374833666
1368638223254253572
1368637901085544448
1368637344102879234
1368636986341351429
1368636626574966785
1368636516617060355
1368446392809615363
1368446069789495301
1368445897135169536
1368445640804462598
1368444896378454022
1368443963472900097
1368442758302728194
1368442381297651715
1368441589392023554
1368440961160777730
1368440554913230848
1368440167225204738
1368439613535051776
1368439317434011648
1368438830194335744
1368435519936401409
1368435402785325058
1368434413504233477
1368434266259005442
1368434097240961028
1368434081877422100
1368433631786532869
1368433052414664705
1368431984201056258
1368526948582973440
1368526759839358977
1368526666730004481
1368526661352833027
1368524990228946947
1368524941038063619
1368523664929488896
1368522876907847681
1368522557763227648
1368522449311137800
1368522245975445505
1368520399240200194
1368519559016284166
1368519372122251266
1368519341055049732
1368519046044516352
1368518481851858945
1368518165119045632
1368517516482478085
1368517147572469762
1368516750447370241
1368515353219919873
1368515113850900481
1368514946619817985
1368514017006919685
1368513986745008166
1368513761716232193
1368512741258956802
1368512467740016643
1368589766615261186
1368589386414239746
1368589176720003076
1368589095665033216
1368589037410390017
1368588940182237184
1368588610098827265
1368587885528616961
1368587883754455045
1368587882240372739
1368587880600379395
1368587302713372679
1368587233045921799
1368587068243210244
1368586874638503938
1368586645163937795
1368586600427454466
1368586311188287488
1368586201335271431
1368586048142532610
1368585868252962817
1368585856060121088
1368585415037435922
1368585334456520709
1368585185336365062
1368585036262502404
1368584779411709953
1368584228515024897
1368583866374586375
1368583519774126081
1368583148905267202
1368582440164470784
1368581960893927430
1368581775405051906
1368581405492543504
1368581139061829638
1368579847937785858
1368579668551606272
1368579448027680771
1368578913329364998
1368578704297758725
1368578563499319300
1368578446012612608
1368578145000030208
1368577685581144067
1368577510066241536
1368577151721631744
1368576024741634049
1368576017619705860
1368575955191611404
1368575601947406338
1368574926916042759
1368574868527210498
1368574708644462594
1368682351367237632
1368682185113354241
1368682073955983360
1368681870272135172
1368681586833698816
1368681070057684994
1368679501459296256
1368679030447370256
1368678885785796611
1368678101253840902
1368677646360576007
1368677360858497027
1368677137503371265
1368676769037905921
1368676612489818118
1368675815945306114
1368675782902571011
1368675443373703171
1368675330676957187
1368675293943259137
1368675274473304068
1368675072412647430
1368675000161607681
1368674758372569090
1368674566151749633
1368674045651259408
1368673838561718272
1368673825131433987
1368673440195112962
1368673236645416961
1368673224695951362
1368673159579381766
1368672983766695937
1368672791835406336
1368672666799005701
1368672321511301120
1368671905553735682
1368671711437193216
1368671449653903360
1368670605025935360
1368670478781579266
1368670200728535040
1368670000224104449
1368669826227580933
1368669387973144577
1368669218019958787
1368669206045134848
1368669069864472580
1368668668704534536
1368668444737081345
1368668399014977545
1368668013289947138
1368667934541946887
1368667515988172804
1368667428532723716
1368667320118312969
1368667279173382147
1368636364506431492
1368636298169311233
1368635910141616128
1368635483413168128
1368634941953609735
1368634701381046275
1368634579247104001
1368634489015046149
1368633453290389511
1368633308830195715
1368632677872533508
1368632348317655043
1368632299101827076
1368632104209244175
1368632084919709699
1368632057254060035
1368631629615349766
1368631491178168325
1368631404687368192
1368631050033795074
1368630812959268869
1368630659527409667
1368630629554745345
1368630157217501185
1368629922302857216
1368629811573256197
1368629653573836801
1368629468248629254
1368629429501583360
1368629091688009731
1368628483736305665
1368628415931244552
1368628356862902285
1368628312432504834
1368627771782688768
1368627568153346052
1368626986277629955
1368626004529274880
1368625773473579008
1368625373169078273
1368625242843705344
1368624070485508097
1368623998679015427
1368623238868271104
1368623085620916224
1368622997100236803
1368622927449587713
1368622749279809542
1368622674688290825
1368622476217958406
1368622377538555909
1368622255773802497
1368621963346911233
1368558370932862976
1368558167450398723
1368558030632218627
1368556833141633024
1368555332558065667
1368555044002467841
1368554865010606080
1368554750480900097
1368554175060193286
1368554119481409539
1368553366637383682
1368552661176434693
1368552610257584135
1368552490090729473
1368551895778885634
1368551564185661440
1368551242864148484
1368549649506705413
1368549271700668416
1368547701336444928
1368547050007191555
1368546982642343946
1368546716769779716
1368546672880586755
1368546590114213893
1368545163488985091
1368544977891041282
1368544573568544774
1368544483466305541
1368543885597761539
1368543841477926915
1368543761664512001
1368543730152640515
1368543650809077764
1368542343159250945
1368542174552481792
1368541333816741888
1368541007411830787
1368540585779400707
1368539377530404869
1368539327291097089
1368538982124949504
1368538715123970049
1368538696228683781
1368538054529540108
1368537909633093636
1368536578788716544
1368535857704108041
1368535448402808839
1368535331537100801
1368535184065269760
1368534559562768388
1368534546379984904
1368534405610930177
1368533633519259649
1368533130823536647
1368532324581838851
1368532312384663552
1368532052656545801
1368531878131605511
1368531777782964227
1368530288666681348
1368530287714590728
1368530284501741569
1368528870442471426
1368528432091529217
1368528240684449792
1368496122751246337
1368495247504859140
1368494679516397577
1368494371549634580
1368492927777964033
1368492639646068740
1368491714562899970
1368491365374562306
1368490854176989188
1368490515176427523
1368489923926503424
1368489666580725763
1368488580780199937
1368486949288296448
1368485733951025152
1368485146870038532
1368483795687636992
1368483443034775552
1368482548293136385
1368481846628134914
1368481773550764033
1368667014814961672
1368666764544999425
1368666557560262657
1368666480007602176
1368666266525986817
1368666142387171328
1368666105531744258
1368665886664581130
1368665857463836676
1368665676798455814
1368665434048888836
1368664590146408448
1368663279497863168
1368663020885467136
1368662569712574464
1368662553837109250
1368662461088489485
1368662326623277069
1368662150823239684
1368661812695162881
1368661570465656833
1368661547451613187
1368661332984279042
1368661057288421379
1368661011742535684
1368660959896682501
1368660847854317571
1368660367979712513
1368660327328608259
1368660294722011140
1368660261293469696
1368660102685818881
1368659996829974531
1368659905578688512
1368659529827819522
1368659095075586048
1368658394501021697
1368656106726252547
1368655981664759809
1368655961099997185
1368655751019913218
1368655293824049153
1368654426597101577
1368654175966486535
1368654110619279363
1368653970995052544
1368653485839880192
1368653467762515970
1368605103515664385
1368605000734306307
1368604431751802881
1368604020483489793
1368603860609163269
1368602018756100098
1368601841634787331
1368601493025288194
1368601343485706241
1368601001972862980
1368600973682311173
1368600409753935875
1368600097462710273
1368599871717076992
1368599231565533187
1368599152079298570
1368598947502186499
1368598391480066048
1368598189218103297
1368597621619691525
1368597457706291200
1368596501002399749
1368596450691739656
1368596353434202121
1368595897546924033
1368595693242302464
1368595663844298753
1368595159210983425
1368593747185917959
1368592960284106754
1368592919129686019
1368592097390043142
1368591992905728006
1368591739930415104
1368591582492913671
1368591180594839561
1368590119263866882
