1381396147403640832
1381395906273099777
1381395834621792259
1381395552877838339
1381395405922009093
1381395290243104777
1381395107493126144
1381395063499018242
1381394884112707591
1381394752025677827
1381394512732418049
1381394391961587719
1381394270179971072
1381394047760101380
1381393972774502403
1381393956395753473
1381393931636772866
1381393682285363205
1381393083686916099
1381390905698103297
1381390712411947011
1381390650113810434
1381390634389397506
1381389979692240899
1381389960465514496
1381389359904083974
1381389110405910536
1381389026184269826
1381388589653708800
1381387950177550340
1381387774226489348
1381387748418945031
1381387280657551360
1381387261367947270
1381387235854012419
1381387007511891975
1381386879405277184
1381386577528680452
1381386565335674881
1381386554237579265
1381386220639547393
1381386165849325570
1381386132454207490
1381385999977168899
1381385971938254848
1381385963100909570
1381385954745856018
1381385941332410373
1381385931580706820
1381385926493011971
1381385851515572224
1381385836202229762
1381385588595646555
1381385566592368643
1381385501857345537
1381385031097143298
1381384977686859778
1381384974255878145
1381384809012981761
1381384806437638145
1381384733683113986
1381384011394772992
1381383941471547395
1381383528252858368
1381383514860494850
1381383149305933824
1381383024135266314
1381383022486941702
1381382988001202177
1381382606881689602
1381382510395805698
1381382459682480129
1381382282242576394
1381382279306432517
1381382172561580032
1381382136863809536
1381382117611995136
1381382031976849410
1381382029934264323
1381381709053169671
1381381622734462979
1381381410338959361
1381060203223875584
1381060182671785986
1381060121459970056
1381059925015662594
1381059910927065088
1381059848394178560
1381059846431240195
1381059842220175364
1381059068253593614
1381058980533837824
1381058847545114628
1381058751038418949
1381058530250137601
1381058525401542663
1381057484991967232
1381057352527441923
1381057146138296322
1381056900285009921
1381056497879244802
1381056418632044545
1381055542848860160
1381055296030842883
1381055269275381767
1381054023629946882
1381053810374811650
1381053706658054149
1381053660491300866
1381053267891863552
1381053136803086337
1381053070268841986
1381052609193205769
1381052593892438019
1381052580701351941
1381052495196131330
1381051826221514754
1381051669304184832
1381051449493323777
1381051434230185986
1381051017203175427
1381050761799462912
1381050659496157191
1381050166799691778
1381050019537678340
1381049582411517952
1381049294170464258
1381049194291593216
1381049117225410567
1381049042336108546
1381048921041084416
1381048817013899266
1381048252234096640
1381047759109783552
1381046503410663425
1381046472968392705
1381046043186434057
1381045877834457096
1381045159614427137
1381289019062038529
1381288715834728450
1381288673879146504
1381288606946430982
1381288233619877891
1381288130406457355
1381288029965352962
1381287941444677639
1381287930388434958
1381287761148317701
1381287374030843908
1381287277805105156
1381287153422962688
1381287150306594820
1381286973583851523
1381286926280495108
1381286833917681670
1381286824736403460
1381286642456072198
1381286527951572997
1381286437979619336
1381286390407790594
1381286327359012865
1381286298619633670
1381286148627173376
1381286006205349890
1381285990132776963
1381285872394469376
1381285842359050247
1381285716794179584
1381285564423548928
1381285503232835586
1381285318305931268
1381285144405884935
1381285117432360961
1381285052114477057
1381284933847646218
1381284781544124419
1381284596185202696
1381284569836625922
1381284556221906948
1381284543274086402
1381284525049790467
1381284457202745346
1381284362067587075
1381284265204256772
1381284210342780932
1381284204735041541
1381284178449285124
1381283884936032257
1381283867118686217
1381283783496851456
1381283567855038464
1381283496530968581
1381283454181113857
1381283327756361734
1381283155693477895
1381283048084410369
1381282993151561737
1381282891322245124
1381282799961972736
1381282787026681859
1381282444716957699
1381282275137044486
1381282172900757505
1381282065501536256
1381281926577860609
1381281857434746883
1381281789189230592
1381281427292053510
1381281421965266947
1381281362678796289
1381281324049199109
1381281313324433410
1381281018624217090
1381280967906721795
1381280921073123329
1381280827758280704
1381280800637849606
1381280453710209030
1381280401214349312
1381280281114464259
1381280265453121536
1381280136348246019
1381280044492947458
1381280029980684290
1381279982480195593
1381279922946252806
1381279818621272068
1381279773498953730
1381279761058705412
1381279723901362178
1381279635086917634
1381279411530563594
1381279343285055488
1381279204461969408
1381279190243278850
1381279012215918593
1381279006050414605
1381278893781442560
1381278727179530244
1381278173275566080
1381278163347595265
1381278116228763653
1381278092631629829
1381278068979957763
1381278041146593280
1381277960947253254
1381277955708567561
1381277854781083655
1381277712430592000
1381277672525996037
1381277643576909829
1381277632415809546
1381277209000828932
1381277160787341313
1381277128096878594
1381277126733746179
1381277063353667593
1381277007103848448
1381276932139008001
1381276855798542341
1381276816791515136
1381276730728579074
1381276675971899392
1381276615209013255
1381276541527728128
1381276432802979841
1381276330285760512
1381276325072224256
1381276277819183104
1381276146684297222
1381276117194174470
1381276067583950856
1381276065574891525
1381276035581239303
1381275974038343681
1381275873345728518
1381275773613568002
1381275656789487616
1381275622845116418
1381275563571228682
1381275506557919236
1381275474027028480
1381275470201819142
1381275403243905028
1381275384809992192
1381275362508816387
1381275045532733444
1381274835960147969
1381274746055237632
1381274700127567873
1381274689419497480
1381274668196323328
1381274574638157830
1381274574462058499
1381274478479605766
1381274469738680326
1381274466425188355
1381274428143718402
1381274359164198919
1381274332891070465
1381274208890654724
1381274050090176512
1381273925401862157
1381319642669445120
1381319509861105668
1381319322866307073
1381319257393401857
1381319170600665096
1381319008222212098
1381318938970185734
1381318871383162883
1381318843029729283
1381318683054768135
1381318680051605504
1381318658295750665
1381318529417367555
1381318383384289285
1381318357710962693
1381318355974508546
1381318291814285320
1381318263804735497
1381318183123001344
1381318030957764608
1381317806894018562
1381317764095254530
1381317761096249344
1381317437581373451
1381317401413885957
1381317190054510594
1381317172258074626
1381317065596878853
1381317023762812928
1381316864668798983
1381316786650505225
1381316653913284614
1381316586741583876
1381316541220855809
1381316488196468736
1381316454558089216
1381316414028587008
1381316399637782529
1381316367551504384
1381316229714042886
1381316090253484037
1381316077595021313
1381316023886962696
1381315962931183620
1381315895193186308
1381315781888077825
1381315661490700292
1381315530368385028
1381315472608518145
1381315430891986945
1381315374126399488
1381315347605692418
1381315312805670914
1381315282086596613
1381315277812547588
1381315206333272071
1381315198204719107
1381315076909588485
1381314889889808386
1381314808612462594
1381314720372830211
1381314654077546498
1381314467720523777
1381314415396597762
1381314230960459779
1381314211272388614
1381313718752018434
1381313488103079937
1381313380066136074
1381313293713817600
1381313292895977473
1381313166949249024
1381312945435652100
1381312922010312704
1381312916406800387
1381312912439001098
1381312715004645376
1381312575586066432
1381312373970018307
1381312312569688076
1381312306756395013
1381312053214855168
1381312037658226692
1381312008696565760
1381311920829915136
1381311677195550726
1381311497377288192
1381311486744797189
1381311433774878722
1381311328338522116
1381311262617788419
1381311154794946563
1381311148826497026
1381311108435349508
1381310876309843968
1381310827601477637
1381310665546211330
1381310586328293377
1381310519160811520
1381310249676767233
1381310071808884743
1381309982705025026
1381309859031871493
1381309700805951489
1381309610695479304
1381309552742821890
1381309428453019653
1381309403719217152
1381309389857038344
1381309375197941771
1381309110965186561
1381309102899486724
1381309097610518533
1381308977619820547
1381308942895214603
1381308771524345856
1381308590124859395
1381308534814601220
1381308468964036613
1381308448252461060
1381308259655692291
1381308184514547712
1381308109168201728
1381308071113265159
1381307829810835457
1381307795664990211
1381307690174058504
1381307613376225281
1381307570162401282
1381307557529145345
1381307516949295116
1381307508556505091
1381307449513287681
1381307414402756611
1381307375408177156
1381307260912144384
1381307212040040448
1381307034730106890
1381306841821552640
1381306793347928067
1381306693427023872
1381306652696137732
1381306644416524289
1381306642151669766
1381306484965904384
1381306480436117509
1381306425293615105
1381306419450945538
1381306351083790338
1381306343408164866
1381306203326664706
1381306150512103424
1381306047160184836
1381305951702093825
1381305784492036106
1381305730393722880
1381305401501712385
1381305396481159172
1381305380488142850
1381305356278755332
1381305187386658818
1381304859836739587
1381304834578595847
1381304719335886851
1381304643293220864
1381136822915506176
1381136647874605058
1381136448108163072
1381136440826986500
1381136278188609539
1381136141223653378
1381135671692292096
1381135613173325827
1381135383946203137
1381134958094393345
1381134612324319233
1381134576668569603
1381133652101373953
1381133346093342722
1381133074642186241
1381131741054783488
1381131349231198216
1381130182510194689
1381129536004362241
1381129446854324230
1381129204536856577
1381128719142633474
1381128679099523078
1381127505466232841
1381126803264315392
1381126419862990855
1381126006501675008
1381125989309157376
1381125303901302786
1381124699753709568
1381124320173428738
1381124092431110145
1381122907406004224
1381122733594005504
1381182478266855425
1381182231713091595
1381182208770240513
1381181720121204736
1381181707446054913
1381181706623987714
1381181592249450499
1381181546946826242
1381181359708725248
1381181343007117313
1381181062718558209
1381181062009741317
1381180907764191232
1381180884968210433
1381180826860277760
1381180442850648066
1381180410835705862
1381180397791363073
1381179958152794116
1381179957511122945
1381179685036515331
1381179627234803713
1381179262724677634
1381179031098437632
1381178825581662208
1381178793675603969
1381178539995713541
1381178537298788353
1381178340472725504
1381178190408912896
1381178177834217477
1381178154119786498
1381178150055464960
1381178097714728964
1381178035588636675
1381177759733530629
1381177606452748289
1381177579718197248
1381177482070650880
1381177280857305088
1381176894117216261
1381176854128758785
1381176230725218307
1381175871948619779
1381175724107792385
1381175678318518275
1381174524239081472
1381174519918964748
1381174464872861697
1381174418970443777
1381174384681869312
1381173731855335426
1381173699517149188
1381173536795062283
1381173146724749312
1381173033591799808
1381172986221363201
1381172941182881792
1381172899831234560
1381172787604303872
1381172639138463745
1381172593407918087
1381172341334536194
1381172253300125703
1381172064174870530
1381172039751495680
1381171756048777217
1381171695743041537
1381171659361546240
1381171040768901120
1381170926725828609
1381170582490902530
1381170457240604674
1381170358896693248
1381170302068097025
1381170159621132290
1381170026724622337
1381169982193561602
1381169698134503424
1381169542446080001
1381169463622443010
1381169179395522560
1381169157765533696
1381169001892610049
1381168604272594949
1381168385904496641
1381168144358723586
1381167836454912001
1381167622218252291
1381167510574206976
1381167478198439936
1381212963806273540
1381212905857683456
1381212725481779201
1381212646226206727
1381212436578045958
1381212213625622531
1381212037909512193
1381212037875965955
1381212014484320260
1381211954312847361
1381211805876416513
1381211634425864193
1381211515420868610
1381211341273333760
1381211299091263488
1381211141662253059
1381211119705063427
1381210943179350017
1381210837218656258
1381210835964559362
1381210683807821827
1381210670000136192
1381210651276816387
1381210645840936962
1381210552362500097
1381210431012925441
1381210160123801603
1381209459729428480
1381209242342936581
1381208944555663360
1381208836342747139
1381208758836158464
1381208671812739079
1381208354568146950
1381208279993442308
1381208206828048386
1381207989902745600
1381207203605065730
1381207201356873728
1381207138400411654
1381206981260759041
1381206241393963013
1381205874484654080
1381205855996088321
1381205781400449025
1381205734738731011
1381205645018468357
1381205447387054081
1381205356982984705
1381205198627078145
1381205196487979011
1381204745881321472
1381204511499378693
1381203767299870721
1381203726065659904
1381203435303895045
1381203035565735938
1381203010773250049
1381203000786567169
1381202668916514816
1381202432542212097
1381202393304547330
1381202120880365570
1381202049002573826
1381201987694379009
1381201866713882624
1381201167888347136
1381201073004802048
1381200831672946689
1381200239701463047
1381200113964621833
1381199833403383810
1381199705800126467
1381199695628922881
1381199477604761605
1381199439864422403
1381199019368570887
1381198520389099527
1381198500654944259
1381198476395024386
1381198177714405379
1381198144948609030
1381198071233667073
1381258476698152962
1381258444288749571
1381258046840659969
1381257705923416070
1381257510263345156
1381257389324787715
1381257357724770308
1381257126211952642
1381257092133228548
1381256980640202752
1381256972205391873
1381256932254711811
1381256910733766657
1381256725488078852
1381256429496111112
1381256418712506368
1381256370658369541
1381256363091886081
1381256218673577984
1381256189967802369
1381256147039043591
1381256093037395970
1381256091716227072
1381256005758095364
1381256003862286341
1381255710797926404
1381255591658655745
1381255521982951425
1381255472775376898
1381255364088377344
1381255299772866562
1381255210337775619
1381255065659396101
1381255012177735680
1381254662674903041
1381254387675361280
1381254125984309248
1381254012717166596
1381254003472920577
1381253726099402755
1381253519512989696
1381253462499950593
1381253318765383681
1381253196140646404
1381252990548369411
1381252923347329024
1381252732166811649
1381252691528187907
1381252487378784256
1381252392344289287
1381252313101242394
1381252276342390789
1381252271212793866
1381251417734848514
1381251218383732739
1381250154288799746
1381250133216530434
1381250095367258113
1381250080833949696
1381249967461965824
1381249765241929730
1381249708484612097
1381249489948696579
1381249409070039040
1381249268556689410
1381249246117175296
1381249192266510339
1381248880549969923
1381248875940483077
1381248854796816384
1381248655978594309
1381248605504299008
1381248529243500544
1381248284954611716
1381248169992929284
1381247939113328641
1381247815658184711
1381247773853487106
1381247717922504713
1381247581905317888
1381247460719345665
1381247410119323648
1381247393144958977
1381247366301376515
1381247276891377670
1381247235871084549
1381246991913656326
1381246865845411840
1381246727680851972
1381246564006526976
1381246430900281349
1381246357948731396
1381245950665097216
1381245840761716741
1381245836278046724
1381245661216186376
1381245558875127814
1381245324455464961
1381244869469945862
1381244598136274944
1381244483971514369
1381244479575834625
1381244472953036806
1381244331193999360
1381244197521473538
1381244189455777793
1381244081565798403
1381243925575442433
1381243895703609345
1381243834240266244
1381334777567997952
1381334203539857408
1381334137026527233
1381334013558845446
1381333905609998337
1381333857119707145
1381333756817117186
1381333641314373633
1381333547324121088
1381333414150832131
1381333103814320129
1381333037976260608
1381332929394176008
1381332873865744384
1381332520239833091
1381332495757676546
1381332469685776388
1381332397304729602
1381332330636271616
1381332323489120258
1381332165548474368
1381332098708033548
1381331856856076294
1381331623761883140
1381331537514299393
1381331505411194885
1381331348493848577
1381331105006112771
1381330915574616065
1381330737354436609
1381330652012769281
1381330502632751114
1381330245165400064
1381329900318158860
1381329754956177411
1381329748916367362
1381329256890966024
1381329100586033153
1381328925608046593
1381328827272605700
1381328496526516225
1381328401391357953
1381328383452327945
1381328143680671744
1381327913463734272
1381327733934936067
1381327720991186949
1381327660660502532
1381327398864568324
1381327319927775238
1381326690283032580
1381326592916533252
1381326560419004416
1381326244814278660
1381326048248401920
1381325971362488321
1381325814709510146
1381325760384925701
1381325372000636928
1381325365520523265
1381325246637207554
1381325214424952837
1381324945318322178
1381324942709555200
1381324927484243968
1381324859171569669
1381324633543110656
1381324415808454660
1381324376960856069
1381324197373313027
1381324169934209041
1381324068515897344
1381324041924018183
1381324009581768714
1381323718518042631
1381323612121145351
1381323416356069379
1381323117964976129
1381322853463695363
1381322824225263623
1381322821310283785
1381322503851810821
1381322479789080578
1381322402668421126
1381322215162056709
1381322179824943105
1381322165618900996
1381322136636231683
1381321943236890625
1381321809425993728
1381321766665129991
1381321740714962950
1381321380201906176
1381321379698647042
1381321185594650630
1381321067516547074
1381320832463597570
1381320790902198277
1381320779174842373
1381320656126611459
1381320633401933824
1381320622639247361
1381320472697171969
1381320470247600128
1381320285312454669
1381320081502789639
1381320065811951619
1381320044060286977
1381319927542341633
1381121481950830593
1381120879493586945
1381119807387533317
1381118698107375618
1381117601808576512
1381116276731445251
1381116257727045633
1381116245936893952
1381114521440428032
1381114432999264256
1381113973538500610
1381113685637206018
1381113331986141186
1381113329154985985
1381112561857363968
1381112274501431299
1381112216578101249
1381112097875107840
1381111858313097216
1381111839442997248
1381111646123397121
1381111479588429825
1381111169629487106
1381111119176032262
1381110510909681668
1381110315681742848
1381110170466578435
1381110154377183233
1381110035384766466
1381109814605008901
1381109396831404038
1381109364807852035
1381109231860989955
1381108988859781124
1381108555378524161
1381108408703668227
1381108116687876096
1381108017937014784
1381107283539730432
1381107116019159045
1381107100085026818
1381106996871630848
1381106921088909312
1381106662442930178
1381106562090086404
1381365797306691593
1381365787575914499
1381365650141089795
1381365522789396481
1381365371974905859
1381365296653557763
1381365108933279746
1381365087215230977
1381364823913607168
1381364787347664901
1381364678908125188
1381364547324420100
1381364478357483521
1381364368458268673
1381364158575304708
1381363884968325123
1381363617237504007
1381363454116823060
1381363449398235141
1381363372994744330
1381363334176509955
1381363320326918145
1381363176923619332
1381363171357777922
1381363070031761409
1381363003434676224
1381362867295948802
1381362728607027208
1381362693068705798
1381362333319041037
1381362298502152193
1381362205241835523
1381361725249892357
1381361539270250497
1381361304565379075
1381360950658351106
1381360869662027777
1381360867892158466
1381360673326829569
1381360580150329344
1381360464748294149
1381360396183932934
1381359993132290054
1381359749535567874
1381359614399193088
1381359375575617538
1381359063531945985
1381358989724819460
1381358956728225795
1381358881998184449
1381358537125810180
1381358508591943682
1381358451633356802
1381358337585995778
1381358114688143367
1381358057246969860
1381358057049886722
1381357665486520330
1381357352994156550
1381357220605132802
1381357170705498116
1381357018225729541
1381356906883727368
1381356878031114240
1381356817951956993
1381356796242227206
1381356729120739330
1381356708539342850
1381356572102832130
1381356439705423875
1381355883481948162
1381355767371067392
1381355741286694914
1381354901889032197
1381354738025922571
1381354709563408385
1381354579967807489
1381354543271792646
1381354469502418953
1381354458555281416
1381354363982131201
1381354358403649538
1381354346340880384
1381354263020986373
1381354142724153346
1381354117826805760
1381354100227514368
1381353941217251329
1381353937954029571
1381353936435691526
1381353772073517062
1381353771842818053
1381353618805260289
1381353509497475075
1381353464433893380
1381352964439298054
1381352805542334465
1381352780871307266
1381352322337492995
1381352217496674320
1381352180314177544
1381352138266312709
1381352087628431365
1381351698971639811
1381351671041830912
1381351354610880517
1381351231411658752
1381351025571946499
1381350944550555653
1381090968288563201
1381090929654775810
1381090854618726403
1381090779268014087
1381090296868392964
1381090219089362952
1381090180673777670
1381090046506270723
1381089970270601220
1381089939845156867
1381089742725414915
1381089661653811203
1381089624269811717
1381088640198135808
1381088494672564224
1381088292712677376
1381088092329807874
1381087090147004417
1381087073571065858
1381086914636316672
1381086241702170624
1381085761525714945
1381085561612500992
1381085439780589576
1381085397611122689
1381085376656236547
1381085299607007238
1381084511950282752
1381084372036681729
1381083437906456576
1381082234065674242
1381082222065684481
1381082170765230085
1381082086061260805
1381081968872288257
1381081766862024706
1381081620850049024
1381081218595266562
1381080651621879815
1381078639660445697
1381078589718810625
1381078512589737985
1381078112667115520
1381077644087812096
1381077639176323074
1381077528685780992
1381077403338952707
1381077311139745792
1381076662176071687
1381076229932081154
1381304513722728450
1381304436165804032
1381304119332384770
1381303892370190338
1381303885017579521
1381303538777784325
1381303193619992577
1381303177044168704
1381303029362786308
1381303015764865026
1381303010698072072
1381302970218905603
1381302850337320966
1381302721794424838
1381302637824446467
1381302583365677064
1381302273381400579
1381302202459951106
1381302158260236288
1381302013451993088
1381301980279185410
1381301919168204802
1381301518536736771
1381301367910842369
1381301307596750849
1381301254769541124
1381300578354102273
1381300494409285635
1381300388851245060
1381300341816270851
1381300278679470081
1381300138551996427
1381300021937733633
1381300002081943555
1381299890974826499
1381298867124236290
1381298770177064970
1381298767824031744
1381298641776873476
1381298471026704390
1381298040947019776
1381298035255304192
1381297962408640518
1381297860885454849
1381297704492544002
1381297693427896325
1381297692626857987
1381297665837793281
1381297436581359617
1381297261645336585
1381296973433688065
1381296850070814721
1381296769267609603
1381296763827539968
1381296648232525827
1381296531274354691
1381296519387754501
1381296366308229120
1381296334355845120
1381296288864509954
1381295892205076483
1381295856096264193
1381295855458738178
1381295796205797383
1381295640152567814
1381295539841507332
1381295455133437952
1381295427488784387
1381295425899073541
1381295276061814788
1381295227516903426
1381295212497100803
1381295073955094529
1381294932875472896
1381294924558131203
1381294787576348680
1381294784564887552
1381294727727734784
1381294664200941569
1381294492406407177
1381294491659812867
1381294474714869762
1381294451348344833
1381294225988407297
1381294094534782980
1381293871066443780
1381293710667882497
1381293663507128334
1381293584230584321
1381293527120896001
1381293345901842433
1381293082512138241
1381292773920346113
1381292693834317824
1381292678353203201
1381292640356999172
1381292590415417344
1381292270582906884
1381292136696528899
1381291661343531011
1381291323999858696
1381290768074178565
1381290763221401600
1381290750315540480
1381290742501539842
1381290480093265922
1381290357032423425
1381290025938264069
1381289915539976195
1381289686132461571
1381380991378456579
1381380930040819713
1381380888836108288
1381380745428631555
1381380619196719105
1381380259526930436
1381380173438840834
1381380043583197194
1381379983420047360
1381379915803680769
1381379761235062784
1381379672848601093
1381379563180204047
1381379484163710984
1381377984372817923
1381377523980832772
1381377523641159680
1381377422021525508
1381377351968165890
1381377283802329088
1381376964498427907
1381376746369511430
1381376571299262467
1381376433491152903
1381376423068323841
1381376390566658054
1381376279954477057
1381376240372879364
1381376165194178561
1381376093186363398
1381375804869898240
1381375777862729732
1381375772569505798
1381375514384945155
1381375507028078592
1381374667148042244
1381374435618217984
1381374422485991429
1381374419927457801
1381374162434936843
1381374127576072194
1381373841683984387
1381373619859824644
1381373299888857090
1381373272655327232
1381373207287058441
1381373171589378061
1381372993910276105
1381372763798114305
1381372014615748614
1381371998530531333
1381371997473624067
1381371774546370562
1381371330969415682
1381371264854585348
1381371010818117633
1381371009496932353
1381370946381045760
1381370526988345345
1381370418137858054
1381370161626746885
1381370089107230721
1381369759334301709
1381369511144648705
1381369282819407873
1381369267409596416
1381369130960437249
1381368997560643590
1381368636586258433
1381368544458379271
1381368455534931971
1381368383774453764
1381368105629319174
1381367893590413315
1381367866759479298
1381367660697518080
1381367342882504704
1381367197348597762
1381367166235246598
1381367077001367560
1381367035129704450
1381366797379776514
1381366751242432525
1381366596690567170
1381366591204556805
1381366558707048461
1381366553816535058
1381366452972834818
1381366450988986370
1381366133643747335
1381366081332318212
1381075726347165696
1381075330526498816
1381075215841591298
1381075076943077383
1381075074527150083
1381075067950534656
1381075067728171008
1381074896038600706
1381074598620446722
1381074135284133889
1381073847819108354
1381073761626021890
1381073465839648769
1381073416615235585
1381072846387097602
1381072613850681345
1381072472636846087
1381072264855175169
1381072247725641729
1381071991613091840
1381071922369269762
1381071808682676224
1381071634375843844
1381071401969446916
1381071248281759744
1381071079561641988
1381070277480697858
1381070103412899843
1381070095066206211
1381069082187943941
1381069071827996678
1381068736828952576
1381068614237839363
1381068347719131137
1381068113299582978
1381067940079017987
1381067648549720066
1381067644351176710
1381067559504601089
1381067290507161600
1381067185968275463
1381066767204777988
1381066652721233920
1381066452917182470
1381066163740901379
1381066004265111552
1381065491469500421
1381065434879905795
1381065282257571841
1381065178939277314
1381063624702234624
1381063613478240260
1381063076020125696
1381063013759913986
1381062747992043521
1381062526897680384
1381062341274505220
1381062320139423748
1381062312614748164
1381062215495790593
1381062204858961920
1381061848376569858
1381061829619769344
1381061704281423873
1381061666427781120
1381060962258726914
1381060931694772231
1381228119735074817
1381228099103297536
1381228067402752003
1381227992232366081
1381227891535577089
1381227850297131013
1381227844152524807
1381227784354340867
1381227714653286402
1381227574374895617
1381227538169618436
1381227318547517441
1381227310062440449
1381227130365837315
1381227032756039682
1381226915458060289
1381226853374029824
1381226693235445763
1381226618581028867
1381226475064545284
1381226419204849669
1381226260592988166
1381226257095004161
1381226072486903812
1381225995793887232
1381225846871101441
1381225778730434563
1381225600929632256
1381225574291619841
1381225500518006786
1381225411925962755
1381225395052290050
1381225206937755648
1381225198255538177
1381225163971305475
1381225095906070531
1381225070127878148
1381225053224722436
1381224889038868481
1381224864904794116
1381224651150426113
1381224180817883138
1381224141173444612
1381224091299016705
1381224056972804097
1381224053655150595
1381223998600658944
1381223997698932741
1381223874218577924
1381223813673848833
1381223726990163973
1381223523398586376
1381223146586537993
1381223137266786310
1381223095978110988
1381222792134328320
1381222770126823430
1381222654569504770
1381222643500679172
1381222521245216777
1381222492673564673
1381222260749565955
1381222033980276742
1381221446328930305
1381221330939375621
1381221280888721410
1381221180078747649
1381221094221316096
1381220999572688896
1381220930316292100
1381220770454630400
1381220502522445831
1381220476190662661
1381220269017169923
1381220256430096385
1381220186678759432
1381219727775657984
1381219697748803589
1381219620959498240
1381218944359469056
1381218896997408769
1381218841607409664
1381218540385099777
1381218339993845763
1381218259320639488
1381218174952206337
1381218021759455233
1381217919766388741
1381217908601196547
1381217585295990785
1381217569407967235
1381217347780886532
1381217273722114049
1381217165559271426
1381217009552228352
1381216783680569344
1381216624045391878
1381216477659947017
1381216405245280260
1381216341110185985
1381216289163784196
1381216255856812032
1381216135291539458
1381216091440091142
1381216034812743683
1381216019226722305
1381215727135383555
1381215688329678858
1381215189698293760
1381215172522602501
1381214901373296652
1381214897535651845
1381214725267189761
1381214166392922114
1381213930102611968
1381213891825393664
1381213803598258177
1381213503806185472
1381213402455027717
1381213251380379652
1381044789391527936
1381044525540462592
1381044337061068804
1381043810646421504
1381043534564757504
1381043072813817857
1381042726368645126
1381041512725803009
1381040723567476738
1381040544034533382
1381040437356601345
1381040318485762059
1381039699402326019
1381039446762647552
1381039377514520576
1381038660636786688
1381038124499865604
1381037926306488325
1381037921290051584
1381037750749519876
1381037711205732352
1381037634739445760
1381037124649123840
1381036858163924996
1381036058280919042
1381035965528047619
1381034982244777991
1381034756989587456
1381034408216498176
1381151941288472578
1381151806206713857
1381151411984076801
1381151345936326656
1381150766962999296
1381150759652319233
1381150722591494146
1381150722214006784
1381150349696843786
1381149865477017600
1381149516288688128
1381149469543178240
1381149373585842176
1381148878607630336
1381148091517181952
1381147941570813956
1381147847207251970
1381147741468848130
1381147690487189505
1381147652323221505
1381147514385039360
1381147353361440770
1381147305814994944
1381147255160311808
1381146731828674562
1381146219859243008
1381146214398369797
1381145902119854084
1381145882553376770
1381145822226743298
1381145516881367041
1381145472019001349
1381144824229859331
1381144734496870401
1381144397836865536
1381144372956303361
1381143793286660097
1381143431741763589
1381143338137554944
1381142953981272068
1381142878760603650
1381142469857964032
1381142351259652098
1381142335812165634
1381142263309418501
1381142213443387397
1381142110972297216
1381142048674353153
1381141823746375680
1381141550562861057
1381141497727303681
1381141168717635589
1381140649056014336
1381140619372986370
1381140033260843010
1381139834597646337
1381139194152648707
1381139166465953795
1381139053534306305
1381138514566385667
1381138449302978560
1381138431321997312
1381138288749248512
1381138285838352385
1381137933894352897
1381137833226874881
1381137439343968257
1381137124188160001
1381136908009476096
1381350681374814214
1381350391036661767
1381350081228644352
1381349903503405064
1381349664537055243
1381349656068771840
1381348926557683714
1381348621266784256
1381348466438373381
1381348385660280834
1381348222946447367
1381348092868497420
1381348056734568456
1381347678244704256
1381347549810892806
1381347503602331653
1381347449365803015
1381347232943906819
1381347103507550208
1381347093370048514
1381346895994499080
1381346851887198208
1381346102234976261
1381345973033648136
1381345927999332353
1381345797657231370
1381345792175259649
1381345771333767170
1381345756506955779
1381345755852644361
1381345636746981380
1381345406764916742
1381344928878493696
1381344779292831748
1381344682102427652
1381344545204539393
1381344428799975431
1381344292439011329
1381344145017499650
1381343702992384000
1381343696227069954
1381343654703423498
1381343138468478985
1381343002971496451
1381342998764601350
1381342871710801928
1381342862223151107
1381342858796539913
1381342719956684810
1381342611332608001
1381342528029483010
1381342051254566916
1381341845226196996
1381341646562951173
1381341304001593344
1381340541716156418
1381340074734915591
1381339936025116674
1381339427625132039
1381339413838450688
1381339250906566661
1381339143607828488
1381338606002872320
1381338115428790274
1381337924269137922
1381337506940129288
1381336655458488320
1381336537837674498
1381336466194718720
1381335695147536393
1381335685983055879
1381106334612000768
1381105981053042688
1381105519830708231
1381104985556017154
1381104846972059648
1381104739144843268
1381104604008624131
1381104323170611202
1381104262340603906
1381104130610114560
1381103964691763200
1381103785590849536
1381103464462184453
1381102889758826498
1381102556416462851
1381102499873050625
1381101762732494849
1381101576702603268
1381100458215927810
1381099808702701568
1381099189531201544
1381098431008104452
1381098302414929920
1381098022856196097
1381097631980589056
1381096820122718208
1381095564515893257
1381095368331558912
1381094985177559040
1381094811474726912
1381093908420161536
1381093904108376069
1381093685388046336
1381093544828489730
1381093455196258304
1381093215718289409
1381092927905087489
1381092595745579008
1381092375234232323
1381092221131296770
1381092186402381826
1381092111739719680
1381091797225590790
1381091510326804480
1381091422313406464
1381091396954824705
1381091320471642113
1381167227156697093
1381167208970211328
1381166591627440128
1381166463424344064
1381166397250764800
1381166147316420608
1381166084301103105
1381165987412668417
1381165300863787010
1381165239694155778
1381164692933111813
1381164648255393792
1381164487605112834
1381164367928983553
1381164171862097921
1381164031294140417
1381163911723036677
1381163844899246083
1381163796719411201
1381163780361613315
1381163407471181825
1381163275640057857
1381162873494331393
1381162808960815107
1381162800366546949
1381162301089325056
1381162152921333760
1381162050144112645
1381162034134417408
1381161781293412355
1381161555971178497
1381161379504259072
1381161311128711171
1381161254115508229
1381161004143366149
1381160923675693057
1381160866725396480
1381160845481238531
1381160788195475456
1381160677243551749
1381160603784478723
1381160231179329536
1381159936504258560
1381159879696605184
1381159793394655232
1381159669901721603
1381159555804110850
1381159546610184195
1381159384282230784
1381159217495744520
1381159147815759875
1381158377770909696
1381158271910694918
1381158086115610627
1381158083326586881
1381157928900657153
1381157888866062336
1381157857148727298
1381157746616066049
1381157609462464512
1381157257086259200
1381156930966712320
1381156924989845505
1381156797747200002
1381156547431079936
1381156429365706752
1381156148439613442
1381156147856605186
1381155909808832512
1381155604618735621
1381155602261442560
1381155577468964864
1381155412473446403
1381155371755171843
1381154978010689538
1381154714285301761
1381154249426546688
1381154182116302848
1381153830658772992
1381153565591343104
1381153340080406530
1381153072928395264
1381152840052248576
1381152798713188352
1381152748410900482
1381152224319991813
1381152221115596803
1381197783974215685
1381197481984323585
1381196732038410242
1381196704477757443
1381196095980765184
1381196085398544385
1381195740870021121
1381195634502463489
1381195551073525763
1381195492147728384
1381195360706703361
1381195199821590529
1381195027116867585
1381194980081815552
1381194713865330691
1381194665760862210
1381194455693336579
1381194444721029120
1381194285635276800
1381194160787447809
1381193915320139777
1381193889202192388
1381193796394889216
1381193700462620679
1381193612185239553
1381193603708551169
1381193481448792071
1381193347981836290
1381193094591299584
1381193003830800384
1381192745021280257
1381192621742288898
1381192077346807810
1381191847394021376
1381191735389253635
1381191678934069253
1381191505361174528
1381191122417037316
1381191094302543872
1381190882490114048
1381190864203100162
1381190825393160195
1381190491954421763
1381190104564256769
1381190054966607875
1381189489591263236
1381189241804361729
1381189241531695104
1381189178231250944
1381188885460451329
1381188847451713536
1381188824924102657
1381188718644592644
1381188596930072576
1381188499605491715
1381188416155566080
1381188368483123200
1381188343627620354
1381188191378669568
1381188167097798657
1381188137263759360
1381187889325821952
1381187658798481413
1381187529836204036
1381187434285838337
1381187249459576832
1381187030969954305
1381186818431930371
1381186546863341570
1381186204062846976
1381186018393620481
1381185877922168834
1381185774398410755
1381185561147346944
1381185284134608896
1381185279684444163
1381185159488282626
1381184847276777483
1381184804142505985
1381184466647986176
1381184378273927173
1381184339057246210
1381184255347294209
1381184073691987968
1381184001763803137
1381183876194824194
1381183856930213894
1381183573936455681
1381183456068186118
1381183313558302720
1381183299415126018
1381182811269390336
1381243377400868866
1381243312145719301
1381243306156429326
1381243077965275137
1381242889943011329
1381242683046428672
1381242616017207297
1381242538837872640
1381242221085696008
1381242043888926722
1381241676182740994
1381241486415704064
1381241343305990144
1381241204206096387
1381241126007492608
1381240960227639298
1381240895698165763
1381240860042350593
1381240729851326469
1381240683466534913
1381240520232554497
1381240504751435786
1381240419422502914
1381240131307339776
1381240009571897345
1381239920149155840
1381239743900438536
1381239418128842752
1381239359219843077
1381239252583731200
1381239048111489027
1381239015311994880
1381238918008344576
1381238659966468099
1381238653926703111
1381238578064277508
1381238380969795588
1381238378537086978
1381238353576738821
1381238307045179397
1381238282672087047
1381237970099929095
1381237903171457033
1381237744639340547
1381237455777632260
1381237386076696585
1381237265129746439
1381237259182219265
1381237218807791616
1381237201837625344
1381237043322363909
1381236893946351619
1381236722500038659
1381236654355197954
1381236638316163081
1381236515599159297
1381236320740196352
1381236248845619201
1381236028309180416
1381236000572256257
1381235919232106498
1381235893659439110
1381235601735815172
1381235553660760065
1381235296847724555
1381235188924055552
1381235139796164610
1381235128328974338
1381235064013430787
1381234964327456775
1381234828549488641
1381234824686534657
1381234260229644291
1381234098698588160
1381234044239667205
1381234020374171651
1381233902157770754
1381233817596334083
1381233748969193474
1381233582757191681
1381233421347913729
1381232258825195530
1381232221412003844
1381232216009805824
1381232124108410887
1381232018919411712
1381231911759151107
1381231734599995394
1381231701322571777
1381231701221855232
1381231651192254466
1381231635023196164
1381231391757766656
1381231361185447948
1381231343686856704
1381231132209868807
1381230965821894657
1381230864483377152
1381230848809299973
1381230093683548160
1381230008031674371
1381229978432442369
1381229899927728129
1381229841773690883
1381229741072642052
1381229522612318208
1381229510113251331
1381229203350286337
1381229075151388678
1381229066657820675
1381229050157481986
1381228945799053312
1381228931467075595
1381228925339242498
1381228823753162756
1381228644438265859
1381228625819799553
1381228490645721088
1381228440888737794
1381273910285639685
1381273649546731521
1381273351705001988
1381273071156350984
1381272823247814657
1381272660861157380
1381272485652467715
1381272195175960578
1381272192571355137
1381271943844880392
1381271658200174596
1381271577342439424
1381271405875097602
1381271379924910083
1381271320621690881
1381270994866823173
1381270961031352324
1381270753459441674
1381270617819860997
1381270104231530503
1381270026959921152
1381269821497745414
1381269631801888768
1381269497315799048
1381269457797021696
1381269371574702087
1381269230805454853
1381269208739291142
1381269190162669570
1381269061506568195
1381268853720805376
1381268559268044801
1381268457933660161
1381268040751443969
1381267993087344640
1381267903190810624
1381267851944853504
1381267846349660164
1381267737260011521
1381267690501910532
1381267440236105736
1381267361311944704
1381267325857447937
1381266987167453188
1381266748880650246
1381266502318440452
1381266312484294662
1381266286169182211
1381266254128898048
1381266063925592065
1381265913291415561
1381265874628280329
1381265804663095304
1381265763013697538
1381265737797533705
1381265647070502915
1381265578095153154
1381265371857047554
1381265290479202313
1381265274243055617
1381265251627319299
1381265148204158985
1381265110463868932
1381265038506360836
1381265014158286850
1381264976539643911
1381264687120060418
1381264668568739840
1381264609982681093
1381264532035805185
1381264350896390144
1381264241571811331
1381264218637402113
1381264061183168515
1381263752557948935
1381263696257748994
1381263465503993856
1381263402090299393
1381263389901664265
1381263176172376065
1381263158208237568
1381262919216852993
1381262842695933955
1381262761569714182
1381262679940153350
1381262636466118658
1381262566903705606
1381262550566854658
1381262430421012483
1381262402801561603
1381262375853101067
1381262373764403214
1381262288758407171
1381262271184273413
1381262250850275331
1381262142595293186
1381262009992368128
1381261984121946119
1381261931064004609
1381261919621943299
1381261828286783489
1381261819138994183
1381261706559561728
1381261639270469636
1381261556109910023
1381261492444626945
1381261392364376064
1381261193436880896
1381261085009969160
1381261064659214337
1381261060846542849
1381260985730748425
1381260820693258244
1381260770449756163
1381260703101771779
1381260667278213125
1381260628111753223
1381260483345461252
1381260331759112193
1381260109968367617
1381260097008062464
1381260087092731908
1381260017433731072
1381259778605846533
1381259749916876805
1381259340670193668
1381259330062794755
1381259074659049478
1381258836179308548
