1361643374856400897
1361642842578386944
1361642714182344704
1361642458468204545
1361642326729379843
1361641898096607241
1361641739124158467
1361641640805376000
1361641393022791685
1361641349540433922
1361639343128014848
1361638624106790912
1361638114989662211
1361637601569107969
1361637537391910913
1361636959106588672
1361636426169933828
1361636289318117380
1361636230836989958
1361636031515275269
1361635549195497473
1361634760997691392
1361634151833698304
1361633848052826114
1361633297558863873
1361632969002205185
1361632952904347650
1361632188022853633
1361631534168633350
1361631206396350464
1361631039018442754
1361630803910885377
1361630627280412673
1361630078514434054
1361629859215257600
1361628533752274944
1361487046293000192
1361487010226126848
1361486326202130438
1361485816783015940
1361485735682007041
1361485704342237188
1361485267878699016
1361484790554320896
1361484597561860098
1361484597205295107
1361482794556416001
1361482522660601862
1361482024482144256
1361481828536905730
1361481818705379330
1361481816570478592
1361481815459041284
1361481649230389249
1361481343729770497
1361480928715886593
1361480360631169034
1361480217521491968
1361479978056056832
1361479768231788547
1361479627177267206
1361479607883616263
1361479270774808579
1361479054965288961
1361478306714034176
1361477078789554176
1361476843937890305
1361476829031391233
1361476791437844487
1361476599963648002
1361476287026647043
1361476177353867264
1361475286483795971
1361475044719878145
1361474803392208896
1361474496490844161
1361474458783866880
1361474225551376395
1361473979244965888
1361473773166342147
1361472307848486912
1361472104873529346
1361704925575716869
1361704245578395655
1361703961976168451
1361703944960036867
1361703917214703620
1361703798205517825
1361703356935323650
1361703086155313155
1361702883406848001
1361702622672125956
1361701227483037704
1361700530310045700
1361699831971008519
1361699567515893763
1361698986604847104
1361697443503554560
1361697440651444225
1361696969475969024
1361696154342277122
1361696078417059849
1361695914558185475
1361695384100339716
1361694684171677703
1361693962680033281
1361693384105197573
1361693214844067842
1361692795535294469
1361692288473260035
1361692283251404800
1361692056800923648
1361691793453105154
1361691551538241540
1361690333780787200
1361689969614585858
1361720552512253953
1361720426628599821
1361719728927109125
1361719249954361347
1361719166219280393
1361719024468582400
1361718878905204742
1361717865175519240
1361717249015484418
1361717030894862338
1361716952855674883
1361716888645074947
1361716874845712384
1361716346724171780
1361715993790283777
1361715509130108933
1361715314120032258
1361714440845025293
1361714148443377668
1361714146602061835
1361714041610260490
1361713393812537345
1361713348765712391
1361713333523468289
1361713242167508993
1361712719125094402
1361712383970975744
1361712229540716544
1361712056160894977
1361711952863653890
1361711722168537091
1361710873933398028
1361710860721213441
1361710605535698947
1361710375138451457
1361710289595547650
1361710039485022212
1361709913798549507
1361709367167442945
1361709323211182080
1361709111448989697
1361709036706689028
1361708807206957058
1361708756896272387
1361708665510760463
1361707773977845769
1361707438022549506
1361707419236249611
1361707148967874566
1361707074527387654
1361705541953859584
1361796665838084098
1361796602407575552
1361796544555409410
1361796435432402944
1361796204703735813
1361795417399324678
1361795097696829440
1361795051156893700
1361794981208477696
1361794512503279617
1361794277790134272
1361794243807838209
1361793861643886595
1361793754781409286
1361793701169614856
1361793211036037121
1361792425526779905
1361792295205486595
1361792080356458496
1361791178128113665
1361791161040392192
1361790976398790656
1361790238004285440
1361789785673789441
1361789757571784705
1361789738743697408
1361788906966949889
1361788861475663872
1361788524735967234
1361788356829597699
1361788095109226498
1361787091953324038
1361785700639596544
1361785237462777861
1361785106877325313
1361784359334871043
1361784248756224002
1361783917683093507
1361783870312636421
1361783073264795651
1361782648461533189
1361781997807484928
1361596907274051584
1361596810935074816
1361595591109742595
1361595391804923907
1361595388193603585
1361595031744884736
1361594846843187200
1361594615942574080
1361593993340088320
1361593357735129093
1361592937679888384
1361592746423820288
1361591765644566529
1361591765556473856
1361591472982786049
1361590862283694082
1361590473371041795
1361590225093283840
1361590011532091392
1361589647969771520
1361588669652549637
1361588281163583488
1361587982558326784
1361587617750523904
1361587451429445632
1361586722174341120
1361585830679240704
1361585165944946690
1361583631093952514
1361583601746276356
1361583581286588419
1361582996164399105
1361582907039440901
1361582852492517379
1361582587618074626
1361582517258760196
1361582342578577408
1361674195709657088
1361673889584009219
1361672840995479557
1361672186122014723
1361671936917528578
1361669773235544064
1361669670768623620
1361668743831691269
1361668699254644738
1361668376628764676
1361667793079459842
1361667720547344385
1361667282661965824
1361666929925255172
1361666353548115968
1361666324250955777
1361666218894233605
1361666083586002944
1361666073741918209
1361665847811579908
1361665521272389632
1361665176022355974
1361665170104328192
1361664917267431426
1361664906039328769
1361664468715978753
1361664269301989376
1361664230647345159
1361663645827104771
1361663150618255360
1361663107941208065
1361662717413781506
1361660964777639940
1361660296293679107
1361659542543601664
1361659274900955139
1361659242097172483
1361517706755809283
1361517458696331264
1361516675770818562
1361516298786787329
1361516061862948865
1361514947629391872
1361514268839976964
1361514257406455808
1361513974324490240
1361513580932161536
1361512291833888770
1361512198804234246
1361511708657868800
1361511295799992325
1361510725005541385
1361510581656838146
1361510463763283969
1361510367122366465
1361509616232849408
1361509009082245121
1361507758017818624
1361506585495756807
1361506501257351174
1361506090693898240
1361505252550270976
1361504913310760965
1361503839292129283
1361502939123249155
1361502804603502592
1361689460476379136
1361688937069182981
1361688449435242498
1361688411233476612
1361688292211752968
1361687997473820675
1361687579947630598
1361687016811999239
1361687007085408258
1361686201883852804
1361686165372428288
1361685901538074632
1361685893640167424
1361685812715401219
1361685187244011522
1361684788642533381
1361684787363201028
1361684742832275458
1361684497297768459
1361684454104793088
1361684423192829956
1361684356893450241
1361684310424752128
1361684140492488705
1361683614287736840
1361682787745546242
1361682764563697666
1361682603175268354
1361681421111349248
1361681318552227844
1361681219969310730
1361680165156356099
1361679909253431297
1361679900206379010
1361679413134426112
1361679332767367172
1361679277272498183
1361679253167833090
1361679244775084033
1361678847859716096
1361678718742257664
1361678587695419400
1361678370166239238
1361678289899843585
1361677736528523264
1361676700845826049
1361676284124880898
1361676237073219587
1361676231008206854
1361676084123627521
1361676053643751432
1361675819932876801
1361675677406265345
1361675630564278275
1361674601856716800
1361658886101610496
1361657832202903555
1361656170310680577
1361656072575008768
1361655450379296772
1361655055779258369
1361655017384652807
1361654856239484930
1361654713788334086
1361653978203832323
1361653756375392257
1361652711901581312
1361652664203759621
1361652393256103939
1361652229015560192
1361652022085373952
1361651727259348995
1361651411268890625
1361650081246642177
1361649994495897609
1361649529217560576
1361648466418692100
1361647510515777538
1361647412125794310
1361646883681280001
1361646189247102979
1361645591844048898
1361644510170796033
1361644181978980352
1361644076659920902
1361627889825890305
1361627211426451462
1361626925974839299
1361626607316828162
1361625156813209601
1361623952783794177
1361623227731238913
1361623109909045248
1361622642797797378
1361622603039977473
1361622027518500864
1361621163982602241
1361620752915644417
1361619215439036420
1361617954836742145
1361617939905019905
1361617536786325504
1361616729651245056
1361616068150763522
1361614611401867266
1361612847642517506
1361612569249599492
1361612298016546816
1361611559789883392
1361611046625157126
1361610940769308674
1361610901640650755
1361610712091676673
1361610059214651392
1361609873126006788
1361609096118509570
1361607897902366722
1361606534451576832
1361605120304185345
1361604814434623493
1361603950617632770
1361602902729494528
1361602040133279748
1361601503132278789
1361601174584127489
1361600875957915649
1361598197832024065
1361597999785328642
1361597721174491138
1361735754544795648
1361735155744964608
1361734589480394752
1361734548267036677
1361734355132030976
1361733874989084674
1361733739697569798
1361733530217287680
1361733244614414338
1361732827969159176
1361732742115962885
1361732387047170048
1361732337206108162
1361731903959744515
1361731483308855297
1361731344548704257
1361731295278075907
1361731139514159111
1361731118672748544
1361730600105820163
1361730360090976259
1361730036315922432
1361729642311208964
1361729103016189953
1361728727516872717
1361728643349635072
1361728580833718279
1361728328609112065
1361728114817130499
1361727995468259339
1361727927390334981
1361727188639363074
1361727115603947521
1361727076085207041
1361727029746536448
1361726893138075648
1361726302441586698
1361725352788119554
1361725341161689092
1361724533812649991
1361724527282163717
1361724169101180932
1361724034786996231
1361723552735637505
1361723242759806985
1361722927218102273
1361722384894611460
1361722358948585478
1361722308398841856
1361722150466580482
1361722025707008006
1361721575796531207
1361721115396177926
1361721044722188288
1361720968033542146
1361565411490242560
1361565245420888071
1361563505623781376
1361563322403979264
1361563270071656450
1361563213465288705
1361563036570382342
1361562838532296706
1361562556826079233
1361562430719946757
1361562353343561735
1361562034995933191
1361561693692698624
1361559620838326277
1361559516521791497
1361558998495817728
1361558857407864836
1361558838999085056
1361558732505710592
1361558529610555397
1361557568146067457
1361556664202252290
1361556455237709824
1361554636549726214
1361553563147788292
1361552613691457543
1361551551408443394
1361551540293525505
1361551511873060864
1361551081663266818
1361550949488029698
1361550929380732928
1361550842512424960
1361550739886116867
1361550421341446145
1361502306072731653
1361502093643714560
1361501941612822532
1361501777900756994
1361501484375023617
1361501332767727616
1361501132024139778
1361500400139001860
1361500303661629443
1361499979441872902
1361499799829311493
1361499763783401473
1361499575144521728
1361499414494380032
1361498677278294020
1361498638887899136
1361498430766473216
1361498244124131329
1361498094395875329
1361497905216049162
1361497894575108100
1361497778908770310
1361496862180536320
1361496761953628161
1361496487071518720
1361495512872968192
1361495040237969409
1361494784548855813
1361494427508871169
1361494343563976705
1361494206573805569
1361493998800674817
1361493745036890114
1361493530011709440
1361493441616707586
1361493283923521537
1361493149655437313
1361493019531313152
1361492837431472130
1361492812500459527
1361491903091535872
1361491721096486916
1361491620059840515
1361490829869805570
1361490388746448899
1361490324334460932
1361490298837295111
1361489743146590211
1361489213468909568
1361488846865780736
1361488604778889219
1361487521293758465
1361487342041759747
1361487308537679877
1361487226807410688
1361766125697179648
1361766012107059203
1361765978963517440
1361765978871324672
1361765794598674433
1361765630790295555
1361765539870367746
1361765372828012547
1361765334349471746
1361765276228976649
1361765215235235840
1361765201691967489
1361765132133613570
1361765021274017798
1361764878231494660
1361764853493415941
1361764797705039877
1361764312965025793
1361764267956068356
1361764140008767495
1361763889088761857
1361763396329201665
1361763318298521603
1361763002152865794
1361762846023983104
1361762373867081736
1361762098800455680
1361761732453146634
1361761674605264896
1361761574541754373
1361761562378309636
1361761521131470850
1361761292541902848
1361761255770513412
1361761254113689602
1361761230340431872
1361761161079832577
1361761045967216640
1361760945106780161
1361760908897353729
1361760566583386112
1361760541505703947
1361760514519560202
1361760505271103488
1361760036293398538
1361759727831646214
1361759539352268806
1361759396116762624
1361759135554035717
1361759078511480835
1361758701929984001
1361758644782592003
1361758103671169024
1361758054748991489
1361757582336151552
1361757581094629377
1361757528368033792
1361757488404697099
1361757444024729607
1361757281608687616
1361757227070160905
1361756875692384257
1361755414665310209
1361755372726419456
1361755231453872129
1361755153276223501
1361754772437630980
1361754623984373762
1361754563682979843
1361754338763431942
1361754158097981443
1361754031547441152
1361753598170828800
1361753505426518021
1361753452095897600
1361753380599832582
1361753139834204161
1361753089779380228
1361752850532093953
1361752822677700611
1361752612224262147
1361752563469672450
1361752499745660931
1361752391314526208
1361752199798341633
1361752093992886272
1361752079103102981
1361752067467976706
1361751493012054023
1361751384039845890
1361751103122141187
1361581562748411904
1361580985255677952
1361580493137977344
1361579516150358016
1361579512522227714
1361579175178506240
1361578146982682628
1361576798732050433
1361575267915816963
1361574192999772163
1361573406106214400
1361572310881210368
1361571071275659268
1361570930259034112
1361570769067728896
1361570511172628481
1361570269895274496
1361570006081888260
1361569836661366784
1361569776682889218
1361569625025228800
1361569401271640067
1361569211294904321
1361568606476251138
1361568319988400130
1361567646035021825
1361566905274937346
1361533640681943043
1361532445426769920
1361532047723028481
1361531801966100480
1361529781255344129
1361529561662504961
1361528726245187585
1361528099725324288
1361528037548773381
1361526980244627456
1361526802339004421
1361525963486420993
1361524829946601476
1361524036132560896
1361523905190453254
1361523642496999428
1361523483323293698
1361523283863166978
1361522995257176066
1361520954904637441
1361520788407394312
1361520517438660611
1361520446651383810
1361520110687588355
1361519630225965057
1361518699979694081
1361812136473714691
1361811895016058880
1361810667364360192
1361809988256231426
1361808216787726337
1361807559821295617
1361807353180540928
1361806794625056772
1361805963410300929
1361803970147090433
1361803470701948930
1361803347469115392
1361803035442249737
1361802842818895881
1361802393931948036
1361802176880922626
1361801938640101377
1361800714956148737
1361800218296152065
1361800123974635523
1361800030143840259
1361799913781215232
1361799788421926912
1361799210790748161
1361799012937064448
1361798922059067400
1361798260273381381
1361798104555679745
1361797041186238465
1361781391210536968
1361780852766687239
1361780499157516294
1361780042657914881
1361779925867507722
1361779750453321742
1361779630601076736
1361779368691924993
1361778903895916546
1361778770898677760
1361778673771282439
1361778490383732746
1361778232908013573
1361778206739750913
1361777808754827266
1361777096985636871
1361776861081174028
1361776781083226112
1361776117435281411
1361776063735603208
1361775383016800266
1361775266104823809
1361774849190936590
1361773733334179840
1361773526437548039
1361773446070497282
1361772266376335367
1361772132653539330
1361771863932829711
1361771267691528199
1361770050714169344
1361769375552921607
1361769185630543872
1361768442525847559
1361768333452967948
1361768090120421377
1361767969777463303
1361767964383604740
1361767912864940038
1361767770690617345
1361767684455755776
1361767599479140356
1361767452737175561
1361767407547801605
1361767326350249984
1361767097437626368
1361767041414365188
1361766996120068096
1361766805140725761
1361766680091836419
1361766307176316928
1361766294308192257
1361549423751225345
1361547472997208065
1361546649345142786
1361546238278123521
1361546200713945089
1361546032027377669
1361545947621306369
1361545753810915328
1361545062576914433
1361544822826311680
1361544460694409219
1361544001443291141
1361542252871491584
1361542055311376388
1361540645370920961
1361540491741954054
1361540163852144640
1361539903755010051
1361539563152314373
1361539361771200512
1361539163556696065
1361538657312768000
1361538507982987264
1361537433859424256
1361536919083999239
1361536237031497728
1361536063374819329
1361535987411800068
1361535952666075140
1361471768083521540
1361471064237346820
1361470417085616129
1361470277645963264
1361469498042236930
1361469278709547011
1361468434521858049
1361468396131524608
1361468358466686981
1361468332860452864
1361468225662443527
1361468044862775297
1361467849185910786
1361467511930294272
1361465727849529346
1361751001104007169
1361750500446773251
1361750454775013380
1361750177023983616
1361749926217199620
1361749022831173639
1361748685038706688
1361748566956466181
1361748561180954632
1361748540528209931
1361748354909102082
1361747947101241346
1361747916180893696
1361747705194819593
1361747446955655168
1361747352365727754
1361747192046882816
1361746905315729409
1361746532802953217
1361746451517308930
1361746341186134018
1361746138316083203
1361745485111853056
1361745319982063622
1361745186112610306
1361745103778365444
1361744965341237253
1361744901789143047
1361744475647787008
1361744168637374466
1361744048118239232
1361744045664477190
1361743652238860288
1361743542616473607
1361743183680598022
1361743000355934208
1361742773611823105
1361742742943125504
1361742637833859075
1361742610310836225
1361742466442006528
1361742144457891842
1361741849594126345
1361741844263153672
1361741147505319936
1361741131256586247
1361740823713505282
1361740579894415360
1361740270224613376
1361740214624993281
1361740161676169218
1361739647659823104
1361739001221283845
1361738933437136897
1361738626653188105
1361738101966704646
1361737767533871106
1361737617130274817
1361737256894038016
1361736703581552645
1361736097999384576
1361827239231381505
1361826668978073601
1361826499175849986
1361826228123099136
1361825458627739649
1361825391271313408
1361824303604518918
1361823793245741059
1361822390813130752
1361822010125520898
1361821603710054400
1361820864950468616
1361820076584951818
1361820056003502080
1361819350357991424
1361819075400273921
1361819004441100296
1361817886986301443
1361817823576813569
1361817306603524099
1361816258107240451
1361816055031750657
1361815357070139394
1361815256331395077
1361814948561698817
1361814890831376385
1361814796941877249
1361814757909659663
1361814405978152963
1361813912723808262
1361813365904052225
1361813229631131652
1361812892702629889
1361812861996130308
1361812706748211200
1361812165926223878
