1354706321874931715
1354705752456376323
1354704798390624265
1354704661639532545
1354704214577049600
1354700299852800003
1354700183561506816
1354698813043302400
1354697872147685378
1354697699745030144
1354695804968177666
1354695553213456384
1354693823029522434
1354692440972783622
1354692340531802115
1354691576384147460
1354721611589558274
1354720040503959555
1354717851266019330
1354716654521880577
1354716614172708866
1354716531473715201
1354716460761812993
1354716428994277377
1354716023447031808
1354715202156158979
1354715094236717059
1354714277521862656
1354714007651803136
1354712828435984384
1354712634323562497
1354711855621660673
1354711048851509252
1354710713894395904
1354709924119515140
1354708898142330880
1354707872047890433
1354706594068623360
1354580960973647872
1354580875091058693
1354580869730635777
1354580437901791235
1354690820071436288
1354690785917202434
1354689595854696450
1354689446726299648
1354689143507451904
1354688770017292288
1354686231360241666
1354685999406837760
1354685769294688261
1354685418386690049
1354685029964722177
1354684367570935810
1354683780712321025
1354681350935224320
1354680814798315525
1354680210931769346
1354680199162413058
1354676281208578048
1354642489404088320
1354642400287707138
1354638836874293253
1354637842350268418
1354636962552930307
1354636900175384577
1354636567177031681
1354635021743648768
1354634270837526529
1354634237014667267
1354633390511677440
1354631546003623949
1354630737086083073
1354630684820729860
1354630307341717508
1354629972661559296
1354629761503350793
1354627910116782080
1354627771478142977
1354627669845893123
1354626994647003136
1354626768309727234
1354626707781632002
1354626229807136772
1354626111364341761
1354626046281142273
1354625885530279937
1354624820470808576
1354624259507814411
1354623875913445378
1354623376992595968
1354623306805219329
1354622737910820868
1354622714284290049
1354619577288716290
1354619562877194243
1354619268030230530
1354618799945867271
1354618680575995915
1354618593007316998
1354618188550467584
1354617549728718849
1354617545689624578
1354617384443797505
1354617062312837121
1354616974865805314
1354616746246873094
1354616728114749440
1354616674113253377
1354616508731678721
1354616062361313281
1354614792049184768
1354614048743161857
1354613850373500938
1354613075895349256
1354612818226634752
1354612546406244355
1354865569409937410
1354865336579928065
1354865168010850311
1354864834999947270
1354864716456353801
1354864520632684557
1354864301664833538
1354864238628630532
1354863996386631689
1354863782250622979
1354863583713058817
1354863430335754240
1354863388338348034
1354863229126770688
1354862785478451205
1354862746488238082
1354862360478015490
1354862229619793924
1354862056084828161
1354861978376876032
1354861502445006849
1354861105902989315
1354861069714526213
1354860966551416834
1354860574170079233
1354859781614411778
1354859602798587905
1354859358396567552
1354859188602753026
1354859113243701251
1354858917327740931
1354858823123664896
1354858768283140104
1354858409263312899
1354857722349547523
1354857306845020168
1354857235726413827
1354856423486795777
1354856334961897473
1354855930878455816
1354855382250909696
1354855128122052608
1354855053765582852
1354854917693976579
1354854140514603008
1354853877439463427
1354853291058860032
1354852375350009858
1354852250309566465
1354851992833818632
1354851848918872064
1354851128706539522
1354850879585837062
1354817917225816064
1354817815979560963
1354816767978180612
1354816006737149959
1354815077287747590
1354814770772205569
1354814764661174281
1354814435374755841
1354814169195765764
1354814115903021056
1354813710892584966
1354813357631524873
1354813196524167173
1354813126760222724
1354813105079865345
1354812626887266304
1354812556448206856
1354812038468431874
1354811443082743816
1354810571154104333
1354809836156801026
1354809437626617865
1354809391115980807
1354808462207684609
1354808226160627719
1354808213099606017
1354807981863362568
1354807686357913606
1354807525850238982
1354806817893740546
1354805901530521600
1354805812590309381
1354804230763073537
1354803955117641730
1354803887564181506
1354803779732791304
1354803653387767810
1354803153237987334
1354738741131309056
1354734824188112901
1354734358670712835
1354733359163957250
1354732791477522434
1354732411775410176
1354732067108646914
1354730436665225218
1354730395825303552
1354729346204893190
1354728418529710090
1354726038392205314
1354725700347981830
1354724368052596737
1354772167880306691
1354771732847079432
1354771689264054279
1354771637988691973
1354771281024049153
1354770219814817795
1354770000112979973
1354769954999062536
1354769920878252037
1354769350612242437
1354768374564335616
1354768345296297985
1354768044803809284
1354767686358740996
1354767623485968385
1354766515720118276
1354766422610767872
1354766237830684672
1354766047769980929
1354764714761445376
1354764595412561921
1354763617695105029
1354762779350216705
1354762693736099842
1354760668830978048
1354760322234642440
1354760113333149697
1354759800656179201
1354759306118393856
1354759022939930625
1354758025735778313
1354757848195018755
1354757847851167745
1354757330844446722
1354757295201263619
1354880754682114049
1354880261545193473
1354880029935759361
1354879928345485320
1354879851258380289
1354879484038623240
1354879419530289156
1354879227104030722
1354879222477688832
1354879039589277698
1354879034891644932
1354879029594230785
1354878543566565376
1354878361257050113
1354877916425891842
1354877860520013825
1354876703550578690
1354876463590350855
1354875998710468609
1354874856425353219
1354874586303754247
1354874438978826242
1354873474796425216
1354873395737894912
1354872873924632578
1354872792316071941
1354872343848431616
1354872309711048710
1354871991136706562
1354871897062862850
1354871435777495041
1354871330508840963
1354871231389069313
1354870814798192640
1354869876213608454
1354869703479611392
1354869631308193802
1354869572776701952
1354869560529330184
1354869126380961794
1354869086203817984
1354868470006108160
1354868040492490759
1354867909298970633
1354867902810349568
1354867474886500354
1354866837033508871
1354866679910715392
1354866312187666441
1354866269972004867
1354865729775009797
1354835259200843776
1354835226082631683
1354834541266030594
1354834466255089667
1354833889139810305
1354833566912442375
1354833493373693953
1354833044604149761
1354832977272963072
1354832633486856194
1354832307736207364
1354832143206264832
1354832105579147266
1354831801370476544
1354830828157722628
1354830791759581187
1354830727884513281
1354830528835432451
1354830524456591361
1354830109283377153
1354829470872395777
1354829180144218118
1354829087009718272
1354829067011420162
1354827848750653440
1354826525795786752
1354826056998428674
1354826011980963851
1354825969274478597
1354825824638169092
1354825804006313995
1354825597193609225
1354825064789676040
1354824035553652740
1354822279637569536
1354821982915764229
1354821387483926529
1354821297344106502
1354820759974105093
1354755404660531201
1354755150649372672
1354755126301499394
1354754801326841859
1354754781219323904
1354754778165899265
1354754568601518084
1354754341840809984
1354754290015997957
1354753576304836608
1354752641105072133
1354752429514874886
1354751966837145604
1354750939991781378
1354750513959596033
1354750474969202689
1354749936429051904
1354749418357084164
1354748987392323585
1354748056579801088
1354747952259076097
1354747230054273026
1354746047646609410
1354745730901172227
1354744978501742592
1354743051017707520
1354742384735772672
1354742126743941122
1354740865391087618
1354740796977786881
1354596699436703752
1354596646894538756
1354595868972867585
1354595722025443330
1354594541513318400
1354593792225988611
1354593763260157952
1354593398808834048
1354593276330967040
1354593223105277954
1354593017055694850
1354592725769842696
1354592484702216193
1354592385854885890
1354592380775768067
1354592098356502528
1354591827995856898
1354591718889246720
1354591616284155905
1354591425321644037
1354591359286431747
1354591155585953795
1354590954921975808
1354590866250334209
1354590273892802561
1354590202354954241
1354590179642789894
1354590142644670467
1354589974021234688
1354589491013373953
1354589308179517444
1354589164054867974
1354588914099638272
1354588908558938113
1354588858499936256
1354588850492903425
1354588491531776000
1354588483675967489
1354588472842084361
1354588399039098885
1354588395838779395
1354588213155921920
1354588034696683521
1354588019572039687
1354587745604124673
1354587607531851776
1354587395207942145
1354587128630554624
1354586831388618755
1354586151256879104
1354584612421459968
1354584152687968261
1354583634171277314
1354583053784543234
1354582838377648129
1354582618889736193
1354582530977132548
1354582301426950149
1354581951374643205
1354581912862547970
1354787607012651008
1354787197757612033
1354786488765067272
1354786247655501828
1354785995200344067
1354785583453904896
1354785230784225288
1354784859714183171
1354784853527552000
1354784578146349059
1354784309807296513
1354784306074247169
1354784136771334148
1354784026230448130
1354783315237216257
1354782991420157952
1354782646656761860
1354782610032111619
1354782541413138437
1354781667404226561
1354781600484110337
1354781483186212864
1354781458464993280
1354781391263821827
1354781275899318272
1354781270774059016
1354781265778642947
1354780869484032000
1354780823573176322
1354780748570619905
1354780547998998528
1354780480852267011
1354780421091971075
1354780017138556935
1354779856324722690
1354779385765756929
1354778938183188486
1354778936304152582
1354778895745220613
1354777905377767424
1354777563181277187
1354777364228694018
1354776887072067587
1354776721980059653
1354776260178800643
1354776257758588937
1354775878933344261
1354774875664117761
1354774526681174025
1354774430719893504
1354774353360121857
1354773535944822784
1354773419955544065
1354773346840440833
1354773243345817600
1354674640019480576
1354672720924053505
1354672130974232577
1354671732133519367
1354671496476712961
1354671218696331270
1354671196953079809
1354670918853918720
1354670203376967680
1354668483825557507
1354664708884848641
1354664223050059776
1354663126260658177
1354926695258742784
1354926605345452032
1354926219431727107
1354926213463085059
1354926191417962499
1354926133876322306
1354925736084213765
1354925384698109957
1354925188094119938
1354924353515892736
1354923703784583174
1354923544765980672
1354923080175529985
1354922731536609287
1354921424759246848
1354921159565996032
1354920255110467584
1354920069881618436
1354919981138518019
1354919791283335172
1354919379633397761
1354919306954498055
1354919293117468674
1354918926745018381
1354918857702563845
1354918551510016000
1354918344835559426
1354918161049595909
1354917822535774212
1354917580390150144
1354917268057034752
1354917199237042183
1354916944646975488
1354916868478349312
1354916804460765185
1354916743291011083
1354916700727226369
1354916550235439108
1354916480299757569
1354916326792458240
1354916271155015680
1354916086039384066
1354915895131467776
1354915825459728384
1354915780299788290
1354915662364356609
1354915500661366784
1354915301796831234
1354915110339432452
1354915009470586881
1354914970232909828
1354914462491435012
1354914245402615811
1354914089089323008
1354913403962351618
1354913364779159553
1354913214522392577
1354912089102573578
1354942048189734924
1354941896515182605
1354941691019603980
1354939553665044489
1354939459775684617
1354939241722245121
1354938347349659653
1354938292412669975
1354938191258804229
1354938071066796043
1354937478558470162
1354937110294364167
1354937028987809798
1354935999315505159
1354935940305743872
1354935937088675853
1354935265492692997
1354934712255569920
1354934390443429901
1354934387163316227
1354933339610902537
1354932356881248260
1354932165721673737
1354932068854214656
1354932030862192642
1354931335425626113
1354931136959557632
1354930809938042884
1354930558493745154
1354930191353565188
1354929914110205962
1354928393293357056
1354928063155331072
1354927192782884866
1354911548263849989
1354911108927258627
1354910919168413696
1354910845973749771
1354910423192133638
1354910259865858050
1354909631794049024
1354909219233927168
1354908371909042179
1354908328816730112
1354908087010930688
1354907292953665536
1354907198166605827
1354906557553766405
1354906364729053186
1354905926667481093
1354905427511795715
1354904800027054080
1354904436607496193
1354903904216109057
1354903833265254409
1354903119604420608
1354902358535376899
1354902106940055556
1354901988752949251
1354901908369125383
1354901547663192070
1354901337478148103
1354900092134727680
1354899910634704898
1354899906507509763
1354899775057879049
1354899627070410752
1354898890202484744
1354898488606261252
1354898057511501834
1354897655575564288
1354897629466025987
1354897497060208644
1354897360858587140
1354897255699017730
1354897074869964800
1354897029160431617
1354896617531273218
1354850410390032386
1354849657118187526
1354849452595490820
1354849321594707968
1354849145090158596
1354848925837045762
1354848613948657669
1354848123303063552
1354848113215885314
1354847664282583040
1354847617465929730
1354847239433236487
1354846891138310146
1354846718798536707
1354846498194923520
1354846219391086592
1354845747229974536
1354844266435108868
1354843680020983809
1354841646135967746
1354841568721719308
1354841450496872450
1354841384193241092
1354841212939853826
1354840989932908551
1354839899610951687
1354839302153363456
1354839232234332171
1354837443573374980
1354837441824350212
1354837366914035712
1354836966609735685
1354836692276965380
1354835955308494850
1354835915097714691
1354835422896140288
1354802736194351104
1354802729340690439
1354802584058425344
1354801954560462853
1354801730538631168
1354801511113449477
1354800587502542864
1354800254701498368
1354800031388246025
1354799931471450115
1354799440310263809
1354798669971693572
1354798381059592199
1354797674587942913
1354797522879803392
1354797186031214592
1354796371077984259
1354796160112844803
1354795722672119810
1354794861224976393
1354794329588387847
1354794210705240064
1354794046716321794
1354793750074187779
1354793585594523658
1354793353976668160
1354792925234794499
1354792861569437700
1354792742799495168
1354792595004788736
1354792481355870210
1354792283070205957
1354792093995118612
1354791947446198275
1354791794014375938
1354791693296529411
1354791615592861696
1354791361220902914
1354791218404683779
1354790867618426880
1354790845074059269
1354790504953688068
1354790305858514944
1354789817364729859
1354789778584195073
1354789760791945217
1354789531392880642
1354789037869916166
1354788750849531908
1354788408971972610
1354788302788964359
1354788126733037570
1354787915935719424
1354611813585838081
1354610746890481667
1354610663335874561
1354610496952016898
1354610248292708354
1354609909296467969
1354609208377806848
1354608834170417153
1354608631786962951
1354608515214499841
1354608307957161988
1354608301267251201
1354608240819138563
1354608078843301889
1354607743647293441
1354607601728761856
1354607281917202436
1354605558893080590
1354605035146145796
1354604825565134851
1354604541744828419
1354604388967452672
1354603060580868097
1354602668036141056
1354602287688249347
1354600649221152770
1354599590226501632
1354599533376757762
1354599075367280640
1354599016806313985
1354598028007641089
1354596973706412033
1354658160062066690
1354657934765154310
1354656275620106243
1354654856087101440
1354654678550773763
1354654582979215360
1354654367614435331
1354652332751900675
1354651085827416065
1354651005519060996
1354650959444643840
1354650778032508932
1354650515582365699
1354650005978705923
1354649453941157888
1354649402930044928
1354648659036659714
1354648362520338433
1354647549722947585
1354647509797376000
1354645337990983682
1354644634031415298
1354644150403149824
1354644014176198656
1354895915857928194
1354895564081659907
1354895398515695616
1354895322938540033
1354894152476057602
1354893243775922179
1354892898106540032
1354892888899989510
1354892440034037762
1354892437936889859
1354892281430597635
1354891915007815680
1354891765640269829
1354891542507511821
1354890929916825604
1354890728061734916
1354890649623998467
1354890532208709638
1354890196911857666
1354889580852469761
1354889232049836032
1354889114185818113
1354888544792285195
1354888375342399501
1354888353385164801
1354888328156352512
1354888289749233669
1354888210749468673
1354888096144388097
1354887458090053646
1354887271074451463
1354887187884609546
1354886753249882116
1354886664863289350
1354886081787940867
1354884758560518149
1354882879671726080
1354882705708744707
1354882619876532225
1354882595750871040
1354881733750099975
1354881639805898752
1354881610068406272
1354881090796838916
1354881060820152321
1354881007112105984
