1357941302097281025
1357939640217591810
1357939345471262724
1357939035092697090
1357938122802233345
1357937878366625792
1357937530814029824
1357937171030814720
1357936858362236929
1357936507248599040
1357936228037840898
1357936118621175811
1357935879613001728
1357935117084278784
1357934977384665088
1357934082626314242
1357934023415386112
1357933765612474368
1357933685815738371
1357933476306124802
1357933474326343680
1357933413374779393
1357932771767943169
1357931942012878849
1357931827063840769
1357931646826201090
1357931593759940609
1357929341439541248
1357928167835533314
1357928051322068992
1357927427176083456
1357927392308699137
1357926007831953408
1357925932946882560
1357925205801271298
1357925088272674816
1357925039107051520
1357924993745747968
1357924757316849674
1357924043995942913
1357923552826163203
1357922109528358912
1357921454214569984
1357921394760110081
1357920883277496324
1357920230257750016
1357920050900987904
1357919698067673095
1357919515464638468
1357919443058237440
1357919426297794571
1357918720920870912
1357918705792004096
1357918062670880776
1357917596121661440
1357917211160027139
1357916932536631296
1357916897501605889
1357916544559366147
1357916233300119552
1357915307294171138
1357915031027937281
1357913966643716096
1357913686044672006
1357912252767166464
1357911284180652039
1357911063841263616
1357910989505765376
1358065515961409536
1358065412034990081
1358065331286265856
1358064998417858560
1358064804276101120
1358064791290527753
1358064786479714304
1358064770813952005
1358064572893192192
1358064511853465609
1358064398288486400
1358063915624726528
1358063407539376128
1358063363511771137
1358063120267186177
1358062945549352960
1358062288343756800
1358062130839367680
1358061940204048384
1358061540952465415
1358060866730680322
1358060628871581697
1358060456255102981
1358060389821538305
1358060025697226755
1358059524263870465
1358059446170181632
1358059261369147392
1358059210177658883
1358059183992680448
1358059181031518209
1358058756203028481
1358058588250472448
1358058551684587521
1358058510400036873
1358058115577511937
1358057961432748033
1358057789898293249
1358056789640699908
1358056638519926786
1358056142195150851
1358055968630857728
1358055422909952003
1358054960919965699
1358053899475771396
1358053156236754947
1358053101379473411
1358052963881783301
1358052384472236032
1358051806312472576
1358051647683977216
1358051501432799232
1358050787725819907
1358095935096705029
1358095108323872773
1358094695583334402
1358094275561553922
1358094202094030848
1358094038738567169
1358093931863568386
1358093122463498244
1358092851062575106
1358091704159662082
1358091440535072772
1358091351791980548
1358091143095980035
1358091040318758913
1358090837951938563
1358090230721617922
1358089482822705153
1358088762551504896
1358088624680689667
1358088593470808064
1358088518929686528
1358087903017058304
1358087767130013701
1358087538926379010
1358087376996827139
1358087319513882628
1358086794584207360
1358086478715256832
1358085318327549953
1358085187599532033
1358084440384278531
1358084097646727169
1358084005262995458
1358083876229435392
1358083835381039104
1358083625946857473
1358083571743924228
1358083275059773442
1358083102325825539
1358082788684161026
1358082353025998848
1358082203163521026
1358081750640058368
1358081451728662528
1358081278705336321
1357910429482184705
1357910184127909888
1357909859614736387
1357909457745842177
1357908771754946568
1357908634508869635
1357907878779236352
1357907664550830081
1357907612881321984
1357907308571815937
1357906396730306566
1357906261275258880
1357906046774296579
1357906026922672129
1357906000527859713
1357905826682441735
1357905718054109184
1357905502940848128
1357905490819362816
1357905412805246976
1357905359487307776
1357905294542659587
1357905202070904832
1357904715133124608
1357904325385850885
1357904284898189312
1357904252308516873
1357904088126652416
1357904076672012290
1357904027699322881
1357903971222962176
1357903873332154369
1357903747050074112
1357903400877359108
1357903210338373636
1357902591930286082
1357902567666294785
1357899593984450561
1357899526418403333
1357898340889944064
1357898208798773248
1357898143308865539
1357897906821464064
1357897871182413824
1357897604806430720
1357897364565032965
1357897109513592838
1357897104694337536
1357895907518332930
1357895734788378626
1357895593750745090
1358142245124399108
1358141827212316681
1358141751366742018
1358141481563942918
1358141227166760961
1358140756410699777
1358140457788837901
1358140240788025344
1358139977675247618
1358139900999131139
1358139770988281860
1358139766357831683
1358139485700120577
1358139416141791232
1358139226039148548
1358139187522916352
1358138817652342787
1358138727558762497
1358138304403824640
1358137673395933186
1358137574267707394
1358137497704935425
1358137368277041153
1358136904449982466
1358136606687911937
1358136483467718660
1358136474739347465
1358136142680502275
1358136047360737280
1358135709891256320
1358135687590084609
1358135152547921926
1358134741715849216
1358134682718789635
1358134668990820354
1358134665572417541
1358134603626799107
1358134157709352960
1358133908102021122
1358133754078855171
1358133271637336064
1358133236233363458
1358132801359523847
1358132740865073152
1358132705616154625
1358132549319467008
1358132132909117442
1358132101661523969
1358131948921761795
1358131809314299907
1358131520519745536
1358131424222674944
1358131145444048898
1358131085775888384
1358130799632125952
1358130695617605644
1358130586129494023
1358130219824119808
1358129948888858624
1358129883248013313
1358129380086718467
1358129153632002052
1358129128520712196
1358129099336785921
1358129010623004681
1358128923712892929
1358128854766915584
1358128834592165891
1358128734717550592
1358128734444863489
1358128429418315786
1358127164005187585
1358172672228790272
1358172626674470919
1358172414153289742
1358171991644241920
1358171671639822338
1358171575229505536
1358171285055033345
1358171052015296514
1358170788084473856
1358170034858770435
1358170023173517315
1358169971357061121
1358169783276101634
1358169739244240897
1358169684705738755
1358169572080308224
1358169457739374595
1358169450760003587
1358169392513748993
1358169253531197441
1358169231175659522
1358169015080914947
1358168924299423744
1358168742157500417
1358168196856086528
1358167999195324416
1358167953607323648
1358167518012137482
1358167493148344325
1358166892482080771
1358166857317023757
1358166377140477955
1358166330185293824
1358166264250851330
1358165618122514434
1358165529689812996
1358165381463048197
1358165379860807682
1358165184834129932
1358164994207088640
1358164984807710726
1358164581609328644
1358164497052147712
1358164462751141894
1358164309474500608
1358164205300420608
1358164083460210690
1358163968691478528
1358163764676333568
1358163671311122435
1358163571239047168
1358163274987102219
1358163055276883970
1358162685788045312
1358162651562594305
1358162599360233477
1358162276570849284
1358162159679778817
1358161351873593345
1358161167202549762
1358160913581359105
1358160317331738627
1358160181599887368
1358160149060464648
1358159101960876034
1358159004296507392
1358158986235817986
1358158917205970955
1358158724989390850
1358158300379021312
1357972428576727042
1357972384892915712
1357972352605302784
1357972091895640065
1357971821908406273
1357971440583204864
1357971344680357892
1357971340804907008
1357971160026263552
1357970909328531456
1357970783755247617
1357970524643680262
1357969900430635009
1357969409206145029
1357969312733134848
1357967760765181953
1357967354219560968
1357967220018659328
1357966373134225408
1357965916319924225
1357965648031330306
1357964602097741826
1357964574310469634
1357964502944387074
1357962545789820928
1357962140016115712
1357961909073444864
1357961184478179328
1357960934644477952
1357960805094805506
1357960121750552577
1357959326040788994
1357959191034540033
1357959178724077570
1357959028215861248
1357958642713165825
1357958571888156673
1357849073563361282
1357848881929748480
1357848629004877827
1357848396372074496
1357848324385042437
1357848016732921857
1357847898529144832
1357847790097948673
1357847624045522944
1357847517124255744
1357847317160804353
1357847028743737345
1357846971642351618
1357846895167700992
1357846800774889476
1357846674639577090
1357846262436012033
1357844287334076417
1357844153967775750
1357844139497451526
1357844044366434306
1357843942071500801
1357843741420191746
1357843730896728067
1357843543235170305
1357843540752150532
1357842329462259717
1357842196221857794
1357842123643641858
1357842015233409025
1357841766544719877
1357841565998145539
1357841459559366657
1358187929110122496
1358187679473668101
1358187499118612481
1358187188756901894
1358187176064937985
1358187139482218499
1358186654318485505
1358186450148151296
1358186070303793160
1358185955484721152
1358185873402187776
1358185269166559233
1358184635897958401
1358184185547132929
1358184116571701248
1358183994353999874
1358183985998888961
1358183862376013829
1358182457087037445
1358182090504822791
1358181374247792648
1358180696934633472
1358180381959151616
1358180061313130497
1358180002999713793
1358179745616130049
1358179572056002560
1358178982081028105
1358178843043979264
1358178785070301186
1358178715528814593
1358178664115032066
1358178431238823936
1358178386573733889
1358178331573772293
1358178311755583490
1358178309679505410
1358178308563828738
1358177575479181313
1358177556957192196
1358177090139398145
1358177086117150724
1358176264759222273
1358176258375450626
1358176102858977281
1358175860524736512
1358175476603375620
1358175092463828994
1358174999794774017
1358174719934148609
1358174669229195265
1358174374642274310
1358173866896547841
1358173818599190529
1358173579297366017
1358157516677464064
1358157440303443975
1358157059439656967
1358157039629918208
1358155807624466433
1358155429164023808
1358155371924324352
1358155049818607616
1358154836513067013
1358154011359248386
1358153968132763648
1358153784308940803
1358153751996071936
1358153749475295233
1358153718110240769
1358152883854864386
1358152850522533889
1358152724773130240
1358152716334292992
1358150866394619906
1358150774170284033
1358150752930267136
1358150391859449857
1358149735924785159
1358149063607267328
1358148961337569281
1358148926600273921
1358148784686063616
1358148740217987074
1358148298004197377
1358147908579827714
1358147641302020097
1358146922490589189
1358146823798493185
1358146737714659333
1358146508454035457
1358146242098913285
1358146210301956096
1358145840238395393
1358145783925669889
1358145775994363905
1358145584721518594
1358145570486046721
1358144841239171072
1358144800076226560
1358144655611813906
1358144597436866567
1358143989858328576
1358143944585076739
1358143915455610882
1358143732374200321
1358143687876890629
1358143686949896202
1358143681241391104
1358143480254631939
1358142714202755075
1358003226663075840
1358002372807716864
1358001594294534147
1358000699175436289
1358000414432632832
1358000103928299531
1357998619018854402
1357997438414581760
1357997093051379712
1357996902537715712
1357996809591742466
1357996712057593858
1357996090205773824
1357995940905447425
1357995561253806080
1357995484460298246
1357995348111810560
1357995049573879810
1357994701283016706
1357994415156060160
1357993420845961219
1357992940820287489
1357992206217396226
1357991847155675136
1357991077194698753
1357990752907837441
1357989409895837697
1357988970257211392
1357988667642556417
1358126468216336385
1358126428840210432
1358125977012998144
1358125941277474818
1358125626188775424
1358125430562242568
1358125054396088320
1358124869645393923
1358124603881762816
1358124534298157056
1358124484134375424
1358124217439563780
1358124168701595649
1358124160602497024
1358123904150208513
1358123754807820289
1358123674088390659
1358123638965288966
1358122948712947720
1358122799634800641
1358122551524945920
1358122354187018240
1358121919376105472
1358121867790462976
1358121239378853898
1358120626129633281
1358120253838999556
1358120170393378817
1358120136813772804
1358119826787627010
1358119030394146823
1358118977067704322
1358118891285843971
1358118886974046208
1358118665573572614
1358118605569880067
1358118526666633219
1358118164836585473
1358117969109413888
1358117953376460800
1358117591408082944
1358117543001657346
1358117374143197190
1358117366345957376
1358117029195218944
1358116739725152257
1358116619814330371
1358116569797255170
1358116420702384135
1358114886136434688
1358114872492494852
1358114771917225984
1358114610847580168
1358114366202200064
1358114274854461443
1358113936332251137
1358113894628171776
1358113870901096457
1358113660896477186
1358113383757864960
1358113342209024001
1358113268271824900
1358113105809731587
1358113058296627202
1358113016185835520
1358112982325227523
1358112916910862336
1358112477532344321
1358112234329628672
1358111667528286209
1358111522149584896
1357879726535245831
1357879725008453633
1357879704284454912
1357879427485605893
1357879181351276549
1357878357199892480
1357878115343634433
1357877808920293377
1357877754092376064
1357877674128142339
1357877501180186626
1357876978150375424
1357876720280379392
1357875953872105472
1357875864793456641
1357875515378589698
1357875400697778176
1357875308507127809
1357875223060770818
1357875113581027335
1357875038247084032
1357874916729577472
1357874214980771842
1357874057664819202
1357873120661676032
1357872949471027201
1357872847209824258
1357872470221611009
1357872284308938752
1357871766182322178
1357871707713847297
1357870903368044544
1357870807997960192
1357870367491067904
1357870340861546500
1357869991459123200
1357869726731407361
1357869490462216193
1357869214581751809
1357869187427885061
1357868860863619075
1357868230543511552
1357867912774578179
1357867880356970498
1357867809867526146
1357867491272237058
1357867461354393603
1357867389988319235
1357867388209926146
1357867237458157568
1357867171863486471
1357867060257312769
1357866836667338753
1357866400803659780
1357866188156645380
1357866015510589440
1357865967955640327
1357865606205341696
1357865218903216130
1357864824198205441
1357864806326423562
1357864689091268608
1358018629334421513
1358017932316577793
1358017355469762563
1358016764026757120
1358016295770406912
1358016273855246336
1358016178019577861
1358015448005115908
1358014790455721986
1358014547517399043
1358013847974465538
1358013491181936640
1358013246687633412
1358012661863178245
1358011961032736768
1358011731109363714
1358011451215118336
1358010987669037064
1358010916407832577
1358009808192962560
1358009618451070979
1358009494014472193
1358008608122753031
1358008550908436485
1358008416271171584
1358008194581340160
1358008192043601921
1358008131658403840
1358007703591870466
1358007474461278209
1358007402335850496
1358007092284637184
1358006496953569291
1358006404259459072
1358006207420727296
1358005910833164288
1358005852511367169
1358005611619835910
1358005434532167680
1358004395015815170
1358004111610945536
1358003887387668480
1357987900269293568
1357987589861609473
1357987565815537666
1357987557779402752
1357987546341330944
1357987318716649472
1357987114634338306
1357986485312495617
1357986260317569024
1357986252335775744
1357985880548507655
1357985841780576257
1357985264929488896
1357985256410816514
1357985107303399425
1357985024365191168
1357984892093661191
1357984459228905474
1357983682246680577
1357983067110006784
1357983059296010242
1357982832438751236
1357982370532519936
1357982291251916802
1357981826711773191
1357981737524076545
1357981235369312256
1357980916082085888
1357980367655993344
1357980299515158529
1357979463191961600
1357978917588639745
1357978754962833408
1357978678970388482
1357978601556234242
1357978260299128832
1357977376001560576
1357977057804775424
1357977047893565441
1357976212912697346
1357976086143934465
1357975928668905473
1357974720776458242
1357973723740069888
1357973688499503104
1357973478847049732
1358203269366112256
1358203186268504070
1358202677054865415
1358202657983324162
1358202367431356428
1358201940304363521
1358201853981454337
1358201431744937984
1358201224399577090
1358201222142939137
1358201213704155137
1358200212108570626
1358200075504283649
1358199738571624448
1358199549072916480
1358199542261383168
1358199512016314370
1358199050454130691
1358198944573104133
1358198852503896067
1358198657951162368
1358198384537001984
1358198061642694658
1358197620926271488
1358197337357774848
1358197266364981250
1358197117291016192
1358196816962084865
1358196775018979328
1358196714432155650
1358195998401593345
1358195973869211655
1358195923818577923
1358195909008510981
1358195500521050112
1358195321768194049
1358195224355495937
1358194752542240769
1358194699752808448
1358194561554726914
1358193724711464964
1358193634189975555
1358193503315111942
1358193389624262658
1358193338843865089
1358193242626490383
1358193149659774976
1358192983275937793
1358192939453841408
1358192892720734208
1358192626185379841
1358192566404014085
1358191836976844801
1358191698002649088
1358191662124724224
1358191078311092224
1358190731974692864
1358190697921339392
1358190697850023940
1358190476369813516
1358190386590670849
1358190369628905478
1358190367590424576
1358189851212992515
1358189622287884290
1358189496030932999
1358189120682655745
1358188511266959360
1357864395829899264
1357864262631317504
1357864173376442370
1357864088148324353
1357863315289079810
1357863222888570882
1357862963470872577
1357862872550899713
1357862683706556416
1357862603213557761
1357862396400910341
1357862353975595008
1357862071736487937
1357861956149985280
1357860727516708871
1357860714627612672
1357860670314864640
1357860431965036544
1357860288956047362
1357860239203254275
1357859628407615488
1357858993188737024
1357858847415824385
1357858246955044866
1357858190399066112
1357857892213411842
1357857700487417861
1357857384971046920
1357857306936045570
1357857033194725376
1357857008658112514
1357856804567474183
1357856698380283906
1357856545812398080
1357856509431083008
1357856314781802496
1357855925021802496
1357855786962157569
1357855508208758784
1357855421382426626
1357855370060865541
1357855295683313664
1357855184634978306
1357854952916402178
1357854827754233858
1357854820649078785
1357854801191522304
1357854798603780096
1357854756559966210
1357854689891672068
1357854657062780930
1357854324454346754
1357853930831704064
1357853728796196867
1357853603608805378
1357852932146753536
1357852762780934145
1357852503178551297
1357852409767358469
1357852297318039553
1357851896149516291
1357851651403640832
1357851325275529216
1357851081292865536
1357851066474188800
1357850731601162240
1357850701238587392
1357850638202384384
1357850501556162560
1357850369787908097
1357850280688300037
1357849664754704385
1357849458663432192
1357849374810902528
1357849316212236288
1358033840183390208
1358033253022728192
1358032610367311876
1358031440819150849
1358030655419019264
1358030630148313090
1358030263679344641
1358030122608185346
1358030049056878594
1358029940457840644
1358029494204977153
1358029065047863296
1358028764337344517
1358027722866442241
1358027660874579969
1358026343095689223
1358026341082402817
1358026050131939331
1358025953214136325
1358025801002872833
1358025657645740035
1358025181592080386
1358025022871228418
1358024851353702400
1358024250347642880
1358024086153224193
1358023207706574851
1358023138215395332
1358020454330621954
1358019994685210624
1358019195758346243
1358111096620675075
1358111075175182336
1358110988239859714
1358110908849995780
1358110906471833600
1358110366207799300
1358109889407680512
1358109870571012101
1358109695005851650
1358109493901602820
1358109416659316742
1358109362913501184
1358109310195277824
1358109056313880576
1358109037485817858
1358108944791527426
1358108354703482884
1358108328195313664
1358108233836150789
1358108148037517314
1358108086678994944
1358108029976252421
1358107979539742721
1358107732184858626
1358107463392854016
1358107109779525633
1358105887752216584
1358105321693212677
1358105262666743809
1358105209726189569
1358104407645319168
1358104310433910787
1358103882274992128
1358103812800733185
1358103755745615875
1358103614670200837
1358103259987267586
1358103148527763460
1358103126398623746
1358102651263717376
1358102419180146688
1358102301093867523
1358101714851799041
1358101146225762311
1358100995159568387
1358100762505728004
1358100685875740673
1358099991307386880
1358099741356220418
1358099591011463172
1358099357795459072
1358098705988128770
1358098701546364928
1358098246099472384
1358098058517569538
1358098052951793672
1358096605489098754
1358096523662405632
1358096221219479564
1357895115319218177
1357895095752814594
1357894759831007232
1357894594441203713
1357894361200037889
1357894217364877314
1357894194493329409
1357893935318859778
1357893699020099586
1357893471189753856
1357893213181378562
1357893001029246976
1357892410395746308
1357892362647842817
1357892284730257409
1357892017955692545
1357891590178676739
1357890747647881216
1357890691058135041
1357889566758350848
1357888717130727431
1357888671500951558
1357888567578615809
1357888260043866112
1357887813879033857
1357887709658796034
1357887091556798466
1357886888707768320
1357886040057462790
1357885243735355393
1357885159802998784
1357884632948232193
1357884522042322946
1357884257272791042
1357883899091771395
1357883269442727937
1357882520931606530
1357882203523416064
1357882169276907520
1357881401077555205
1357881342575403015
1357880952249339906
1357880592856018944
1358049263192862721
1358049180334366721
1358049090853105668
1358048026976165893
1358047980146802688
1358047477094445057
1358047248274358277
1358046072564834305
1358045772441387009
1358045384510214145
1358045155098566658
1358044788105179144
1358044552418967552
1358044382453194752
1358043588395847683
1358043128419278852
1358043013184905216
1358041842940448770
1358041508260233221
1358040947561549825
1358040873909579777
1358040608854716418
1358040530106613760
1358040523399913476
1358040150136287235
1358039586199470081
1358039453432954880
1358039372717830144
1358039273958748166
1358038936149491713
1358038908521439232
1358038871750115328
1358038841928650754
1358038046877302784
1358036978713964544
1358036872350605313
1358036044822757379
1358035775691055106
1358035774839554053
1358035759542992896
1358035703305805829
1358035525744099332
1358035508576858112
1358035189897850880
1358035002840260609
1358034976546172929
1358034759235080200
1357956455584960512
1357955444636078082
1357954662658359296
1357954658103353347
1357954266250416128
1357953169536483329
1357953061247934471
1357952952867110914
1357952244004642818
1357951571959689219
1357951053388341248
1357950938653331456
1357950369591140355
1357950047468593152
1357949769428180992
1357949377940058112
1357949367961944068
1357949307287203842
1357949268879941632
1357948960015548416
1357948481609084930
1357948083821285376
1357947471838740481
1357947349134360580
1357947050516746241
1357946689726857217
1357946187278651394
1357945879278153729
1357945874161102848
1357945581520498688
1357945478386712576
1357944962810327040
1357943870600974336
1357943618116464640
1357943230369828866
1357942876517195776
1357942261280047105
1357942057927540739
1358080682363355144
1358079472172433410
1358079405638221825
1358078455758401537
1358077957970022408
1358077837358555136
1358077739509702657
1358077571208941569
1358076993426907138
1358076884744077316
1358076794633654274
1358076777453801476
1358075907471155203
1358075661651484681
1358075434697687040
1358075296914767875
1358075135236984832
1358074912687206401
1358074744696938498
1358074537296998401
1358074387598102529
1358074235424448514
1358074185323528196
1358074093732519937
1358074027374485506
1358073601665224706
1358073489362665472
1358073078434197509
1358073025132965888
1358072850947710976
1358072799068307458
1358072701219446784
1358072619002720257
1358072442690752516
1358072325967663112
1358071222333042689
1358071187344150528
1358070720274829319
1358070705020153856
1358070329898270720
1358070150486847488
1358069931271675906
1358069646251995138
1358069548411285505
1358069423916081159
1358069201827729417
1358069126720147459
1358068941227249665
1358068911535755264
1358068622409666565
1358068305102315520
1358067979611742210
1358067494850727936
1358066933434826754
1358066550322860035
1358066451878457346
1358065798561095681
