1369612715937968129
1369612321467756547
1369612131302334465
1369611921557581826
1369611623485173762
1369611380073103361
1369609713613213698
1369608074965770241
1369607958112387080
1369607917461192704
1369606997025427464
1369606436653793280
1369605353470623747
1369603609520967680
1369602542687186945
1369602182413225990
1369602049327964160
1369601724873252868
1369601662843817988
1369601548871929856
1369601508556169223
1369601416440975366
1369601266167513090
1369601060269158400
1369600792219553800
1369600692390871051
1369600136490409986
1369600009604390915
1369599797775196161
1369599580254466048
1369599109053693953
1369598558765203458
1369598407569006595
1369598275821637637
1369500324931637249
1369500179410391049
1369499745094406145
1369499513581277190
1369499378507870208
1369499227097722881
1369496363558387713
1369494747786612742
1369494342788734976
1369493484512497665
1369492880600018945
1369492748068347914
1369492456115372033
1369491705569808390
1369491125141000195
1369490735628578816
1369490721053544451
1369489972399636486
1369489768204152836
1369489049149452292
1369488889082183683
1369488716427915266
1369488618931249153
1369487898358251523
1369487685186883584
1369487135481491456
1369486390610788361
1369486156920983553
1369485558418923520
1369469572215173120
1369467040856150016
1369466425564356610
1369466037528330241
1369465527983366149
1369463789826023425
1369462961882992640
1369458798834950144
1369458449982046211
1369457928109920263
1369457908736483333
1369457648593174533
1369457009205125123
1369456849628635138
1369456268264476674
1369456150341648388
1369455967491006469
1369455660975357952
1369455419102552065
1369485141475745793
1369484201167384578
1369483384758677507
1369481312319512580
1369480990033387524
1369480856423649280
1369480712865411072
1369480020784279554
1369479722929971208
1369479566297825280
1369479401742741505
1369478825738928134
1369478344937508864
1369471299861573639
1369471274989260803
1369471184547545090
1369470641825488898
1369470153658884099
1369768849323814913
1369767970214453259
1369766975413526530
1369766705828950029
1369766563604275210
1369766510093365259
1369766405705506816
1369766200683692035
1369766125307854851
1369766093749882884
1369766002679025667
1369765868066988034
1369765177604923395
1369765174886957057
1369764772443545603
1369763093232943112
1369763049259872258
1369763008482848770
1369762846259707908
1369762840995840004
1369762486833004549
1369762386069032968
1369762199753814020
1369762125426556929
1369761634646978570
1369761443277643777
1369761376218935297
1369760237520097284
1369759971496361990
1369759847449780227
1369759230077661189
1369758480584835082
1369758166993543171
1369757987003392006
1369757823635226627
1369757613865365504
1369757038201421825
1369756895989411841
1369756838586093573
1369756489334849540
1369755969631055872
1369755703448121346
1369754879481311236
1369754558247936005
1369754156391669762
1369753868943437826
1369753831362461705
1369738485381349386
1369738217621127170
1369737798568263686
1369737607962238979
1369737572969308167
1369737174665596929
1369736788462493698
1369736601270620170
1369736252245868548
1369736029322805250
1369735897357418497
1369735702058049536
1369735207599869953
1369735092344524800
1369734894763532290
1369734616039456769
1369734184189693954
1369734002383478795
1369733768525778944
1369733642323386371
1369733316367298568
1369733269575581703
1369732908362178575
1369732445764022273
1369732086509240320
1369731870695493635
1369731771454132235
1369731468554080264
1369731468356882436
1369730879245983744
1369730681312477184
1369730088581820417
1369729362329747465
1369729147455561731
1369728999610454019
1369728986977341442
1369728927585996810
1369728739748110339
1369728679480266753
1369728675021795329
1369728548051820546
1369728471417643008
1369728134283673603
1369727924979568641
1369727822638497800
1369727315912101888
1369727184299036672
1369726985426116611
1369726843285348355
1369726690973396995
1369726682467287040
1369726648636080130
1369726138482843650
1369725760601219078
1369725227438051335
1369725034990862343
1369724586225500167
1369724360412565507
1369724229864673282
1369724120536080388
1369723960410185735
1369723895536902150
1369723586366353408
1369723456074485760
1369723419307237386
1369581515739455491
1369581292572962822
1369581247153004548
1369581222863642630
1369580817446473730
1369580177618010117
1369579344142733316
1369578924615864326
1369578594037624832
1369577499403968519
1369576614888112129
1369575800354332672
1369575236186742784
1369573291644628993
1369572665908850688
1369572645491142656
1369572425214607364
1369570345305444352
1369570093852725250
1369568592170278913
1369567814814679040
1369567664251822080
1369566639209947137
1369454346279194630
1369454204956336128
1369454048542404611
1369453925720539143
1369453777049227269
1369453337393954823
1369450673197158400
1369450499246800896
1369449750831960064
1369449734226776065
1369449419586887683
1369449133484957704
1369448790470590469
1369448288198529027
1369447513632161797
1369447478832070663
1369447391225602052
1369447380563730437
1369446762855997440
1369446498098876419
1369445620050780162
1369444459176484874
1369443987539517440
1369443963615199233
1369443726955839490
1369443650921504769
1369443229662404617
1369443002352078853
1369442046394634243
1369441707859836931
1369440858324484097
1369440775243784195
1369440770822991873
1369439843676196866
1369439646959206407
1369439519490064387
1369707637026287616
1369706092897464325
1369705747131547653
1369704180374454279
1369703692887339008
1369703650453512201
1369703582086402054
1369702317348376578
1369702262075953152
1369701336250540039
1369701116636758017
1369701033778221060
1369700641984159757
1369700284641984512
1369700211908558855
1369700120581697536
1369699785393967108
1369699712622866439
1369698989084381187
1369698858050150410
1369698795697606656
1369698707973750788
1369698689816686598
1369698583126175746
1369698459968806916
1369698156334743560
1369697874297118726
1369697182769700868
1369697131242655747
1369697082295074818
1369696662709501957
1369696216343343104
1369696151964966912
1369696099980697602
1369696014072963073
1369695695373017096
1369695412098113536
1369695382784118794
1369695309262188556
1369694797926195200
1369694773259472901
1369694489808433153
1369694483286274048
1369694451757629441
1369694450616778754
1369694352105037825
1369694339073511429
1369694242818363393
1369694110198751234
1369693759919845377
1369693657775882242
1369693183861432321
1369693154316783624
1369692901492617242
1369692839894978565
1369692625729712133
1369532672545001480
1369531942933164034
1369530854658211841
1369530757291638790
1369530738857631745
1369530550420008962
1369530512260366339
1369529397041127425
1369527847153528833
1369527242099994625
1369524628498964496
1369523806600101889
1369518270802501636
1369516917740933121
1369516554803580930
1369516486784544769
1369515316837900288
1369511894814367744
1369511509978615808
1369511053172699142
1369509753014034432
1369509627319230464
1369509606976860161
1369508581691650048
1369507188952170496
1369506170696794112
1369505721914585089
1369504797364256768
1369504424326918147
1369504288444084225
1369503993588838400
1369503821425221634
1369503703896449024
1369503447632945154
1369503416519593998
1369503341789679616
1369503273678409731
1369502127748386816
1369501957585465345
1369501874664202243
1369628785096728576
1369628366337433605
1369626454842109955
1369626161756700676
1369625820197748738
1369625530274824194
1369624635961192456
1369623143334174727
1369622300312670209
1369621571485245446
1369621088318160901
1369620789318782983
1369620661082202113
1369617547167854593
1369617538821353474
1369617329970102276
1369617328325881856
1369616778305802241
1369616532926586885
1369616289875062788
1369616249349492741
1369616014795739140
1369615487055826944
1369614337904640003
1369613960647958530
1369692449476608001
1369691766736224264
1369691542118621184
1369691510489366533
1369691357288296455
1369691342557839360
1369691246206279685
1369691121811591174
1369690421799043078
1369690400080990208
1369690370045534208
1369690255725629446
1369690080206598146
1369689944369860618
1369689739700342789
1369689698113884163
1369689373357334534
1369689250925584394
1369688179796770816
1369687534163222528
1369687274343067649
1369686870821634063
1369685116973355013
1369684388766650369
1369684001112395779
1369683895113908234
1369683703488741377
1369683529202798592
1369683517534273540
1369683500262174722
1369683411087089675
1369683231835033600
1369683150708871170
1369682386628317189
1369682202087337988
1369681927104499712
1369681926030770179
1369680835314585603
1369680661997576193
1369679942691209222
1369678868718759941
1369678621263159297
1369678226461720583
1369678164570501129
1369678044445560833
1369677983045349380
1369677867777355776
1369439011362795522
1369438698400604161
1369438056491716611
1369723209592025090
1369722585194369032
1369722024214552577
1369721934443843584
1369721690243166213
1369721650913177603
1369721572123086855
1369721483950428162
1369721380531560452
1369720962690801671
1369720587120242700
1369720338758701063
1369720173050073090
1369719810129604608
1369719663140147202
1369719419308539908
1369719367404032002
1369719325083451396
1369719273392848902
1369719139934298112
1369718914159161349
1369718893435121670
1369718699486220292
1369718613620490240
1369718219674693633
1369717953852305409
1369717850852765707
1369717629934596104
1369717448069558272
1369717399709171717
1369717374505648128
1369716681501782026
1369716652691005442
1369716529856737284
1369716458314432515
1369716447136509954
1369715943946002432
1369715818729201664
1369715732913750019
1369715361508102147
1369715241785909248
1369715087888420865
1369714655166357505
1369714547678879746
1369714362714316809
1369714176889942025
1369713916943679490
1369713757459378178
1369713708109271040
1369713069610393603
1369712818736427009
1369712673575862281
1369712621390299136
1369712458319810563
1369712285925715971
1369711631115108352
1369711594196897794
1369711530556727298
1369711407994900481
1369711295092588547
1369711212578017282
1369711160463921160
1369711036534640641
1369710686461378568
1369710445490282503
1369709444918050820
1369709267608076291
1369708993149538304
1369708804493938688
1369708505624625153
1369565594794725377
1369565484329299973
1369565237758881793
1369564147298492421
1369564091879104513
1369563752299982848
1369562274088710145
1369560673810866177
1369560664587534336
1369560217537576965
1369559318475939840
1369559150447890434
1369558730640138245
1369558062235803649
1369557280476258304
1369555022229430272
1369551118112493570
1369550907503939587
1369550793473486853
1369660347972542464
1369659396473651211
1369659320816766981
1369659082999742464
1369659082546810884
1369658862329081856
1369658512587042823
1369657855389892609
1369657785584152581
1369657582164586497
1369656513388810245
1369656112551784452
1369655464280154121
1369654268102406146
1369654175966113792
1369653277122424836
1369652549037535237
1369652279792525312
1369651095807623170
1369650272121786368
1369650162050752516
1369649660642594819
1369649561493401610
1369649411731689477
1369649405943549959
1369648371720421376
1369647805497753603
1369647183943831556
1369646882734051330
1369646564474490881
1369645517148422147
1369645451561955331
1369784509747593216
1369783544923500544
1369783464501731329
1369783297631518725
1369782567117844481
1369782511337959426
1369782498125873152
1369782425841197066
1369782398808907777
1369781990451462153
1369781166719569924
1369780571531059200
1369780156072595459
1369780025290014724
1369779904162709512
1369779520472047618
1369778744613801987
1369778542968442880
1369778471631790081
1369778041220722689
1369777975277797379
1369777831778148355
1369777828569419782
1369777713020608512
1369777669492137986
1369777265488228353
1369776940060663809
1369776484890664962
1369776404091392008
1369775871293329414
1369775512394997762
1369775239597494277
1369774768094781441
1369774684586278912
1369774315923795971
1369774233916612610
1369773759775784963
1369773741316579329
1369773608176910344
1369773360310345728
1369773115618787331
1369772730237792256
1369772218134183937
1369772145115619334
1369771564821082112
1369771423238131713
1369771344871649289
1369770954293927950
1369770953564110855
1369770901114294272
1369769959166009347
1369769726533074948
1369769457258741761
1369597003114614786
1369596517657546753
1369596050571370501
1369595927573508098
1369595698182815751
1369595022476251137
1369595019649224707
1369594703323279363
1369594657995423744
1369594388758884362
1369594104837996546
1369593802630049795
1369593636267167747
1369593424203165704
1369593163837562884
1369592548507914245
1369592481617215489
1369592396653207554
1369591859564150786
1369591695839494148
1369591532085460994
1369591435373256704
1369590831334711298
1369590582901882882
1369590257398804486
1369589894021054469
1369588929935081472
1369588729363496960
1369587928884670467
1369587913420333057
1369587746625511425
1369587482484936708
1369587149033594881
1369586564645482498
1369586478242758657
1369585721812660225
1369585251945709569
1369584951188992003
1369584042568392705
1369584040475557890
1369583891523248128
1369583838318505985
1369583717497376769
1369583706520883202
1369583607359111168
1369583545170157570
1369583484310872064
1369583395920084994
1369583333735342083
1369583197877657600
1369583149605400577
1369583077576613889
1369582867957813251
1369582643763949570
1369582007110561796
1369548811316563971
1369547666615635971
1369546795215433730
1369546534593953798
1369545450588626945
1369543032496918529
1369541665942364160
1369541493103398917
1369541259946299392
1369541069864583168
1369540361752748038
1369540143116386305
1369540120840376320
1369539984923983873
1369538597007851522
1369538420968742917
1369538087857061889
1369537917333438467
1369537182004822019
1369534935191728129
1369799868957396992
1369798961104494593
1369798891399430146
1369798429254111233
1369798114643689472
1369797777966960647
1369797620466556930
1369797560144191488
1369797547607404544
1369796102891913222
1369795968678428672
1369795904715321344
1369795409078587400
1369795126730625025
1369793709370265601
1369793603061579785
1369793592324132866
1369793337419591685
1369792999010533377
1369792981251878916
1369792672920002561
1369792590242066432
1369791967308242947
1369791091122245634
1369790990282858497
1369790831331221506
1369790789501542404
1369790208476995588
1369790012989050880
1369789765298642950
1369789708172021760
1369789624642646018
1369789132923305984
1369788839858905089
1369788612368273411
1369788355542712320
1369788289801142274
1369788283119677442
1369788024582676483
1369788002541723650
1369787677017575425
1369787468195581955
1369787457231859712
1369787185428332545
1369785975153557513
1369785853275480067
1369785682298888192
1369785398243651588
1369785227699134464
1369784918448955396
1369676905088172034
1369676425188564994
1369676001639342086
1369675851667804162
1369675522351972355
1369675179740307458
1369674195702067206
1369673921235062786
1369672079038156805
1369671836846456844
1369671799915569152
1369671600740724743
1369671198485970948
1369670890263298053
1369670484506316805
1369670420547448837
1369669685994790924
1369669131604201479
1369667423016681479
1369667203079938053
1369666531542581250
1369666501851181063
1369666199508951042
1369665731101659140
1369665246479126531
1369664166282354694
1369663104653533184
1369662646769782787
1369662152093687817
1369645036607012866
1369644232529637377
1369644041256763395
1369643282179973120
1369642257238929422
1369642075529113603
1369642018163593219
1369641999033335811
1369640802117378048
1369639224446754816
1369638952940924930
1369638219105660928
1369638210037555201
1369638089111400452
1369638065472421895
1369637402722111489
1369637173956382722
1369636591182962694
1369636171282870273
1369636148067368960
1369635158681395205
1369635041282777098
1369634928120455171
1369634893920092170
1369634834226806786
1369634780753637380
1369634674239225856
1369634520643821571
1369634372563972100
1369634272999538714
1369634176169893892
1369634016358502402
1369633901589716994
1369633852382081032
1369633627164794881
1369633459547832322
1369633420255637508
1369633373120036870
1369633260272312325
1369633112368484352
1369631858426863621
1369631501076340736
1369631399238598656
1369631212373999620
1369753731546374154
1369752941029122050
1369752867955949575
1369752634677026819
1369752531769823232
1369752287560732681
1369751907053367297
1369751442223996941
1369751290478174210
1369751074442207232
1369751061477654529
1369750588427272198
1369750478708498432
1369750275255275521
1369750110775738371
1369750064512589832
1369749940747051011
1369749875311718407
1369749433450106884
1369749270589497346
1369749131938381829
1369748959560937472
1369748858415288321
1369748426636865536
1369748320042819584
1369748153210134537
1369747950537170952
1369747710283309062
1369747631195426818
1369746457432125441
1369746442064175108
1369745920221474818
1369745733159649282
1369744647334080525
1369744618972135432
1369744387165585415
1369744232941051904
1369743816731856897
1369743712113328131
1369742732822986752
1369741927680245762
1369741571021803524
1369740852738760705
1369740832874639362
1369740801174081536
1369740709411102728
1369740596718493701
1369740572731277316
1369740556751036423
1369740019511009285
1369739931065679872
1369739737091674113
1369739579478188034
1369739578450534408
1369739426058932230
1369739389065179141
1369739360401317892
1369739284467638273
1369739276569739271
1369739081584959488
