1359423078930001920
1359422798205222914
1359422669850959872
1359422550737104899
1359422484592943107
1359422088684183552
1359421729970470913
1359421670142935043
1359419977300852736
1359417705757958144
1359417630210347010
1359415583717097474
1359415527836430336
1359415183001718784
1359415069550006272
1359414886720233473
1359414711180288000
1359414481718300678
1359414251400687616
1359414024144908288
1359413983166488577
1359413534988398592
1359411965857329158
1359410787920482304
1359410554465583104
1359409741601071111
1359409624756199426
1359409383982174209
1359408458110533632
1359408387834798081
1359408034183852033
1359377270721245184
1359376170656149506
1359376158735925250
1359376050615160832
1359375416163790850
1359375049854230529
1359374254849032198
1359372829087571969
1359372587663560705
1359371422548848641
1359370837367787524
1359370681255825409
1359369950670987266
1359369069485522944
1359368882163646467
1359368093693214720
1359367996209303553
1359367884846243843
1359367440283623424
1359367203133489152
1359366358794911746
1359365781578944517
1359365723143901189
1359364798346108928
1359364731992231937
1359364713939939329
1359364142105128964
1359363763670052865
1359363275486593028
1359362811978108928
1359361190288261121
1359360691883433987
1359359765500092416
1359359578375401472
1359359462545489922
1359359413069430788
1359358718635175940
1359358078362259456
1359358074721501184
1359357898342731776
1359356966020149249
1359356258902548480
1359355520792973313
1359355246892441602
1359354890728964100
1359354638986743809
1359354357481787395
1359354237084463108
1359353463407325184
1359353015434625029
1359352921578754050
1359352855287726083
1359351213473615872
1359350438705958913
1359349240309440519
1359349216930394113
1359348950902464512
1359348200184938497
1359347845703356417
1359347693504634880
1359347625141571587
1359347584209412097
1359347299655286793
1359346386928566273
1359622978653347843
1359622959388909577
1359622661563850752
1359622347930615818
1359622332638105601
1359622164937342981
1359622108624609284
1359621983357575169
1359621592297406470
1359621499028660225
1359621428325343236
1359621347069079554
1359621304081645568
1359620923163312143
1359620800798679040
1359620682104119300
1359620627364270080
1359620541527826438
1359620515116314627
1359620177420312577
1359620013259423750
1359619969584160777
1359619689014566912
1359619682588913666
1359619650619858948
1359619470428311553
1359619428548177922
1359619426040086531
1359619419513778182
1359619408537088001
1359619086716723207
1359619081918316544
1359618601280557065
1359618595798601740
1359618371332022278
1359618303011000321
1359618236220928000
1359618083036532736
1359617995652419585
1359617502498619395
1359617323552960516
1359617291072143362
1359617219391594496
1359617147257958404
1359617034204635136
1359616951148945413
1359616693446787073
1359616666003505156
1359616542946820100
1359616239413428234
1359616055228964864
1359615855722651649
1359615765666803715
1359615619247656961
1359615608392998913
1359615532199256064
1359615509927493639
1359615477677514755
1359615449953140741
1359615358345297922
1359614795306197000
1359614476794929154
1359614396142555136
1359614377633189888
1359614362114269190
1359614133994467329
1359613957594636289
1359613838530871298
1359613724479262721
1359613675196284937
1359613629964845056
1359613492538580998
1359613181237342209
1359613071824728069
1359612662448070658
1359612283534606336
1359612282259521537
1359612279772368896
1359612193612984320
1359612127036768257
1359612104400121857
1359612064470364168
1359612040193704045
1359612002793103360
1359611985026027521
1359611889991450626
1359611770818723840
1359611740825280513
1359611679835754500
1359611640803700742
1359611629537808385
1359611335458365446
1359611329309466625
1359611280856936452
1359611271885316101
1359611119468490752
1359610884016988160
1359610597340422144
1359610594614198273
1359610372655874048
1359610247686606859
1359609894488465409
1359609759045984256
1359609689869271044
1359609190306746368
1359609170077622282
1359609058739843075
1359609026976309248
1359608974740320261
1359608617427562496
1359608492429111301
1359608366310580224
1359608359079407616
1359392629201506305
1359390581781331971
1359389565035888641
1359389214085906434
1359388980874256384
1359386979973160961
1359386524291387394
1359385800966770690
1359384782258454533
1359384443010580480
1359383254575513600
1359382897736757251
1359381360914296833
1359381011469979648
1359380497990844417
1359379979411333125
1359592546431819779
1359592428991299594
1359591904053256202
1359591792048545792
1359591608346415107
1359591472622825472
1359590923131322374
1359590688510390273
1359590570201673736
1359590524370444291
1359590503692595200
1359590287639797761
1359590158509703174
1359589882436362241
1359589842829606913
1359589467825328131
1359589274191020033
1359589198236426242
1359589129240117249
1359589029453455364
1359588863623184387
1359588695045779456
1359588546915500032
1359588511926599684
1359588391323656195
1359588233365999616
1359588117393596419
1359588033855692804
1359587954663059463
1359587954587533316
1359587903639281672
1359587680334544904
1359587437685669890
1359587263852802055
1359587060286435337
1359587020662833156
1359586882389221383
1359586842425892865
1359586745268985857
1359586680659968011
1359586550305222657
1359586348039028736
1359586293349498884
1359586289247477760
1359586044056895488
1359585945205542916
1359585570918309888
1359585509518024707
1359585508540747777
1359585372859224065
1359585329498365955
1359585270673342464
1359585224498307077
1359585221771943938
1359585196744572931
1359585162422534150
1359585156655443975
1359584885229277185
1359584867466493961
1359584772994064386
1359584604043309057
1359584502625021952
1359584472296009730
1359584466788900866
1359583927288037378
1359583684601540613
1359583644029915137
1359583609905156099
1359583479189676036
1359583466971672579
1359583443689078789
1359583324054904842
1359583279603732482
1359582987944226816
1359582977236303873
1359582893312516097
1359582675489718273
1359582630983966722
1359582447613059075
1359582320752275467
1359582259095822338
1359582223872237569
1359582216553136128
1359582206394564614
1359582159699210242
1359582140397158403
1359581923841081347
1359581871055790084
1359581755527880715
1359581672337858560
1359581607502446594
1359581220091416577
1359581199371563012
1359581094631399426
1359581020752855040
1359580891547398152
1359580823331237890
1359580755223928835
1359580657178079237
1359580410372632579
1359580317703499776
1359580306966208516
1359580141521879044
1359579528599904260
1359579301721624587
1359579187686817794
1359578975350247427
1359578872682074113
1359578679031042049
1359578625960534023
1359578578241921026
1359578480493666306
1359578408322273282
1359578269738278915
1359578135935807488
1359578076221497350
1359578052972318720
1359578037617057803
1359577892829724679
1359577808029310980
1359577679381622793
1359577673408917509
1359577635202846720
1359500056127234049
1359499547790180356
1359499043362271234
1359499039528607749
1359498813128466432
1359498483485523971
1359497744176529410
1359497028066107392
1359496500489904128
1359496378016219136
1359495979934896134
1359495979175731210
1359494575082123267
1359494556987895810
1359494538071445504
1359493600980201480
1359492607903109123
1359492572234866696
1359492570976550917
1359492165588701186
1359491470881914882
1359491234776154117
1359490894160822279
1359490625314381826
1359489313789116416
1359488412261076995
1359487805483671558
1359487296920162305
1359487291039776776
1359487112819716097
1359485438906408965
1359485389417963521
1359485386666500116
1359607754487382018
1359607753455538176
1359607569971638277
1359607501159817217
1359607428921380867
1359607319580078083
1359607246087454730
1359607118937153538
1359607008954118149
1359606915882504196
1359606789172457473
1359606694943285249
1359606674122829832
1359606656611581953
1359606327279050752
1359606301689536512
1359606297432383488
1359606096671907841
1359605861879066624
1359605859223961603
1359605824377794560
1359605619079143430
1359605592386592769
1359605480889462792
1359605430209695751
1359605425797140480
1359605330032947201
1359605119420137475
1359605092413026305
1359605067100348423
1359605044291792896
1359604884274839553
1359604870987268103
1359604750522724355
1359604688648306694
1359604266613243906
1359604128796839936
1359604005358489601
1359603859912597504
1359603729956282374
1359603595696627712
1359603589375811589
1359603560082640898
1359603238236946433
1359603200568029186
1359603195761356802
1359603185233633280
1359603134725820427
1359603090186403840
1359602884418093059
1359602785084350464
1359602514954436613
1359602272011907072
1359602255939448834
1359602249606066178
1359602062946938880
1359602019762380806
1359601977911611392
1359601477015146496
1359601387760472065
1359601209611612162
1359601137024786436
1359601108457381889
1359601079638491140
1359601074064273415
1359600544202055680
1359600451524546562
1359600367575707652
1359600293714014212
1359600154932891650
1359600149492871175
1359599704141492224
1359599698072514560
1359599615990001667
1359599268063924224
1359599217321385985
1359599186585538562
1359599047833751552
1359598966090977286
1359598926370856962
1359598919836196869
1359598887120478208
1359598723249102848
1359598273586229251
1359597862959656960
1359597773037867008
1359597217510735876
1359597214444769288
1359596772679639043
1359596673392066563
1359596304779853827
1359596203411988482
1359595942492598273
1359595627521454080
1359595133163995136
1359594912094781452
1359594664068800518
1359594656770703361
1359594457331605513
1359594355695226883
1359594334568517637
1359594296035454982
1359594157652729866
1359594076484620298
1359594051843031044
1359593500694745089
1359593287347298311
1359593106635694090
1359593070090727426
1359592980991143943
1359592898946240514
1359592872559935493
1359592848174284800
1359577232180674562
1359577142712008704
1359577124571652097
1359577091864428556
1359576873391558656
1359576836968222723
1359576836947275777
1359576812314099719
1359576730973990913
1359576682684907522
1359576656223096833
1359576622068862976
1359576621192105984
1359576616779808768
1359576593358868481
1359576507044290561
1359576461653458944
1359576211983372288
1359576076394115072
1359575984526213125
1359575908147990531
1359575878846480385
1359575788127977472
1359575756465180673
1359575711925862400
1359575656653324296
1359575582540001284
1359575395780157440
1359575293552427014
1359575233791987717
1359575217950064641
1359575160785956866
1359575062114955265
1359574969131409415
1359574960365264897
1359574889435430917
1359574483544195081
1359574384416022531
1359574219668004867
1359574157672001548
1359574045726044162
1359574033294057472
1359574024758702087
1359574015984205827
1359574000859574272
1359573990189240323
1359573768360894466
1359573651054596102
1359573599464656900
1359573530128437250
1359573394413469696
1359573160140668929
1359573040036777993
1359572960831504388
1359572802513338376
1359572696078684169
1359572663644127239
1359572604718358535
1359572596455571458
1359572541896093698
1359572533884964865
1359572507653640194
1359572355840954368
1359572169408339972
1359572143286091777
1359572141809745925
1359571987149029388
1359571967142219778
1359571941343039499
1359571723067281408
1359571600832688134
1359571490392465413
1359571379352436738
1359571374575075333
1359571215883644929
1359571209625755648
1359571112934440961
1359571102444453888
1359571051253010442
1359571034211573771
1359571027345432583
1359570930285035521
1359570836550791171
1359570760113807365
1359570592740085760
1359570583466496003
1359570357112500224
1359570329723617281
1359570329191014401
1359570298807451648
1359570119815532550
1359570103780671488
1359569827774537728
1359569708090068996
1359569683855249408
1359569683310125062
1359569615320449026
1359569574094659584
1359569507556208641
1359569374189932550
1359569132795084802
1359569077929455623
1359568935390236677
1359568933653782529
1359568903266045953
1359568880511893505
1359568872068775944
1359568688278601731
1359568639918243841
1359568611497701379
1359568601326497794
1359568577309806592
1359568518254125059
1359568424305795075
1359568401765646336
1359568205950439430
1359568159422877697
1359567969005826052
1359567825753489409
1359567768698433537
1359567672443363337
1359567622115893248
1359567566935580672
1359567563097841666
1359567538829590533
1359567476334485509
1359567178593406983
1359567148960645126
1359566987085684736
1359566879032045569
1359566871461257224
1359566869926133767
1359566821356171265
1359566803878354946
1359566726577463297
1359566675037872128
1359566622944600067
1359566526324625409
1359566407051206656
1359566084123340802
1359566070290464775
1359566039357534212
1359565740517564417
1359565720321859584
1359565471348121600
1359565213108944902
1359565206028976128
1359565197845921793
1359565171291803648
1359564995265241088
1359564909399408644
1359564593551540229
1359564557409132546
1359564280178302976
1359564210649370624
1359564126322892805
1359564098674032641
1359564095301763081
1359564033393836033
1359564009633120257
1359564007405944834
1359563984496697348
1359563826392399877
1359563819174010881
1359563655344500737
1359563652882444291
1359563649665404928
1359563635916496896
1359563401198931968
1359563399731048458
1359563384853831690
1359563294961512449
1359563293048897537
1359563279950106624
1359563278293360642
1359563244290072578
1359563109036417032
1359562975372333062
1359562938995081217
1359562902882107397
1359562813044363272
1359562798926340100
1359562632370520064
1359562426098864129
1359315111786250242
1359314162879401989
1359313839737643009
1359313810457124867
1359313499818721293
1359313489051832324
1359313248592556033
1359313117327593474
1359312812665802754
1359312721586642951
1359312485866741768
1359312341452603392
1359311893920419842
1359311737330229254
1359311622448185345
1359311542383214594
1359311154791784448
1359310532986232832
1359310450043875333
1359310351561539584
1359309859540320258
1359309852418453507
1359309438675546114
1359308156665552898
1359307551897079809
1359307370627821568
1359307147654230017
1359307129811726338
1359306944889163777
1359306827784159233
1359306547931852802
1359306369103503360
1359305562580746240
1359305168777588739
1359305108748722176
1359304653872246787
1359303740004700165
1359303734489153537
1359303729502117889
1359303615358320640
1359303388731736065
1359303199816118272
1359303069037518850
1359303056253411334
1359302174770139138
1359301948453707777
1359301811690229760
1359301465731399684
1359301253021499392
1359301156242157568
1359301060754604035
1359300370984390659
1359299866980188162
1359299704320909316
1359298576795328515
1359298449196412931
1359298404493504513
1359298216735494144
1359298164939845633
1359298101073178626
1359297859313668100
1359297463488757762
1359297393171259392
1359297132201672705
1359296612070289412
1359296092903337984
1359295562479144968
1359295394262495232
1359295385823444995
1359295112530980865
1359294649626628100
1359294608501583872
1359293490371448832
1359293425930166274
1359293074388750336
1359292665913880578
1359292306407501826
1359292045173661704
1359291792835887113
1359291349971984384
1359291048170823682
1359290992432717829
1359290989672857600
1359407782169083906
1359407735486500864
1359407655392063488
1359405811609591808
1359405103648657411
1359404610990047238
1359404544032137217
1359402726405373952
1359402725033787402
1359402597023645698
1359401994629177346
1359401371762647040
1359400609200357380
1359400235219435521
1359399923821780992
1359399598347980803
1359399391686189057
1359399010243600388
1359397781010579457
1359397773943128066
1359397381704462340
1359397286070075392
1359397004598800389
1359396805008650248
1359396327126413312
1359396059500449792
1359395713629749250
1359395688656871429
1359395531227856898
1359395019854077957
1359394928955170817
1359394921787056133
1359393684245118984
1359516154734268421
1359516145745879040
1359515613148889093
1359514605517737987
1359514517701599234
1359514232044281857
1359513929664376835
1359513818360086532
1359513785753604104
1359513675443425280
1359512539739148289
1359512532281614345
1359512148939075588
1359511723997298688
1359511436238667781
1359511402441027587
1359511389648297986
1359511340524699657
1359511064128454657
1359510595595350018
1359510033898340354
1359509700874817536
1359509278227390466
1359508950249570305
1359508622028509188
1359507950746886147
1359507545061134336
1359507107750510592
1359506991740297219
1359506748961357828
1359505989763026946
1359505971651874816
1359505312663932932
1359505056324866051
1359505043632889857
1359504852599119875
1359504460532260865
1359504454937149441
1359503997409886211
1359503723316314113
1359503431656947717
1359503371657437188
1359503146712788993
1359502389133402113
1359502330719318018
1359502010001870848
1359546641104199680
1359546534338195462
1359546509952356352
1359546224857264133
1359545528955138055
1359545470406770688
1359545423552274441
1359545293654622217
1359545039626653698
1359544774198444033
1359544702257758208
1359544571177426948
1359544510389313538
1359544142955765762
1359543644303327239
1359541543930126339
1359540895360688128
1359540703114764290
1359540700497530888
1359540564513878017
1359540352449978373
1359539998974951427
1359539314158370816
1359539183614906370
1359538936767463437
1359538813761069064
1359538594961117186
1359537762865614855
1359537696302002179
1359537371377721352
1359537135414575104
1359536519875280900
1359536473364697092
1359536425335730179
1359536394625024004
1359536266694381568
1359536068094291974
1359535451661602821
1359535307968843778
1359535098136309762
1359535050132492290
1359534337721573380
1359534263440338946
1359534177176219659
1359533632508096512
1359533613776330765
1359533559992754176
1359532396782182404
1359532230826217473
1359532164245827584
1359531390287695882
1359530657861537797
1359530332698140674
1359529833852776449
1359529740189765634
1359529696233414660
1359529571952062464
1359528723108741123
1359528664287895554
1359528443407400962
1359528065282547713
1359527944784408576
1359527513677037568
1359527263239299076
1359527233791090690
1359526820589285377
1359526373098938375
1359526222456356871
1359525818842701824
1359525337676320769
1359525170994679811
1359524862499430402
1359524623071723528
1359524299737096196
1359523238997590021
1359522898210398212
1359522556181676034
1359522032447352835
1359521572248293380
1359521446943424512
1359520834558324742
1359520722645843973
1359520594778275843
1359519730932084740
1359519533078360066
1359519492842397696
1359518875138809863
1359518611845615618
1359518316205920257
1359518144314933249
1359518137767632896
1359518135272022021
1359517762087968774
1359517719645868040
1359517278413459458
1359517250701713408
1359516821523632131
1359516423740157961
1359516378861084673
1359638168765485058
1359637988997820416
1359637335810453504
1359637322166329346
1359637318894764033
1359637099729797120
1359637089013424129
1359637042909630477
1359636898793328641
1359636830103228420
1359636702080487425
1359636656509374465
1359635689671954433
1359635652514508801
1359635072547049472
1359634993086144512
1359634925125738496
1359634851830325249
1359634700848005121
1359634674935562240
1359634561336942592
1359634535307182085
1359634350619426819
1359634251889717253
1359634068212695045
1359634010054529026
1359633777891434497
1359633612610695176
1359633307781238786
1359633261782306825
1359633040314687493
1359632877219172352
1359632658356203523
1359632482791010305
1359631981718478851
1359631733692354560
1359631556650930180
1359631515072798726
1359631211673620481
1359631198348263426
1359631134322266120
1359631040579526657
1359630430350307330
1359630187709804545
1359630159792517123
1359629699970977802
1359629667926499337
1359629550267883526
1359629209862361088
1359628577545859075
1359628455357349900
1359628328240611329
1359628307340394496
1359628080902524929
1359627950333829124
1359627692497375234
1359627688739278854
1359627585668460545
1359627551652667394
1359627283837956098
1359627205232443392
1359626978303873024
1359626904718950403
1359626764893507584
1359626185844654082
1359626015677571073
1359625996631232512
1359625792104325127
1359625493604163588
1359625472544542721
1359625448620052481
1359625423651446786
1359625258232381442
1359625191249371140
1359624372135297024
1359624082791272450
1359623769355145218
1359623705085816833
1359623673779527685
1359623419717902345
1359623330551263240
1359623265623375882
1359623155858497537
1359623105677828097
1359484543166799880
1359484264794980355
1359484055834800131
1359483574064451585
1359483497912676353
1359482956696326145
1359482693956882432
1359482572389163011
1359482535781236745
1359482408379297793
1359482232709275649
1359482213268611073
1359482144658255879
1359481373464133634
1359481311400849410
1359481058643869700
1359480951429074948
1359480793622454283
1359480455855235072
1359480437316403206
1359480151399145474
1359480012798259205
1359479494604689410
1359479212973961218
1359478963362406400
1359478162569261058
1359478053525676032
1359477807529816066
1359477783248990209
1359477689330106374
1359477683105771520
1359477660997603329
1359477433427058692
1359476957302448129
1359476724833153024
1359476632361332747
1359476572751884291
1359476384071057412
1359475962656784390
1359475960798674950
1359475809233342468
1359475227315429385
1359474893264310272
1359474489176821761
1359473494204051467
1359473487291817985
1359473130431987712
1359472872364859395
1359472709911068673
1359472564779814913
1359472558463156228
1359472360169078786
1359471601977327616
1359470936496496641
1359470642991681541
1359330280813649920
1359330139394486272
1359329426710822912
1359328522406416384
1359328341443117058
1359327826252623876
1359327774075330561
1359327671650570240
1359327388870602753
1359327115779350539
1359327002524667905
1359326814020063235
1359326747792146435
1359326094130728965
1359325288992296960
1359324956698492930
1359324667094335489
1359324093296836609
1359323340444368897
1359323063138082819
1359322955625467907
1359322910217953280
1359322654793211904
1359322053514559488
1359321507730661382
1359321098156978178
1359321034005086211
1359321007450951686
1359320971505668100
1359320589463339009
1359319650199343106
1359319614023323649
1359319529978032129
1359319455336189963
1359318777712828416
1359318632334036997
1359318419087138818
1359317808077799425
1359317659595116544
1359317251908907008
1359317232191479817
1359316041466343435
1359315893793169409
1359315504473735170
1359469095889088513
1359468982613467136
1359467561675538434
1359467302077497344
1359464736224600064
1359464347970514949
1359461437891084290
1359461436402073606
1359460970976980993
1359460718987403264
1359460621423570945
1359460594924089348
1359460494894108674
1359459554657005575
1359459506086948864
1359459247675887619
1359458820947402752
1359458454037880832
1359458344466075650
1359457799038787586
1359457519329026050
1359457503029956608
1359457085205979136
1359456512444424192
1359456141252702211
1359456132801024000
1359456072180842496
1359455766420336641
1359438219985715200
1359437944810045441
1359436618143252487
1359436356557172737
1359436212264722437
1359435188833554432
1359434902027010049
1359434571880816641
1359434523298070530
1359433942059806724
1359433322032582665
1359431098200174600
1359431007057948672
1359430550612713477
1359430275198054400
1359429410642931715
1359429248319160322
1359426506808823817
1359425665272020993
1359424862520025088
1359424814558052358
1359424559422844931
1359424009855590400
1359423752816103424
1359423195862949888
1359653363642748931
1359653295812448257
1359653198160683018
1359652805997387779
1359651798726901769
1359651644926009344
1359651076023214081
1359651042334363651
1359650937619554307
1359650897329082371
1359650783827009543
1359650561885429760
1359650506260570113
1359650399242891264
1359649122567876613
1359649077311512577
1359648948470898688
1359648423604019200
1359648029817593856
1359647985399967744
1359647902000365568
1359647288600231937
1359647027618062342
1359647019812413443
1359646908172615683
1359646731697328128
1359646173854912514
1359645565131362311
1359645554939199492
1359645151585394693
1359645090076004352
1359645088335491072
1359644898832445440
1359644292537602048
1359644244495929347
1359644231158013952
1359644106536853506
1359644029198172162
1359643851443630080
1359643847148646404
1359643806237360128
1359643631297044481
1359643142413291525
1359643093348278272
1359642721611358211
1359642709187846150
1359642463904890880
1359641585563099137
1359641261452451844
1359640838091997184
1359640628544606212
1359640474005491712
1359640241221500931
1359640157159366656
1359640111630217221
1359639518316527619
1359639426348036105
1359639308580384769
1359639148227817473
1359638480016572424
1359345473933377539
1359345144915521536
1359344144230076417
1359343622622117889
1359343363548405760
1359343183902035970
1359342412599025669
1359341996415082498
1359340567612841984
1359340134320115712
1359339368708673538
1359338795829661700
1359336583812452356
1359335057585025031
1359334430582726657
1359333516937486338
1359332904917102592
1359332312454987779
1359332309137199107
1359332074180796419
1359331612433989633
1359331505433047040
1359330549555429376
1359562053212659718
1359562009315078144
1359561919779209218
1359561875277684736
1359561692024197120
1359561577180110853
1359561574302760975
1359561570897047552
1359561474952335365
1359561288163147778
1359561273814491143
1359561270844788740
1359561255443382273
1359561148643880960
1359560987368652801
1359560931706105856
1359560869856878594
1359560767729786882
1359560627317014530
1359560508156829700
1359560485155332100
1359560369677680651
1359560327692713986
1359560302497591300
1359560290132766723
1359560070569234432
1359559900427395072
1359559882232446977
1359559862464700421
1359559828666998784
1359559751663763457
1359559740033011717
1359559499225456650
1359559373899657218
1359559354589061123
1359559244509495308
1359559131871539203
1359559088347176962
1359559084144484354
1359559057300946951
1359558698679558149
1359558677217357831
1359558105764397064
1359558027058249728
1359557997853294595
1359557975086620673
1359557897009651713
1359557622081466368
1359557427314720770
1359557340446482440
1359557273929076741
1359557224385888258
1359557041367433221
1359556958139867149
1359556870378250241
1359556845082468352
1359556770314780677
1359556721740546054
1359556708641763338
1359556626596966412
1359556581222924297
1359556436754386953
1359556393091665924
1359556313030754304
1359556264615948296
1359556257510735874
1359556219946618883
1359556056062509057
1359555919701553154
1359555794732277762
1359555785970356228
1359555772678627333
1359555648099414016
1359555576959799301
1359555537394946049
1359555421544067080
1359555386513195010
1359555089728421893
1359554982429736963
1359554865127694341
1359554830449188868
1359554707505569795
1359554481109618690
1359554273357352964
1359554168336363535
1359554136459542529
1359554109137973251
1359554095627964420
1359554091291148295
1359553980272160768
1359553902383882244
1359553835715485701
1359553444852494336
1359553420076736524
1359553406189395977
1359553251155312642
1359553104283381761
1359553064571719680
1359553048696287236
1359552963644186629
1359552931012485121
1359552928676274176
1359552843624120323
1359552765777821696
1359552680847429634
1359552673184423937
1359552643912396801
1359552527621054465
1359552425212993541
1359552339942797316
1359552339645001729
1359552073117954049
1359551864761679873
1359551854024286214
1359551838283042818
1359551762466824193
1359551727469477889
1359551624843309057
1359551607432749063
1359551516001067008
1359551464356655104
1359551261620723715
1359550771142955010
1359550667459813382
1359550575642374148
1359550481438281731
1359550479630532616
1359550373011345418
1359550332716670978
1359550186343776258
1359549950078685189
1359549730355879937
1359549552114679813
1359549447705870336
1359549336766590981
1359549228490571779
1359549152128954369
1359549087939522561
1359549064141033472
1359548659327770633
1359548441387560962
1359548260776574976
1359548155067523078
1359548141381517324
1359548081134587904
1359547987723182088
1359547961026428932
1359547956253368328
1359547801126993926
1359547797649960969
1359547791056502787
1359547783880077319
1359547691395665920
1359547442241404932
1359547145569914888
1359547133016219650
1359547123507884034
1359453401726128137
1359452776326180868
1359452387358908417
1359451687912542209
1359451398874816515
1359450436948877314
1359449968981983233
1359449857711300608
1359449315219972097
1359448846502252548
1359448597805363201
1359448581510422528
1359447718616313857
1359447531789438977
1359447481357135872
1359446834595262464
1359445947462410242
1359445838762676225
1359444985809108999
1359444841055334404
1359444655679565831
1359444328456814597
1359444034830405635
1359443715450757125
1359443466347032577
1359443332292882433
1359443187367092225
1359443113639632900
1359443039853412354
1359442868625149954
1359442625204518916
1359441921731657738
1359441604935827457
1359441443107049472
1359440207737724928
1359440120194215937
1359439400057331712
1359439366045786114
