1381777617926434820
1381777510086684672
1381777457108426762
1381776773554311168
1381776256526602240
1381776229435633664
1381775426763243524
1381775183032238090
1381775145841352704
1381774744631017477
1381774054932279298
1381773456275034112
1381773047796002819
1381772418033840128
1381772353747759112
1381772038742933506
1381771910443368453
1381770760562302984
1381770212857372675
1381770111435079683
1381769730994802688
1381769594608648198
1381769396587274246
1381769327851024388
1381768279304269827
1381768070373519361
1381767780844806148
1381767455094276097
1381767267306758145
1381766879216291847
1381766643806695427
1381766586734903297
1381766395176890373
1381766148165939202
1381765547398995969
1381765461696770048
1381765372567769088
1381765044057309189
1381764951736528899
1381764262935281665
1381763680841383936
1381762885827760129
1381762741833068553
1381854094390927361
1381816663239196674
1381816244085604355
1381816166528602114
1381815683546243073
1381815518194241537
1381815415316344832
1381815409641414657
1381815239704899584
1381814995474845700
1381814393994874881
1381814379016941569
1381813704564609025
1381813652999770114
1381812834691072002
1381811454672789504
1381810878173966339
1381809862838001667
1381809498306662403
1381809285361901568
1381901534905122817
1381901514093043712
1381899324641058817
1381898547021410306
1381897976579293184
1381897976352808962
1381897034647625729
1381896871547957254
1381896581104951297
1381895973174185984
1381893540876328960
1381892755752898563
1381892718163558400
1381892147478200320
1381891844393611264
1381891764911362049
1381890193104379909
1381889730866991105
1381889691142791168
1381889409893736449
1381887867996225539
1381887159662174212
1381886750457479169
1382074950765334530
1382074811506061313
1382074655570268160
1382074648549015559
1382074527987957761
1382074315286441991
1382074171178516486
1382074028656050176
1382073984661999620
1382073969809969156
1382073711054913537
1382073644705325056
1382073388710105089
1382073264328019984
1382073122908692484
1382072962392657920
1382072856738168832
1382072824668504069
1382072491561082886
1382071958284726277
1382071850734346243
1382071788956483597
1382071384529047553
1382071175342358541
1382071166811181068
1382071116664074241
1382070938922012676
1382070651612233729
1382070630527422466
1382070146110472196
1382070038765666304
1382069869932376064
1382069869231935491
1382069757759881221
1382069731272851457
1382069136503631878
1382068912645414913
1382068543756369920
1382068161730682881
1382067862416740353
1382067501014605826
1382067208537264128
1382067113121214466
1382066825031262209
1382066655824580610
1382066409769930767
1382066284817481729
1382066229477834758
1382065734071767052
1382065444081823745
1382065221104250881
1382065070033801216
1382064894338605058
1382064715069861888
1382064152626274304
1382064044920733700
1382063424839036929
1382063252545409026
1382063101122654214
1382062916933926913
1382062367144620035
1382062106883850242
1382062102198751247
1382062063334400009
1382062031596093447
1382061139211776001
1382060988925632514
1382060534795796483
1382060453728243713
1382060076274434051
1382059982322073603
1382059972717125633
1382059891838291968
1381997427285188612
1381996981770326018
1381995617468186627
1381995378908798985
1381995373141581824
1381995365940006912
1381995356733505539
1381995345631191046
1381995146493976579
1381994952394162177
1381994564072968198
1381994535316713474
1381994163349172229
1381994016649191424
1381993949867434007
1381993859148812290
1381993204220895234
1381992879694942215
1381992600006225923
1381992286603591681
1381991031193894917
1381990809097154563
1381990767233761286
1381990516741537793
1381990515428708358
1381990514191384581
1381990358771437574
1381990217318596615
1381989072768483339
1381988656727138311
1381988505514033155
1381986618886787074
1381985663650836480
1381985633841917953
1381985460508053507
1381985181712584709
1381985114306060292
1381984680988143626
1381984066229186568
1381983950164353026
1381983386219159564
1381982641298276355
1381982378004992003
1381966539918692357
1381966525850996741
1381965608464510978
1381965579280506883
1381965161418817543
1381964520667508741
1381962930858647552
1381962732027609098
1381962526942846980
1381962249800019979
1381961984938291201
1381961779048181762
1381960740089655299
1381959974956396546
1381959776448475137
1381958288728817665
1381957528024670211
1381957358184755205
1381956835842916352
1381956792377245703
1381956591570849792
1381956498591416330
1381956484511186951
1381956199420100613
1381955776370016259
1381955583541194754
1381955539509276673
1381955402120765440
1381955343790399494
1381955053922222080
1381954913937276940
1381954423153385473
1381954278403801088
1381954062296494080
1381953922072477699
1381953856775544835
1381953517666107396
1381952992618934272
1381952856828305410
1381952391914815490
1381951805416857608
1381951643344900096
1381917768384184321
1381917702915203072
1381916771670614024
1381913701020749828
1381913680993005570
1381913419553636356
1381913400247259138
1381911557593051138
1381911324125499398
1381910204279894025
1381909001177292802
1381908258839928837
1381908197032755201
1381908177332142081
1381908064337600512
1381907267147214851
1381907129712439299
1381907064709074945
1381906868348588032
1381906456920915970
1381905954711740421
1381905641363636227
1381905310735032323
1381905053326307331
1381904293742141442
1381903934168649730
1381903339970031616
1381903057827549187
1381869314488164364
1381869074666422276
1381868638660034560
1381853945983873030
1381853129088598017
1381852895251947523
1381851858306801664
1381851763792306177
1381851608548532226
1381851592282972161
1381851268482801665
1381850969093386242
1381850775110873090
1381850606017552386
1381850161953955841
1381850069381443585
1381849837050585088
1381848972050849792
1381848771902889985
1381848765720621056
1381847664493436931
1381847574898958337
1381846912672923649
1381846687619153921
1381846486762221568
1381845854458245121
1381843721914736640
1381842832550289411
1381841120586567688
1381840635557187586
1381840141921181699
1381839682900738050
1381839458094436352
1381951076207845377
1381951032247353346
1381950984297926656
1381950620756664330
1381949638257692683
1381949613763072004
1381949218517094402
1381948908541255685
1381948318922592256
1381948203608719363
1381948042270621697
1381946919530926081
1381946204209094661
1381946048491487232
1381945768831901699
1381945724414332936
1381945708824133640
1381945607976329224
1381945345974755330
1381944521676750854
1381944283356221440
1381943954426454016
1381943866555699203
1381943707243438084
1381943097945382912
1381942809490509826
1381942801458372609
1381942516065439747
1381942206454464515
1381941989432815620
1381941452536692738
1381940969512255496
1381940617706635264
1381940450479599617
1381940204034949122
1381938890424995847
1381938859345334276
1381938748783534081
1381938700871815168
1381938650989133826
1381938570743668740
1381938486299787267
1381938423817138180
1381937986753814528
1381937807741091840
1381937576785948672
1381937465544560647
1381937257075068934
1381936487864922113
1382012983862308874
1382012188026621954
1382012082552455178
1382011914717433858
1382011618238812172
1382011449887842314
1382010796499144708
1382010603284357121
1382010401907376130
1382009426949898244
1382009135823134725
1382008676790190086
1382008505968680963
1382007577786130446
1382007195689160707
1382006937424863236
1382006684541935618
1382006652476461056
1382006619324743684
1382006381344124933
1382005917621846018
1382005330054369282
1382004976516468741
1382004772748820483
1382004606641831940
1382004212620476421
1382004044806418438
1382003795308253186
1382003746977243141
1382003572649394176
1382003424267485189
1382003360006606849
1382003094758830088
1382003008096116743
1382002824381403137
1382002450027192320
1382002206157721601
1382001872400232455
1382001864548384769
1382001623589851142
1382000212126920705
1382000092652134402
1381999666015928327
1381998631516012551
1381998563438309379
1381998244864086016
1381884571382390784
1381884397780152321
1381884260869492736
1381883847734816769
1381882971838316551
1381882138639933441
1381881561440731141
1381880227127758850
1381880175571374080
1381879886139252736
1381877067768291329
1381876723571175425
1381875728296280064
1381875601573732354
1381875206566858752
1381874625269874690
1381874164294942723
1381872851502907395
1381872059941281794
1381871275497361408
1381871111709863937
1381870957782913025
1381870814925103104
1381870584443793413
1381870400297000960
1381870145618907137
1381869761655500800
1381869660371443718
1382090398777057280
1382090361468825609
1382089820743331843
1382089726258155520
1382089215639498755
1382088648531804165
1382087730725797892
1382087421282639872
1382087101852815363
1382086976887685120
1382086142753931266
1382086067180871681
1382085337778946050
1382085132375494671
1382085098036662273
1382084800610246661
1382084240662233091
1382083777657180170
1382083619947175941
1382083433770409991
1382083117603823617
1382082748756721668
1382082601188532225
1382082009238020102
1382081679880245248
1382081603325857794
1382081388371918852
1382080584730750981
1382080575742283785
1382080323266154500
1382079898664198151
1382079891441602563
1382079773778788357
1382079401538519045
1382079141932101633
1382078962902441996
1382078723185373187
1382078646970691587
1382078523939110919
1382078257995124743
1382077848404516869
1382077841647546370
1382077721367478279
1382077545542262788
1382077211503648770
1382077038295662592
1382076940312530945
1382076834238504961
1382076788344561671
1382076740139413510
1382076336164995087
1382076073903595520
1382075981628801026
1382075630980829187
1382075464957755406
1381792928209637376
1381792347806183425
1381792275437588484
1381792146567663622
1381792124987969538
1381791615082188805
1381791330083483655
1381791246373560322
1381789947431108610
1381789748721778693
1381789110612987905
1381788589160230912
1381787585505206276
1381787163071819781
1381786471821008897
1381784787619315714
1381784522522456065
1381783957264494594
1381783599934935040
1381782952800047111
1381782381632352257
1381781719339180037
1381781664582483968
1381780634989850625
1381780434535788545
1381780350863601665
1381780313517477888
1381779540805050374
1381778708793462791
1381778166285410304
1381762371018969094
1381762210637168641
1381762154089512961
1381761399823638533
1381761243757731840
1381760613387546634
1381760445900599301
1381760403680661506
1381760172599750659
1381760128916017156
1381759411945930753
1381759102917910534
1381981878278877184
1381981387390074883
1381981229633966088
1381980464467034113
1381980293347876866
1381979918716768257
1381978913480540168
1381978911991533569
1381978140004782083
1381978136145956875
1381977971574067203
1381977617990086664
1381976084464467971
1381976062951878659
1381976004600676360
1381975508934668291
1381975432120184838
1381975406400528391
1381975278885429249
1381975233419223041
1381975095883743233
1381974835958591491
1381974643314135040
1381974295992279041
1381974257970855939
1381974113485533184
1381974013505908736
1381973579173142528
1381972914493341701
1381972889709248513
1381972816216657921
1381972629150699523
1381972233564868611
1381972207971278853
1381972053784412160
1381970906319323141
1381970820319346693
1381970691784851463
1381970653809672194
1381970620943015937
1381970548574486537
1381970433029898248
1381970422720172037
1381970396740677641
1381970193363034119
1381970113637851136
1381970001683447810
1381969822351691777
1381969118069334019
1381969050503237637
1381968741542490113
1381968730687561739
1381968390684729356
1381968078569795592
1381968031719383046
1381967944243011584
1381967543682756617
1381967220658561025
1382043968293199876
1382043130334040068
1382043089754324992
1382042560919658499
1382042455114186754
1382042451712561153
1382042441981726724
1382042280899588100
1382042009851035649
1382041606623215627
1382041165218873353
1382040972901584896
1382040596806828038
1382040448361971713
1382039823226183693
1382039378567004170
1382037968865480708
1382037915140640769
1382037878335750146
1382037631127592962
1382037286934753288
1382037254122655751
1382036994839093249
1382036754199371776
1382036176039669760
1382036073480646658
1382035932321251328
1382035930626801664
1382035858702884870
1382035184023969793
1382034796923224067
1382034132440596491
1382033287292542976
1382033168228872192
1382033152353374219
1382031963381387268
1382031858830094345
1382031812147445766
1382031721449799683
1382031650750599168
1382031433686994948
1382030819997454342
1382030672076926978
1382030559275225089
1382030288256122883
1382030254861021187
1382029736952619016
1382029511802380296
1382029394563194882
1382029331849830402
1382105787741376513
1382105722008207362
1382105426288902145
1382105224458952704
1382105026957602816
1382104778830909443
1382104757226061824
1382104275858374656
1382104100842713090
1382103839034245125
1382103359373594627
1382103142477787136
1382103038001811456
1382103032243101698
1382102091833905154
1382101633077702659
1382101110337409033
1382100976480382976
1382100789854818306
1382099566221221888
1382099405818433538
1382099359785975811
1382099010354360330
1382098412942860289
1382098412737335298
1382098035459637248
1382097241742057474
1382097128395268102
1382096738459152385
1382095868728381440
1382095853565976580
1382095772464779268
1382095680508940288
1382095538653261824
1382095526804529155
1382095502947196930
1382095500111876100
1382095431220531205
1382095177871937538
1382095176252878851
1382095115024539656
1382094934052786178
1382094747641126912
1382094647611260932
1382094644603916292
1382093967353815041
1382093864081690632
1382093665439342594
1382093525685317634
1382093098524753924
1382092931859947528
1382092785109569538
1382092205951619076
1382091715184627716
1382091529167249411
1382090898746572801
1382090706991349761
1382090705900867590
1381823741219459073
1381823333101096963
1381822173124366337
1381820920428388352
1381820449676476423
1381820285557555202
1381818739646214145
1381818724399902720
1381818623707217921
1381818155895508992
1381818007219957766
1381817847408701442
1381817543451627523
1381816988880748544
1381816956194553857
1381816708130762752
1381867575940763648
1381867037157335042
1381866596986195968
1381865329366691840
1381864574232588292
1381864346851024896
1381863544304599041
1381861515784040448
1381861219116720132
1381860617737342976
1381859665647169536
1381858934655422465
1381858545122050048
1381856771665498113
1381855867851563009
1381855498539040768
1381854250712461314
1381854219913715715
1382120972287942665
1382120937328410633
1382120683136778241
1382118170820030464
1382118071486324740
1382118010782162949
1382117635270324227
1382117559907061769
1382117240435318786
1382116959416844288
1382116654952419331
1382116475562000385
1382116317789044740
1382116044517617670
1382115612604915714
1382115254352642053
1382114612787691523
1382114074855677952
1382113861885702144
1382113567772663810
1382113142080163842
1382112673912008708
1382112303827578880
1382112260882059264
1382111589143248896
1382111539184947205
1382110896923693059
1382110797183254528
1382110120163880969
1382109922863767556
1382109433799483395
1382109004994777092
1382108723984879618
1382108469306736640
1382108400884994049
1382108310392991745
1382108285881442307
1382107987871989763
1382107987276337153
1382107827926310915
1382107801594515459
1382107658245844992
1382107647088992262
1382107574795788292
1382107483125207040
1382107266489278466
1382107187904880640
1382107087757570048
1382106938918375425
1382106874720313348
1382106690468900864
1382106560529334276
1382106517818593281
1382106440253505538
1382106378974547968
1382106317683318785
1382106265040482306
1382106200016314369
1381838984666550272
1381838973480312836
1381838110321860610
1381836713895604230
1381836254967435264
1381836145735131137
1381836075413331969
1381835839483867136
1381835550412341249
1381835128477904897
1381835037885222913
1381834776131203079
1381834764986982403
1381834627992727554
1381834595260379138
1381834541782855684
1381834506345324544
1381834230984966144
1381833103870595075
1381833022694170624
1381832621378789384
1381832511265910784
1381832506853314560
1381832480378945536
1381832260291268609
1381832146453737472
1381831819587280899
1381831724762603520
1381831442531897354
1381830988695748608
1381830907569471492
1381830569256886272
1381830497152696320
1381830268667916288
1381829648212967426
1381829339327631362
1381829297019748352
1381829233647964161
1381828907939160064
1381828449552240640
1381826974163693568
1381826713722613760
1381826476224417793
1381826391365279747
1381825292759666694
1381825094478045184
1381824719012425735
1382028226860552198
1382027792129265664
1382027743072772107
1382027738551349252
1382027451270840325
1382027429108084739
1382027146445611011
1382026752319488003
1382026681934811139
1382026580633980933
1382026243227389953
1382025881489670144
1382025765643034624
1382025260862672896
1382024671277719553
1382023824128962562
1382023737168515082
1382023643769806848
1382023549230190592
1382023468032663554
1382023259735085056
1382023228651139083
1382023028595298306
1382022894075715584
1382022835921694728
1382022765310574592
1382022071425900555
1382021498899210242
1382021307668267009
1382021282238242817
1382021236373458944
1382021230807633920
1382021135542452234
1382020288855040005
1382018622818807811
1382018540597878787
1382017357938327557
1382017331400949767
1382016372939571206
1382015413689663488
1382015299424284677
1382014958947340289
1382014941142659077
1381808496270839808
1381806650911244292
1381806426201407491
1381806150761521157
1381805602431770624
1381804696210399238
1381804410125291521
1381803514138132484
1381803383900749825
1381802852071342080
1381802450659729415
1381801884822949891
1381801853978038274
1381801203986743303
1381799096655081473
1381798665849819139
1381798599676289024
1381798242623619073
1381797747997736961
1381797560537526275
1381797364575387653
1381797053957861379
1381796625484406784
1381796136646762502
1381795829577510915
1381795781422641153
1381795072606302211
1381795060325486592
1382059574170169354
1382058481503592457
1382058090674130945
1382057794766049286
1382057387843014658
1382056695468331008
1382055848877428742
1382055510464200704
1382055426850717707
1382055193697775617
1382054928286425089
1382054777438224384
1382054393311334400
1382054294384476164
1382054009276493825
1382053931166150657
1382053783061069825
1382053245871390723
1382053199494803458
1382052522588782600
1382052313569886210
1382051992223293444
1382051798689669124
1382051798542868480
1382051767723171843
1382051712379330562
1382051678938136576
1382051457764093954
1382051358141001731
1382051283318808577
1382051200317542408
1382050788877467648
1382050731952377860
1382050670661021710
1382050504486875136
1382050108372504577
1382049939082027009
1382049912582455301
1382049776129179654
1382049491793149956
1382049314000797702
1382049195297751046
1382049167573454854
1382049092851937284
1382048696070717448
1382048427010232320
1382047870786895879
1382047605337812997
1382046654354755585
1382045306750128128
1382045220477534215
1382044701684011008
1381935783905480704
1381934823086907394
1381934479510360065
1381934385398755329
1381934054589759490
1381933427214192641
1381933384671260674
1381933198448418819
1381932833518669829
1381932170156126208
1381931803800436736
1381931674636812293
1381931633876557827
1381930040473059329
1381929815540957186
1381929152304013313
1381929032841891841
1381927111015944193
1381927023757647873
1381926410063917060
1381925663230267392
1381925195531837440
1381925169418137600
1381924676637757443
1381924311414497280
1381923984934076419
1381923874908987394
1381923860619091969
1381923093132816384
1381922760486748162
1381921595812311040
1381921520633716739
