1357342469839482880
1357342436691873808
1357342356459036679
1357342247570706435
1357342146567675904
1357342144239861768
1357342057363165186
1357341980863262725
1357341971770036226
1357341850001047552
1357341841117511680
1357341802248900609
1357341798784331784
1357341715351314436
1357341697194172425
1357341547616899072
1357341546094338049
1357341325364850703
1357341153297788932
1357341033093242885
1357340960896684037
1357340669262528520
1357340490656452620
1357340423195250704
1357340265875345409
1357340241762283520
1357340201115213829
1357340121419325442
1357340108156854273
1357340027764703232
1357339925843124226
1357339867156369412
1357339762919571456
1357339686138646533
1357339654656204800
1357339531893116929
1357339457221918728
1357339248773373959
1357339125490147337
1357339085099028480
1357339038709993475
1357338956245835778
1357337900967362567
1357337791756083200
1357337781333233664
1357337692909039616
1357337555922919433
1357337102489276418
1357337065436770306
1357336884284854273
1357336803624112131
1357336705221632002
1357336624560939008
1357336582269726721
1357336563349245957
1357336324496236545
1357336175829082114
1357336144728510464
1357335809540706305
1357335729764929537
1357335691340828677
1357335643685195776
1357335561015500802
1357335516295745538
1357335483748020225
1357335430753095681
1357335233201246215
1357334998685159424
1357334856141664259
1357334770380775426
1357334643515658245
1357334494911492097
1357334401290502144
1357334281748635648
1357334225410797568
1357334067704832004
1357333947609452544
1357333850964295681
1357333635162992640
1357333634860998657
1357333326785306625
1357333128084295680
1357333003379294213
1357332910529937409
1357332904456695811
1357332873024577536
1357332833782558721
1357332828908756994
1357332773313290246
1357332753239449600
1357332700852535303
1357332676739555328
1357332582283710465
1357332502285852675
1357332323860103170
1357332287722049536
1357332258470858752
1357332258122735617
1357332223058272256
1357332088270168064
1357332061804105728
1357332008628875264
1357331973081993219
1357331896448004100
1357331861865967621
1357331751589265411
1357331566205284354
1357331336390918147
1357331315666915329
1357330919787528192
1357330828385267717
1357330695128047616
1357330660277579786
1357330604459778049
1357330581378498562
1357330500369678338
1357330413023338496
1357330408606728192
1357330378655227906
1357330337551044609
1357330333218308096
1357330197712957440
1357330174442758146
1357330081606164483
1357329947187101696
1357329923971702786
1357329810184282113
1357329635487469568
1357329599705800706
1357329568919650312
1357329485700431875
1357329340262871040
1357329300291084289
1357329040122732548
1357328874074370049
1357328865421590530
1357328826074861569
1357328777005654016
1357328698119192576
1357328448084193285
1357328383349305347
1357328083448119297
1357328057573330944
1357328027424874497
1357327977684619268
1357327900178063360
1357327699660967939
1357327691763048460
1357327610716573696
1357327489580871683
1357478976927768577
1357478881356308481
1357478778486857728
1357478621472976898
1357478232740741122
1357478144811413505
1357477826300149770
1357477681877508096
1357477530228445184
1357477443595100166
1357477064773939201
1357477020180111360
1357476951846506499
1357476849543122944
1357476664511520768
1357476582412062722
1357476278950113285
1357476041288130561
1357476006760742912
1357475967438966784
1357475951010078721
1357475718427459584
1357475626911993856
1357475317577887751
1357475307524136963
1357475291283795968
1357475175961268226
1357475109561393154
1357475069577076742
1357475048001445889
1357474974043365380
1357474905562955777
1357474509222277132
1357474373217746944
1357474364703277056
1357474282276868098
1357474192015446016
1357474101724643336
1357473897579491328
1357473842155966464
1357473620717674497
1357473563763224576
1357473208736370689
1357473126267768832
1357473112774897666
1357472991488131073
1357472925599870979
1357472847619190786
1357472809551806464
1357472496929263619
1357472426196688896
1357471543417274368
1357471367357222918
1357471358435917829
1357471230966730752
1357471089333587976
1357471027543048193
1357470973809872897
1357470952230125571
1357470874757120000
1357470827042725888
1357470583714414600
1357470532376100865
1357470527598694400
1357470527519137798
1357470440738938880
1357470353099010048
1357470075687604226
1357470018888470531
1357469724528029696
1357469716948938753
1357469636057419776
1357469537281732608
1357469400400543744
1357469291814154241
1357469264891023362
1357469240962539520
1357469148092186628
1357469068660510721
1357468772123238404
1357468546549248000
1357468495722799106
1357468489339011072
1357468404622516224
1357468225202700290
1357468174673936387
1357468173994364928
1357468159851307010
1357468138237956096
1357467885501894669
1357467763749625858
1357467605393567745
1357467487466631171
1357467211112275968
1357466898942857218
1357466880815079429
1357466805657366531
1357466715899088896
1357466666356113408
1357466295520927746
1357466212280782859
1357465944994545666
1357465940464705539
1357465927760150534
1357465837607780355
1357465658443902978
1357465649560354827
1357465648574705664
1357465622242877451
1357465560888578049
1357465491682562048
1357465277999575041
1357465172978278400
1357465045505048576
1357465006305116160
1357464997664808962
1357464950571208704
1357464813081817089
1357464741023780864
1357464733004279808
1357464502737006592
1357464424806760448
1357464354799702023
1357464166626283520
1357464039547424768
1357464028885491713
1357463998631825409
1357463933217624068
1357403094989107201
1357403005146914817
1357402950503723013
1357402727362555907
1357402679421534208
1357402611863801856
1357402298553487362
1357402260993675265
1357402163270549507
1357402050435325952
1357402043972005891
1357402029266792451
1357401876208242688
1357401853160427520
1357401710826815494
1357401683643551758
1357401665087930369
1357401648683974663
1357401603431612419
1357401432916377602
1357401432803192834
1357401408560132096
1357401393255047177
1357401180943572992
1357401170692743169
1357401093198798853
1357401092737302528
1357401069802852352
1357400991243661315
1357400839707627521
1357400791288545282
1357400677346074627
1357400388832399360
1357400359283621888
1357400287791767556
1357400204618702850
1357400124373237762
1357400067397754880
1357399819015323655
1357399583748481026
1357399475497537536
1357399408602537987
1357399270513537025
1357399223042408450
1357399153421127681
1357399037851299842
1357398983941844992
1357398833894985735
1357398806803984390
1357398803633090561
1357398748926648320
1357398727305158657
1357398703640772608
1357398568177459200
1357398563135782913
1357398383749525506
1357398364871139328
1357398360727183362
1357398153176240129
1357398147039920140
1357398127829864449
1357398076810350594
1357398049551704068
1357398032053018626
1357397869884559366
1357397814897221636
1357397523472789508
1357397487108071424
1357397318602010628
1357397206920175616
1357397202600144897
1357397052959961088
1357396932520476676
1357396866552516610
1357396731487395842
1357396602613211141
1357396600109342721
1357396556345978889
1357396405153849344
1357396399424483328
1357396279060488194
1357396277969915905
1357396158641938433
1357396127658704896
1357396077196967937
1357396065880854529
1357395977678835714
1357395928496431111
1357395880324681728
1357395769053962243
1357395360386150401
1357395201061437447
1357395100557578242
1357395082400256002
1357394977995689985
1357394951554883587
1357394768834277381
1357394740296077312
1357394632502616066
1357394501669588994
1357394480186470404
1357394473370542086
1357394434002935813
1357394069073260544
1357394029894328320
1357393952916217856
1357393948013187074
1357393483326058501
1357393327381954565
1357393286890192897
1357393283656388615
1357393282414891010
1357393259312652293
1357393186381942785
1357392925555118083
1357392809754431489
1357392788460077058
1357392613297577992
1357392462071943170
1357392440940847105
1357392208266223617
1357392194924130306
1357392168722300929
1357391982507696128
1357391981358514180
1357391858016600065
1357391831433162752
1357391680920551425
1357391664659062788
1357391638247723008
1357391609776779271
1357391458446151681
1357391396727115778
1357391088298979329
1357390975463796736
1357390969746915329
1357390870409019393
1357390760673378304
1357390148040859650
1357390141132832768
1357389725166833664
1357389694875688962
1357389657290518535
1357389441128611843
1357389433088200706
1357389248408801281
1357388898163453954
1357388815451582465
1357388704755646464
1357388587101265928
1357388586971246596
1357388187736432643
1357388024108048386
1357448638067331074
1357448574519414784
1357448485147193347
1357447977418321920
1357447674207813636
1357447610500538369
1357447258699157506
1357446822193750019
1357446529829732366
1357446374749573122
1357446232516554752
1357446187582914560
1357446027335335936
1357445915494260744
1357445774284623873
1357445456389955591
1357445254836744192
1357445235148734471
1357445212516343813
1357445178756374528
1357445159277977602
1357445043997446144
1357444886732144645
1357444835133775872
1357444670067007499
1357444160425402369
1357443956632506368
1357443861174452225
1357443591031955456
1357443422823608320
1357443351415427072
1357443256481579009
1357443237846396928
1357443019558047746
1357442951895482374
1357442950846939140
1357442629118484480
1357442518061903879
1357442438038700032
1357442413954912256
1357442332132585480
1357442266197987328
1357442235688697858
1357442145666351109
1357442106328023044
1357442105115774977
1357441982247927810
1357441931480039426
1357441676243988481
1357441641464872960
1357441600465567747
1357441586527932416
1357441443200028675
1357441387185192963
1357441344126537731
1357441283992653826
1357441273020502017
1357441198231797760
1357441060729946112
1357441055831044099
1357441031432790016
1357440899811336207
1357440899148562436
1357440881855500290
1357440876184702977
1357440616922243074
1357440395685289984
1357440295596621825
1357440221017645057
1357440138608017408
1357440002167341058
1357439958202605568
1357439905786429447
1357439899180367878
1357439898509279236
1357439882520637447
1357439877025910784
1357439860408221704
1357439804229713932
1357439775997911040
1357439750316171274
1357439648830742532
1357439601812664323
1357439496841756673
1357439401404608515
1357439353094606848
1357439313210970115
1357439275726475267
1357439159481335809
1357439131622719492
1357439096314994688
1357439081156902913
1357439061552734212
1357438899463860227
1357438891838607360
1357438874537005057
1357438853024534528
1357438847253176326
1357438477705617411
1357438435737403397
1357438420558176265
1357438318653431808
1357438288768999430
1357438254765719552
1357438127003041795
1357438112562094080
1357438104756436992
1357438030160809984
1357437999802417154
1357437985566781440
1357437923533201408
1357437829190733832
1357437778477207552
1357437564249133062
1357437557282332681
1357437418723561474
1357437393616457731
1357437345994268675
1357437331029061634
1357437327581343744
1357437245972643840
1357437149033988097
1357436657734045696
1357436561525272581
1357436387570552833
1357436374425698304
1357436369644056576
1357436329299091457
1357436261548650497
1357436254380515328
1357436040303136768
1357435919951745024
1357435897243869185
1357435840763490311
1357435774044626944
1357435712572805123
1357435648286875648
1357435608801546242
1357435592485859335
1357435570662871041
1357435558298017797
1357435504027971584
1357435471081652224
1357435349518155784
1357435239761514496
1357435129719848966
1357435087613288448
1357434948513378309
1357434852468002818
1357434793844170754
1357434787502448640
1357434742900146183
1357434710209691652
1357434437420605441
1357434419242557444
1357434374292205569
1357434225834754051
1357434196025868288
1357434192993394690
1357434189633761282
1357434145220272132
1357434022159392771
1357433689475604485
1357357615047663618
1357357566662164482
1357357559649288192
1357357271513260032
1357357234196537344
1357357162696171527
1357357048585945088
1357356953413033990
1357356901940477952
1357356843232755719
1357356785221459973
1357356722784993280
1357356710399205384
1357356591817760768
1357356569621635074
1357356533047316481
1357356355846365186
1357356330332401666
1357355923971338242
1357355863636344833
1357355495267258369
1357355370201698306
1357355329957355530
1357354984443162627
1357354955661795329
1357354749079785473
1357354622764072976
1357354568192061441
1357354132089286657
1357354018926977025
1357353917420609536
1357353690991005697
1357353463496257543
1357353393417822212
1357353332055113729
1357353185254465536
1357353065666510849
1357352998272446466
1357352875932995596
1357352722010419205
1357352561183965185
1357352362201866240
1357352333643034625
1357352316240814081
1357351884273553408
1357351394555092993
1357351230301954049
1357351109258534913
1357350980736733187
1357350707700129792
1357350690570518532
1357350512883040258
1357350160125186053
1357350144027467777
1357349955489431552
1357349871024558081
1357349750576730115
1357349512059133958
1357349464525127681
1357349282815303680
1357349244068270081
1357349191471665155
1357349176154066945
1357349145841786882
1357348837833121795
1357348748016291842
1357348693008019462
1357348640126193666
1357348526917787651
1357348399889010688
1357348122574217220
1357348039082405892
1357347987517677578
1357347691001303042
1357347639927349250
1357347629181456391
1357347590619029506
1357347484247330816
1357347033326080007
1357347008667734021
1357346959560822786
1357346899246809095
1357346674130096136
1357346531922243599
1357346483758981130
1357346474858668038
1357346469871710211
1357346210143641600
1357346208251998217
1357346160977928198
1357345998100594698
1357345993801355270
1357345902822785026
1357345785315119113
1357345686019215371
1357345666750500873
1357345334326796294
1357345294774489090
1357345231507660802
1357345181490507785
1357345001525579777
1357344907698925579
1357344884433121283
1357344795782336515
1357344648419635208
1357344548091924481
1357344386451869704
1357344333679054851
1357344193467748362
1357344017806098445
1357343898876563464
1357343833969729544
1357343807856025609
1357343761165000705
1357343735269400580
1357343689006145536
1357343648078123012
1357343508223254536
1357343417907310609
1357343406691819529
1357343350764937221
1357343230002491393
1357343219348983813
1357343177020108809
1357342977064988673
1357342824711155729
1357342749423357952
1357342633765400578
1357173919627812864
1357173798945046532
1357173003751092226
1357172957022285824
1357172531820720128
1357172490708127744
1357171988058566658
1357171067677245446
1357171059003281409
1357171048874184704
1357170884306489345
1357170583960645632
1357170356365053952
1357169969797103617
1357169390861574144
1357169322649505793
1357168511529807875
1357167989485957124
1357167859919507457
1357167418301415431
1357167206044426242
1357167145822679041
1357166788648312835
1357166783900352512
1357166737008037889
1357166671442640897
1357166220659875849
1357165871060443136
1357164690888036352
1357164545442209799
1357164004490285058
1357162802151063553
1357162324906360832
1357161520136941569
1357161441435004930
1357160653203660802
1357160520441356298
1357159689071525889
1357433419173662723
1357433361191567368
1357433301225537536
1357433074699665409
1357433036745318401
1357433008236634113
1357432725855207425
1357432681764683776
1357432663930400769
1357432662647054343
1357432600164331520
1357432526524932097
1357432378977886215
1357432295985143808
1357432124723384321
1357432118096392194
1357432051243302917
1357431979206205440
1357431876596736002
1357431680534007814
1357431677568565250
1357431601836265473
1357431597021110274
1357431502569676800
1357431486769557504
1357431478431408133
1357431379630436358
1357431374949539840
1357431284700651522
1357431080555450368
1357431030706233344
1357430839194181636
1357430784861343744
1357430649448144898
1357430593105973249
1357430360947130371
1357430305422934016
1357430289253998601
1357430272317267968
1357430247419858945
1357430162888007682
1357429838525644801
1357429722104422401
1357429638641909762
1357429634829324290
1357429406399160323
1357429219022675968
1357429106078601216
1357429017612152833
1357428997483859968
1357428975577014273
1357428892999569410
1357428877547560960
1357428860514492416
1357428715177836546
1357428500311908355
1357428443776884737
1357428286851321864
1357428273802846211
1357428245415788549
1357428129917140992
1357428039198658560
1357428015349829633
1357427990779592705
1357427950275207168
1357427179815116803
1357427002362392577
1357426979864199176
1357426915263582209
1357426741069811712
1357426534819192833
1357426498991493121
1357426490359439360
1357426313011863552
1357426270791901188
1357426169960927233
1357426077040336896
1357425920924123138
1357425790770585600
1357425760055615493
1357425695291559938
1357425694238793728
1357425654413725698
1357425580208254978
1357425578908000271
1357425494795431936
1357425478164963332
1357425470380380164
1357425467754573824
1357425244605087744
1357425208764825601
1357425047074463744
1357425018397949955
1357425014648102918
1357424971161554944
1357424960881512454
1357424727208333313
1357424686833885184
1357424679926046730
1357424512728408064
1357424476644724736
1357424472819699714
1357424380175917075
1357424308662984705
1357424061362577408
1357424057881354241
1357424025283264516
1357423999190519812
1357423968878215170
1357423781824847872
1357423712799252487
1357423682352607236
1357423627952529408
1357423567399497730
1357423549984747525
1357423505994887169
1357423399673360384
1357423097369001991
1357422933812117504
1357422892783341570
1357422563782254595
1357422477752811521
1357422431149826048
1357422052307685376
1357421967402483717
1357421918937374723
1357421664024186880
1357421547451863041
1357421507278995460
1357421296351608832
1357421262516215811
1357421193779937288
1357421112204918788
1357421038577963009
1357421000535728129
1357420851965034496
1357420812194648064
1357420618681970688
1357420415539310592
1357420367208353792
1357420162006278146
1357420115206152192
1357420077537087490
1357420075624456194
1357419975531724803
1357419949963177984
1357419826633969668
1357419795801546757
1357419477709725697
1357419476912771073
1357419408034004994
1357419406658306055
1357419342909100039
1357419281093394436
1357419233114734594
1357419153532088320
1357419146066206720
1357418983947862016
1357418817513742343
1357418789562953729
1357418700907950083
1357418524222758913
1357418366848430082
1357250908342607873
1357250823017873408
1357250676938706945
1357250410931707904
1357250298306207745
1357250133402873856
1357250034480254976
1357249526839599109
1357249472150073344
1357249350007742465
1357248501520891904
1357248437012492288
1357248223480590336
1357248075484565505
1357248036800507904
1357247493017337857
1357247370501709824
1357247204759658498
1357246956792406018
1357246464255213571
1357245844748132353
1357245753609969669
1357245614023716865
1357245523393142791
1357245301971513348
1357245167145746434
1357244835783036928
1357244834596069376
1357244258558779392
1357243673826766850
1357243646102433794
1357243405026271233
1357243267637731328
1357243241427570694
1357243146535641089
1357242992109621250
1357242768540774401
1357242619873669122
1357242246739857410
1357242165248856064
1357242113008746496
1357242071929638913
1357241755356311553
1357241733680041984
1357241625198678018
1357241512627740672
1357241356964352000
1357241263154581504
1357240966588022784
1357240731564265472
1357240618439872512
1357240615306620929
1357240511774396417
1357240284103467008
1357240153195094017
1357239710201044992
1357239641934614528
1357239619985813506
1357239557033324547
1357239419770658820
1357239067730202624
1357239039271735296
1357238955444346881
1357238774913241090
1357238742658895875
1357238177048588288
1357237516504621058
1357237317153542144
1357237271511113728
1357237269028102144
1357237010646224896
1357236931696951296
1357236476346462209
1357236242765795329
1357236133260718081
1357235876028375041
1357281251347021824
1357280865299103744
1357280678178525189
1357280674248556544
1357280630300696576
1357280607382994945
1357280395151089666
1357280389337911297
1357280379649064962
1357280256642723841
1357279949493653504
1357279933039595520
1357279643154415616
1357279628562468864
1357279286156263426
1357279276500983810
1357279183060238338
1357278821792309250
1357278816289366017
1357278761805369345
1357278695786962946
1357278655022387201
1357278588748365824
1357278311865532417
1357278287056179202
1357278117136633857
1357278113005199361
1357278090171416582
1357278077756321792
1357277999104749570
1357277918171439105
1357277815494881281
1357277678953320449
1357277569071079425
1357277480588042241
1357277455816482816
1357277024440754176
1357276657665662976
1357276621535924224
1357276281189056514
1357276173844160512
1357276046115164161
1357275856171905026
1357275796537245696
1357275707382980608
1357275670779420672
1357275661015126018
1357275367590002688
1357275324711632899
1357275272656125952
1357275237696552960
1357275233225486338
1357275215705878529
1357275115449294851
1357275019127234562
1357274871806517248
1357274726905823233
1357274688242786305
1357274505920606209
1357274230069542917
1357274155377451012
1357274089820405763
1357273889768943616
1357273482535596039
1357273270425387009
1357272914991616000
1357272449876828161
1357272430138384385
1357272390640754689
1357272385901252608
1357272304477229056
1357272231382896641
1357272183999848448
1357272060356132864
1357271971013287937
1357271816880988160
1357271780004687873
1357271675256111106
1357271479948312581
1357271306098606080
1357271250134065154
1357271189819908099
1357271146165641218
1357270975360958471
1357270758611767297
1357270750751821828
1357270715439976448
1357270539568631808
1357270116891848707
1357270027586707463
1357269899698196481
1357269808795054081
1357269743602970630
1357269669741277184
1357269607602679810
1357269279230541826
1357269078725984258
1357268962984275968
1357268901000806400
1357268731655766018
1357268622016675842
1357268510724952065
1357268196982747136
1357268103323807748
1357267975766736896
1357267786813370369
1357267580164083713
1357267556495728640
1357267537118040065
1357267366766280706
1357267124025126913
1357267094589616130
1357266974250856448
1357266675272347649
1357266544728940545
1357266293175570435
1357266205518798851
1357266173340094465
1357372744040665099
1357372634854346753
1357372618660323330
1357372614201737217
1357372600759037956
1357372591028264960
1357372560590135297
1357372299440246784
1357372189822115841
1357372080442998788
1357371840646250503
1357371496533012485
1357371048921092098
1357371047356547074
1357371020571795468
1357370876614893575
1357370764920565760
1357370750177533955
1357370525186670592
1357370446027620352
1357370368604971008
1357369884703739908
1357369882623565832
1357369737597120514
1357369657318117383
1357369063123599360
1357368995276546049
1357368985101156354
1357368814044925960
1357368776652636160
1357368755769274369
1357368737788284935
1357368278872711170
1357368015373946880
1357367723177746432
1357367528616566785
1357367454998142976
1357367386198966272
1357367324068745217
1357367237263425536
1357367088491294720
1357366871826206720
1357366777643032583
1357366774593974278
1357366617303351297
1357366547325587460
1357366488957677571
1357366218982883329
1357366198799843335
1357366194970517504
1357365914476371971
1357365894683496452
1357365747329216514
1357365713820860417
1357365517896585217
1357365417820446721
1357365286362578949
1357365271514734603
1357365156024643585
1357364911198896132
1357364837102342147
1357364504305229829
1357364491428716545
1357364351380852737
1357364320624119810
1357364046845120514
1357363680900509704
1357363455074959360
1357363390646206464
1357363324585934855
1357363032905629697
1357362625382866944
1357362491454590976
1357362435636801536
1357362137228795904
1357362049291063296
1357362048225718274
1357362012632870912
1357362002532986880
1357361866733936645
1357361790120787969
1357361706096336897
1357361695421849601
1357361654015680515
1357361611430907904
1357361522482180098
1357361489074610178
1357361452986880000
1357361384485445635
1357361284593963009
1357361270194855939
1357361123138301960
1357361102070366210
1357361082415919108
1357361014312992776
1357361003525271557
1357360813795860482
1357360696023871488
1357360296789180416
1357360108502544385
1357359981809577994
1357359884946329607
1357359797562007558
1357359783951671299
1357359712015179776
1357359509086367745
1357359417763667974
1357359331826491392
1357359304781623296
1357359271583903744
1357359067912626177
1357358916057903105
1357358854598651905
1357358836634570757
1357358744821141504
1357358744330510343
1357358547139506178
1357358461177245702
1357358221422456833
1357358171338248193
1357358077843042306
1357357646261682178
1357296509864333313
1357296489383477251
1357295945705279488
1357295939694780416
1357295824485584899
1357295530389348352
1357295420276436993
1357295340567687168
1357295303158878209
1357295276806004738
1357295053547388931
1357294309448560641
1357294126358810624
1357293933605384192
1357293705133236232
1357293671956291584
1357293358734000128
1357293354430644224
1357293303633428481
1357293154374987777
1357293130798817282
1357292901995335686
1357292781107044352
1357292705777287171
1357292535668826116
1357292441896947712
1357292430719152132
1357292319112900613
1357292191744425992
1357292152489996290
1357292032784560134
1357291612284604416
1357291611181387777
1357291474732335106
1357291435138158592
1357290905305305088
1357290608948297728
1357290326390673411
1357290322032746496
1357290278080634881
1357290244631109634
1357290164503085063
1357289206117257217
1357289203453878274
1357289059585036290
1357288987598213120
1357288659276431360
1357288583976083456
1357288152059310084
1357288021314445312
1357287891039227906
1357287667902205954
1357287525665165312
1357287383478198273
1357287337852559361
1357286761655726080
1357286699701780482
1357286617342488576
1357286303705026560
1357286191868043266
1357286078307311619
1357285385945178112
1357285352680140801
1357285127068545027
1357284877230616576
1357284844687011840
1357284840316502020
1357284584103239682
1357284477790208000
1357284379903614976
1357284374467801088
1357284317995683849
1357284245111152640
1357284188878159872
1357284143550369794
1357284013774364674
1357283820106612736
1357283807016198145
1357283731065606146
1357283522357125122
1357282997242892289
1357282862970638336
1357282672851099649
1357282641721057280
1357282520514109440
1357282256604123136
1357281960763228160
1357281940714516482
1357281875526639616
1357281703140687874
1357281636748988418
1357311810857291781
1357311791177429000
1357311728942542848
1357311364616908808
1357311153274302476
1357311125319213056
1357311106478448646
1357311083380408320
1357310991458070531
1357310804056543232
1357310739841703937
1357310497910054914
1357310283438579713
1357310116878516224
1357310098759180291
1357309881800343553
1357309863035084802
1357309788141592578
1357309741559644162
1357309649679241216
1357309591923675136
1357309432477216771
1357309318253658113
1357309295730307072
1357309233990107143
1357309205691138052
1357309113307451392
1357309058701795331
1357309030067224578
1357309008936226816
1357308970889867265
1357308945921097729
1357308826916171779
1357308747446702084
1357308732493897728
1357308731847962625
1357308589967351809
1357308395473293312
1357308378008141824
1357308162559385602
1357307976105738240
1357307937232990208
1357307919713374211
1357307888189009921
1357307855238479878
1357307574924771331
1357307463494737924
1357307452161720320
1357307438299512833
1357307253364314114
1357307004239441921
1357306944856477696
1357306904926650375
1357306900149391361
1357306875667128322
1357306763721265153
1357306743433416705
1357306736835653634
1357306721203585026
1357306690383798272
1357306442852798464
1357306199121747970
1357306183262998533
1357306094264197122
1357306050681143297
1357306042296594432
1357305916710924288
1357305905067552770
1357305862184861696
1357305817058471937
1357305808225206272
1357305768865890306
1357305767355813888
1357305576292818950
1357305425948004352
1357305334025637890
1357305274533568516
1357305205151461377
1357305117494640644
1357305026364989442
1357304966516506624
1357304842855792641
1357304755660476424
1357304564836429824
1357304522171817986
1357304377502007303
1357304298032537602
1357304287869734913
1357304253946224641
1357303951079702528
1357303904791375872
1357303723312242688
1357303664117956609
1357303661580328961
1357303643637170176
1357303620715352064
1357303538074832897
1357303176911872002
1357302672265629696
1357302454686154752
1357302423698694144
1357302419550535682
1357302383357743106
1357302291334762502
1357302272607342593
1357302177203691526
1357302022433763330
1357301972400013315
1357301964850294799
1357301810189451264
1357301645827321860
1357301626021773314
1357301615674486784
1357301606782554113
1357301594145124352
1357301566718566402
1357301339613589507
1357301263356993538
1357301252019744771
1357300953670701059
1357300741141127168
1357300719091544068
1357300668411895808
1357300661180915715
1357300601047179264
1357300594768248834
1357300586220290050
1357300542322581510
1357300272398278656
1357300263284047879
1357300089933369353
1357299995263827976
1357299908974440449
1357299608364417024
1357299607701581827
1357299590043742208
1357299478240387073
1357299344198762497
1357299243053178880
1357299166070906880
1357299063830544385
1357298828983078913
1357298748846706689
1357298533867679744
1357298458395312130
1357297992987009027
1357297946593685506
1357297788644708359
1357297398335344646
1357297027764412417
1357296919815610369
1357296863830028288
1357296802798649350
1357463774186385409
1357463671258161152
1357463494182858752
1357463493289607172
1357463419012739082
1357463218948628480
1357463181359263746
1357462989708947456
1357462944938938370
1357462931861102595
1357462906707861506
1357462836696391681
1357462657696227331
1357462496441958402
1357462472094056449
1357462453794267136
1357462437600112640
1357462247375659010
1357462212361748480
1357462147169673219
1357462109081243652
1357461948925935622
1357461835784495107
1357461730402648064
1357461706331594752
1357461461036113922
1357461291548504066
1357461229070028800
1357461225806983170
1357461217401536516
1357461050669428737
1357461022131556359
1357460995183161346
1357460811342438403
1357460648020615174
1357460434417238038
1357460357036523526
1357460119366361089
1357460007281954816
1357459797029777408
1357459786296684545
1357459708320256003
1357459507450888200
1357459428010721280
1357459261547294728
1357459182648131584
1357459175400493059
1357459162184245249
1357459147978080257
1357459118110502917
1357459010941825025
1357458813331382274
1357458737678716931
1357458681563119624
1357458316037873665
1357458140686655494
1357458036718247937
1357458014068822016
1357457985753260033
1357457655179141120
1357457230820376576
1357457182950834179
1357456964981170179
1357456932467056646
1357456486474072065
1357456380949594124
1357456358359105536
1357456333998608386
1357456059699494912
1357456022906888192
1357455977147101185
1357455735056199681
1357455613819715584
1357455545154830347
1357455460358623235
1357455455191265282
1357455327734747136
1357455241763950599
1357455194385170433
1357455128878477313
1357455065456533506
1357454900570054661
1357454863635009536
1357454573523337221
1357454484214067213
1357454430539571202
1357454390928539653
1357454364848381953
1357454296720109568
1357454185642430468
1357454183096602630
1357454119125024772
1357454054759165956
1357453965147840514
1357453881412878336
1357453817323864066
1357453793177329669
1357453779436777480
1357453645428772869
1357453587035611138
1357453583780892674
1357453552403304450
1357453534330048513
1357453256742559747
1357453237956214784
1357453214023487488
1357453085749071872
1357453048809992192
1357452992610504708
1357452806173646857
1357452744303509504
1357452688737226753
1357452611948081152
1357452510991122432
1357452424877727744
1357452424517156864
1357452384914530308
1357452345647448064
1357452304161538050
1357452291083821059
1357452276126908421
1357452241729433600
1357452154114617345
1357452069515325442
1357451958269927428
1357451915001438208
1357451842272321538
1357451728703086593
1357451703671480327
1357451663922102274
1357451550935941121
1357451516093865985
1357451497747845120
1357451203999895555
1357451115164405762
1357450994406330368
1357450958117167104
1357450940765376514
1357450903687675904
1357450820799889418
1357450667305152512
1357450483405832194
1357450461486452737
1357450396747325442
1357450048292851714
1357449762438586368
1357449641218957314
1357449407420063745
1357449268047577089
1357449239047991297
1357448817298182144
1357448816044044288
1357189110994247680
1357187837561503744
1357187573748146176
1357187404025761792
1357186827178835968
1357186300768616448
1357184262303285250
1357183677084573697
1357183390181588993
1357182352762556416
1357181952546246656
1357181892949385217
1357181826545065985
1357181586484125696
1357181576602218499
1357181269612888066
1357180831945605126
1357180783723753474
1357180081618173955
1357179328757432321
1357178796592553996
1357178643319934977
1357178381817835522
1357178331070750721
1357177939218096129
1357177188345405447
1357177086797099010
1357176685230133248
1357176190507749380
1357175286211743744
1357175006367744000
1357174439830450177
1357174222892720128
1357219707955204103
1357218298203688965
1357217820556341249
1357217392053678080
1357216836949954561
1357216033153646592
1357215573554380806
1357215533322690561
1357215503874281473
1357215120431095809
1357213960517394433
1357213531368607744
1357213203902566401
1357212455173292032
1357212141309157378
1357212070333194240
1357211534531858433
1357211282605281282
1357210178119172101
1357209921222291457
1357209685825265666
1357208909811904513
1357208426649059328
1357208047932817408
1357207398125948928
1357206496589750275
1357206183271088128
1357206082423242752
1357205647738236928
1357205422327795713
1357205152852291586
1357387858768629762
1357387752870936579
1357387686097555456
1357387675624370177
1357387602085761027
1357387488193630209
1357387211977740289
1357387210710867968
1357387171276193792
1357387048571838464
1357386972050960384
1357386924319780865
1357386814454190083
1357386765573701633
1357386590247669764
1357386239477964813
1357386225095688196
1357385863706075137
1357385655748337671
1357385599481692161
1357385526500810753
1357385420124811265
1357385419751649280
1357385399782539265
1357385386809581569
1357385139194634242
1357385073381658624
1357385067635634178
1357384957619015682
1357384781907038209
1357384739053654016
1357384693407125505
1357384535432904709
1357384271158272004
1357384165696667650
1357384091734167553
1357383889199591424
1357383810057269249
1357383650577248256
1357383489973329925
1357383456188153857
1357383300885606400
1357383246967959553
1357383046249537538
1357382921070342149
1357382899113357312
1357382732301668354
1357382643390816256
1357382527800008707
1357382406769168386
1357382386669871107
1357382286614929408
1357382192410877959
1357382065109544963
1357382042347012098
1357381863778770949
1357381855398539266
1357381844443033605
1357381815384887300
1357381803619856384
1357381802785185795
1357381461645664261
1357381433308905475
1357381245475442691
1357381236508028931
1357381011902988288
1357380952876601346
1357380901311680515
1357380818709143552
1357380818168127494
1357380745761857538
1357380674580344838
1357380615897817097
1357380595681288193
1357380494502068224
1357380453058179079
1357380397227737096
1357380205011230723
1357380175332278276
1357380124786778113
1357379964635594757
1357379897698766851
1357379889985425411
1357379867403288578
1357379849397100544
1357379825753808902
1357379815393939456
1357379738709291008
1357379688100954114
1357379601647943681
1357379578545770498
1357379570882772992
1357379459578527746
1357379417379536897
1357379317114802190
1357379221182681089
1357379186319630336
1357379115935035396
1357378978428964864
1357378845263945729
1357378676153843714
1357378674920685569
1357378658420326410
1357378465637543941
1357378454178643969
1357378427494555654
1357378385123504128
1357378350591844353
1357378087898337280
1357377994243923968
1357377847527165954
1357377806024466432
1357377686084214784
1357377555146285062
1357377499169177600
1357377470085832706
1357377411474685954
1357377401928450051
1357377311306362883
1357377262061027330
1357377065968877570
1357376892677087236
1357376771121963011
1357376258590584834
1357375429200519174
1357375360728510464
1357375310665293824
1357375305086869506
1357375039524462592
1357374733084409857
1357374609310453762
1357374515249053702
1357374330452197383
1357374184888893442
1357374027527032837
1357373864058249217
1357373695698862084
1357373575028703235
1357373574181494786
1357373226372980743
1357373047712468993
1357372993979248641
1357157868605169665
1357157807821324289
1357157122702790656
1357157022693683200
1357157004226224129
1357156772029616136
1357156676772769792
1357156494253436929
1357156038403907586
1357155811039064064
1357155648669011970
1357155647939346433
1357155640909643776
1357154477086707717
1357152794692644865
1357152441393770496
1357152029697847297
1357151040668381185
1357150936666238977
1357150633074171909
1357150137852829697
1357149628282658817
1357149244034080770
1357148679422038016
1357148600724316160
1357148463620911105
1357148402312699904
1357148269286219776
1357147805907890178
1357147491645480960
1357147185654169600
1357146668957913089
1357146601928724480
1357145943536062464
1357145680012324870
1357145410436034566
1357145391448358919
1357145238855385088
1357145001738780672
1357144945031806976
1357144821593370626
1357144801934782465
1357144799372075010
1357144760868339713
1357144682778664960
1357144629666267137
1357144598125109249
1357144513773522946
1357144045848461312
1357143855125188608
1357143687332003842
1357143609187790848
1357143170513997824
1357143070299598849
1357142912799289349
1357142910706331648
1357235446095388672
1357235203190771715
1357235161105129478
1357235156306825217
1357235037171712005
1357235008981716992
1357234739845865472
1357234675496935424
1357234634606735361
1357234609142910976
1357234566189228035
1357234381119774721
1357234107957334016
1357233919884632064
1357233255146090496
1357233248464699392
1357232917542502402
1357231989066260480
1357231573800685568
1357231224260087818
1357230985377554432
1357229577123160067
1357229469690449920
1357229294603259904
1357228482875576321
1357228260199858180
1357228226192543744
1357227901242941442
1357227575370604545
1357227340221317121
1357226757879906305
1357226474076536840
1357226273160929280
1357225600591810568
1357225551430320128
1357225382009831426
1357225201390419971
1357225180452581377
1357224847370240003
1357224447992807424
1357224376484134912
1357223511413190656
1357223501653028864
1357222966564712448
1357222638582652928
1357222564083470337
1357222438552166402
1357222032581222400
1357221972158078976
1357221924955328513
1357220898084966401
1357220801179697153
1357220425852477441
1357127427730857987
1357126636186042370
1357126332384174080
1357126282472005635
1357126219070857217
1357126058806554630
1357125764810956806
1357125559390785537
1357125328582377473
1357125325398937603
1357125007437139970
1357124609586438149
1357124505605406721
1357124121038106625
1357124025030475776
1357123862459203585
1357123784977772545
1357123400322453504
1357123113591468032
1357123088975028227
1357122969525436416
1357122884880113665
1357122870183272452
1357122786943242245
1357122459716190210
1357121781660864517
1357121463418036225
1357121263387443200
1357121210438541315
1357121188712091657
1357120767834664963
1357120732279558148
1357120434718744578
1357120059479646209
1357119601184804866
1357119480044941318
1357119438357684224
1357118606526586884
1357118492907089922
1357118362195787777
1357118112626278401
1357117637730435074
1357117511750270976
1357266025599803393
1357265984168415232
1357265830199762945
1357265790815399936
1357265749312733184
1357265368348262402
1357265362140753920
1357265266116333568
1357265164215713793
1357265152886898689
1357265023589056514
1357264960351567873
1357264916403552258
1357264787776888832
1357264648530141185
1357264542745710592
1357264467340500993
1357264242928410624
1357264232962658304
1357264181351878658
1357263913478287366
1357263522804207618
1357263373738639361
1357263301680373761
1357263128342368258
1357263000567169024
1357262924981686272
1357262702016618498
1357262680273416195
1357262444264116224
1357262221244465152
1357261950074449920
1357261930902261760
1357261868067393536
1357261488680030209
1357261353938001921
1357261284798984192
1357261131409051648
1357260808871432196
1357260615971127299
1357260406427963393
1357260193017389059
1357260192702992387
1357260189481766912
1357259711670865921
1357259592271495168
1357259283193282560
1357259274892627968
1357258991882145794
1357258925733801984
1357258591271587840
1357258543745949696
1357258386937683972
1357258233065443338
1357257814977241088
1357257633628114945
1357257516846039041
1357257507702464518
1357257373187002368
1357256830347587586
1357256684578643970
1357256512482246658
1357256336925368320
1357255804731207683
1357255569900359682
1357255439088500738
1357255371325280265
1357255177393250304
1357255137530580992
1357254529067016193
1357254354449924096
1357254143333777408
1357253757189373953
1357253704945184770
1357252958744903681
1357252948234022912
1357252843451813890
1357252446125346816
1357251804140957697
1357251428839022592
1357251338942447617
1357251220067483648
1357251081777086464
1357251043713814529
1357142554207207424
1357142500675362817
1357142342873059328
1357141975271493633
1357141928970756096
1357141850134614018
1357141475939729409
1357140567365480448
1357140371994796033
1357140248430596096
1357140090775044097
1357139795345047554
1357139757604610050
1357139447444365314
1357139382617206789
1357139344709062656
1357139316258971649
1357139156917489667
1357138986834276352
1357138388172816385
1357138097272676352
1357137009819725824
1357136648501395466
1357136363359932416
1357136290035232769
1357135939961765889
1357135684276994048
1357135605512118272
1357135181606510593
1357134846179635200
1357134805620510720
1357134717800259584
1357134712196788226
1357134426388463617
1357134411469377536
1357134407950209028
1357134214622289923
1357133957607923712
1357133695157755905
1357133546889035777
1357133408611270659
1357133212422660102
1357133133896949760
1357132922092929025
1357132548338548737
1357132051737100290
1357132040852930565
1357131831573966851
1357131449418276864
1357131443017768960
1357131013491732481
1357130817160568832
1357130387370164224
1357129785579884544
1357129755900796930
1357129610014511106
1357129541974700033
1357129470684114944
1357129355508346880
1357128952653963266
1357128894172835841
1357128412683501571
1357128405049778177
1357128277660479489
1357128254256259072
1357128128167084034
1357127981144150016
1357127909811576833
1357127862759743489
1357127732488925187
1357127636317741056
1357127577710850048
1357204245892710400
1357203484358152192
1357203205780893696
1357199203244605440
1357198702163595266
1357197213328375813
1357197191794872320
1357197042456682497
1357196139318050819
1357195797679472642
1357194235926183937
1357194058775416834
1357193752562040832
1357193648140472320
1357192981472825344
1357192204389736449
1357190492270723072
1357190201710436352
1357189617028530178
1357189411075620864
1357189363809935363
1357327097593790465
1357327092699045890
1357327016874266626
1357326986285350913
1357326912004247552
1357326880832188424
1357326857847386113
1357326821218541571
1357326737462419461
1357326495535030272
1357326427465674754
1357326203343036417
1357326118873751552
1357325635425869832
1357325596326518784
1357325558472986626
1357325535626465280
1357325506006429698
1357325331984703489
1357325322803269632
1357325319330435073
1357325317367545864
1357325317166145537
1357325140183367686
1357325082734039043
1357325071573020672
1357324813002543106
1357324732828368897
1357324706597240832
1357324662691270657
1357324660036231173
1357324592147279872
1357324469983977472
1357324372281802752
1357324323636334593
1357324270813208581
1357324207147859969
1357323621132234752
1357323545454460932
1357323364315111425
1357323211084599298
1357323169422585857
1357323099797155849
1357323097796472836
1357323027277635585
1357323023032934401
1357323016481497089
1357322945769652224
1357322873715761153
1357322826005377031
1357322723421208579
1357322710557331459
1357322710184058882
1357322589916528641
1357322455128231939
1357322454159532034
1357322183794638855
1357322172302299147
1357322157932609542
1357322122176040960
1357322093826818058
1357322058682753027
1357321963602067458
1357321934711709699
1357321896526680064
1357321895771860992
1357321881842577409
1357321865870651393
1357321818579886084
1357321801534042113
1357321679270199297
1357321664019767296
1357321567223623683
1357321464265981958
1357321419143712769
1357321364491927552
1357321257696559105
1357321257520349185
1357321249177948162
1357321143011672064
1357321000422170628
1357320882994245633
1357320875251535872
1357320869337473024
1357320795211595777
1357320711443013633
1357320681290141696
1357320617448595456
1357320576185073664
1357320474930339841
1357320296953438208
1357320220809990146
1357320169245319169
1357320036306853888
1357319970921807875
1357319904857182213
1357319735830974465
1357319726687539202
1357319643980046343
1357319395853406216
1357319351695794176
1357319249639923714
1357319085839814657
1357319043456368641
1357319026062589952
1357318890586591232
1357318786270056448
1357318740753469440
1357318703227015169
1357318618091048961
1357318491548786689
1357318440000884738
1357318418639302658
1357318409101402114
1357318320794591232
1357318316784812033
1357318217304309761
1357318214062116867
1357318195296821250
1357317873165889541
1357317843784658944
1357317712343683072
1357317678457901057
1357317638339194880
1357317632475725824
1357317606479454209
1357317551844429825
1357317358461870082
1357317305693327361
1357317149723918341
1357317146938802185
1357317058904653827
1357317057839325185
1357316784655896583
1357316783787675648
1357316354995613697
1357316328756027392
1357316260795731970
1357316216680046599
1357316013491109889
1357315981857685510
1357315827851272192
1357315813812760583
1357315729960411136
1357315666706104330
1357315623282503681
1357315306922868738
1357315255068741638
1357315206343512065
1357315092057124865
1357315040551002112
1357314940864970752
1357314728188653569
1357314301812486146
1357314281830760449
1357314269747048449
1357314219524427778
1357314006881599488
1357313883787116545
1357313561224220672
1357313504856915969
1357313504047366144
1357313474196623365
1357313350632419333
1357313298270744577
1357313247117008897
1357313225998692353
1357313078375845891
1357312983618252803
1357312976236277760
1357312790545895428
1357312353327456256
1357312326446297089
1357312320356106241
1357312290337533953
1357418241786662914
1357418191983501313
1357418128016347137
1357418072156553221
1357417987498799105
1357417970297950208
1357417965436555264
1357417563093954564
1357417436119592960
1357417422022672384
1357417340875464707
1357417301436342272
1357417298785632261
1357417259334070272
1357417186739052552
1357417088072245251
1357416942697594886
1357416750158143491
1357416744822923267
1357416511716159494
1357416480720121856
1357416421081440257
1357416044604833792
1357416033204785155
1357415888249643011
1357415772490981378
1357415681046814722
1357415292259889157
1357415191739326464
1357415087942864898
1357415033475452928
1357415020255207427
1357414860850688002
1357414841053569027
1357414809881436161
1357414779120472067
1357414727022829569
1357414484554502146
1357414371090194433
1357414124653862915
1357414097738813441
1357414037412335616
1357413876384501762
1357413775435997185
1357413624625602562
1357413553813168130
1357413508695158791
1357413491150376963
1357413474662572043
1357413408874713088
1357413397197946880
1357413372376084480
1357413214481489923
1357413054091317249
1357412955353186316
1357412861010616320
1357412848637366272
1357412685357350912
1357412576431276032
1357412475931488257
1357412435930488833
1357412307748478983
1357412104567988224
1357411939471736835
1357411916495347714
1357411737914458117
1357411528094461952
1357411500114255873
1357411360456474624
1357411319238909952
1357411276427788289
1357411168785203201
1357411159457091584
1357411156751654912
1357411149902356481
1357411090506735619
1357411046068260864
1357411011876298757
1357410800089001984
1357410784670867456
1357410571537190912
1357410541140996096
1357410505615433730
1357410337864171521
1357410285833703425
1357410249100132352
1357410208499306496
1357410085434253320
1357410071014121472
1357409896472469510
1357409850729373698
1357409818605142022
1357409560470949889
1357409435136720896
1357409341251481602
1357409305360793606
1357409230391803904
1357409182069256193
1357409145293574144
1357409009603645445
1357408901403181059
1357408898572046339
1357408896894316547
1357408820910190592
1357408744204886024
1357408726680961024
1357408647836553216
1357408517854883841
1357408433155153921
1357408361386545154
1357408197099868162
1357408190636326912
1357408050878033922
1357407941180162052
1357407926449672194
1357407722661150721
1357407683985481729
1357407610383777794
1357407528955637760
1357407458520690688
1357407427725979648
1357407407106904065
1357407320855126017
1357407206203822080
1357407142844710913
1357407081775722499
1357406496506658817
1357406465091276802
1357406303564406785
1357405947426181121
1357405878337499136
1357405669629054977
1357405503836545026
1357405422542606336
1357405361053999107
1357405292384776193
1357405127418732544
1357405042333024256
1357404973374521345
1357404905388969984
1357404724941778947
1357404470263578627
1357404433320202240
1357404375308791810
1357404290394910720
1357404268198846465
1357404235185467392
1357404141480521733
1357403802996006912
1357403795907616768
1357403681201750018
1357403674579005449
1357403601275150342
1357403568488153088
1357403363474698240
1357403308604981252
1357403186609405957
