1378520071794999296
1378519800197038080
1378519534571642883
1378519254824316929
1378518706905579521
1378518354877587456
1378517739044810754
1378517717062406147
1378517378204491778
1378516928331870208
1378516804536918017
1378516061172170754
1378515451374866433
1378515091277017088
1378514943947857921
1378514412974206977
1378514099856805888
1378513616845029377
1378512667627954176
1378512656945008641
1378512647453356034
1378511831115968513
1378511814204489732
1378511661309517826
1378511511124066305
1378511058294411266
1378510978170642436
1378509430694813698
1378509314403532810
1378509251677683713
1378508649732132865
1378507712686882817
1378507683117023233
1378506405188153345
1378506249474560000
1378505959081975808
1378505894959443974
1378505508450099202
1378505412287287302
1378505201724887043
1378829644162506754
1378828589135708162
1378828563160440839
1378828448530063363
1378828402547888128
1378828280917336073
1378828277117227008
1378827618108252164
1378827613557391360
1378827237944750081
1378827227467550728
1378826581460811787
1378826569775480834
1378826535210250242
1378826399579058179
1378826385205161987
1378825474655272964
1378825464937078784
1378825380262461441
1378825308464365571
1378825219108929539
1378825130248404993
1378824810034249732
1378824649837006848
1378824484598263819
1378824272081207296
1378824024504012800
1378823867058163713
1378823656877424645
1378823442611462144
1378823031947194370
1378823023210471424
1378822818683621381
1378822804473315330
1378822776648212484
1378822575829233665
1378822376587206657
1378822358480388098
1378821664234991622
1378821260096995328
1378820818734612481
1378820752598659074
1378820666678517760
1378820625716932609
1378820514098057222
1378820360339087360
1378820262746001414
1378820032625446912
1378819852979339265
1378819637035606017
1378819283128619009
1378819264434561025
1378819225448513537
1378818836363935756
1378818783515709451
1378818670168829957
1378818635431612420
1378818457601515524
1378818453705011210
1378818143364218886
1378817803633971205
1378817302418841607
1378817090908524546
1378816962847969280
1378816758795153413
1378816495468220420
1378816394943471619
1378816362144010242
1378816310180728841
1378816240970563585
1378816132350611459
1378816016726249473
1378815498306076676
1378815261109841922
1378815218248265739
1378815142327111682
1378814947300405248
1378566770777235459
1378566652002885636
1378563469100732420
1378563353212297217
1378563179010199552
1378562899069653000
1378562897391972353
1378562008606507009
1378561896073269249
1378560170922442753
1378556766737346560
1378556560813785089
1378556543675813888
1378556448611897347
1378556325379014660
1378556110404259841
1378556015193522181
1378554796114911233
1378554418216497154
1378554348888748033
1378554266311221249
1378553946692857857
1378553437533597697
1378553297032806401
1378553109350293505
1378552647385505793
1378552606658764801
1378552242794549251
1378552049680461824
1378551951814627328
1378705827972931589
1378705374350602245
1378704818517196800
1378703797225132038
1378703361910968324
1378702533342986245
1378702352467652610
1378702169331924992
1378702108418007045
1378701904495190018
1378701859142123520
1378701579998654464
1378701421978263553
1378700717234487305
1378699846261993474
1378699844693426178
1378699740372627460
1378699449132810240
1378699219427602432
1378698578441428993
1378698447260356611
1378698282214416388
1378698233862557696
1378697516577918976
1378697481593053188
1378697204576161794
1378696608691453952
1378696189332365313
1378695544244203524
1378695349070667781
1378695131105230857
1378694974905192452
1378694675612188673
1378694544884109312
1378694292575690754
1378693516734386177
1378693313990172672
1378692557585199104
1378692115769782273
1378692070076989443
1378691913335836676
1378691591200718850
1378691493070839809
1378752118752960518
1378751880571027462
1378751864762687491
1378751804800954368
1378751797515419659
1378751415762493442
1378750874407874562
1378750839746134016
1378749924909719554
1378749612719271939
1378749591991021572
1378749465641820164
1378749161235963913
1378748045769068544
1378747701857300482
1378746872551051266
1378746580669501440
1378746528806924289
1378746387119153154
1378745832388886529
1378745357442580481
1378744342236512257
1378744216893808641
1378743962786226179
1378743724537155588
1378743516587827200
1378743293119451137
1378743233212252163
1378742823713968138
1378742797877010436
1378742376865308684
1378742151144673282
1378741997188624396
1378741720356163595
1378741655159906305
1378741587962904577
1378741544103112715
1378741504831844352
1378741315085729792
1378740699479347203
1378740622555684864
1378739892923023361
1378738812747182080
1378738674494541828
1378738162898505728
1378737879057375234
1378737819644989444
1378737743166111744
1378628099391291392
1378627889852162052
1378627161905586181
1378627152183226371
1378626636782833665
1378625879870484487
1378625826548224002
1378625382111457283
1378625182806519808
1378625166499004416
1378625061087715330
1378625020327436288
1378624884050366465
1378624760750428162
1378624237615919105
1378623759100301316
1378623578581700615
1378623455520677890
1378623131988848642
1378623060367056899
1378623027307540487
1378622160336457728
1378621520860360709
1378620647442538501
1378620113373560834
1378619192862212096
1378619127665938432
1378619089954951168
1378618521601605637
1378618440819343369
1378617995744796675
1378617680278794240
1378617669042151426
1378617566508187651
1378617560938262531
1378617287951876096
1378617039707852800
1378616879963545604
1378616816126193665
1378616530389377024
1378616521103192065
1378615799355695104
1378615326263422977
1378614985606246400
1378614120052781059
1378613361202630656
1378659526354735106
1378659383891128328
1378659006475014148
1378658372438872067
1378658294995300356
1378658191098044418
1378657641132531718
1378657612137435136
1378657551022235651
1378656963068899328
1378656648718340096
1378656383713808387
1378656315694796802
1378656210807746562
1378655730421620736
1378655073325187073
1378655019554238467
1378654165874790410
1378653152975712256
1378653097933877248
1378653073569062915
1378652893155237890
1378651010059632640
1378650700255744003
1378650065439502337
1378648705910206465
1378648424266928130
1378648335322611714
1378648198672117761
1378648143240306689
1378647786766401538
1378646579696037888
1378646174970880002
1378645492012306436
1378644938808827904
1378581991835115524
1378581769868488705
1378581484240535552
1378581447330701313
1378581349540446209
1378581346067623940
1378581000687644675
1378580416320348164
1378580328239915010
1378580282136276994
1378579542219034625
1378579011291451392
1378578928378478593
1378578398319161349
1378577340599574530
1378576573981409282
1378576512304082947
1378576314416955392
1378575775620730886
1378575293519118340
1378574965059039232
1378574357174231046
1378574222469959681
1378573801525497861
1378573647972081664
1378573135822327808
1378571851710914560
1378571772308652033
1378571595430658056
1378571403260272643
1378571327913742338
1378570541049774083
1378569903255527424
1378568909624729602
1378568906076479493
1378568668234268672
1378567375780515841
1378567341328457733
1378567107357499398
1378814091318427648
1378813805212413958
1378813682033979392
1378813654636888065
1378813220446609408
1378813075202117633
1378812925197103106
1378812815054626821
1378812413072482307
1378812324321112069
1378812151054360584
1378811872829444113
1378811718281932802
1378811361040289794
1378811284808888320
1378810714022936576
1378810450335387648
1378810374116499460
1378810025418883078
1378810011145678848
1378809854043754501
1378809675546787840
1378809360290349056
1378809181449322496
1378808783187681284
1378808540748513281
1378807975746306048
1378807752869474309
1378807602394628099
1378807451869405186
1378807406008922116
1378807213297430531
1378807093176700928
1378807016563564546
1378806572348964864
1378806198976217095
1378805928787595267
1378805110084497410
1378805065620803589
1378804590016143365
1378804507082117123
1378804495459569668
1378804288525365253
1378804211052347393
1378804164160069640
1378804059470241793
1378803981108006912
1378803879752691714
1378803741256790021
1378803079324270596
1378802606903025666
1378802536992346115
1378802243290472454
1378802212328067073
1378801888322260995
1378801792264384514
1378801568179347456
1378801128255713284
1378801083032682500
1378800909514371074
1378800180271677448
1378800174303182855
1378799979519696899
1378799817233723403
1378799240198156293
1378799052997922819
1378767566794031104
1378767313361629184
1378767031370047488
1378766718311542785
1378766673876934656
1378766427906138116
1378766258997432320
1378766249744736256
1378766019372589058
1378765777805828097
1378765725079330820
1378765515808706560
1378765476055105537
1378764870724673537
1378764759563112455
1378764639983534085
1378764619867688962
1378764613303427072
1378764547595591680
1378763677868781570
1378763617156337669
1378762488863453187
1378762479468228611
1378762289348804609
1378762271674007553
1378762125741547525
1378761160925851648
1378760834818658308
1378760258911354883
1378759989569929222
1378759790705455108
1378759625881886721
1378759190521511936
1378758290549702664
1378758158517157890
1378758031488528389
1378758017181700100
1378757765418647557
1378757456109699074
1378757143227207681
1378756823705124864
1378756611955654660
1378756511044935681
1378756129606500352
1378755830883909632
1378755411428380676
1378755235703836672
1378755196008927236
1378755047857786884
1378755037426548737
1378754239418097665
1378754217263960066
1378754116458065924
1378754057544867841
1378753793769279489
1378753568853917699
1378753413341646853
1378753283838345216
1378753250887925762
1378752630604722177
1378752547926773760
1378597453117669378
1378597359857369107
1378596631306764294
1378595434562785280
1378594753344856070
1378593799279116295
1378593305118846984
1378592067404828672
1378591218159001601
1378590967104561152
1378590223269957634
1378588888504107010
1378588250978320384
1378587840641036290
1378586986928291842
1378586215558090753
1378585126142144513
1378584949880717318
1378584943421485058
1378584781898792961
1378584761967464454
1378583677786071041
1378583447699128322
1378583361208336385
1378736961045794824
1378736778207752193
1378736669680078848
1378735863627083779
1378735833134600193
1378735419492331521
1378735404153724931
1378735307877711882
1378735289456336898
1378734404965699585
1378734391422226433
1378734351207297027
1378734235700367360
1378734078179041281
1378734031383228416
1378733359497613317
1378732475711639553
1378732374976983043
1378731713329790978
1378731614730076163
1378731445989081090
1378731255211118595
1378730814268051459
1378729624008593409
1378729554269904896
1378729425571885061
1378729389391773700
1378729357108203522
1378729004040077315
1378728674246205440
1378728589315690500
1378728235949826051
1378728126872748035
1378728099790024704
1378727867958300684
1378727709677912065
1378727259012534277
1378726336311652353
1378726169735016449
1378725629252661249
1378725131493601280
1378725013205946373
1378724602948554752
1378724455036280833
1378722651498147844
1378722357217521669
1378722236601753606
1378722199092219904
1378722154162745345
1378721915423064066
1378782857263525888
1378782836933734400
1378782337400512514
1378782033124675589
1378782017962323968
1378781923917623301
1378781503824523266
1378780429981904896
1378780048241664001
1378780039106457610
1378779781768998912
1378779244545839105
1378779189017337857
1378778633964228608
1378778293642653700
1378777806872645633
1378777352340000768
1378777273709555728
1378776923422216196
1378776711391801349
1378776214232571917
1378775816671264770
1378775747263881217
1378775352990785536
1378775302885806085
1378774939118014466
1378774081525415936
1378773701559205890
1378773459606536194
1378773379843510272
1378772756645433353
1378772556925300740
1378772053289922560
1378771845072048130
1378771795029983235
1378771360076464131
1378771324286427145
1378771237237821444
1378770082617155593
1378769987888877571
1378769893093306368
1378769398492585984
1378769284181200900
1378769171396317190
1378768932128100352
1378768703794384899
1378768541785202692
1378768357210648581
1378721613370171397
1378721142677114883
1378721115950964739
1378720822257418243
1378720400134266883
1378719457095352322
1378718820370628609
1378718615617294337
1378718097226543107
1378717971103760385
1378717948039299076
1378716882019217410
1378716805821300743
1378716757842657285
1378716735751217152
1378716406901014529
1378716068403888132
1378715375773290502
1378715248723628038
1378715047619350528
1378715034398961666
1378714919777021955
1378714573902127105
1378714295454814211
1378714230753492992
1378713983759306754
1378713951769407488
1378713910749057027
1378713833548697606
1378713714833113095
1378713617588228097
1378713574592364552
1378713474877026304
1378713447014268928
1378713086971019271
1378712849955053572
1378712151901274116
1378712025363267585
1378711927812132867
1378711658034425863
1378711381118160896
1378711072190922754
1378710931203575811
1378710757563633671
1378710642719387651
1378709782228525061
1378709616968790021
1378709138604236811
1378709020211605506
1378708961109610501
1378708867115319300
1378708689146802176
1378708665205669890
1378707878727520263
1378707547138494464
1378707392179941379
1378706931263672323
1378706692997779466
1378706567353270276
1378706542673940483
1378674898889973765
1378674796569985024
1378674631557660672
1378674461801603073
1378673600891355137
1378673437946810370
1378672914120069122
1378672670020014092
1378671883306954752
1378670774517604354
1378670321578999811
1378670108697038851
1378669812293885960
1378669780958281730
1378669704458407937
1378669142337802244
1378668878557966341
1378668876393816068
1378668416630808580
1378667757793857538
1378667681323229185
1378667168754196480
1378667054543351809
1378666888784400384
1378666778067361795
1378666777182400512
1378664907831402499
1378664503882223619
1378664052449284099
1378664042819125249
1378663622939967499
1378662448459247617
1378662444072046596
1378662282104803331
1378662146737897473
1378661463930376195
1378660754744819712
1378660461047058434
1378550696715419653
1378549901932515332
1378549876993236992
1378549200468631556
1378546672687587332
1378546556090122242
1378546373289775114
1378546139327311873
1378546105693171715
1378545453348831234
1378544642753445888
1378543760200589312
1378543369811599362
1378543145110151173
1378542873516371968
1378542756075728899
1378542257196896259
1378541919890989061
1378541788110196739
1378541162596798464
1378540652343009281
1378540450777231364
1378540341482033152
1378540198703857666
1378539965039132682
1378539599698403330
1378539569948282882
1378538124545032193
1378538106576498695
1378537903463227394
1378537846898884610
1378537824023154688
1378537616165892096
1378537450159534080
1378537029739417602
1378536954413875202
1378536762323173381
1378536437541265409
1378536255475097602
1378536082489413639
1378536019109179392
1378535977191419906
1378844797637550082
1378844701747470344
1378844288939872257
1378844120102281217
1378843955526254596
1378843946072354818
1378843238983929857
1378843197561012224
1378842625428529152
1378842288244187137
1378841637686812675
1378841455175815171
1378840818350313472
1378840778198245380
1378840635684306946
1378840602679382029
1378840356645707778
1378840311598870529
1378840017930350592
1378839917330059264
1378839783422754820
1378839418635714574
1378839237370519554
1378838932389908483
1378838819491864576
1378838746905276418
1378838644228816897
1378838594446499841
1378838543561265160
1378838528843341826
1378838449076240385
1378838241818775553
1378838113104060416
1378838105998962690
1378838101066444803
1378838020506456067
1378838020485353475
1378837914356965380
1378837904563179520
1378837649834835968
1378837649323126793
1378837514149109761
1378837166483144705
1378836965928398848
1378836946148069377
1378836930448789507
1378836816787243008
1378836665368723458
1378836647916175362
1378836375844315139
1378836352406540291
1378836195468222468
1378835866425114632
1378835818014519298
1378835677597552640
1378835309605974016
1378834988658008070
1378834798064599043
1378834710948945921
1378834421843963906
1378834271566245890
1378834263433433088
1378834007593467915
1378833833328529411
1378832538525966342
1378832358099550215
1378831903650934785
1378831891948691457
1378831622477377539
1378831309200633870
1378831047497027588
1378830823764414464
1378830457392005122
1378830341381705730
1378830067573329921
1378829929312305152
1378829880381562888
1378829734872764418
1378504547417653248
1378504455553974272
1378504432120381440
1378504268722880512
1378504082726518785
1378504016364253186
1378503936563421186
1378503891445157890
1378503863683141632
1378503471318630400
1378503382730739712
1378502920757465093
1378502478174425091
1378502321781542916
1378502271495860226
1378501525371244545
1378501515414020097
1378500959958048768
1378500858783010818
1378500795239297025
1378500686871203842
1378500617816088581
1378500288873693187
1378500288135319559
1378500158481137665
1378500109412016129
1378500010401271810
1378499999210868740
1378499953098514432
1378499551787646977
1378499421239980034
1378499391653298183
1378499328826863619
1378499318710157313
1378499124891385857
1378498937888370689
1378498596274847745
1378497970270797829
1378497871201308675
1378497748425662464
1378497708047151106
1378497666447986689
1378497570528501761
1378690728193368069
1378689983217872899
1378689964188303365
1378689946047889413
1378689746231308293
1378689543252160513
1378689527896756227
1378689345637519364
1378689158445723654
1378689016720207881
1378688769411403777
1378688471733243905
1378688217818488835
1378687772232327174
1378687292102094861
1378686124445605891
1378685526182658051
1378684203034890245
1378684101553717249
1378683931537637379
1378683791716331523
1378683673860530181
1378683219013419011
1378683165791883265
1378683038025068546
1378682944445939715
1378682782726168577
1378682020633665541
1378681989574889474
1378681849686458372
1378681730446540802
1378680127614164998
1378679873175179264
1378678774888341510
1378678446121975809
1378678185794142208
1378678134216736774
1378677004552314882
1378676207110209537
1378798489359024130
1378798280226832384
1378798262359097346
1378798246336806912
1378798171514667008
1378797364513628163
1378796891773804548
1378796801638211588
1378796228658532357
1378796177508995073
1378796169384620034
1378795957970681859
1378795460593397770
1378795345182781443
1378795056505761793
1378794196459520001
1378794015542349827
1378793956964757507
1378793866627796992
1378793591808610306
1378793582149050368
1378793557318844431
1378793382106042369
1378793243656224780
1378793159522725889
1378792820438351873
1378792739647672322
1378792727584903173
1378792498517139462
1378792465185005569
1378792365637394432
1378792053342146568
1378791840112054274
1378791691218456583
1378791600256655360
1378791472447827969
1378791218197491713
1378791061129154560
1378790656999575560
1378790557816745984
1378790056358469632
1378789969288921092
1378789210249781249
1378789190121426946
1378788753574133763
1378788291395346436
1378788233723674624
1378787873864966144
1378787780717903875
1378787386935676928
1378786851222392839
1378786403241312256
1378786297213546503
1378786202829139985
1378785698413752335
1378785391680094211
1378785208858779650
1378785152978063364
1378785016981950467
1378784773691351048
1378784313605558280
1378784296664698883
1378783896733687812
1378783546479890434
1378643412686155776
1378642952390635521
1378642911735083008
1378642389569568774
1378642104004407299
1378641600427913224
1378640988705411075
1378640795578798080
1378640732689342468
1378640294195920898
1378639584163205120
1378638450153390080
1378638310432669700
1378637324771328000
1378636940422094850
1378636365982793731
1378636101473034243
1378635905557090308
1378635655106985986
1378634934932303873
1378634437827657729
1378634232667459584
1378633999564804099
1378633313938718721
1378633170552299520
1378633083226894338
1378632991497461764
1378632858659610624
1378632818763309057
1378632766280110081
1378632718511116292
1378632623166255104
1378632485303619585
1378632472037064707
1378631179524526086
1378630167099277316
1378630000409075715
1378629509822435331
1378628854781255683
1378859912919273474
1378859909371064322
1378859771663630338
1378859520571621379
1378859049135996930
1378858595161358336
1378857636972535808
1378857567221280768
1378856912276586498
1378855973167759367
1378855731584237575
1378855693604765700
1378855117693198339
1378854613563019264
1378854461469306881
1378854104437428226
1378853637011746820
1378853457264848910
1378853396938162177
1378853391946907653
1378852801296621573
1378852192753307650
1378851770269581312
1378851509044195329
1378851362377592836
1378851136602570756
1378850776550805506
1378850660465184778
1378850628445728769
1378850515933663232
1378850449600602119
1378850432479559681
1378850378222084100
1378849789538893826
1378849581837004800
1378849562266378248
1378849135089000451
1378849133730033666
1378849073013288960
1378848512394334208
1378848215903002629
1378848156352397312
1378848095589572612
1378847807138713600
1378846855354707970
1378846841157120007
1378846781874790400
1378846469193613315
1378845786469888001
1378845165931089922
1378845164354031616
1378845116643835907
1378845001225023494
1378844897818472450
1378535518439317508
1378534906830192640
1378533370510991361
1378532836047749123
1378532100240863234
1378531685759819776
1378531498710560769
1378531297463656449
1378531146435190784
1378531145004904454
1378531117993586689
1378530669962272776
1378530440588394496
1378530347390930944
1378530266818428928
1378529943806746624
1378529875057852418
1378529779348045825
1378529643037253632
1378529455979831296
1378529132447944708
1378528853459623937
1378528690712182789
1378528350021410822
1378528283994714112
1378527382663929861
1378527209304940545
1378527078254002177
1378526720500789248
1378526522269704195
1378526383303913475
1378526240731131905
1378526233927901185
1378526204848930827
1378525529578434560
1378525036319895553
1378524951674818562
1378524468205654016
1378523883104444418
1378522378897096705
1378521803367317508
1378521778369167362
1378520928766754820
1378520662973636608
1378520617423605760
1378612849442951169
1378612843961069569
1378612587823161345
1378612426376101896
1378612384659603456
1378612165100367874
1378611952755204097
1378611309193818113
1378611119447752706
1378611084123385863
1378610942208962567
1378610834583265281
1378610151305936905
1378609753505591299
1378609642394226692
1378609406313689088
1378609105552633860
1378608990926610432
1378608747774320641
1378608670204825600
1378608618585563141
1378608379011100677
1378608331418431491
1378608300393029635
1378608268830969856
1378608242985607171
1378608198194708481
1378607916450725889
1378607841125281794
1378607753095172097
1378607368934670351
1378607341495582723
1378606398796406785
1378606161121976323
1378606024559620097
1378605771680854031
1378605474199830541
1378605224143773698
1378604911319916551
1378604820911828992
1378604315519123457
1378604202683944960
1378604068751425538
1378602947853049856
1378602844069191685
1378602238516531201
1378602039731707906
1378601504492429315
1378601225327894530
1378600490934497288
1378600382830632962
1378599832898699266
1378599477582438400
1378599054754656259
1378598349314519041
1378598255295131656
