1380832685493456898
1380832535001751552
1380831295392116737
1380831241524678658
1380830370816532480
1380830355947712514
1380830352105701376
1380828590900719621
1380828363980476418
1380827600306774024
1380826797349203970
1380824991562833922
1380824736515686402
1380824456076132352
1380824047567609856
1380824018220093452
1380823853673381893
1380821284288925698
1380820101121867776
1380817875972337664
1380910097531076611
1380908691164045318
1380908618216841217
1380908513501843465
1380907825669541893
1380907621356560384
1380906862627987456
1380906619022761984
1380906607534604290
1380906459769229312
1380906348305604609
1380906295675486213
1380905997468893191
1380905470693683201
1380905405895696386
1380905080371679234
1380904989086912517
1380904814377365506
1380904784308342786
1380903973796900876
1380903643222847488
1380903639695425539
1380903311604379649
1380902784879489025
1380902592843296774
1380901977962450949
1380901690145177600
1380901535891124224
1380900855394799617
1380900688201400321
1380900415466835971
1380899434398154760
1380898858834755586
1380898249599545345
1380897916295000067
1380897161458638848
1380897077664833543
1380895771483119616
1380895295224086530
1380895119486820355
1380784933644464131
1380784856800575491
1380784737778810882
1380784555678789634
1380784351311405060
1380783969495552001
1380783655472234497
1380783330619166725
1380782510506967041
1380781484026458121
1380780689109483522
1380779977747144705
1380779960541999108
1380779960403693569
1380779432592433152
1380779328544247813
1380779232910000134
1380779061241348098
1380778397115183107
1380778382414082050
1380778218328760335
1380777864602132483
1380776404745326595
1380775937118248960
1380774517153263617
1380773963685449731
1380773810912129029
1380772533801259009
1380771273861652483
1380771142881968129
1380770987826888705
1380770955979599874
1380770772940025860
1380770582900400136
1380769938114146305
1380987786883436552
1380987728699985922
1380987663365328907
1380987652602748933
1380987593152724996
1380987489750560769
1380987404958457862
1380987366324719619
1380987333978251265
1380986778065178625
1380986467086966784
1380986022197141505
1380985905910022145
1380985883701170177
1380985880907759618
1380985839040225282
1380985771226718211
1380985770828255235
1380985573054279683
1380985544981671937
1380985506100604929
1380985469375283202
1380985467764531201
1380985389322756103
1380985294330212352
1380985253532217348
1380985151870672899
1380985061277859841
1380985027769610244
1380985014519803909
1380984971096166403
1380984878527832065
1380984867232620550
1380984795430322182
1380984716539666433
1380984596444119040
1380984486372986882
1380984406303768578
1380984333226422284
1380984298925330436
1380984129446150148
1380983941776224257
1380983525722238977
1380983362815455232
1380983362458894340
1380983280057614336
1380983201032724483
1380983121189998592
1380982977417650184
1380982960300646400
1380982837017505797
1380982791081443331
1380982596901998595
1380982468971388928
1380982402533756928
1380982281628749832
1380981977600438274
1380981778299695106
1380981439097925634
1380980347630841857
1380980208346497024
1380980172837556236
1380979756498350082
1380978427348541444
1380977918063546369
1380976965822332931
1380975405855862784
1380975225265881091
1380974119508828163
1380973865514500096
1381034234249420805
1381034011456274432
1381034007110983682
1381033998005207047
1381033944838074368
1381033878442409987
1381033868686471168
1381033701287604226
1381033696313044994
1381033637471215616
1381032298120896518
1381032244458913793
1381031831198371845
1381031651673657346
1381031475089444867
1381031131147952130
1381030723247869954
1381030710115500035
1381030569841164290
1381030476610158594
1381030330572935168
1381030267561902086
1381029879077036033
1381029868557721607
1381029786491949060
1381029580186746884
1381029557231177728
1381029552277819392
1381029517104451588
1381029288800051203
1381029257426706432
1381029210685370368
1381029164380266498
1381029055672238083
1381028941280989186
1381028713538576388
1381028532776804352
1381028294255120385
1381028264932675591
1381028116760514563
1381027989559914499
1381027583635165185
1381027570326511617
1381027495538003969
1381027480060968961
1381027440584179714
1381027379036979201
1381027343070851073
1381026948915326981
1381026862936260613
1381026861191467012
1381026852349767683
1381026654508756996
1381026604575428608
1381026341303291905
1381026282788507652
1381026241537531906
1381026165230465025
1381025841627422726
1381025748748791808
1381025477867933700
1381025326445305857
1381024948261695488
1381024606174150656
1381024587182440454
1381024570963070981
1381023971206959104
1381023957273444356
1381023667396743171
1381023462286852101
1381023170824708097
1381022956789374976
1381022771921235975
1381022615322701825
1381022536260014085
1381022027918815238
1381021729116446722
1381021358574989314
1381021013195026439
1381020923285925888
1381020724190666752
1381020367532228612
1381020235835318273
1381020184983572487
1381019991106011138
1381019836067766273
1381019800453799938
1381019578034085888
1381019448082055171
1381019445452226566
1381019303198212104
1381019238819885058
1381019200706248717
1381019185598361609
1380972545869033481
1380972509013680132
1380971854010187779
1380971792542621696
1380971614221783046
1380971580902244352
1380970598558498816
1380970535274881025
1380970462646259716
1380970429188308994
1380970373651574788
1380970330538319874
1380970283654336512
1380970140771188738
1380970072001351687
1380970030083547137
1380969962894934018
1380969815507140608
1380969758435241984
1380969694836953089
1380969636150145025
1380969592860839940
1380969465190494216
1380969412048650241
1380969360559341571
1380969313222426625
1380969272676081666
1380969258805567495
1380969212475236358
1380969107340791817
1380969082338566149
1380969024620740609
1380968978303090693
1380968866172567558
1380968774975782913
1380968622642896910
1380968543332798478
1380968452261810184
1380968391922618374
1380968386558107654
1380968308384673793
1380968234262925314
1380967575983546368
1380967106783629318
1380966720970629129
1380966402291593219
1380966232481005572
1380966204496560130
1380966082253578242
1380965169317167105
1380964756115353600
1380964733197676548
1380964689451085825
1380964573977645060
1380964330120884228
1380964304992804865
1380964119478738947
1380964079473418241
1380963686928502788
1380963327849816064
1380963065001357313
1380962915218505739
1380962822490837005
1380962750998908929
1380962426556977153
1380962174978437125
1380961871625355271
1380961802918494209
1380961654339465220
1380961339401662468
1380961184648663043
1380961034027069440
1380960920160047105
1380960770662363136
1380960716023332868
1380960475496730634
1380960224689938433
1380959717036584968
1380959537289699332
1380959012812898311
1380958689071349762
1380958027386343427
1380957831571079174
1380957790366224385
1380957740156211209
1380957685433131011
1380957578662977536
1380768900556677120
1380766278764351488
1380764927472852996
1380764843171545089
1380764406460477441
1380764228928299009
1380763155614334977
1380760317966180354
1380757890504396801
1380755672745320452
1380755637886406658
1380755166895472650
1380754671409655811
1380754265916968962
1380706457289641985
1380705622375694342
1380705506143174660
1380704701533020165
1380704297894154247
1380703041817604097
1380702049701134337
1380701771438325760
1380701000084844544
1380698287242625028
1380698219961704451
1380696453975248902
1380695764733546498
1380694948752789505
1380693454028734466
1380692783036518402
1380691939024990210
1380690889396219906
1380689867034742787
1380689212798799873
1380688874544979972
1380687352285310979
1380684861741142016
1380684628185513988
1380684476435607554
1380684465312313345
1380684106355343362
1380684033064062980
1380683819351695362
1380683151677087744
1380683097604251650
1380682243027447816
1380681435640631301
1380681185236414464
1380680872236552193
1380680075566268420
1380680047212695555
1380679678034386947
1380679125443174407
1380678150628073479
1380677585772945411
1380677034528141319
1380676015404515328
1380675772302512128
1380675678606098433
1380674726478061573
1380674499776020482
1380674458688622596
1380674038452867072
1380673863038685184
1380673703323783171
1380672998005432328
1380672871039561728
1380672481669701635
1381003245334716422
1381002958586937346
1381002865288810502
1381002133668036609
1381001916432322562
1381001828926623747
1381001810257833985
1381001757648678913
1381001348062326785
1381001017215614986
1381000165591375872
1380999796937293824
1380999516455903233
1380999385463599105
1380999232132415496
1380998385662976002
1380998002207195136
1380997409296244744
1380997307752194052
1380996418236743681
1380995997350850562
1380995708375998465
1380995623197941761
1380995169198223367
1380995082363543552
1380994422318505993
1380994107082948613
1380993486166630401
1380993298664411143
1380993278506635265
1380993188555448322
1380992956186775552
1380992010430124033
1380992004927201286
1380991969908903937
1380991957896466435
1380991801625092096
1380991779017736197
1380991400532119553
1380991273063026693
1380991231707115522
1380990804794167301
1380990730517291010
1380990484236017664
1380989666464202752
1380989453880156165
1380989023120977921
1380988936865079314
1380988673223766017
1380988662171729934
1380957294343688197
1380957216073777155
1380957087811960832
1380957074922741760
1380957015799910411
1380956878973370368
1380956870702198787
1380956812292284417
1380956636332879876
1380956567911202816
1380955689372147712
1380955331845586945
1380955326711803907
1380954870115528706
1380954544755081220
1380953982328246279
1380953610318663684
1380953442693353472
1380953137352208385
1380952903184228352
1380952871148085257
1380952846607253505
1380952821604835329
1380952184104308738
1380951819174694914
1380951764992688136
1380951556460318721
1380951525661540358
1380951346594131969
1380951220181946380
1380950990283800576
1380950867340369922
1380950861988433926
1380950170540589058
1380950118824873986
1380950089456308224
1380949849084936193
1380949617546817540
1380949592397778950
1380949226109145097
1380949199022399501
1380948936333135875
1380948921523056648
1380948759794827266
1380948376913645581
1380947212285448192
1380946755542470659
1380946680565096448
1380946511450697729
1380944896937369603
1380944477909626881
1380943913335320578
1380943758724898819
1380943758259273729
1380943599542620163
1380943408949194755
1380942380979879940
1380752698568437760
1380751997293461504
1380751503384842241
1380750946163101704
1380750939930439681
1380750413570318336
1380749871968215040
1380749823087763460
1380749363010535425
1380747723394125824
1380747665097428998
1380747034383237131
1380746547856572418
1380746519633137671
1380745946783346688
1380745445153112066
1380745397690380289
1380743971857522698
1380743861534920704
1380743219907006467
1380743067116834818
1380741678953328641
1380741201482051585
1380740632432451588
1380740611741863941
1380739652093640709
1380739007890354177
1380738906476441601
1380738780093579266
1380738529626624004
1380925939111104514
1380923892844335106
1380923339028508673
1380923316505083909
1380922702643494912
1380922541330595841
1380922243287552006
1380921878047494147
1380921754969903116
1380921651462696962
1380921542578700294
1380920881019551744
1380920809682825217
1380920756926775297
1380920732432134151
1380920052409643014
1380919725794922501
1380919657855602692
1380919216623116289
1380918944089972742
1380918887861129222
1380918611729117185
1380918024627163137
1380917737136910336
1380917347033219072
1380916213631574017
1380916025894465545
1380915685421944839
1380915280273145859
1380915123116679168
1380914945836130304
1380914945299251203
1380914938085044224
1380914630080536580
1380914257366241280
1380914041552506884
1380913791769178118
1380913438512254984
1380912635160449031
1380912456164327424
1380912425176797189
1380912288555806735
1380911196912635907
1380721564941905922
1380720813087805446
1380720557994377220
1380719835198451712
1380719254027165699
1380718453129027584
1380716933008424962
1380716784555282434
1380716244375060482
1380715622443585539
1380715621915185156
1380715337834979329
1380715156540321794
1380713613061677058
1380713106242961412
1380712860574220292
1380712644160729090
1380712027321077762
1380711866721243137
1380711016573591555
1380710928514220033
1380710879340023808
1380710442427817987
1380709842629885953
1380709686660456448
1380709618565799938
1380709289040433156
1380708859820445698
1380707430653440001
1380707303888986112
1381018593870159872
1381018546805874688
1381018298205175808
1381018277300817921
1381018076100059136
1381017991651991560
1381017527455772672
1381017393598586882
1381017385856012293
1381016198008111108
1381016185500704772
1381016057788399617
1381015943288082434
1381015609249460224
1381015477695115265
1381015384086573056
1381015186694373379
1381015162346332161
1381014954178801665
1381014382428233728
1381013447312338948
1381013291665743872
1381013176146399235
1381012946189496330
1381012836621578242
1381012827553550340
1381012324773814273
1381011894509694979
1381011120287256581
1381010791449587713
1381010769207296007
1381009570634600456
1381009450341896192
1381008818591567876
1381008493151465473
1381008445596332033
1381008061788270592
1381007488615546880
1381007173912817664
1381006267200704512
1381006228806107139
1381005789536550912
1381005659349651456
1381005627582001155
1381005334576254976
1381004984007921672
1381004896497963009
1381004895516467201
1381004864663089153
1381004760648585216
1381004644579688448
1381004084463960064
1381003989525876736
1381003718242365442
1380863106868412420
1380862997875204098
1380862667267575810
1380862597340274692
1380862304875655169
1380861985911402497
1380861980756504576
1380861206215417857
1380860975381934083
1380860643134308356
1380860450124931073
1380860405417967617
1380860401131401219
1380860396500828160
1380860312367292420
1380860213750816770
1380859618549755906
1380859432305852426
1380859054000640002
1380858887130247171
1380858412762869761
1380857428510654472
1380857426061238275
1380856797473472512
1380856421038837760
1380856024555421701
1380855518957350916
1380855514012213250
1380855192661458948
1380854241317769217
1380853892087488513
1380853605675241474
1380853044263403523
1380852977993457672
1380852526518394881
1380851954893660163
1380851578853335041
1380851086496428035
1380850766668128258
1380849389804130305
1380848930989170688
1380848923439329280
1380848894335016960
1380848543192248321
1380848417308438536
1380848246868865032
1380893543007457281
1380892823747170304
1380892727810920448
1380892464828014598
1380892154579533831
1380892139723231235
1380891539870605312
1380891055286018048
1380890883038543879
1380890682517192704
1380890348390469634
1380889737465040896
1380889083585658880
1380888489579937793
1380888485960286208
1380888122062475266
1380888052491550723
1380887716641042432
1380887638018691074
1380887456288014336
1380886237247012867
1380885896766107648
1380885889379880962
1380884820662779911
1380884583646957568
1380883501675864067
1380882950372265987
1380881514750042115
1380881144598601731
1380881008954839043
1380880742608203779
1380880276306399236
1380880207477870603
1380880114867703813
1380879824663703554
1380879394189807622
1380879292771405825
1380879273293135873
1380878781393600514
1380878706672029697
1380878642893496323
1380801310287609856
1380800452455919616
1380799249458282499
1380797664158187523
1380796829445591043
1380796144289255425
1380794204406697990
1380793345715372033
1380792621489131520
1380792024580907009
1380790770899226624
1380789701485809664
1380788789241507840
1380787582586527754
1380786619347828738
1380816744995033091
1380814717095149570
1380814438060630018
1380812405878317056
1380811841492901890
1380811697179353088
1380811513984921601
1380811484029063173
1380810431275614208
1380809499209007107
1380809339229851648
1380808815898198016
1380808095585206276
1380807535595298816
1380806943497977857
1380806292760051713
1380806128100126720
1380805742270156801
1380805110805172226
1380804854122082305
1380803734662438917
1380803197921542150
1380801814933737475
1380801686306914305
1380878362277597189
1380878338332459008
1380877837394083840
1380877768129384452
1380877271620231176
1380877226774827008
1380875582985007106
1380875479884910595
1380875157221216260
1380875083590336519
1380874978153832455
1380874900601245696
1380874801959510020
1380874526725189632
1380873665244446722
1380873621128638464
1380873358980571137
1380873342488547332
1380873277325852676
1380873102532337674
1380873095288778754
1380872947804610561
1380872885489786881
1380872594480525321
1380872156914057219
1380872137561493511
1380872067621531650
1380871880689778692
1380871864172548097
1380871143452782593
1380871125484322820
1380870843773939714
1380870758612762624
1380870331800432645
1380870209754558468
1380869959811743748
1380869429437796353
1380869038755213312
1380868630930460677
1380868405050376198
1380868278168346631
1380868057283710978
1380868041106456579
1380867964866560009
1380867808305635331
1380867679406407684
1380867624024727555
1380867234906525698
1380867144058036227
1380866890994642950
1380866875555422209
1380866772715323401
1380866354895523846
1380866218807209991
1380865576055226369
1380865356659453953
1380865355803951106
1380865287516397569
1380865265441910784
1380864248151166979
1380864240056172544
1380863958215753733
1380863417502797830
1380736682958393344
1380736524665425920
1380736151871500290
1380736079649734657
1380736005108535301
1380735894051770369
1380735728137736192
1380735485442629633
1380734886042988548
1380734835187191811
1380734309779173376
1380734181672693760
1380733612765503490
1380733545048641542
1380733288214585349
1380732975382360066
1380732909267550210
1380732431502692355
1380731823714619392
1380730852255137799
1380730346778529794
1380730129916293121
1380729645809627137
1380728404161536000
1380728216348848128
1380728046513192963
1380727590449606657
1380727470572376073
1380725767236030468
1380724923371560963
1380724275636658176
1380724074654150662
1380723890511605763
1380723080188821511
1380721630486335489
1380941180834181122
1380941112353914881
1380940510810886144
1380940425276624897
1380940195768451080
1380939285478653953
1380938961263165443
1380938155440869385
1380937537351426055
1380936797283254274
1380936471390027777
1380936363667816448
1380935789391966208
1380934650013626374
1380933800780201984
1380933696342097924
1380933247836819457
1380932890763087875
1380932859934998530
1380931878803345412
1380931834331025408
1380931791100465156
1380931735953698817
1380931053972508672
1380930818139389954
1380930772471808003
1380930705258086403
1380930695648968710
1380930250020777986
1380929884197953539
1380929644887691270
1380929066178646022
1380928983810854914
1380928974000381952
1380928240102039555
1380928164361351171
1380927197339398146
1380927162719608842
1380926743226245123
1380926724163112967
1380926270368706562
1380847993457377283
1380847339598831617
1380846080695341058
1380845218489061380
1380844189987057664
1380843941411627011
1380843808754180097
1380843424790814727
1380843338732089345
1380843315810144257
1380842695430574080
1380842610714087425
1380842450944733184
1380842166570864646
1380841969954533377
1380841555926392833
1380840903749816323
1380840738175483907
1380840633435353091
1380840276239904774
1380838688368824328
1380838582680752128
1380838482952790017
1380837511161765893
1380836871786364936
1380834092212756480
