1365116534482366466
1365116323777323008
1365115412246130695
1365115116648361988
1365114947684999170
1365114946472787971
1365114620999069697
1365114179888283653
1365114095779815427
1365114044525469707
1365113742740971525
1365329154149937158
1365329017188982786
1365328732941131778
1365328428707291139
1365328368565108745
1365326988576235522
1365326812449034242
1365326392813101056
1365326188655218689
1365325997739044866
1365325971906265093
1365325692494368783
1365325646302380039
1365324820028796932
1365324770238214148
1365324605615976453
1365324575924494343
1365324476871811072
1365323759872335872
1365323750217043969
1365323316777558016
1365323273064615936
1365322539992449027
1365321785030369282
1365320888690872321
1365320800576897026
1365320603188797440
1365320363719196673
1365320318269743112
1365320141571911683
1365320134731194370
1365320098857197574
1365320062144512003
1365319467278999557
1365319017137926148
1365318343968833537
1365318222476681219
1365318153199304704
1365318019686236166
1365317773623242761
1365317049191399427
1365316401796415488
1365316166802145282
1365316025974198273
1365315661791186946
1365315315668639752
1365315137171783689
1365314647281303554
1365314641853898755
1365314437968756738
1365314366833221633
1365314192354512898
1365314091653464069
1365220194906501132
1365219821298802694
1365219684262567936
1365219199182925826
1365219092869750787
1365218872111095808
1365217755633487875
1365216282157719552
1365216240025886722
1365216117153759234
1365216107427221505
1365215977256927236
1365215777641672708
1365215329979228161
1365215011723952131
1365212895919960068
1365212710737174528
1365211975379222529
1365211788799803394
1365211306949832706
1365211192940253185
1365210640848150528
1365210277680205824
1365210240199884802
1365210010515628033
1365209906282864642
1365209561758650369
1365209399296417794
1365209062380621826
1365208107631042563
1365207106454843396
1365298081239953413
1365298072151089157
1365297808786345987
1365297672853331971
1365297485288267785
1365296625984356355
1365296278230466563
1365295741040619520
1365295518440706050
1365295440413999111
1365294618322026503
1365293535591882755
1365293147690070018
1365291299138584581
1365291232558219267
1365290998675476484
1365290750628556802
1365290534122700804
1365290505609875460
1365290475175960582
1365290403839238144
1365290349221060615
1365289965865721860
1365289946005856261
1365289935452921860
1365289484053450757
1365288797139857408
1365288447657848832
1365288437625073664
1365288263653679110
1365287063701098496
1365287022462722048
1365286905584119808
1365286724063141895
1365284951575453701
1365284843832098816
1365284069404205061
1365283324026105858
1365283281500073986
1365313401753243654
1365311400013275139
1365311224209051653
1365310701267423235
1365310639879684096
1365309413045768195
1365308547756613633
1365308383998464002
1365308346664955904
1365308219770482689
1365307992355315715
1365307350798786568
1365307208402169861
1365307177007779843
1365306817031655428
1365306486658842625
1365306313585090562
1365306275312066563
1365306117140733954
1365305994453143552
1365305797438226434
1365305681230848003
1365305550293073928
1365305521402769411
1365305266099609600
1365304388928106503
1365304220845490178
1365304182748635137
1365303588793159684
1365302871324061697
1365302556323274755
1365302512081797120
1365302007142248449
1365301433197678601
1365301173503201286
1365300860948017153
1365300493619191809
1365300413277290498
1365299543814901760
1365299151328657418
1365299099805900803
1365299091748524033
1365299028087476231
1365298899456557056
1365298855219183617
1365298416721494019
1365267584963198976
1365267560711782405
1365267240296316929
1365267144833916928
1365266931691962368
1365266869440110592
1365266809503371272
1365266649251786762
1365264841028550657
1365264608177586176
1365263849562210305
1365263687406080006
1365263449723387910
1365262857810677763
1365262629778771970
1365262342414610435
1365261908677386240
1365261517193678848
1365415731295375364
1365415560377479179
1365415475006509060
1365415438503477249
1365415110928441349
1365415073649426440
1365414893629939721
1365414823513710594
1365414765762338823
1365414618089332744
1365414398588645376
1365414364942118912
1365414256997527552
1365414068417257473
1365414010129166338
1365413563628683270
1365413513066401795
1365413445915586564
1365413392014594052
1365413302239698948
1365413078431531008
1365412830074204162
1365412731063574532
1365412285397815300
1365412265420353537
1365411996863246340
1365411955272519680
1365411830185791490
1365411421706723333
1365411079417974787
1365410914812522498
1365410791113940996
1365410781140045837
1365410456718901248
1365410396484612097
1365410319779172355
1365410165550383107
1365409701857529859
1365409509447884801
1365409324303065102
1365409110577926146
1365409075425472512
1365408422657687555
1365408198749016079
1365408060940963849
1365407964383891461
1365407826873581568
1365407763980029959
1365407662058463243
1365407492965072898
1365407400132567049
1365407379823550467
1365407212202565646
1365407204917059591
1365407037891502085
1365406979741556738
1365406795770957824
1365406664405483526
1365406661406384129
1365406641110269952
1365406509388169217
1365406172816302082
1365406141119942657
1365406093669728268
1365405888014659584
1365405667973091328
1365405481787940867
1365405463370625026
1365405202283515908
1365405084134342663
1365405067839438851
1365405039867666439
1365405010482315265
1365405008334839812
1365404786338762753
1365404506167599113
1365404230396366858
1365404204022587393
1365404131658145793
1365404125693886474
1365404040465580033
1365403907443294209
1365403861742092288
1365403633676939264
1365403590706294789
1365403532174721035
1365403408908382215
1365403400414916611
1365403398259019777
1365403396166008835
1365403394207277057
1365403390025625611
1365403387328659467
1365403385546104839
1365403380106072065
1365402932464779274
1365402677128159235
1365402534718881793
1365402519522971649
1365402442876162049
1365402219433127943
1365402196762906624
1365402165649539076
1365401954420195333
1365401821318111234
1365401754104459267
1365401723410518016
1365401645027389442
1365401609052639232
1365401385248976898
1365400911519113218
1365400881664057354
1365400849841852424
1365400706669240327
1365400669079941125
1365400316057944066
1365399712208150528
1365399174729056256
1365398792766431238
1365398567318388743
1365398461936377856
1365398001339006977
1365397867150639105
1365397699571367941
1365397467781427200
1365397372034027524
1365397119050334217
1365397059248025600
1365396746105475082
1365396721061277699
1365396649653137408
1365396493524328449
1365396452852326401
1365396255019425793
1365396253895458816
1365396074622578692
1365395996285485060
1365395780744396806
1365395370801590272
1365395233710637057
1365395211212517376
1365395139586383872
1365395121441804293
1365394874690924555
1365394795410038786
1365394648303198211
1365394644176093188
1365394575595081730
1365394544737595392
1365394481088970762
1365393328020353033
1365393322278346757
1365392569321021444
1365392456808882180
1365392348444778502
1365392272884441088
1365392262662938631
1365392097902137345
1365392096497033216
1365392065572581378
1365391980524544000
1365391816648974336
1365391786600931328
1365391254427688962
1365391187570475009
1365391101503410180
1365391011418095619
1365390912529047552
1365235320288145408
1365234953026420736
1365232845669679104
1365232273507840001
1365231237720387584
1365230438176878596
1365230130684166144
1365229859803332610
1365227606442971137
1365227258449854466
1365226693305262081
1365226387779383297
1365225161071419393
1365225153538502657
1365224641929891840
1365224615233126402
1365223134954201088
1365223104817995781
1365221387003027457
1365220848026742788
1365128730390192128
1365128351476776961
1365127949125582850
1365127832234467339
1365127766400786433
1365127649555841028
1365127370370412544
1365127301134917633
1365126938184937472
1365126682437427203
1365126496944328708
1365126098363686913
1365125894453436416
1365125802745090048
1365125741097189377
1365125144415510529
1365125025326649352
1365124358222585857
1365123589972836352
1365123506443288577
1365123261156241413
1365123077579898880
1365123017215414275
1365122886843916289
1365122151498485762
1365122044052955136
1365121846320926721
1365121159663075333
1365121145310216194
1365120974044205056
1365120745060335621
1365120596858839044
1365120586092019715
1365120246571483139
1365119513805602816
1365119262206144515
1365118372887764992
1365117897631145984
1365117897572556806
1365117369346121730
1365117069465894914
1365116759859224578
1365337005018779654
1365336949754646533
1365336850206965763
1365336606496948225
1365336590671896579
1365336294146990084
1365335964395175943
1365335737768546311
1365335497535496196
1365335476782170112
1365335332959506434
1365334458421964810
1365334132172144643
1365334021182472193
1365333667661438981
1365333420788834306
1365333151141289985
1365333081754722307
1365332736077139971
1365332481730306049
1365332376268734464
1365332151579852808
1365332137298255872
1365332041609412612
1365332034609172488
1365331980854919170
1365331867608764416
1365331841440481281
1365331632341852163
1365331625324802050
1365331256741928963
1365330807808663553
1365330751625981957
1365330123688316931
1365330019183194116
1365329786361450505
1365390548241104898
1365390078944702471
1365389649007554562
1365389518795280391
1365389464831418371
1365389461786419202
1365389411454758919
1365389282249232385
1365389280848322564
1365388938370682881
1365388507355742212
1365388134641504257
1365388037363019777
1365387879871107079
1365387725638139915
1365387500513091588
1365387416060764160
1365387412915032071
1365386999365054465
1365386864010555392
1365386862982877186
1365386850639183877
1365386790341853187
1365386729314787331
1365386704077553666
1365386650608676873
1365386513211604992
1365386505582219267
1365386148021960713
1365386105357557768
1365386077104668682
1365385831654039562
1365385806400151553
1365385731137548297
1365385652339159050
1365385338613555200
1365385325619654659
1365385304409055234
1365385292149121025
1365385089123831810
1365384968491442176
1365384831572525058
1365384708595609602
1365384433239552005
1365384373068058628
1365384357184081920
1365384172647419908
1365384166393667597
1365384045102854159
1365384003231055876
1365383474983632896
1365383389189197824
1365383365105508357
1365383357736099843
1365383241553891330
1365383210029379584
1365382937739464704
1365382894861058048
1365382532552925186
1365382517705109504
1365382435769360384
1365382171238805512
1365382025784422402
1365382025637691396
1365382001310711810
1365381892195962884
1365381688591867916
1365381674406735874
1365381356130295819
1365381183228571656
1365380614069706755
1365380573628309511
1365380438563430401
1365380237769510914
1365380199525842952
1365380184048762880
1365380149567512581
1365379947208929283
1365379097183080450
1365379005059194880
1365378831088029696
1365378399351562243
1365378355340607489
1365378197420924929
1365378164021673990
1365377801940000768
1365377786723106823
1365377784525299713
1365377764484931586
1365377699837927424
1365377223071469575
1365376925200449536
1365376823526367233
1365376610149441538
1365376596622921732
1365376558769328134
1365376545729183747
1365376543720144901
1365376483565441029
1365376437017001991
1365376404947402754
1365376245475721217
1365376072213274629
1365376005377032193
1365375961575927815
1365375951023013898
1365375943695548417
1365375929355239428
1365375706503462915
1365375646977961984
1365375628275376128
1365375524449746948
1365375523380199435
1365375496989470721
1365421106295898118
1365421091619971075
1365420796743737350
1365420636563247104
1365420626605973511
1365420617823105029
1365420612789952519
1365420524189323265
1365420483504562176
1365420380207243265
1365420310737154057
1365420259361062912
1365420109095919625
1365420071380803595
1365420019723751424
1365420001327337474
1365419947271323649
1365419783966109704
1365419676923097092
1365419390221627395
1365419045059706881
1365419003301294084
1365418991351652357
1365418991305564160
1365418934313365506
1365418768600563721
1365418609963503616
1365418567311720451
1365418455969771522
1365418410058780672
1365418389162885120
1365418307432644612
1365417861947285514
1365417699484999682
1365417667503550471
1365417655411310599
1365417483046432768
1365417236203200516
1365417149561507840
1365417056087195652
1365417035245707265
1365416851535233024
1365416822971973634
1365416809713795077
1365416798678626304
1365416773735108609
1365416773537968132
1365416761588408322
1365416661579427842
1365416577135476739
1365416452547829763
1365415831379861509
1365415808462127106
1365375449732382721
1365375340311433218
1365375191992438784
1365375109742157837
1365374859610632193
1365374131387179008
1365374106502275072
1365374001627955203
1365373967725457418
1365373827627290625
1365373752738000896
1365373686430240768
1365373334121234434
1365373325568958469
1365373302668222464
1365373299681873921
1365373233852252168
1365373178919403521
1365373072321245190
1365373069460701191
1365373010438463492
1365372929622511620
1365372871778971663
1365372794318573568
1365372677360345088
1365372640546992135
1365372578718769152
1365372401803001862
1365372275105628161
1365372259943075840
1365372201067757581
1365372070222323713
1365372068527751174
1365371794740363279
1365371681989144585
1365371643816599552
1365371454066470926
1365371310256316424
1365371208255107074
1365371086599122945
1365371013744181250
1365370603100905473
1365370533198635011
1365370336519323648
1365369973888208901
1365369943211016192
1365369786784505863
1365369477848834056
1365369433334677504
1365369336488149000
1365369306381488132
1365369138483445762
1365368947642691592
1365368872925343744
1365368660995559424
1365368111617236999
1365367916611465226
1365367891265286145
1365367632367525891
1365367506706300933
1365367277625827330
1365367209334308866
1365367202375864320
1365367199913758722
1365367196386349064
1365367094355890182
1365367069303328768
1365366977103941639
1365366902189674499
1365366813597569025
1365366716604235780
1365366325921595408
1365365827277627396
1365365599552086016
1365365445834862592
1365365135762726912
1365365111259598855
1365365009879080973
1365364654571196421
1365260687858139138
1365260400422514690
1365260387122348032
1365259374952816641
1365258389866094594
1365258001389510658
1365257600246444034
1365257100138545153
1365256353791442947
1365256320740438024
1365256173730095107
1365256126883749897
1365256055429627904
1365255632937496579
1365255406470131714
1365255318310109187
1365255237544591362
1365255174822924290
1365254732105740291
1365254596881510402
1365254170400317441
1365254133566103556
1365253971888254977
1365253600004481024
1365253460459991041
1365253441229004801
1365253282327711753
1365252929993666563
1365189479791796224
1365189263852150787
1365188728445169666
1365188099878313984
1365188033222307844
1365187919116337156
1365187193862451200
1365187009338343427
1365186540750712833
1365186265780547586
1365185646164254720
1365184583386488832
1365183727844937728
1365183110904750084
1365181142228369410
1365181116315889664
1365180056650149888
1365179947690565636
1365178756764233729
1365178015022465027
1365177482840858625
1365177460967399424
1365177226887630852
1365176679270932480
1365176347761332225
1365175321859928064
1365251537233149954
1365249930407735298
1365249795267379200
1365249635883704323
1365249579998990339
1365248912760725506
1365248896889462784
1365246488809529347
1365244992738889734
1365244473333145603
1365244020432244742
1365243546588966912
1365242955691360258
1365242943926329346
1365242242890399746
1365241920381980675
1365241497696747520
1365239819736145922
1365239808931500032
1365239458552025090
1365238581745360897
1365238069566308352
1365237674928451586
1365237319091953664
1365236440804651008
1365451337891250176
1365451166646218754
1365451163173326851
1365450864094281729
1365450620371525636
1365450474107904009
1365450447293677571
1365450281966837760
1365450197850030083
1365450002546515969
1365448937889550340
1365448929307807748
1365448845891690498
1365448810454003714
1365447650175246336
1365447556696801285
1365447297941839872
1365447131155230723
1365447110984892416
1365446899713466368
1365446748882276352
1365446511073574913
1365446475375902727
1365446403410034695
1365446235801411587
1365446133074558976
1365445973397417984
1365445942133022726
1365445586531594243
1365445542080172034
1365444996695023625
1365444991598919685
1365444919612092418
1365444858823991298
1365444520884715520
1365444414001266688
1365444313514209284
1365444302487384067
1365444208895516673
1365444203413721088
1365444114481872898
1365443722549350403
1365443468294676480
1365443396983259138
1365443288208191494
1365443277483167744
1365442921223364608
1365442908531290112
1365442827795095553
1365442767757918209
1365442524966453248
1365442399179186177
1365442364089782274
1365442281751408640
1365441933645144069
1365441709547679744
1365441582489608192
1365441408262373380
1365441338494304256
1365441333704359945
1365441231455682566
1365441112970788874
1365441103407775747
1365441023527301126
1365440877234180100
1365440607234179075
1365440509494374402
1365440334705131520
1365440075602014210
1365439796974407681
1365439638349910017
1365439539767091203
1365439456057163783
1365439389761994753
1365439379418669061
1365439195930624006
1365438818719961090
1365438794527342601
1365438695227224065
1365438666529726469
1365438664768110611
1365438554223050759
1365438508828160000
1365438273489956871
1365438216535486479
1365438107177410561
1365438075929645058
1365438055927185413
1365437958803902466
1365437655266324481
1365437437003128832
1365437035125870592
1365436729000419329
1365436519591391233
1365436486405996544
1365436440839086080
1365436427807432715
1365174203574607876
1365174008841310211
1365173639293718530
1365173254718181376
1365172535898365958
1365172144699699202
1365171178336362497
1365171003211476995
1365170861360242689
1365170730787340288
1365170628467126273
1365170421939765250
1365169982200496131
1365169588443484164
1365168162086469633
1365164504032641025
1365164104399409152
1365163899436363779
1365163626428989442
1365163451082018817
1365163078770393088
1365163078317453314
1365161551410290690
1365160840865992705
1365160741288824832
1365160068581187584
1365159788020137985
1365159402236444677
1365282772470882305
1365282426361028612
1365282351182270466
1365282129001607175
1365282089889796099
1365281650377113604
1365281038101078019
1365280471266045953
1365280418216484871
1365280274817417218
1365280022467076098
1365279781395132420
1365279602252206082
1365279301248122883
1365279267320336392
1365279155454050305
1365278819783897088
1365278696853102592
1365277362141691904
1365277334060687361
1365277282726678530
1365276909022507013
1365276763740332039
1365276559939149825
1365276542696181762
1365274742618488833
1365274690676219905
1365274627212275715
1365273947940528132
1365272380260630529
1365271993298411521
1365271933437112321
1365271899975135235
1365271802977652736
1365271657389068289
1365271172917690371
1365271151988015104
1365270656145887234
1365270333553541124
1365270271431634953
1365269912390754314
1365269902567870466
1365269860775833603
1365269451520761856
1365268567923453957
1365268281989472257
1365268109871972353
1365360273914097666
1365360049917480966
1365359762918023168
1365359709843296257
1365359377750835201
1365359313888378882
1365358865525534724
1365358695983550467
1365358640996225028
1365357972701016064
1365357509872033794
1365356952361050119
1365356504157720577
1365356461887545344
1365356415984967680
1365356340609044485
1365356251924865026
1365356177052303370
1365356117468012545
1365355896977711111
1365355796285030408
1365355697672622083
1365355281362788354
1365355226534977536
1365354926310842372
1365354885546409986
1365354601701023745
1365354474764718082
1365354333726863360
1365354272532094981
1365354072845467649
1365353840598466570
1365353840506208264
1365353832524378113
1365353420929069063
1365353364746366990
1365353300623831045
1365353250363482118
1365353220479066114
1365352793842667523
1365352643217022976
1365352421535453187
1365352383639912452
1365352280388755456
1365352176726339585
1365351870219313158
1365351723536121858
1365351491465138185
1365351105685819393
1365351063595982850
1365351036110659596
1365350976752861184
1365350819898552322
1365350648628281346
1365350634459975682
1365350187388968961
1365350132833800202
1365350016144052225
1365349234329927683
1365348948341370884
1365348674432241665
1365348436556406785
1365347788393906177
1365347675097415685
1365347649797296128
1365347381328420869
1365347339091791872
1365347150515822592
1365347037709918208
1365346945695420418
1365346522435637248
1365345693175476229
1365345643275952128
1365345633834586125
1365345482483118083
1365345349745975297
1365345233488207873
1365143955000623104
1365143269525630979
1365142398913904642
1365142074295738370
1365142057568903168
1365142000236965889
1365140476391735298
1365140179556700167
1365139726299058176
1365139339710193666
1365139180049858560
1365139076182016003
1365138851593822213
1365138678838947843
1365138519610380289
1365138116428849156
1365137889949081602
1365137255392804867
1365137221771272194
1365137124333219842
1365137033610612736
1365136270733627394
1365136263829999618
1365135444577460225
1365135415087259656
1365135395076386816
1365135160933576704
1365135032180858883
1365134394306879490
1365133286025035778
1365133269252124677
1365133241762643970
1365132980851642368
1365132794427539456
1365132729881362435
1365132567633145860
1365132281086631936
1365131304543674368
1365130331687432194
1365129749928927238
1365129587252944896
1365128932060782597
1365097741303435264
1365097386348056585
1365097131892240386
1365096698243149824
1365095848695201796
1365095147873193984
1365094917677047808
1365094901743034374
1365094272861679616
1365094269380415492
1365094133342199810
1365093801077964800
1365093442116853760
1365092981733281795
1365092967422193668
1365092603230904323
1365092296119648260
1365092279602589697
1365092252675149824
1365091930074406918
1365091514565627905
1365091507770961926
1365090567894429697
1365090352047280138
1365090024585187329
1365090018151260179
1365089622741585920
1365089602520891392
1365089391257939971
1365089388078780417
1365113484954927105
1365113273046208516
1365113019114618885
1365112613177335810
1365112600355299334
1365112535624552449
1365112345383497730
1365111911424032768
1365111845665800200
1365111536973459457
1365111097121001476
1365111001285357574
1365110921639600128
1365110755083829249
1365110740567396357
1365110591052996611
1365110574078656513
1365109468229472260
1365109450399354882
1365109436801572865
1365108075875688450
1365106801646174208
1365106233926180871
1365106168935276545
1365106062253117441
1365105919940509698
1365105447318003716
1365104442710896642
1365104140125372419
1365103914337656832
1365103646036418560
1365103021231849472
1365102674220310528
1365102404258168834
1365102301678026757
1365101758712745984
1365101519620612097
1365101492672352256
1365100613395238915
1365100479856992256
1365100375645310982
1365098927905734656
1365364625588563974
1365364343538413573
1365364120560795651
1365364021633941506
1365363788208345091
1365363754502914055
1365363628480823302
1365363491922726914
1365363402277855236
1365363371764158464
1365362926215983110
1365362886625746946
1365362661005922307
1365362464318230529
1365362278074351617
1365362089489887233
1365361882476015617
1365361438877966337
1365361370343088134
1365361076834103301
1365361064766885888
1365360990116741124
1365360693575352325
1365159105892130818
1365158867915563008
1365158201428234254
1365158058347782150
1365156898815803396
1365156715952562178
1365156394341695488
1365155838936182785
1365155235782623232
1365154269809238021
1365154156592259072
1365153850425036800
1365153843433140224
1365150630206197763
1365150569061580801
1365150299518689287
1365149616165904386
1365149385768771588
1365149148509519878
1365147993373032453
1365147794881671171
1365146854715981826
1365146748486836224
1365145935970521090
1365145815413448711
1365145209374339072
1365144944210370563
1365144942385922053
1365144702949982208
1365144688060223494
1365144414067191814
1365204935940468737
1365204471761035265
1365204458943090689
1365203928506277895
1365203315500351491
1365203309485838340
1365203202338136064
1365202829216866308
1365200883999457287
1365200742022320130
1365200728432594945
1365200653249769476
1365199432149471232
1365199286565175298
1365197239837200384
1365196682892296192
1365195568042168322
1365195005879443456
1365194532833218560
1365193773844746240
1365192909339774977
1365192299773313024
1365191982226812931
1365191767507619843
1365191303810711553
1365191204766416897
1365191064873762816
1365190827190849536
1365190806823346178
1365190270480957441
1365190260741693441
1365189851444838402
1365436240196173830
1365436014534172672
1365435723118215169
1365435176076124162
1365435159911268352
1365435022493310979
1365434956680429571
1365434565880340480
1365434534985011208
1365434384816480256
1365434082373550082
1365433996499439621
1365433919500218370
1365433905411747840
1365433764650827779
1365433559872372740
1365433553962618880
1365433421506482177
1365433418968936451
1365433281802608643
1365432893313531904
1365432853945864199
1365432637326819347
1365432590220423169
1365432284476829706
1365432054196760579
1365432038749184001
1365431958029930496
1365431942754279428
1365431649370918915
1365431328787877891
1365431147014983680
1365431100663877634
1365430828499488769
1365430131020484608
1365430106240348162
1365429860143796226
1365429814635692042
1365429725884211204
1365429570376237056
1365429520782798854
1365429408828424194
1365429265446100992
1365429070683463681
1365428751765557261
1365428679355023360
1365428636640305155
1365428565358034948
1365428547809140740
1365428522668466181
1365428384197672963
1365428345798819844
1365428339729723396
1365428212889751559
1365428103225475076
1365427896001642497
1365427858240339970
1365427725520039943
1365427681983160322
1365427673573580800
1365427667957334021
1365427645186465798
1365427562311221252
1365427471198388233
1365427288234487810
1365427180658909185
1365427132483174401
1365427006846992387
1365426999045554179
1365426989969014785
1365426835568361473
1365426659206328321
1365426294347989009
1365426114223505412
1365425892504272897
1365425885923266561
1365425871935451137
1365425778855456774
1365425728368435202
1365425708269404161
1365425554279833603
1365425454686097412
1365425442300317701
1365425439464906753
1365425328529805319
1365425119699607555
1365425018650427402
1365424935930388481
1365424809081860099
1365424797161840642
1365424755331989507
1365424520186781697
1365424466935832579
1365424272068476939
1365424203994959874
1365424152098799617
1365424095324610561
1365423924029362183
1365423781531983873
1365423763416825859
1365423530557530113
1365423519258001417
1365423452283232257
1365422996425502728
1365422900778594304
1365422853286420482
1365422764295815170
1365422721312706562
1365422606212599808
1365422550994608137
1365422542102671363
1365422321255608321
1365422197142126593
1365422151247962116
1365422084529086465
1365422018267652099
1365421936000585731
1365421521590607873
1365421471347089408
1365421410336841734
1365421264496656387
1365344833804591106
1365344359990890496
1365344318500851715
1365344024392052738
1365343932176072706
1365343718497222660
1365343693985755143
1365343369547960323
1365343355681480714
1365343249037021185
1365343090152734720
1365343007009046532
1365342847277367297
1365342824531693572
1365342551675457536
1365342493198311427
1365342285118930945
1365342190214479877
1365342108094193664
1365342025227337730
1365341913398837254
1365341527296389125
1365341379442872321
1365341269254303744
1365340773391216648
1365340614053801987
1365340567593508871
1365340519983968265
1365340407496867843
1365340252458672137
1365340227246637058
1365340201091010565
1365340166387286021
1365340143402549252
1365340112662462469
1365340061210988546
1365339794750930946
1365339790640439301
1365339642099363841
1365339614433656832
1365339424725286915
1365339410905112577
1365339309608366081
1365339196936704001
1365339001041862666
1365338991692828679
1365338925456326663
1365338861166034944
1365338792173985795
1365338747236085764
1365338727388565508
1365338686435565569
1365338594957684738
1365338392913969163
1365338125837291525
1365338116303765511
1365338103783817217
1365337825869144066
1365337666531778565
1365337246434549761
