1231681775228850176
1231681586992746497
1231681434139680770
1231681190505144320
1231681013274828800
1231680948829331458
1231680568150183936
1231680483081248769
1231679802651955202
1231679671751921664
1231678356137086978
1231678332149944320
1231677284362399744
1231676542020751361
1231676486098313217
1231676265373032448
1231675378537836549
1231675375786381318
1231675201252974592
1231675184492400640
1231675039910592512
1231674803280601091
1231674653233598466
1231674313008435206
1231673963966799874
1231673774560423938
1231673631228473344
1231673482448134146
1231672971699400711
1231672918238810112
1231672743852007424
1231672278066323456
1231672147988209664
1231671494989766656
1231669412060635136
1231669341114028034
1231669267088760839
1231669135387635713
1231668654778904576
1231668399576616960
1231667808788008960
1231667561747664897
1231667357199634432
1231667258084204544
1231666693379907585
1231448555870511106
1231448554297753600
1231447786039717889
1231447298111991809
1231447128276377600
1231446926907674625
1231446595394265089
1231445525649612800
1231444078409109505
1231443317180682240
1231442881438724096
1231442600755789824
1231442158886014977
1231441174138892289
1231441059189788672
1231440537586208768
1231440366999658496
1231440009208745986
1231439488443793409
1231439043243761666
1231436510165008384
1231434990929502208
1231434649047621635
1231433584554078208
1231620426826158080
1231620164015271937
1231620047946362880
1231619745721602049
1231619286260748290
1231618430127628289
1231618398460825603
1231617818023645184
1231617760469438465
1231617601580752902
1231617423846961152
1231616988008603653
1231616790565916672
1231615871719739392
1231615405346762753
1231615130858704901
1231615104753340416
1231615081705766916
1231614309005975553
1231614238801698816
1231614168429666304
1231613032255696899
1231612226760474624
1231612048016056320
1231607822279774208
1231607467169079296
1231605762729955330
1231605714696667141
1231417552410157056
1231416810500694017
1231416607878021120
1231416302033457153
1231413140195282944
1231412389259534337
1231411609303732224
1231411215341162496
1231410710133059586
1231408789250826240
1231408654877962240
1231408467526717440
1231408273863004161
1231406953286397954
1231405418540236800
1231404506283462656
1231404094188711936
1231404093773578240
1231403863799812096
1231402856009412608
1231402793052856320
1231526635070992389
1231526311497211904
1231526176977543168
1231525990855168001
1231525535806902273
1231525053646483456
1231525020809252864
1231524450635378689
1231523463187140608
1231522678793629697
1231519695926448129
1231518098630397953
1231517076789121029
1231516475162120192
1231516296765984768
1231516112220590080
1231516101080764416
1231515743835037697
1231514614292197376
1231514441210122241
1231513600105287680
1231512159831506947
1231402328307240962
1231402152385380352
1231401929747492864
1231401467589910529
1231400714691338240
1231400268551507969
1231399607135096832
1231399480760639489
1231399210848673794
1231398305860550656
1231398005103874053
1231397940666732544
1231397510217969670
1231397263932633088
1231397092775649282
1231396542545833985
1231396427772727297
1231394529032404992
1231394126802776064
1231394061149491200
1231393933701328896
1231392965618216961
1231392053894008834
1231390632263897088
1231389378011959297
1231388068353073152
1231387711619158016
1231495766948171776
1231495636329037824
1231495630847139842
1231495168152522752
1231494782045827072
1231494263441108992
1231492846202609665
1231492473987510276
1231488718998884352
1231487367711772672
1231487343183507456
1231485971448778752
1231484804383879170
1231483597510598656
1231481960775614464
1231481902525227008
1231481816240001024
1231481549025005570
1231666360075325448
1231666316118982658
1231666254567661569
1231666122128269313
1231666025789259776
1231665984311676928
1231665535722676225
1231665384102735872
1231665207040266241
1231664666172182528
1231664322121814016
1231664051270438912
1231663560016658434
1231663463107354624
1231662832699289601
1231662775740567554
1231662702193283072
1231662677501460481
1231662582551007233
1231662051094933504
1231661639587581953
1231661492191322112
1231660899758411777
1231660869291040768
1231660823594045441
1231660666106400770
1231660517883830277
1231660446672916480
1231660010918359048
1231659205565784064
1231658939953172480
1231658255014866946
1231657911073615874
1231657449838534656
1231657183865135107
1231656441200685057
1231656426218696705
1231656255942467587
1231655994020761605
1231655992862986241
1231655382407434241
1231655201142136839
1231655111174361090
1231654984015601664
1231654467906539522
1231654036899844096
1231653700294324224
1231652783662624768
1231652748095053830
1231652037131194371
1231651682137911301
1231651501417934849
1231603956834586627
1231603769881874435
1231603222374178819
1231603195677478915
1231603070775300097
1231601913000579074
1231601221904949248
1231600872834158592
1231599740221100032
1231599719954178048
1231599484184014855
1231599428282220544
1231598883043790849
1231598745512480768
1231598261275971585
1231598047282520066
1231597834790670336
1231597238738194441
1231597077454520321
1231596511529783303
1231595920527151105
1231595713928167424
1231595167364284416
1231594611614896128
1231594573689970688
1231594565968289793
1231594081245114368
1231593925254709249
1231593737870041088
1231593386840395776
1231592176263581696
1231591249200787458
1231591226626969600
1231590647410413573
1231590586005827584
1231590577961082880
1231590308095385603
1231589863943802881
1231589651917336576
1231589355304693760
1231589101125722112
1231697584479260673
1231697412298854400
1231697330983837696
1231696873662095365
1231696788542967815
1231696018053509120
1231695664960196615
1231695386164834309
1231694076824694784
1231693605598834696
1231692699117510659
1231692317624602626
1231691675631857665
1231690960402124805
1231690412953407488
1231690316195008513
1231690258032549888
1231689474570059779
1231689408295919616
1231688972063199232
1231688543644344326
1231688522127597569
1231688444767875079
1231687537292386315
1231687464504328192
1231685465398530049
1231685383156588550
1231684928393416706
1231684533482852358
1231684250208022529
1231684243320758272
1231684041465880576
1231682538239864832
1231511460339179520
1231510819986444288
1231510666017677312
1231510040684695552
1231510018236854273
1231507867120930816
1231506508946575360
1231506472955240450
1231505487713230849
1231504195586383873
1231501992649990144
1231500574174126081
1231499632515145731
1231498712733667328
1231498701815898112
1231498541878480896
1231498037668614144
1231497846404386816
1231463850928676867
1231460732367032320
1231460670966616064
1231460233643380736
1231457959340691456
1231457707414183936
1231457512731246597
1231457031091085312
1231455260381777920
1231454361760518144
1231454064271032320
1231452122912346112
1231449444077449217
1231370387688185857
1231370279269601280
1231369435522437120
1231368148768698374
1231557798007312385
1231557400122941442
1231557349795598341
1231556813411291136
1231556062584692736
1231555400476057600
1231555303331618816
1231554866977243136
1231554816213749761
1231554493235572736
1231554414340648960
1231552553231384586
1231548840140034048
1231548018257780736
1231544292625305600
1231544045031370752
1231543179129872384
1231542924854407168
1231573010139820033
1231572948491702272
1231572634002956289
1231572127909916674
1231572073056817154
1231571899228004352
1231571748891615237
1231571505609232384
1231571049633812480
1231568832285888513
1231568281896726528
1231566480950489088
1231566408515018758
1231564856089661441
1231563507193147392
1231563415610691586
1231562699500376064
1231562689031237634
1231562207529521152
1231561150258647040
1231561029009756160
1231560897459605504
1231560644878450689
1231560012906016769
1231560007482658816
1231559237517660160
1231559058139820033
1231558924689645568
1231558727477682177
1231558576436543490
1231479933874135040
1231479651840790528
1231478259289935873
1231476278785646592
1231476069682810881
1231470898474938368
1231470656551890945
1231469823713927168
1231469583632080896
1231468943963017221
1231468635698405376
1231468216632987648
1231467267940081665
1231466899357065216
1231465846897291264
1231464905150169089
1231588355395260416
1231587596310122500
1231585598886105088
1231584804723994624
1231584746750300164
1231584336010522624
1231584122608459776
1231583267532541952
1231582304197210112
1231581952962068480
1231581807348473858
1231581379424608256
1231581190861316096
1231580215924707328
1231580010374365185
1231579433049448448
1231578266097594369
1231577445469286401
1231576944451260419
1231576775806869504
1231576270699450368
1231576215447900161
1231575882940243969
1231574969588633605
1231574773999849472
1231574622950297600
1231574458336522242
1231574124838952963
1231651257116495872
1231650799178133507
1231650286558597121
1231649452651417604
1231649420124405760
1231648965784825856
1231648552620716032
1231647119959740418
1231645813912358915
1231644096902635522
1231644093769322496
1231643958494814208
1231643151770800133
1231642867719757824
1231642815010000896
1231642573980217344
1231642327912857600
1231641787892035584
1231641761732276224
1231640749508186112
1231640652707921921
1231640284791853056
1231639889168535552
1231639495147171840
1231639326955593730
1231638940148477953
1231638089786953728
1231637758264979456
1231637552026673158
1231637424398311430
1231637380567793667
1231637363312324609
1231637351887245313
1231636963926716420
1231636908478009346
1231636689723912192
1231636564138172417
1231636540213862400
1231636510425874433
1231728760459755520
1231728168341389314
1231727332068646912
1231726848704253952
1231725274661883904
1231725037364928513
1231724858020630528
1231723357722284033
1231722630597599232
1231722159162175488
1231721473200590850
1231721248666914817
1231720843652108289
1231720388054441985
1231719846800429061
1231717903608745984
1231717763728760832
1231716864696385539
1231716036996628481
1231715690069053440
1231715644426424320
1231715221770833920
1231714694836228096
1231714473444069376
1231713986938273796
1231385856780292096
1231384523872428033
1231384454515523585
1231383961219325959
1231383137063563265
1231382047513612290
1231381078801338371
1231380880096137219
1231379596244856833
1231379462962503681
1231378890377039877
1231377839288725506
1231376333260951553
1231375206884761600
1231375155777150980
1231375122981801985
1231375038265384961
1231374924947841030
1231374904433561600
1231374738980732929
1231374381114281985
1231374186653929478
1231373784696918017
1231372550506209281
1231372516888895490
1231371572566347776
1231371462591700992
1231371353023971329
1231433442019115009
1231432210722492416
1231432151431700480
1231431754763952128
1231431578766757888
1231431442795655168
1231429502749700097
1231429040659001344
1231428712031125504
1231427765611696128
1231427747886460928
1231427318352093184
1231425083866075137
1231424753036075008
1231424633037041664
1231424196951060480
1231423884332634113
1231423316100931584
1231422827640782848
1231421802179702785
1231421222073884673
1231420737237508098
1231420661320552448
1231418558938218497
1231713065202323457
1231712960676007943
1231712541107113984
1231712308210130944
1231712206783426560
1231710598179827714
1231710135153766400
1231709881234841600
1231709187387858944
1231708477136961538
1231708275030315013
1231708184013918208
1231708026232504320
1231707972327366664
1231707916312420353
1231707889451974656
1231707479068872706
1231707389755297792
1231707322159915015
1231707033700794368
1231706729412513793
1231706722538053632
1231706149797400577
1231705681792774144
1231705625958244353
1231704860388544512
1231704802024882178
1231704323786145794
1231703513345990656
1231703208583626760
1231702717078417409
1231701398527496192
1231699815114977285
1231699256664133632
1231698498891939840
1231698199439716355
1231698100047106048
1231541954787381249
1231540942861029376
1231539222538080256
1231537153689243653
1231536797475201024
1231536467777916929
1231535654867218433
1231535475749511170
1231535335219191808
1231534589450936320
1231534173707546625
1231534032443207680
1231533898682847232
1231533466669506561
1231533216642846722
1231531549851447299
1231530009023651841
1231529483301277697
1231528315070144516
1231528120550903808
1231526949790474240
1231635594851344384
1231635345021661184
1231634702659969024
1231634194633285632
1231633642956263424
1231633477734322177
1231632496628051970
1231632385306841088
1231632331913519104
1231631893088612352
1231631842626818049
1231631478582280194
1231631339771678720
1231631135823847424
1231631053007261698
1231630203299909632
1231629988576858117
1231629847929200642
1231629599425126400
1231629522518278147
1231629357539524609
1231629035018518530
1231628931742097408
1231628586525904897
1231628439326687244
1231628273752342531
1231627174395944960
1231626747872976901
1231626223660478465
1231625269175341056
1231624781084098561
1231624449331539969
1231623813370130435
1231623344656723968
1231623264230924288
1231623206919864321
1231623161545986048
1231623108550909953
1231622955714727936
1231622762621546498
1231622482811072516
1231622331270696960
1231622325537329153
1231621835961380866
1231621590770601984
