1285303188065787906
1285303153613852677
1285303152514945024
1285303067907424256
1285303043601375234
1285303025410535424
1285302995807358976
1285302974948859906
1285302939670720513
1285302848532643852
1285302782149496833
1285302656462983170
1285302609293836290
1285302531636297732
1285302523784564736
1285302476917428230
1285302457258713096
1285302433833418752
1285302378439282692
1285302269592907781
1285302115641032704
1285302086327042048
1285301849705394178
1285301824032051200
1285301684323983361
1285301669249585158
1285301584386314243
1285301329624170501
1285301228801421313
1285301171507298311
1285301098077720581
1285300695567085568
1285300606534586368
1285300501677051905
1285300488058155009
1285300325319049217
1285300204829212672
1285300083211358208
1285299990181576704
1285299969205862402
1285299944786669568
1285299689307373569
1285299501364846592
1285299434192924674
1285299360574484480
1285299354815746049
1285299346095828993
1285299321542340608
1285299185827405824
1285299179397566465
1285299030721875968
1285299001504534529
1285298951910862848
1285298861934817282
1285298848664100864
1285298827633790976
1285298734126059521
1285298562327171072
1285298510527594498
1285298510376697857
1285298496300560384
1285298450297491463
1285298439509741570
1285298430965805056
1285298393791836160
1285298372094631936
1285298323193237505
1285298308748115968
1285298140803891211
1285298137096171526
1285298136039198725
1285298063960092687
1285298048424448007
1285298017885724679
1285297968422297603
1285297935442477059
1285297898633211905
1285297886620717056
1285297852965687296
1285297791267463168
1285297741044867082
1285297465860775936
1285297433292005376
1285297358234943488
1285297215838326792
1285297204593336320
1285297180702638084
1285297178605387776
1285297145684385793
1285296978226753538
1285296933645414400
1285296827412230144
1285296693366358018
1285296386850816000
1285296377950543873
1285296363006238720
1285296345893539843
1285296300418723841
1285296241996259328
1285296241786617863
1285296176372297728
1285296176246530048
1285296161021026304
1285296119052816384
1285296032180469762
1285295988438073346
1285295915889295360
1285295868162174976
1285295825929662464
1285295660074446849
1285295635177103360
1285295628919222274
1285295495385165832
1285295325578702850
1285295248705490944
1285295160755011584
1285295061106937857
1285295060024688641
1285294997886115842
1285294975601836034
1285294973135597568
1285294945130217473
1285294904248274946
1285294854721994752
1285294818483212294
1285294804100886529
1285294735528165376
1285294733397377024
1285294705903841282
1285294684860903424
1285294602329583618
1285294435379683328
1285294264633761793
1285294192500113409
1285294155955044354
1285294149453914122
1285294048249409536
1285293908000337921
1285293907354382336
1285293615196049410
1285293581238972421
1285293499143860224
1285293397687713792
1285293396706426881
1285293351168868354
1285293350430490624
1285293324799180801
1285293301437014016
1285293288484896771
1285293248978853893
1285293128019259404
1285293112663965697
1285292990945062912
1285292967171969025
1285292938550026240
1285292889908678660
1285292780538011649
1285292767913152515
1285292759121899523
1285292696001818625
1285292657070280712
1285292625445216256
1285292586551447555
1285292572202561536
1285292527642308608
1285292381252845568
1285292345810923521
1285292160473083915
1285292145713319939
1285292139358728192
1285292135936335873
1285292093368393729
1285292057741991937
1285291975797878785
1285291935507324928
1285291762089635844
1285291754879680512
1285291739578761217
1285291737297104896
1285291708549402624
1285291633282560004
1285291441757908993
1285291429468622848
1285291408098762753
1285291363299401728
1285291345813426176
1285291342705328128
1285291294630305794
1285291119690108931
1285290986923593730
1285290983127748609
1285290980653113345
1285290882477035527
1285290881130606594
1285290853628628999
1285290836666851333
1285290631489826816
1285290564410318849
1285290548413321216
1285290511880851456
1285290499147018240
1285290452246302721
1285290410416443394
1285290354581872641
1285290195580080128
1285290180304351232
1285290136473927685
1285290126210457602
1285290121202405376
1285290029846335495
1285290005926219777
1285289759179370497
1285289741458509828
1285289710663999488
1285289534641643521
1285289532179517441
1285289494938345472
1285289474822418432
1285289398108594176
1285289378235940866
1285289355964284929
1285289290310864897
1285289207553036288
1285289154058698752
1285289096210980867
1285288976077774859
1285288870762950657
1285288733558931469
1285288671378382852
1285288669176365056
1285288544416591872
1285288526309990400
1285288496094224385
1285288490406514688
1285288446832062465
1285288404121530372
1285288382260744192
1285288365265477638
1285288335104192517
1285288331753005057
1285288323947405319
1285288318163464192
1285288139490131969
1285136557754679297
1285136439366365184
1285136414967861249
1285136413088833536
1285136382848098305
1285136305240801282
1285136008225394693
1285135713521086464
1285135437049331712
1285134488176033793
1285134187473895425
1285134131119218688
1285134128980135936
1285133249241583616
1285133234720976897
1285133160636977152
1285133058803367937
1285133013827887110
1285133003770007553
1285132966637658112
1285132946748448768
1285132847469096960
1285132778724622337
1285132674378719234
1285132392290758657
1285132118276833285
1285131908138008576
1285131690214645760
1285131650892996608
1285131455136321536
1285131327864545281
1285131125640372224
1285131020652515328
1285130928877174785
1285130911101616128
1285130900901105664
1285130628309147648
1285130035150626818
1285129975960674311
1285129943278551040
1285129864140525568
1285129802500931586
1285129702399770624
1285129662658748417
1285129564084207616
1285129445544808448
1285129436845821952
1285129237389643777
1285128965418627072
1285128602128973825
1285128516560920577
1285128429826965505
1285128401167294465
1285128327959687169
1285128026053844992
1285127998698672128
1285127678245429248
1285127640630910976
1285127607969886208
1285127528051507201
1285127421486862337
1285127125813669889
1285126617879269376
1285126258607689728
1285126220959686657
1285126216714985472
1285126119415517187
1285125969091727360
1285125181833388032
1285125133976375297
1285124943433338886
1285124897170165760
1285124892497776640
1285124821983137792
1285124739795767298
1285124738180960256
1285124283228987392
1285124252576804864
1285124141964828677
1285123927564603392
1285123606783995904
1285123455659069440
1285123395785502720
1285123323769298944
1285123257667072000
1285123010647687168
1285122720246702081
1285122263067488256
1285122261419282432
1285121905792397313
1285121824922185728
1285121774322057216
1285121655606517760
1285121631975809024
1285272876069814272
1285272869648379904
1285272722482835457
1285272721841168384
1285272712764518400
1285272675397636097
1285272652031164417
1285272598901862401
1285272524151033862
1285272466844200960
1285272353048592384
1285272313198411786
1285272144461484032
1285272143928807426
1285272143324905472
1285272140909031424
1285272047149613057
1285271890345340930
1285271842077306880
1285271715375980544
1285271669268008960
1285271576913600512
1285271503362093057
1285271462660706304
1285271355966066688
1285271344448495618
1285271316178796544
1285271265398460417
1285271066177409029
1285271061274210314
1285270973655199746
1285270773628841984
1285270752913240066
1285270552488423426
1285270496771276806
1285270442488602626
1285270366751985665
1285270353900707840
1285270337597378561
1285270316399374336
1285270203530698754
1285270145548652553
1285270034877681664
1285270034646958082
1285269877423517696
1285269804320948226
1285269792153362433
1285269787116015623
1285269776449888257
1285269748024999937
1285269702332252161
1285269677304946688
1285269622535618567
1285269615149412352
1285269590013095936
1285269563685384197
1285269378594828288
1285269374165610497
1285269360391618560
1285269338350592000
1285269318670979074
1285269229332307969
1285269181730975744
1285269158385590274
1285269123727941634
1285269123472080896
1285269073023115265
1285269069302829060
1285269062981783552
1285268972976304128
1285268891233640449
1285268821474004993
1285268801634918401
1285268752842407942
1285268735046021121
1285268709511135233
1285268628603052032
1285268504485273601
1285268494121144324
1285268444321951745
1285268315976478720
1285268293402660864
1285268247697215488
1285268245872889856
1285268133155143680
1285268108207370240
1285268092822708226
1285268051479453698
1285267956843372555
1285267934928134145
1285267905769353216
1285267831337222147
1285267830540296201
1285267634926358528
1285267564671705088
1285267417753694208
1285267377408503808
1285267327144075266
1285267256537239554
1285267063775342594
1285267027486298113
1285267000420442112
1285266982355505153
1285266959987281921
1285266943591829510
1285266833839357952
1285266816105947136
1285266808442777600
1285266795289628672
1285266757821898757
1285266745243164672
1285266715778207750
1285266703165919234
1285266656256839680
1285266603656065026
1285266555903676416
1285266536261984256
1285266428539666435
1285266394330927104
1285266225681936386
1285266205553680391
1285266080701849601
1285265966897795072
1285265943334137856
1285265784672059393
1285265716149538816
1285265700215496705
1285265683807232000
1285265683757105152
1285265653205798912
1285265495508344835
1285265277735895040
1285265115328196614
1285265115026202626
1285265053835567107
1285264968972218372
1285264908821700608
1285264523704717312
1285264469891911682
1285264407874940929
1285264334726279168
1285264329403772930
1285264290908274688
1285264210235203585
1285264134897106944
1285264130283380740
1285264067528216576
1285263970127933440
1285263939597750272
1285263903283384320
1285263876833964032
1285263842323251205
1285263813688864769
1285263786832654337
1285263759812907008
1285263715793809410
1285263682390372353
1285263665755820032
1285263626367107072
1285263591558578178
1285263562961608704
1285263537011556352
1285263521236885508
1285263486168293381
1285263450130743299
1285263358300753923
1285263338889519106
1285263299538558976
1285263262653784064
1285263260577599488
1285263203916746752
1285263144005361664
1285263129593683968
1285263094260789250
1285263074425962511
1285263047523741702
1285262890618978305
1285262844766846977
1285262824445554691
1285262708544352257
1285262701426614273
1285262678789955584
1285262671365894144
1285262544337281035
1285262527392251904
1285262519305744391
1285262383519346689
1285262365664202752
1285262152505462787
1285262109849391110
1285262007088959488
1285261972162969602
1285261956019097601
1285261879066189825
1285261716906029056
1285261688699260928
1285261659703918593
1285261565164478464
1285261538992021507
1285261516116238336
1285261467613372418
1285261450215256065
1285261427817828354
1285261426504994822
1285261325564669952
1285261247890558976
1285261226902200330
1285261208455708674
1285261203514826753
1285261121381904386
1285260978674741248
1285260825784201217
1285260796398907394
1285260681906970625
1285260458463825920
1285260428327686144
1285260423164461056
1285260401509269504
1285260310471901185
1285260296630800385
1285260237667209217
1285260199616491530
1285260034600054788
1285259979314868226
1285259969865175043
1285259841037119494
1285259792664207365
1285259707368853506
1285259559804850176
1285259504385392641
1285259473859284998
1285259462261870592
1285259423225491456
1285259421178880003
1285259420885286912
1285259371044315137
1285259364786417668
1285259337963798528
1285259301053796352
1285259277402353665
1285259217394376704
1285259208775159810
1285259179008184322
1285259177921843202
1285258968135348224
1285258967635996673
1285258848027148290
1285258789160181762
1285258758097076225
1285258556799774722
1285258549199876098
1285258543495409665
1285258505990152194
1285258473492619271
1285258417460752384
1285258410183794688
1285258341531283456
1285258267732709377
1285258194982322176
1285258188804157441
1285258172064763906
1285258170387046402
1285258166318620676
1285258125583568896
1285258109527764992
1285258048487985152
1285258030515462146
1285258003310972929
1285257995945902080
1285257980334804992
1285257926823862272
1285257915109117953
1285257868418125828
1285257861518577664
1285028197411762176
1285027789880659968
1285027750806532096
1285027329668980737
1285027169975128064
1285026781410533376
1285026743108153347
1285026417768640513
1285026372738519040
1285026225199681537
1285026118362296320
1285025869250134024
1285025637338697729
1285025372862648321
1285025129299238913
1285024653157834753
1285024583767203842
1285024089862635520
1285022057533587456
1285022016651714561
1285021765261910016
1285021486097588224
1285021454732582915
1285021345730854912
1285021136619798528
1285021029966983168
1285019940190183424
1285019688280432641
1285019260935376899
1285019078302879752
1285017994247143424
1285017038017028097
1285016991569448962
1285016776359567361
1285016599276204032
1285015604399935488
1285014757469310976
1285014752897490944
1285014627206733826
1285013961637801994
1285013270747770880
1285242525247320064
1285242458834636801
1285242360700514305
1285242297009999877
1285242256010522630
1285242192001466369
1285242172921577474
1285242163702509570
1285242112410374144
1285242051076988933
1285242020672536577
1285241927961587713
1285241808860123141
1285241758398517255
1285241757580423169
1285241568555761665
1285241551661211649
1285241504584343560
1285241436733087745
1285241354470199296
1285241340687716354
1285241327022739456
1285241284593098752
1285241280017182720
1285241206922981378
1285241052715036672
1285241043001266178
1285241039700148224
1285240922016559104
1285240919327936512
1285240858242166784
1285240830341652483
1285240731024658434
1285240706538311681
1285240702436356098
1285240680831385601
1285240520361598976
1285240412022743042
1285240371216289792
1285240365587595269
1285240312089149440
1285240236700848128
1285240150214221824
1285240047437053952
1285240046199566336
1285240017305010181
1285239942218526720
1285239917229072384
1285239865928495104
1285239816401989634
1285239737284952065
1285239692934488067
1285239678837432325
1285239663079362562
1285239596914221057
1285239568124411904
1285239540962271232
1285239536835014667
1285239475015233536
1285239461673148416
1285239414441029636
1285239405939220480
1285239378915274753
1285239367028678657
1285239347201990656
1285239324280262661
1285239321029742599
1285239298145480704
1285239291501674502
1285239291015307267
1285239264595316737
1285239224476864512
1285239218030223361
1285239211726118912
1285239210694385673
1285239184660353025
1285239153987391490
1285239152489967618
1285239148119502848
1285239129756884992
1285239109452169217
1285239087142703104
1285239067798573058
1285239016426819589
1285238995262345217
1285238903415476225
1285238899514671105
1285238791452712961
1285238763153764352
1285238760196603905
1285238745764175874
1285238739707531264
1285238711861473280
1285238680572043270
1285238622397050882
1285238596832759808
1285238508043542533
1285238504830767108
1285238375713251329
1285238343014338560
1285238322873487365
1285238286823424001
1285238171836362752
1285238141532745729
1285238136059170817
1285238110641688579
1285238093222748160
1285238077032734720
1285238035857039360
1285238032849874945
1285237992785948672
1285237961001275392
1285237921994493954
1285237849630048256
1285237847373512704
1285237822501380097
1285237804205735936
1285237785260101632
1285237734374768640
1285237672240459776
1285237602501767174
1285237552845410304
1285237543726915585
1285237469378744321
1285237112900640768
1285237112824934400
1285237074438823936
1285237069531557891
1285237047603732480
1285236935687049219
1285236917148061697
1285236900870184963
1285236881253425152
1285236880154533888
1285236850878291973
1285236800831868928
1285236751615893504
1285236719890112514
1285236677183787008
1285236653561393162
1285236583311040514
1285236577246085120
1285236498821009415
1285236485512482823
1285236485130600448
1285236459830681601
1285236429841297415
1285236382244450305
1285236328548859905
1285236230838538240
1285236210521321481
1285236166799904770
1285236098730545154
1285236024919105537
1285236021475643395
1285235959869722629
1285235937295962112
1285235922611601410
1285235852885528577
1285235817582034946
1285235805489963009
1285235792059592704
1285235636308529152
1285235583980376066
1285235516569456642
1285235493655900167
1285235404887728128
1285235398952857606
1285235395966328832
1285235377977032706
1285235338080903168
1285235323874807809
1285235246301143040
1285235243595763714
1285235240890503169
1285235150746537985
1285235059302322178
1285235045645594629
1285235034178433034
1285234891953766404
1285234837792493568
1285234701242966017
1285234650248613889
1285234637422436353
1285234634763247617
1285234625225293828
1285234563405488129
1285234527904956417
1285234522959814657
1285234468740005891
1285234311080419330
1285234302612013058
1285234211901845504
1285234176409600001
1285234082079805448
1285234071740743680
1285234055194255364
1285234029156081669
1285233764424134656
1285233728470605824
1285233700926640133
1285233599516745729
1285233499188989952
1285233423523524608
1285233270095921153
1285233233576304640
1285233143730118657
1285233132241920009
1285233078865100806
1285232952566259712
1285232945289064448
1285232908425474049
1285232884870045696
1285232860190969859
1285232818260447238
1285232734739333120
1285232706486505472
1285232593831694337
1285232555118047232
1285232521077301250
1285232504295825408
1285232502567768065
1285232205996781568
1285232200947052546
1285232154482552833
1285232121846661124
1285232061507395584
1285232021208395776
1285231976312700928
1285231927239286786
1285231919958044672
1285231882607579138
1285231866891599872
1285231864920383494
1285231862399598595
1285231847400787969
1285231741700112390
1285231624121192448
1285231616437243906
1285231541883412482
1285231507251113989
1285231437705338881
1285231371607302146
1285231355102736384
1285231286098055173
1285231283497467904
1285231196730011656
1285231117403136001
1285230961882394625
1285230944719441920
1285230844504834049
1285230838410555395
1285230784857681921
1285230781413986305
1285230770177691648
1285230657786884096
1285230608873132032
1285230576673239040
1285230552098930691
1285230515558256640
1285230495416987648
1285230492124667906
1285230412457840641
1285230340831928320
1285230277443424260
1285230217141932032
1285230124040953861
1285229942515654656
1285229863897460736
1285229859007078401
1285229797136904193
1285229790056726528
1285229671982956545
1285229648822099968
1285229618874769408
1285229586704265217
1285229562696171525
1285229524620316672
1285229479837806593
1285229445570338816
1285229312099180544
1285229277911429123
1285229261440393218
1285229221988708352
1285229202355245056
1285229064782073857
1285229050890530817
1285229043122688002
1285229026618023936
1285229008695767040
1285228991574499328
1285228990719037440
1285228937954697222
1285228908225462274
1285228832048451585
1285228806064742408
1285228752314798082
1285228743536115713
1285228731850686464
1285228699558739970
1285228679946285057
1285228645854990338
1285228542440153088
1285228530750623746
1285228515315666947
1285228459447418880
1285228375959908352
1285228371685842947
1285228345886756864
1285228332754382848
1285228300265291776
1285228295362097152
1285228280396886017
1285228247316262912
1285228214969917441
1285228091783012352
1285228077300285440
1285228059566788609
1285228039475990529
1285228000175427585
1285227994521509892
1285227983171616768
1285227980181168134
1285227969854664705
1285227969741455360
1285227968214835201
1285227934295511041
1285227931837530117
1285227866012160003
1285227833044893698
1285227729000882177
1285227631911350272
1285227593646702592
1285227577368608771
1285227562432692227
1285227547769405442
1285227538982203394
1285227487920824323
1285227483231649792
1285227443473780737
1285059166948585473
1285059011302305792
1285058511747969025
1285056839076511745
1285056771351105539
1285056696809742337
1285055541883080801
1285055458143727616
1285054732181164032
1285054669199486977
1285053059106775040
1285052369819049984
1285052329364881408
1285052088163213312
1285052026410459136
1285051162517962754
1285051149318524928
1285050636195835911
1285050338001772544
1285049530032050176
1285049280550572034
1285049236858363904
1285049085117038593
1285048838353326080
1285047416597762053
1285046774550466560
1285045184019873792
1285045135315570688
1285257682144854022
1285257664646328326
1285257648896716802
1285257546190725121
1285257530160152579
1285257415479439360
1285257391748022274
1285257325821988865
1285257252836974592
1285257200227753986
1285257189062594560
1285257107990863872
1285256995432538112
1285256923550371842
1285256916730445824
1285256907066871811
1285256801814900737
1285256790133874688
1285256763764350976
1285256611313840129
1285256548323926016
1285256504694779907
1285256482775347201
1285256424952668160
1285256301375823873
1285256127312207874
1285256064162643970
1285256058781478912
1285256051797917696
1285256034563567618
1285255899863568387
1285255897288146947
1285255666584768514
1285255599752720386
1285255578781196289
1285255486531678209
1285255437491867656
1285255349545639936
1285255267215724552
1285255246797697024
1285255236332990464
1285255150186237952
1285255147262816256
1285255145576636417
1285255141894033408
1285255088307666945
1285254886595211264
1285254866529595393
1285254863258091520
1285254834183118854
1285254826427854848
1285254815099084801
1285254812347629569
1285254749982425090
1285254739295383553
1285254664129306624
1285254597179781121
1285254588757508096
1285254463717027841
1285254439406796800
1285254432079437825
1285254397891510272
1285254391449022466
1285254368007159809
1285254291259785217
1285254282686664706
1285254224306040832
1285254213287718916
1285254109407264784
1285254049131110400
1285254022316818436
1285253873830174721
1285253824257679360
1285253728308801537
1285253665230655491
1285253567918612482
1285253538222833671
1285253463161487360
1285253460573786113
1285253400494366720
1285253274417991680
1285253259477889026
1285253149587120128
1285253144889503746
1285253132579201024
1285252977045929987
1285252976936980480
1285252933949558791
1285252810175651842
1285252793868201995
1285252748519387136
1285252705456238592
1285252631364075525
1285252587881738241
1285252487629492224
1285252486945800192
1285252482126327809
1285252392573972481
1285252359313133568
1285252283291381760
1285252255915155461
1285252173450883073
1285252148733849600
1285252095038218240
1285252093306195968
1285252011953463296
1285252006207082496
1285251970622795777
1285251933343813632
1285251918588186635
1285251771070402560
1285251744293949441
1285251744159727617
1285251743056490496
1285251668133793797
1285251659610849280
1285251586017681408
1285251518749265925
1285251466714738688
1285251386154917888
1285251372842192896
1285251260644503553
1285251188527714304
1285251075017236480
1285251037373374464
1285250990372003841
1285250911015665667
1285250845970444288
1285250821219848197
1285250792384069632
1285250770171039745
1285250760616353793
1285250645893746691
1285250566466174976
1285250547931635714
1285250507720871937
1285250499902681090
1285250491459481602
1285250459041624064
1285250387616948225
1285250334072471553
1285250295539392512
1285250286613860353
1285250269081739264
1285250267278188545
1285250241097277442
1285250170096058368
1285250116463493121
1285250112458035202
1285250035614019584
1285250025694605315
1285249986704228355
1285249890587758594
1285249878063546368
1285249871906140160
1285249871637692425
1285249813890703362
1285249806588420097
1285249788271824897
1285249756521005059
1285249750913122305
1285249744290353152
1285249679614193665
1285249644637847555
1285249492867047426
1285249324855644160
1285249233730318339
1285249215216615425
1285249159948369921
1285249145176043521
1285249061172502539
1285249011482591232
1285248939562868736
1285248880490283010
1285248781588606976
1285248777113276419
1285248761418199042
1285248727096197121
1285248721882669056
1285248698226794503
1285248687250329601
1285248651691020289
1285248579280355345
1285248563048480770
1285248556190834688
1285248552793407488
1285248527711580160
1285248491095240704
1285248464889286663
1285248405267197952
1285248369217208320
1285248348660932609
1285248286392287232
1285248274442719233
1285248257120251908
1285248227063877634
1285248167630561283
1285248094519668739
1285248081013936133
1285248019580030976
1285248008603537409
1285247801274720256
1285247800066871300
1285247792617852928
1285247691820236807
1285247574937673728
1285247546139521024
1285247508143366144
1285247399359737856
1285247360856096768
1285247340761296898
1285247290177998855
1285247256262701056
1285247248738263040
1285247199253848065
1285247116542173185
1285247040931401728
1285247018370203656
1285247004801630210
1285246994789867521
1285246991975493632
1285246984815869953
1285246942218346496
1285246927735607296
1285246871678537728
1285246869703143424
1285246851088818176
1285246840754122754
1285246711317663745
1285246602815258631
1285246591406936065
1285246538923552770
1285246529146675200
1285246511748730881
1285246419767631875
1285246397244219396
1285246387337203712
1285246303455322113
1285246291656704005
1285246110517215232
1285246097544232962
1285246044620685312
1285246008025391104
1285245932968132608
1285245881688571911
1285245855646138373
1285245835429785602
1285245705028853763
1285245693737742338
1285245589895118850
1285245588804718592
1285245553706774528
1285245529497038848
1285245509809188866
1285245486639636480
1285245291768283138
1285245239503069186
1285244966512410630
1285244953367461902
1285244943615709184
1285244888481579017
1285244880265019392
1285244809054216200
1285244806357188608
1285244635334483969
1285244555101691904
1285244531223429120
1285244479880990720
1285244391263617040
1285244335500472321
1285244266722336769
1285244063063650304
1285244023175872513
1285244020785139715
1285243945476390912
1285243790874357764
1285243722490351617
1285243711731798016
1285243674188800001
1285243622716248064
1285243611009839104
1285243520098467841
1285243510476742657
1285243469045301250
1285243456877744128
1285243440020807682
1285243411554078720
1285243273670426628
1285243244029280256
1285243201067114497
1285243198688899074
1285243156867538944
1285243155525271552
1285243137108127746
1285243136768462849
1285243095995613185
1285243094905036800
1285243091113381890
1285243067239247872
1285243012281511936
1285243011086024704
1285242978131480576
1285242970770464768
1285242949081726979
1285242939816513536
1285242931159404544
1285242904106217472
1285242886418845696
1285242873923813377
1285242872418177025
1285242835722215425
1285242800745975810
1285242798233575424
1285242795461087232
1285242775848574976
1285242732928290818
1285242711663153161
1285242648312328192
1285242643098800129
1285242610555158528
1285043881575419906
1285043696979841024
1285043119709392896
1285043026490912768
1285043006970703873
1285041739607220224
1285041127998066689
1285040252349042688
1285038234586673152
1285037943476719616
1285036904325447681
1285034824990941186
1285033814604087297
1285033170224795653
1285033134044721153
1285031809257017345
1285031673197993985
1285031515659935744
1285031089891946498
1285030223457681413
1285030003126743043
1285029086012870656
1285029037459427328
1285028836795658240
1285333464053690376
1285333455107231754
1285333261418287104
1285333260629938181
1285333199195975680
1285333123970953216
1285333056744755200
1285333012880805888
1285332978688819203
1285332914901864448
1285332910166487046
1285332907909763073
1285332869418815488
1285332855908962305
1285332794881671168
1285332715177476096
1285332709150281730
1285332646055178240
1285332584176553984
1285332543697416193
1285332384993304577
1285332380199182336
1285332189471637504
1285332151647559696
1285332031879217152
1285331947166797826
1285331853180903430
1285331830443577345
1285331790840856576
1285331547319566337
1285331492047126530
1285331465782415362
1285331332147576834
1285331327034654720
1285331285179871232
1285331212362330112
1285331162404192258
1285331146360844288
1285331126878339072
1285331123619483648
1285331096083849216
1285331091834826753
1285330976114200581
1285330929033117697
1285330876415586313
1285330818659946496
1285330568775860226
1285330432242921472
1285330400034697216
1285330280413192192
1285330256472113152
1285330179523579904
1285330167280304128
1285330111701626894
1285330072862425088
1285330061206290432
1285330019468939265
1285329926590050305
1285329866762727424
1285329833543774208
1285329479594905600
1285329195808313346
1285329140594495491
1285329028614770688
1285328995358322688
1285328783164297224
1285328625965858816
1285328605329993730
1285328477370093568
1285328457849868289
1285328450736226304
1285328167641722882
1285328129557504003
1285327978369560578
1285327961625853955
1285327930063634432
1285327841148665856
1285327804180168712
1285327800203796480
1285327761809145857
1285327759472918528
1285327373576163331
1285327268257116160
1285327019882864640
1285327011582541830
1285326956339355649
1285326945039728640
1285326935246110721
1285326890400731136
1285326657184727040
1285326614159659014
1285326511789051904
1285326475521138698
1285326468814270464
1285326384857067524
1285326205839958016
1285326115050061825
1285326045185548289
1285326004374900738
1285325973173436426
1285325914398744576
1285325501540847617
1285325420091658242
1285325358338842626
1285325334741745669
1285325268891181057
1285325221986291712
1285325063294615552
1285324880976777222
1285324753608245249
1285324742421917697
1285324728576536576
1285324717197602823
1285324631365357573
1285324436250472454
1285324399143464963
1285324348753158144
1285324240414216207
1285323891481759744
1285323793586630657
1285323768844488704
1285323603630841864
1285323596445954049
1285323509502181382
1285323474525982720
1285323396679716864
1285323394389610496
1285323289548685313
1285323283475333120
1285323077660762112
1285323003195269121
1285322710365675520
1285322571500662785
1285322555520360449
1285322555000328197
1285322547475746817
1285322513594097666
1285322470312906752
1285322344580382726
1285322284706799625
1285322277391933441
1285322167320797185
1285322119648145409
1285322113621073920
1285322065558605826
1285322032142524418
1285321652470001664
1285321645259927561
1285321553031450626
1285321474832838656
1285321359850184706
1285321305164840962
1285321223556169729
1285321162222899200
1285321142023204865
1285321006781997062
1285320997554597888
1285320951383588864
1285320878385885184
1285320808924053504
1285320789689085958
1285320775457812480
1285320524168671232
1285320403930488833
1285320378177527808
1285320374511689733
1285320367154835457
1285320300477939712
1285320296107565057
1285320270161612803
1285320263203270658
1285320133645402114
1285320124090679297
1285319984097492992
1285319963931299846
1285319892145598465
1285319808263884801
1285319733739495425
1285319695197810688
1285319588796788736
1285319528445083649
1285319372114849792
1285319361604001792
1285319328103948289
1285319204036460544
1285319185283682304
1285319147421708288
1285319067419545600
1285319036897648640
1285318996326137856
1285318944220299266
1285318897839878146
1285318897529270274
1285318868806914049
1285318801672765441
1285318753618518016
1285318725256843266
1285318720185937921
1285318717706928128
1285318686752923648
1285318632663216128
1285318619023527942
1285318613772247042
1285318609779097600
1285318593878491137
1285318578951127043
1285318578120601602
1285318563595603968
1285318537767051264
1285318535175114754
1285318436092968960
1285318409828233216
1285318407441780737
1285318397400621061
1285181959627513856
1285181866245586944
1285181819885772800
1285181818183004161
1285181723563618304
1285181714978017281
1285181684401549313
1285181597793300482
1285181595436163074
1285181535004643329
1285181498149138433
1285181492671455233
1285181477664313344
1285181436908240898
1285181357111619584
1285181319488720896
1285181302354907136
1285181239910174720
1285181172381741056
1285181157999427584
1285181129566420993
1285181022196441088
1285181019986042880
1285180975912280064
1285180911638675456
1285180711335596033
1285180709196496898
1285180707397148674
1285180481349144581
1285180457072590849
1285180440404463617
1285180432326234114
1285180431680319488
1285180275224391680
1285180191308947456
1285180098983927808
1285179928695263233
1285179925561999360
1285179894058455040
1285179777888989184
1285179771131961344
1285179718455754758
1285179654668607489
1285179614378295299
1285179559890096129
1285179430097301505
1285179420815372289
1285179406684692481
1285179282856177664
1285179133031571456
1285179114383724545
1285179070989234176
1285179000139075585
1285178841036726276
1285178827640119297
1285178797919096833
1285178794869915648
1285178786862952448
1285178783150923776
1285178597808930816
1285178540162514945
1285178329230868480
1285178198226083840
1285178192643256320
1285178160837951489
1285178091984347139
1285178084455374848
1285178065232986112
1285177942293663744
1285177932055564288
1285177929689731072
1285177820407308289
1285177805274148864
1285177788492853248
1285177767085170689
1285177705449783298
1285177656867196929
1285177647342006272
1285177635652481024
1285177634771447808
1285177587099205632
1285177429393313792
1285177423932174336
1285177364104634370
1285177310484856833
1285177270538313730
1285177259314130944
1285177246542594049
1285177188053069824
1285177169312911360
1285176879536840709
1285176818513989635
1285176734216855552
1285176615404802048
1285176567686139907
1285176541144510464
1285176517828452352
1285176515471302656
1285176399142064128
1285176298860675072
1285176273833201664
1285176241155264514
1285176228488663041
1285176196796473347
1285176012687327233
1285176007725649920
1285176002193297408
1285175895276367872
1285175824661000192
1285175822760865792
1285175797876236292
1285175705014276096
1285175620142604289
1285175597879242754
1285175486499352576
1285175422330851330
1285175257494695939
1285175177349861377
1285175142209990656
1285175121959964672
1285175119413825537
1285175119397019648
1285175119225270273
1285175118797221888
1285175118688169984
1285175118113566722
1285175069916962819
1285175063482957831
1285175013667147776
1285174784897277952
1285174585080545283
1285174566948569089
1285174525324296192
1285174417748897792
1285174381946253319
1285174378427084803
1285174369971568640
1285174335016247296
1285174169030791169
1285174110725832704
1285174047307976705
1285173932576903169
1285173889711169537
1285173886460493831
1285173870702534657
1285173852251795457
1285173709649707008
1285173643555876865
1285173538173759488
1285173534566887424
1285173486525337601
1285173486344970241
1285173416341975041
1285173356761841665
1285173355839135745
1285173338776764416
1285173040339456000
1285172893068992514
1285172700357500928
1285172682535952385
1285172601812180996
1285172487714508800
1285172487165075456
1285172333968228353
1285172304763379713
1285172269308874759
1285172246668075008
1285172197984698369
1285172196973969408
1285172100530135041
1285172007542431745
1285171925950529537
1285171893172142080
1285171870250217472
1285171869679747077
1285171865900797953
1285171666511958016
1285171542482190337
1285171482683863040
1285171474974769153
1285171343521193984
1285171343319863296
1285171332234313729
1285171134548324352
1285171131083677696
1285170984715075584
1285170923310587904
1285170831715454976
1285170712672702465
1285170685216722946
1285170638647439360
1285170633496649729
1285170615654195202
1285170597480325125
1285170530258124803
1285170418761031681
1285170377484886017
1285170202175389702
1285170163671760897
1285170157334265856
1285170125323280384
1285170106579005445
1285170104150511621
1285170073951440896
1285169940031578112
1285169909299912704
1285169880140926976
1285169876466692096
1285169853968637957
1285169733474680832
1285169714256318464
1285169599986663427
1285169597281218561
1285169587072446466
1285169551064338432
1285169519682519040
1285169477575999488
1285169376652660736
1285169317017985024
1285169298001080322
1285169240656375808
1285169165301624833
1285169071550615553
1285168973093507073
1285168909201682432
1285168871624892417
1285168776435003392
1285168677353140226
1285168305687470080
1285168086954446849
1285168042364866560
1285167865449127942
1285167780078268416
1285167765213655046
1285167752315953155
1285167735203262464
1285167708372262912
1285167691431579648
1285167587559530496
1285167571201699842
1285167497751207936
1285167455132942336
1285167423281344512
1285167382474960896
1285167350753484800
1285167255630815232
1285167249192415232
1285167176127852544
1285167042308513792
1285167040635035649
1285167037711515649
1285167028924489728
1285166985270243328
1285166984993419267
1285166981470212102
1285166956128149506
1285166928324157445
1285166894195122177
1285166792881713153
1285166765735948290
1285166714435653632
1285166636429905921
1285166580255596547
1285166508721819649
1285166481228156928
1285166473439260672
1285166469031100416
1285166452593418240
1285166421492879363
1285166391092482049
1285166353960189952
1285166345341079552
1285166328735817729
1285166257382227977
1285166235345453058
1285166167594868737
1285166111332405255
1285165995741642752
1285165956881424385
1285165860877934601
1285165788102451200
1285165762861314048
1285165687992983552
1285165606241697793
1285165552818765830
1285165515502227456
1285165464117747712
1285165449492213761
1285165426113155073
1285165400662183938
1285165373931900929
1285165342529118209
1285165320731328513
1285165267056820225
1285165262409539584
1285165198685372416
1285165188740608001
1285165175390244864
1285165108201742337
1285165062550884353
1285165051838705665
1285165051024998401
1285165021715202049
1285164984293564416
1285164965243097092
1285164949493493760
1285164941234835457
1285164861333409792
1285164822993293317
1285164809059594242
1285164783717818369
1285164606508412929
1285164604352602113
1285164566058590209
1285164502946910208
1285164496177319937
1285164459149991936
1285164446504058881
1285164378946514944
1285164357878341634
1285164318049349637
1285164256795787264
1285164239112622081
1285164225090985984
1285164204715057152
1285164107453345794
1285164076134313991
1285164073261375489
1285164063681654785
1285164025450573824
1285163825709363200
1285163650664275970
1285163633153015808
1285163499828785153
1285163442643623941
1285163371877130240
1285163319565996038
1285163177794314240
1285163169808289792
1285163087893413889
1285163060391362561
1285163052514652165
1285162930196172801
1285162845672476672
1285162715082719233
1285162701677834242
1285162623533809664
1285162618257321985
1285162607939334146
1285162603443085312
1285162595104591872
1285162593422921729
1285162570429669377
1285162558173908992
1285162535214358528
1285162505816477696
1285162270386008064
1285162028810801153
1285161927791071234
1285161923672039424
1285161917229568000
1285161860082343937
1285161785574723584
1285161728284729347
1285161668654309376
1285161620583452674
1285161549271883780
1285161531706150912
1285161531190190080
1285161503985999873
1285161451896877058
1285161439028817922
1285161409089806336
1285161370770649090
1285161342605893632
1285161337753161729
1285161334141849601
1285161294681833472
1285161256601767938
1285161226759217152
1285161223051522049
1285161197185183745
1285161161793536000
1285161145117138946
1285161093585936390
1285161057594380290
1285161050657050624
1285160990833811462
1285160895472119809
1285160806410158081
1285160218800857088
1285160141080469506
1285160091050811396
1285160017507889153
1285159970120630275
1285159937421840385
1285159849702109185
1285159848108331020
1285159756345352193
1285159741543653377
1285159720970592257
1285159670391373824
1285159523297222657
1285159388207091714
1285159364945481728
1285159267864121344
1285159092730896384
1285158890842271744
1285158856058970114
1285158843824078848
1285158829815222272
1285158768016334848
1285158730204618755
1285158594883850243
1285158571026546689
1285158512054738944
1285158157090795521
1285158020213878791
1285157931353280513
1285157927259701248
1285157881562591233
1285157813157859330
1285157733063368704
1285157716810317824
1285157641358995456
1285157641153470465
1285157581242105859
1285157512291979264
1285157495665811456
1285157451562704896
1285157446386954245
1285157414464102400
1285157339516080131
1285157329357475840
1285157267378077696
1285157225078697984
1285157213485453313
1285157209266171904
1285157190492356610
1285157096267415552
1285157090655457281
1285157068643504130
1285157043901534208
1285156925500514304
1285156811092496395
1285156810136211458
1285156797196763136
1285156794512310274
1285156690443350016
1285156672852209664
1285156645597659136
1285156623841886210
1285156596633542656
1285156497773797377
1285156494363766784
1285156488571498496
1285156463401332736
1285156449681838081
1285156428857180160
1285156357151358977
1285156338360778752
1285156144584052737
1285156134895210496
1285156110618501120
1285156100942311425
1285156067035553794
1285156047846404097
1285155860579262464
1285155844355743744
1285155674897424391
1285155637588946944
1285155608660971520
1285155575551135745
1285155515471929350
1285155435239145472
1285155360068657154
1285155332260605952
1285155178589696000
1285155150995296258
1285154856865497088
1285154852704747520
1285154820710637568
1285154578414133251
1285154534344609796
1285154458675154944
1285154434788581376
1285154416304193536
1285154295382507523
1285154267356180481
1285154214394474496
1285154094043344901
1285153967492812800
1285153825037389827
1285153804762128384
1285153734721449984
1285153710713311234
1285153705931812864
1285153616886738947
1285153591225995264
1285153510686892033
1285153491204231169
1285153376771158017
1285153359670980608
1285153357909327872
1285153181530574848
1285153095001890817
1285152972830396416
1285152942958444544
1285152883164565505
1285152860854865921
1285152852294369280
1285152841527709702
1285152794723463170
1285152754386833409
1285152736854585344
1285152581841571842
1285152557346762753
1285152527894421505
1285152526321496065
1285152506843209730
1285152470839300097
1285152258846601216
1285152219147493376
1285152164059414528
1285152157872914432
1285152121671897088
1285152008840847361
1285151973130592256
1285151951756419073
1285105515845099525
1285105159115345921
1285104808756568064
1285104604309528578
1285103715133857793
1285102880043626497
1285102765400891394
1285101915035127808
1285101873217798144
1285101846286290944
1285101825973268480
1285101707077332992
1285101537916837889
1285101465615437831
1285100020476379136
1285099756205686789
1285099620708741121
1285098268691578880
1285097994740793348
1285097496897822720
1285096482530627590
1285096448917299207
1285096431783751680
1285096430605144065
1285096358182100992
1285096154435215360
1285095692692795395
1285095512211890177
1285095073772969986
1285095026385653760
1285094605315350529
1285094096303017984
1285093865372790784
1285093293366276097
1285093079104585730
1285092373467406336
1285091997896843264
1285091933103157249
1285090946812706817
1285120970076958722
1285120937952710656
1285120751742398464
1285120523660386305
1285120409789239296
1285120344156758018
1285119955328000002
1285119936147398656
1285119786637307905
1285119671201562624
1285119652612513793
1285119651031244801
1285119091032956929
1285119072422768640
1285118751160045570
1285118717672796160
1285118689533190144
1285118591134601216
1285118586466578432
1285118088107745282
1285117855495868416
1285117677028216839
1285117596937924608
1285117272588197895
1285117197753425923
1285117156804321285
1285117141205651456
1285116853635870721
1285116794018189313
1285116699214139392
1285116262834745344
1285116147713572864
1285116063529594880
1285115984903315457
1285115094700105729
1285115023992541186
1285114984758939648
1285114976160620544
1285114795625115648
1285114738310107136
1285114539491627008
1285114267398746112
1285113660143210496
1285113439308873731
1285113346379911168
1285113264808980480
1285113115550638081
1285112927637381121
1285112656832208896
1285112587047309313
1285112299867570176
1285112262089486336
1285112220091703296
1285112091431624704
1285111110417305600
1285111003407978496
1285110806909194241
1285110761556238337
1285110638973517826
1285110248353624064
1285110147921195009
1285109908078317569
1285109856236642304
1285109843603460097
1285109335509655552
1285108439883161602
1285108410501836800
1285108069182013440
1285107858518966273
1285107544923439104
1285107389990080515
1285107353071869952
1285106681756753920
1285106593651097600
1285106339828715520
1285363712765775872
1285363700480737280
1285363533031649280
1285363499619643392
1285363494888472577
1285363038938435584
1285362830166953989
1285362773636120586
1285362768225415169
1285362556752867329
1285362543528218624
1285362468051660806
1285362422220562445
1285362419389407235
1285362416126251008
1285362080485462016
1285361957621694465
1285361947031068677
1285361438790426624
1285361430607224832
1285361366044487682
1285361224629121024
1285361182073749504
1285361111672541184
1285360925524889601
1285360845267099655
1285360648927535104
1285360475862003712
1285360235062923265
1285360229862051849
1285360032662593537
1285359670627045384
1285359058006966272
1285358973286260736
1285358899474964483
1285358751097196545
1285358629902786563
1285358405599756290
1285358292563300353
1285358250691424256
1285358193732812801
1285357951910326272
1285357815255764993
1285357717821980674
1285357712566448129
1285357451970179074
1285357444189880320
1285357244448755714
1285356882094436353
1285356854219100161
1285356835399241728
1285356799286226944
1285356601667465216
1285356523074527233
1285356497787146246
1285356328458887168
1285356312100868096
1285356233759891457
1285356220572983298
1285356108824088576
1285356004176273412
1285356002032775168
1285355709085827072
1285355582757773312
1285355562004361218
1285355438842707968
1285355374493794304
1285355360677756929
1285355168175882244
1285355151646056448
1285355142385041408
1285355044561465351
1285355000449900549
1285354947333238784
1285354920250679301
1285354864315371520
1285354829943119872
1285354773164654592
1285354770383933443
1285354768492363777
1285354716118032385
1285354420750946306
1285354227091435520
1285354177934364672
1285353875193475072
1285353795468189696
1285353782524567552
1285353546913914881
1285353318454300674
1285353153332940805
1285353151139328003
1285353030259376129
1285352841725587457
1285352827468967938
1285352768530677767
1285352718844989446
1285352586183417857
1285352552716877824
1285352550926098432
1285352548505968642
1285352480314994690
1285352474576994304
1285352369350467584
1285351980190306305
1285351966139453445
1285351838053801984
1285351820668231681
1285351799843676161
1285351605794209792
1285351538077118466
1285351486390710274
1285351408645136386
1285351334477209601
1285351304689143809
1285351136615112705
1285351115991789570
1285351064347303936
1285351039370235904
1285350967165280256
1285350927277461505
1285350829998985216
1285350776525791234
1285350737367781376
1285350718849703936
1285350559734784001
1285350407682826247
1285350389773070336
1285350174412480515
1285350164182392832
1285350090497044483
1285350045613727745
1285349950868652035
1285349852591816717
1285349826306224128
1285349717015134211
1285349668298395649
1285349654641602561
1285349569447034881
1285349453059301377
1285349426916098048
1285349304169881603
1285349267729780737
1285349241288888322
1285349141099446272
1285349119926640642
1285349056781393929
1285348829898903553
1285348766338314240
1285348653905764353
1285348644754010114
1285013057555451904
1285012904509493248
1285012336194068484
1285011611703484417
1285011540312195072
1285011231779237889
1285010349326888960
1285009892902948865
1285009811856166912
1285009712195399680
1285009514127908866
1285008284332822531
1285008109577154561
1285007822602866688
1285007287891959808
1285006891966517248
1285006449417084935
1285005435230130177
1285005296830763008
1285005187158081538
1285005080551231488
1285004394480771073
1285004392660443138
1285003713279664128
1285003187221458944
1285002981503533056
1285002803149180928
1285002707884027904
1285002553110003713
1285001736130895877
1285001600545808389
1285212237561581569
1285212185191489537
1285212058020175873
1285212053679099904
1285211950620827650
1285211920170012674
1285211789475504128
1285211743690592256
1285211734723231746
1285211693132525568
1285211686815830017
1285211680151134210
1285211648639238144
1285211627021795331
1285211528850022401
1285211422964822021
1285211404195311617
1285211246577549312
1285211233474482181
1285211193251168257
1285211185537863680
1285211155154100224
1285210993488879619
1285210989760135169
1285210967668936704
1285210951160147970
1285210931899895809
1285210785120215040
1285210759534911489
1285210736122310658
1285210722625114112
1285210696746250244
1285210681818652674
1285210675837644805
1285210675363676160
1285210574570184704
1285210484011151367
1285210401555320835
1285210397075808256
1285210292092272640
1285210247997591553
1285210173041188864
1285210088865771520
1285210077348212739
1285210076719063045
1285209999006892032
1285209987606876165
1285209947740024840
1285209926961377281
1285209911262154753
1285209853372375040
1285209847001239554
1285209804106076160
1285209750351667200
1285209702121574400
1285209697008615434
1285209667170443265
1285209660753162241
1285209646849024003
1285209609062551556
1285209489033932801
1285209373833400325
1285209362894594049
1285209347069546501
1285209337833623553
1285209226084843525
1285209108312989696
1285209097177096193
1285209092206858240
1285208787775819776
1285208703407464449
1285208683115315202
1285208661212700672
1285208628144869376
1285208582871547908
1285208528584663052
1285208489615167489
1285208476432596992
1285208290977144833
1285208263370342401
1285208201470910472
1285208190028832768
1285208123482034176
1285208102464188418
1285208057576861696
1285208055777562626
1285207982385491974
1285207961707646978
1285207948181016576
1285207874973495297
1285207868770340866
1285207834033037312
1285207649102036993
1285207620307914759
1285207562963607558
1285207497062711296
1285207497037549573
1285207393333174272
1285207365755842562
1285207316686659585
1285207306670690306
1285207246142681089
1285207141230542848
1285207135379427329
1285207106388471809
1285207016865181696
1285206996610961408
1285206842667339777
1285206833800581121
1285206827131535360
1285206661422972929
1285206638132174855
1285206600446345217
1285206584155570177
1285206501053755392
1285206390462611458
1285206161478815744
1285206107632414721
1285206035867688961
1285206028070641664
1285206015135436801
1285206012329226240
1285206008718073856
1285205965202165760
1285205898428907521
1285205882800951297
1285205858209746947
1285205838702010369
1285205828081942528
1285205758620119042
1285205721110454272
1285205698926776320
1285205686188728321
1285205650667196416
1285205650507784192
1285205593440030722
1285205584720154625
1285205494391549954
1285205459394338817
1285205327655383041
1285205292133875714
1285205256650002432
1285205253261066242
1285205103662833664
1285205080690458626
1285205079465709569
1285204875622649857
1285204861483659264
1285204825089728512
1285204821767749633
1285204820593385472
1285204603617902594
1285204383161032704
1285204368707457026
1285204331151622146
1285204324184813573
1285204261203140609
1285204253531930629
1285204207709024257
1285204198188081159
1285204066734419968
1285203985662709762
1285203969594347522
1285203872802365440
1285203836139905030
1285203781865660416
1285203661988286464
1285203646007971842
1285203511475568645
1285203502332096516
1285203321423228928
1285203303907786754
1285203241249144832
1285203197603135489
1285203194205753344
1285203194092478464
1285203192649625600
1285203070821908480
1285202963322019841
1285202850801385477
1285202559854993409
1285202429668200450
1285202263733088256
1285202173379227648
1285202109500133379
1285202098175582210
1285201990130302976
1285201982416982017
1285201978235265026
1285201926255022085
1285201868948246528
1285201823603871745
1285201785163001857
1285201768301944832
1285201579768008707
1285201525166546950
1285201377845825537
1285201363295629312
1285201330529853440
1285201328206221313
1285201318416719872
1285201244513083392
1285201237084909569
1285201207989096449
1285201186338099200
1285201167526633473
1285201138086588417
1285201101311094786
1285201004053491712
1285200931957673984
1285200914299719680
1285200823694307331
1285200783387037697
1285200768711233536
1285200679942918145
1285200548359102464
1285200495104204805
1285200436874469376
1285200366213246976
1285200316615593984
1285200294003892225
1285200265264500737
1285200200609431552
1285200071496171521
1285199988629426176
1285199921021284352
1285199915946176512
1285199915065372674
1285199874082906112
1285199732395192322
1285199689265053698
1285199682570866690
1285199656046276608
1285199653017915392
1285199415507116033
1285199314025943041
1285199260447698952
1285199158668926976
1285199087051186176
1285199019069718530
1285199016276291584
1285198863209562113
1285198857337360387
1285198819802611713
1285198762277732353
1285198726819196928
1285198723056885767
1285198692245557253
1285198689674366977
1285198686507737090
1285198679553593344
1285198622217211904
1285198594065211392
1285198560737275904
1285198457205030913
1285198446350213120
1285198377072787456
1285198343073787904
1285198283409891330
1285198271883902977
1285198264703254534
1285198188140527619
1285198123212644353
1285198069957632006
1285198062005215232
1285198053968936960
1285198021848948736
1285197980962902017
1285197939665711105
1285197937782423552
1285197917322653696
1285197872091275264
1285197845067423746
1285197781154422785
1285197778839203840
1285197774380662784
1285197756580208640
1285197720819503105
1285197670102040576
1285197645842206720
1285197613634068485
1285197598660362241
1285197567958167553
1285197520189169665
1285197423179173888
1285197278097989632
1285197275619307520
1285197274558033921
1285197257843920897
1285197234674466816
1285197216286736384
1285197149756706817
1285348592132198400
1285348589791830017
1285348558326112256
1285348510741655552
1285348452692631552
1285348389811617792
1285348206524669956
1285348102891802624
1285348018032504832
1285347969600978945
1285347961380245509
1285347781708832776
1285347656236060672
1285347573868433408
1285347568822546433
1285347422827352066
1285347289557606401
1285347186373357571
1285347164470890496
1285347101564719106
1285347101149257728
1285346704078798854
1285346700413083649
1285346595400224768
1285346575837954053
1285346533404061696
1285346497345679360
1285346245821689856
1285346221553483777
1285346207188111361
1285346178264006657
1285346016343076864
1285345990078337026
1285345963029065728
1285345918158610437
1285345754572369925
1285345652424073216
1285345632496959489
1285345498212294656
1285345197975580677
1285344667312234506
1285344442849931265
1285344416002043904
1285344272426979330
1285344243939028992
1285344202646151169
1285343987650494466
1285343948916043779
1285343906595471364
1285343894775963654
1285343835451731970
1285343785749291009
1285343755684454402
1285343738181672960
1285343461038870529
1285343428289556485
1285343329454972928
1285343278515269635
1285343247972392960
1285343163784196096
1285343019407941635
1285342997530447877
1285342966760996865
1285342793078992898
1285342782131929088
1285342780504584193
1285342719083241473
1285342662317531136
1285342654809563137
1285342641303859200
1285342547246583809
1285342543316647936
1285342383840919557
1285342306661523460
1285342256082247680
1285342207055036416
1285342169398513664
1285341983364415488
1285341878565601280
1285341781970821123
1285341746738745344
1285341739990097921
1285341520506355715
1285341350527774720
1285341255321493504
1285341213420400642
1285341213353279489
1285341109770547202
1285341002618728448
1285340988643274752
1285340887698903040
1285340843893641216
1285340792345640960
1285340761890979846
1285340745331662848
1285340745277288448
1285340696765886465
1285340695654395904
1285340629770223616
1285340612758089733
1285340502380949505
1285340398479568896
1285340370167947265
1285340287192174598
1285340242560446467
1285340232414646272
1285340188508663810
1285340175565021184
1285340143503777799
1285339984342536192
1285339983621087238
1285339966416060424
1285339884115365889
1285339854381953025
1285339783544348673
1285339739747475456
1285339719958704129
1285339582553370624
1285339489943138304
1285339280617988100
1285339223403438081
1285339222241509376
1285339043492855809
1285338870238851075
1285338844360060929
1285338819487768576
1285338795911581697
1285338773623119872
1285338696124858376
1285338618987511814
1285338584275288064
1285338534241374208
1285338484736172036
1285338341089714176
1285338273699831811
1285338259384672259
1285338213742239745
1285338118418313218
1285337985073008646
1285337962167726081
1285337951531003905
1285337709016281089
1285337689403715584
1285337614795464704
1285337548806434816
1285337438676815872
1285337424034271233
1285337361845551106
1285337342484590597
1285337329394212866
1285337328907546624
1285337303976759296
1285337113706352644
1285337109944049664
1285336966620483585
1285336932655005704
1285336887662706688
1285336401614196737
1285336323558080513
1285335955369533442
1285335793431646208
1285335776688058369
1285335664779767809
1285335635037810689
1285335526753656834
1285335391051145226
1285335293575352322
1285335249086558210
1285335189472911363
1285335186666905600
1285335140072382464
1285335107289710592
1285334889441529857
1285334884207284227
1285334812237209601
1285334591268696065
1285334469084405760
1285334459081003008
1285334454379130880
1285334434653364224
1285334207452065792
1285334203740098560
1285334116393725961
1285334047577853952
1285334026241228800
1285334002182873091
1285333929453658113
1285333858431500288
1285333855252045826
1285333802303344646
1285333788709421056
1285333744048574464
1285333716324188163
1285333714046779393
1285333698578178049
1285333693092040704
1285333665317376001
1285333662863630336
1285333621264519170
1285333568357404673
1285333513059917825
1285288008497926150
1285287994086301699
1285287894463262722
1285287856043417609
1285287837961576448
1285287698995937280
1285287610815045633
1285287591651225601
1285287585762377729
1285287557786488833
1285287458637328385
1285287403880624135
1285287248146173954
1285287238687813632
1285287236167176196
1285287176721203200
1285287145775738880
1285286989739294726
1285286958701346816
1285286917219770369
1285286869912166400
1285286815138799620
1285286766711148550
1285286607889866753
1285286558170591239
1285286500146597891
1285286480529764355
1285286466348822531
1285286458140622850
1285286450540552195
1285286422346440705
1285286357347241989
1285286263206158336
1285286235825569792
1285285914835431426
1285285847898533890
1285285682957574145
1285285647809380352
1285285631757869056
1285285606998921218
1285285596177461248
1285285596160655360
1285285498685140997
1285285492423036929
1285285439704899590
1285285437578379265
1285285397329850381
1285285340547289094
1285285332645105665
1285285291872444417
1285285244518768641
1285285208028258304
1285285092873646080
1285285028289748993
1285284990218051589
1285284967484919808
1285284857761931264
1285284714429984770
1285284589494206465
1285284470195658752
1285284377526665224
1285284354533593089
1285284189596786688
1285283696283725825
1285283627258060805
1285283578436292608
1285283572925038592
1285283440892489728
1285283440489897984
1285283390586064896
1285283360085073922
1285283348479447040
1285283312899100673
1285283295228497922
1285283238639009792
1285283214739857408
1285283065628065793
1285283011924295683
1285282986246590464
1285282921130143744
1285282915895644160
1285282902738165761
1285282899743264769
1285282821817409538
1285282732977934336
1285282537091235842
1285282375245664256
1285282333285707776
1285282238792380416
1285282229367775232
1285282189882593280
1285282166323195906
1285282149512470528
1285282108496400386
1285282068994416645
1285282037423845377
1285281967932674049
1285281958243692544
1285281925922459654
1285281885250375684
1285281829117984771
1285281821966696450
1285281771894878208
1285281741314424838
1285281657038274562
1285281579661758465
1285281476876042240
1285281474183401473
1285281446085746688
1285281419221241857
1285281399537270788
1285281390439759873
1285281318016704513
1285281297410260992
1285281175997689856
1285281175867666433
1285281116459601921
1285281002592636937
1285280964613038080
1285280937216036866
1285280924771454983
1285280829908844548
1285280817003069440
1285280815534964737
1285280771348082690
1285280746479984648
1285280735843278854
1285280686774071297
1285280572869349376
1285280499317870592
1285280467038670852
1285280450060054528
1285280450018078720
1285280219998220289
1285280219977396225
1285280183017037824
1285280129158021121
1285280114738188294
1285280108971012096
1285280054000250882
1285280027240628225
1285279970219229186
1285279924056555520
1285279881002008582
1285279863713103872
1285279808096804864
1285279803789148160
1285279798818996225
1285279748386676737
1285279620221276162
1285279582258700288
1285279437693628416
1285279348212129797
1285279239734996994
1285279227026255873
1285279175948079105
1285279101205590018
1285279075238641664
1285279066434797571
1285279053507973122
1285279012919693312
1285279003452993536
1285278865691217920
1285278790332055556
1285278651479719938
1285278598916706318
1285278582458257408
1285278545699315715
1285278533762326528
1285278500140789760
1285278417961787393
1285278315138486274
1285278298075848704
1285278203637006336
1285278113983795202
1285277938712223744
1285277890347700225
1285277840397737984
1285277827458191360
1285277811347992579
1285277800925102080
1285277772781441025
1285277659669295104
1285277576047529993
1285277534649823232
1285277502068465664
1285277378319724546
1285277369431982080
1285277256320012289
1285277113394827264
1285277083292311555
1285277040204222464
1285276944691539969
1285276933312438272
1285276850353311744
1285276772024688640
1285276751376142340
1285276652444975104
1285276626113232899
1285276607054254080
1285276522455023616
1285276473201311744
1285276390128934912
1285276332687896576
1285276218707894273
1285276217353134086
1285276212974280705
1285276001652617216
1285275858190708737
1285275832773160961
1285275828075540481
1285275805346598915
1285275686509387776
1285275654674685955
1285275607836893187
1285275605601267714
1285275540501520384
1285275501897154560
1285275394317352960
1285275231175806976
1285275206588620801
1285275198015430656
1285275160459739140
1285274953630339072
1285274856435712000
1285274625384026112
1285274616492171264
1285274612578824193
1285274574289096707
1285274493691334657
1285274458777948160
1285274421075247107
1285274301193740288
1285274249314402311
1285274230926573571
1285274227898232832
1285274218016448512
1285274147527036936
1285274142632108034
1285274044351213568
1285274037082415105
1285274029981671425
1285274019193905153
1285273993692446720
1285273897248718848
1285273803598237698
1285273769481666560
1285273759251914753
1285273749135081472
1285273716583211010
1285273712929931266
1285273706344767488
1285273621632552968
1285273371656310785
1285273343776751617
1285273333647499264
1285273319613149184
1285273270401392642
1285273268149248000
1285273266861547520
1285273265523523584
1285273225417695232
1285273157134356480
1285273139732045825
1285273096266620928
1285273053849694218
1285272926632046594
1285074282280898562
1285074097697968128
1285072489928814594
1285072119013965824
1285071936431640577
1285071057687318529
1285070763523837958
1285070371465691136
1285069568499609600
1285069421984329730
1285069385753911296
1285069256871284736
1285069053845893122
1285068579709353985
1285067885556236288
1285067373939236866
1285067065972322304
1285067063141138433
1285065603573850113
1285065504630231045
1285064388504780800
1285064334226403328
1285063886232784898
1285062637542191104
1285062372131045376
1285061987710283776
1285061825378291713
1285061146177724417
1285060719357067264
1285060654005735426
1285060508790513664
1285060328418500610
1285059578850312195
1285059273987223555
1285197088779907072
1285197087139942401
1285196965450407945
1285196949529006080
1285196905593606146
1285196890359955456
1285196817886359552
1285196795014979584
1285196793131794435
1285196783421882371
1285196734524788741
1285196728321355777
1285196706070491136
1285196694091694081
1285196660302319618
1285196650449784834
1285196406593073152
1285196298686205952
1285196271829958656
1285196264443977730
1285196051922780162
1285196046063276032
1285196000718708738
1285195980372156419
1285195904211984387
1285195798997798912
1285195795352948737
1285195769948119043
1285195739816239104
1285195670584991746
1285195570311761920
1285195388853587968
1285195365688283136
1285195167948046336
1285195147228131329
1285195108950913025
1285195066114531328
1285195029334691843
1285194909327208449
1285194899088973825
1285194870999650304
1285194844109930496
1285194836027625479
1285194807137177601
1285194802380918785
1285194780733997062
1285194770101547009
1285194682037940224
1285194585023684609
1285194495928053760
1285194462696800256
1285194404983185411
1285194397466923010
1285194393851330567
1285194347890302977
1285194178297835521
1285194075440898048
1285194027604889602
1285194003907051522
1285193993618243584
1285193970600095744
1285193889264140289
1285193832737443841
1285193828547342336
1285193791020752899
1285193754542878720
1285193720367845377
1285193621432565760
1285193610833600515
1285193609202016256
1285193608589643776
1285193608514211842
1285193606966509568
1285193605066489858
1285193604869369858
1285193531452203010
1285193527299911680
1285193393577046016
1285193387872710656
1285193382889959425
1285193338547834886
1285193279647232000
1285193267152379905
1285193239679688706
1285192961924296704
1285192949408698368
1285192774195838976
1285192714217238529
1285192696215277570
1285192546604535808
1285192529126793218
1285192525406445570
1285192447207907328
1285192405445206017
1285192395194236930
1285192384683417600
1285192348528451586
1285192292475822081
1285192244585168897
1285192084031512577
1285191963508199426
1285191920445251584
1285191906666745856
1285191727641436161
1285191712420368384
1285191620577628160
1285191612662837249
1285191544430100480
1285191509437042688
1285191309691691008
1285191182025252866
1285191177952808962
1285191111464628224
1285191109975502849
1285191092871331844
1285191074865184768
1285190949778456577
1285190944116088833
1285190932770562048
1285190886352211968
1285190835794051073
1285190756051890178
1285190746069401600
1285190730693128194
1285190719645405184
1285190687529603072
1285190652435877888
1285190622429818881
1285190503793938432
1285190478518865921
1285190312487460864
1285190218698588162
1285190147395530752
1285190029564940290
1285190009952374786
1285189998556241920
1285189983247241216
1285189973746921474
1285189937122480128
1285189901391212548
1285189828217364480
1285189807103082496
1285189759925714945
1285189672017301504
1285189603557814272
1285189603331276800
1285189597488484352
1285189596507066368
1285189577796452353
1285189481927245831
1285189467775447040
1285189359130546177
1285189356353998848
1285189354512670720
1285189282689421312
1285189247478226951
1285189182294495238
1285189156302458881
1285189120176922629
1285189109712130050
1285189104259477506
1285189072332435458
1285189027843506176
1285189027734392835
1285189025347796992
1285189019299651586
1285188924105793537
1285188856774635521
1285188789682475008
1285188685030469632
1285188676524412929
1285188577903730695
1285188481422184451
1285188404813221888
1285188298139467776
1285188234633515009
1285188157726691330
1285188072498503681
1285188026012971009
1285187973944836098
1285187966831415296
1285187955267645440
1285187954143571970
1285187930835890178
1285187911370055680
1285187884140691456
1285187744516505601
1285187670050656256
1285187616661540871
1285187603315060736
1285187577444806658
1285187571543416876
1285187540824227841
1285187459756838914
1285187390877966336
1285187359403913218
1285187355155017728
1285187328567160834
1285187327694970880
1285187297885982722
1285187271407345664
1285187260657410048
1285187250347749377
1285187243439730688
1285187237429354497
1285187221293862912
1285187183415103488
1285187102305648640
1285187073675333632
1285187056289882118
1285187008416055296
1285186945195429888
1285186920973316097
1285186888685494275
1285186873023959041
1285186834939641859
1285186800160579584
1285186786226921473
1285186761023422470
1285186729868029953
1285186728995753991
1285186707604856832
1285186702848323585
1285186684657623042
1285186651602518020
1285186638906306562
1285186611081367552
1285186593054048257
1285186577522741249
1285186572514623488
1285186503380008966
1285186497839271936
1285186486078406657
1285186485940105216
1285186321607274497
1285186209069883392
1285186197032259584
1285186127654268928
1285186096629010433
1285186068137021441
1285186067944091648
1285185950558101504
1285185926407364614
1285185870388224002
1285185849584484352
1285185758048006145
1285185744147902465
1285185700531302402
1285185687822782465
1285185636991934465
1285185580012199936
1285185540522942464
1285185535573622784
1285185530494361600
1285185523166908417
1285185495438446592
1285185438639161344
1285185322071003136
1285185234095542272
1285185134053003264
1285185126884945921
1285185093770842112
1285184979937505281
1285184690589229057
1285184650898530306
1285184647077527553
1285184520388567040
1285184445541015553
1285184436124999680
1285184397642215424
1285184361399189505
1285184356441620482
1285184149951848449
1285184125184487424
1285184122974023682
1285184109179031553
1285184018351357953
1285183985690333184
1285183907353309185
1285183905834979329
1285183884339097600
1285183843226583046
1285183833026048001
1285183828500373506
1285183826277421056
1285183703300411394
1285183696295755777
1285183674942709760
1285183670203154434
1285183614523707395
1285183610425753602
1285183593296334848
1285183569946648576
1285183565618016256
1285183463356801024
1285183437662347264
1285183429424840710
1285183356108513283
1285183339184480257
1285183289846910977
1285183280724111360
1285183147693539329
1285183104055902208
1285183028038426628
1285182997713518594
1285182943053451264
1285182930285850624
1285182921561735168
1285182891052408834
1285182839332298752
1285182812014825473
1285182779504852993
1285182761842745344
1285182739583565825
1285182734319722496
1285182711938850816
1285182696386420737
1285182673749762048
1285182646369357825
1285182626479902721
1285182592938115072
1285182573770149888
1285182538672230400
1285182532804202502
1285182526269665280
1285182478299402240
1285182416609595394
1285182364579237889
1285182348284264449
1285182317686853643
1285182313907793921
1285182283150815236
1285182150476783618
1285182095233515520
1285182073402200065
1285182045380108288
1285182026409299969
1285182003067981825
1285181994519928833
1285089447856402432
1285088978224287744
1285087949890244608
1285086475244060673
1285086422605545472
1285086397033062400
1285086309279662081
1285086227520249858
1285086078722928640
1285084644765913090
1285084457196597249
1285084375571410945
1285084363009531904
1285083561289228288
1285082538621501440
1285081935182692352
1285079095231967233
1285078952273301505
1285078392560222209
1285077532543418368
1285075920970297344
1285075907598843904
1285075179576729601
1285227413358731267
1285227396166225922
1285227293242273792
1285227279627452420
1285227220986818560
1285227186589507586
1285227131690258432
1285227037720895489
1285227036672503810
1285227024701947910
1285227000530194434
1285226971241250817
1285226874461970433
1285226763631628288
1285226703103692801
1285226623302873090
1285226572211982336
1285226541409087488
1285226520068403200
1285226420843745280
1285226401919127553
1285226378611298305
1285226270037508096
1285226222906159113
1285226221039751170
1285226218279907329
1285226199518547968
1285226157907083267
1285226088231297030
1285225952717484037
1285225916184944646
1285225859373301761
1285225856688893954
1285225827743997955
1285225812820721667
1285225772412805124
1285225742897422336
1285225717173817345
1285225696244256768
1285225690686722050
1285225629332406275
1285225562039091200
1285225537275920384
1285225509601910791
1285225508817367040
1285225473362915330
1285225466446729217
1285225463703625728
1285225440022605827
1285225428500623361
1285225407797760002
1285225364059557889
1285225355503177728
1285225329989214210
1285225294232801285
1285225223365644289
1285225133133750273
1285225132768866305
1285225125227507712
1285225109675016197
1285225006604017664
1285224969652375554
1285224946583711748
1285224940631990272
1285224834062938117
1285224807429177345
1285224767117811712
1285224729369083904
1285224721647190016
1285224708494032898
1285224698930962434
1285224646976118784
1285224643599781894
1285224629271801856
1285224400468484097
1285224348685676545
1285224269316853765
1285224166774370304
1285224114693607426
1285224050319556608
1285223965699571714
1285223944983805953
1285223940051238915
1285223929204953089
1285223926365335552
1285223918748532737
1285223889736552448
1285223849911607297
1285223810875248643
1285223773453660160
1285223769263546368
1285223728914153472
1285223727194615808
1285223566825357318
1285223512001654784
1285223471962746882
1285223457328975873
1285223430695071749
1285223420930723840
1285223230773633024
1285223217960034305
1285223210326331392
1285223196917223425
1285223156899368962
1285223101077377026
1285223019363827713
1285222996500721666
1285222827961069569
1285222762810941446
1285222742518829057
1285222693315342337
1285222691608371204
1285222680690667522
1285222678492741637
1285222609047756800
1285222455120928770
1285222450876174336
1285222433142771712
1285222264724688902
1285222214871154690
1285222207862591489
1285222205299871745
1285222193362874369
1285222182570819587
1285222176002539521
1285222147732967424
1285222122747551750
1285222019005583366
1285221992656826368
1285221982368419842
1285221945445842947
1285221940790095872
1285221829225771009
1285221811995607040
1285221798079012865
1285221694706257920
1285221686493642753
1285221675626373120
1285221620362227713
1285221554813575170
1285221508462379008
1285221377683972098
1285221334210031617
1285221330846134277
1285221190596882432
1285221150914732033
1285221087991799811
1285221026008367104
1285220989547274242
1285220987097751554
1285220888372064261
1285220722760196096
1285220717756383234
1285220644314062851
1285220569756184577
1285220542547742720
1285220527796355072
1285220443167821824
1285220418995933184
1285220417146368006
1285220327031738369
1285220284166025216
1285220273151791106
1285220191107002368
1285220145137430529
1285220082591956993
1285220035221508099
1285219990631862275
1285219797337346048
1285219691179507714
1285219651908063233
1285219606785929221
1285219589605842945
1285219581091557376
1285219513173237760
1285219512560877570
1285219468457566209
1285219379467046913
1285219208012365827
1285219149422243840
1285219135237103616
1285219129771937792
1285219102785667074
1285219095538008068
1285218991905165314
1285218948049506306
1285218946732392448
1285218853639860224
1285218752330698752
1285218722513211393
1285218715399839745
1285218626371452929
1285218603210551296
1285218576346087429
1285218574253129728
1285218462839836683
1285218446289108999
1285218417293893632
1285218406120263683
1285218382254612483
1285218327481257985
1285218272280039426
1285218194416898048
1285218138041323521
1285218097071304707
1285218095192322049
1285218083876069377
1285217987155435522
1285217964120248320
1285217922332401664
1285217915881566211
1285217856729341952
1285217841801723905
1285217785467957250
1285217783219752963
1285217777389834240
1285217765121576961
1285217692040011776
1285217649857880064
1285217622238334976
1285217568001794048
1285217418944675844
1285217406273630209
1285217374174687237
1285217372891209728
1285217320558895107
1285217274257969153
1285217212643540992
1285217170037846022
1285217160885940224
1285217159409524736
1285217141931868163
1285217114232684545
1285217101301587968
1285217077943570432
1285216961102778368
1285216936238837760
1285216882035916803
1285216845927088129
1285216817691062272
1285216641769504768
1285216632227287040
1285216464673406976
1285216451863945217
1285216406401888257
1285216398030114816
1285216376236515330
1285216262595936256
1285216243688120322
1285216217113014272
1285216212394414085
1285216194451177472
1285216192974794752
1285216169906114564
1285216096447082496
1285216003706834944
1285215980659118086
1285215972480241666
1285215795400908806
1285215665318748167
1285215621911896065
1285215607521247233
1285215593789104128
1285215550617137153
1285215516135772160
1285215483332108295
1285215450717134849
1285215444350074881
1285215329979965441
1285215315849293825
1285215256437030912
1285215252502794249
1285215145669599233
1285215071518457863
1285215066489577477
1285215066342649857
1285215015675604998
1285214963167047681
1285214898163781634
1285214843973369856
1285214815607296000
1285214810066415617
1285214755926552587
1285214697143382016
1285214648799760384
1285214615102787585
1285214577232412675
1285214561881251840
1285214526850424832
1285214485964296195
1285214484416602112
1285214477781270530
1285214441395683329
1285214441315938304
1285214438556151809
1285214433619451906
1285214278958579712
1285214272096739329
1285214239377039360
1285214202492325888
1285214197899505666
1285214162050850818
1285214122263695360
1285214076398981125
1285214032790786048
1285213978382290944
1285213968294977536
1285213944953671680
1285213900909301760
1285213898153451521
1285213891815862272
1285213855401095169
1285213786496999424
1285213771577741312
1285213742645612550
1285213593701621760
1285213592640421891
1285213579055071232
1285213506867003392
1285213461631377408
1285213441511297025
1285213414370009089
1285213402156003328
1285213302415646721
1285213205518856201
1285213126326210562
1285213125743128577
1285213085532401667
1285213083603030016
1285213004028678145
1285212967449972737
1285212909925216256
1285212872633548804
1285212870490370048
1285212870146392066
1285212848197689347
1285212844653412357
1285212740148232194
1285212637224214532
1285212636322451461
1285212510291996673
1285212429056696321
1285212429027364872
1285212390070652928
1285212343828393987
1285212338304561152
1285318314496012288
1285318313560637442
1285318311585161216
1285318159025635328
1285318087529467904
1285318022803140608
1285317952594604032
1285317874605633537
1285317649979920386
1285317574394290176
1285317431603482627
1285317411303034880
1285317386355331072
1285317359578873857
1285317353010614281
1285317327513411585
1285317279891296256
1285317164086579200
1285317064278736896
1285316990673080321
1285316978350096385
1285316890810818562
1285316882149580800
1285316642478620676
1285316552481484807
1285316470214397958
1285316454901063686
1285316371698475008
1285316361976270848
1285316279834943494
1285316213044916228
1285316118769315840
1285316115695128577
1285316109940355072
1285316096556519424
1285316047114063874
1285316046946209792
1285316046849638401
1285315934689820672
1285315892331585536
1285315857346945030
1285315840586522624
1285315815202533378
1285315783061626881
1285315777239842817
1285315683547525126
1285315641071874048
1285315489003118602
1285315487312818176
1285315444182663169
1285315318265507840
1285315298841821185
1285315186933395457
1285315154876534787
1285315154863771648
1285315030842519555
1285314996357025792
1285314963435859971
1285314806292021249
1285314767876489218
1285314761123651585
1285314757180952585
1285314712503291905
1285314701392568320
1285314340334325762
1285314238278447104
1285314174000803841
1285314167206023168
1285314152035160065
1285314102064115713
1285314072297312257
1285314042748444673
1285313922271076352
1285313812065914881
1285313685452447745
1285313597825060866
1285313567445704706
1285313554195914757
1285313532561698819
1285313401607127040
1285313357105500162
1285313253342613506
1285313246489001985
1285313238595338240
1285313231481970688
1285313041781919750
1285312992909897728
1285312911083216896
1285312883342090245
1285312809639784450
1285312796117422081
1285312703553298432
1285312622439661568
1285312506119028737
1285312468500262918
1285312408991313920
1285312225683570688
1285312143408103425
1285312085988200452
1285312024986050560
1285311968522444802
1285311914000646144
1285311885890519042
1285311749613330435
1285311597313957889
1285311579920236544
1285311562333528065
1285311522584109061
1285311457526255616
1285311369827569664
1285311325531504641
1285311314978537473
1285311293335928833
1285311060371812352
1285311018097352704
1285310851180879873
1285310802585686023
1285310701888774147
1285310537212071937
1285310513753157632
1285310260291543041
1285310217148928005
1285310175725916161
1285310017969610752
1285310010764001280
1285309905654566914
1285309652637376512
1285309555249946624
1285309554922795013
1285309382536966145
1285309254782656515
1285309224071954432
1285309220892676096
1285309207378526216
1285309198226477056
1285309115267346432
1285309082233122818
1285309058061340672
1285309033663082500
1285309013953900544
1285308877207003137
1285308708013182976
1285308706918408194
1285308702120189954
1285308648420454401
1285308543986552838
1285308497156947969
1285308349693779969
1285308334980182018
1285308300322656256
1285308272661192712
1285308212321951745
1285308184098373639
1285308170408255489
1285308167954608129
1285308114171056129
1285308063252008960
1285308024228384781
1285307890044153856
1285307866816159746
1285307851716677632
1285307838886301711
1285307759387447296
1285307648615895045
1285307565887442945
1285307431040569345
1285307424140910598
1285307386178293761
1285307336471523328
1285307256750432259
1285307049014964225
1285307010322444289
1285306744919527424
1285306699675578371
1285306607568658438
1285306602963169280
1285306519534342144
1285306514715095040
1285306494569725952
1285306483719073792
1285306376718290947
1285306296137285634
1285306287392260102
1285306269394444290
1285306253619671041
1285306129539461120
1285306096689848320
1285306082668302338
1285305980633276416
1285305565690961921
1285305539182854145
1285305480152338441
1285305444957814786
1285305423017455621
1285305394966024192
1285305344923766787
1285305342281355266
1285305316469542913
1285305279274516484
1285305095207424001
1285305015515533312
1285304996511338497
1285304968057102336
1285304947798614016
1285304877724336128
1285304865552465925
1285304864847921154
1285304758345977856
1285304747075883014
1285304691916668929
1285304589772873733
1285304575038291970
1285304561587101703
1285304556063281155
1285304551659143169
1285304448135421952
1285304415046361088
1285304398562955264
1285304390065303554
1285304193058844675
1285304102482673669
1285304046170103811
1285304030823100418
1285304004407255041
1285303908143857665
1285303818306162688
1285303806536880128
1285303800689856513
1285303793182220288
1285303716564791296
1285303607680815107
1285303598729932800
1285303597450878976
1285303574705000448
1285303522645495811
1285303468031266816
1285303467825926144
1285303465841836032
1285303432128143361
1285303418047864832
1285303406530375681
1285303355703726086
1285303321893507073
1285151657614028800
1285151629881163777
1285151628912459776
1285151576827613186
1285151433071955975
1285151402012971009
1285151344844824576
1285151227521662976
1285151157518647297
1285151110387335169
1285151108982243330
1285151105966419969
1285151089915056131
1285151080452632580
1285150803016265728
1285150734384848896
1285150639639724033
1285150472991645696
1285150403093499904
1285150302895853568
1285150297539719169
1285150280951136256
1285150251964338176
1285150250215395328
1285150239016595457
1285150136889483265
1285150074469834753
1285150008153714688
1285149983423987712
1285149899642695681
1285149869993336833
1285149719992446977
1285149645103083520
1285149607606071297
1285149587775336448
1285149426449895424
1285149425493512198
1285149229950865408
1285149203623063552
1285149123088453633
1285149093040463872
1285148964069806080
1285148957858045953
1285148945723781120
1285148922793656320
1285148828526682112
1285148776919957506
1285148690546647041
1285148626361159681
1285148532664676352
1285148455334223873
1285148403790487553
1285148350547783681
1285148232365092864
1285148177549721600
1285147834510184448
1285147820295692288
1285147784744665088
1285147735927263232
1285147620827181058
1285147479995027457
1285147356716044289
1285147257961172992
1285147250637897728
1285146795438493696
1285146732792360962
1285146616064888833
1285146535047712776
1285146465111859200
1285146204754632711
1285146202565206017
1285145998545825792
1285145875363307525
1285145767137681408
1285145664066740225
1285145548530515968
1285145547368620033
1285145412689555456
1285145410688872455
1285145206820605952
1285145122548658177
1285145000012120065
1285144935277236224
1285144903140483077
1285144894923833344
1285144720872808449
1285144546616258561
1285144429360291840
1285144010185740288
1285143992569561090
1285143982826192899
1285143873325543425
1285143777737228288
1285143543355305985
1285143513659777024
1285143474774384643
1285143449457565696
1285143364606861312
1285143215939751936
1285143213263781890
1285143143470465024
1285143038319263746
1285143000788729856
1285142984812572672
1285142917343072256
1285142626447097856
1285142505403625472
1285142437179142144
1285142400395075584
1285142365615779841
1285142257419653122
1285142195436052480
1285142098103070721
1285141957224869890
1285141790740361216
1285141716941582338
1285141681516564480
1285141539530797058
1285141539442749442
1285141436992806912
1285141419972272130
1285141388712120320
1285141383037190145
1285141252569268224
1285141247972311041
1285141227575312385
1285141213071454209
1285141181379289088
1285141094234238976
1285141073791258624
1285140985408827392
1285140921181507584
1285140898704240640
1285140771268694016
1285140760829087745
1285140685138649088
1285140682575941638
1285140434965139456
1285140406225768449
1285140404602638336
1285140401683419136
1285140385346523138
1285140264185737217
1285140217868029957
1285140167033069568
1285140152353017858
1285140022275039232
1285139904133988352
1285139717239996416
1285139496753913857
1285139473689464832
1285139460212969473
1285139409642258432
1285139401358675974
1285139392231870467
1285139351530287107
1285139319519416320
1285139193316831232
1285139176048988160
1285139066187444224
1285138991822462977
1285138943751737345
1285138943437144064
1285138942736470017
1285138915754639362
1285138644039237635
1285138504431931397
1285138384944603137
1285138384009277440
1285138271606104064
1285138234482102273
1285138203083706370
1285138137757483020
1285138019608154113
1285137733095247872
1285137726950563840
1285137388348596224
1285137380513652736
1285137159658373120
1285137108525621249
1285137034772914183
1285137013180694528
1285136836478803968
1285136729578577925
1285136646308945920
1285136642165157889
