1290652995324194816
1290652927388942337
1290652815803719681
1290652547859046402
1290651786563465216
1290651591243177986
1290651459978223619
1290651203148357641
1290651174186766338
1290650952995868672
1290650621192871936
1290650194766450688
1290649477821476865
1290649259713482761
1290648146016690182
1290647106336763905
1290646850387742720
1290646622922256385
1290646362225336320
1290645089455407107
1290644828892672001
1290644751956369409
1290705863146078210
1290705558052405251
1290704731879419904
1290703470543216642
1290703452159578113
1290703327668457474
1290702563982168070
1290702562342121472
1290701233968353283
1290700845508694024
1290700436517859331
1290700393731641344
1290698500674445312
1290697913639800838
1290697896061362176
1290697399221006348
1290697095482048516
1290696623413239809
1290696259834204161
1290695603933061121
1290695555249831938
1290695516943261696
1290694922455199747
1290693943953444865
1290693286949134336
1290692712145063938
1290692284271472641
1290692200385347584
1290691601464004608
1290691354171973633
1290561346644242432
1290560365303013376
1290560238773506048
1290559201844981762
1290559138548916224
1290558934198005760
1290558839058624512
1290557732395917312
1290556585635348485
1290555715447218178
1290555664171966465
1290553810524479488
1290553669935562752
1290553145127403520
1290552545254027264
1290552501029150721
1290552006310948864
1290551528734957569
1290549597039988737
1290549557676265473
1290549480794726401
1290549167077519366
1290548995421548544
1290548281551081472
1290546453903863808
1290721860351647744
1290721619321683969
1290720448985079814
1290720433554284545
1290719745633923079
1290719684581629954
1290718928646397952
1290718927840931840
1290717574817296384
1290717392994271233
1290715988787441666
1290715935062491140
1290715172772950016
1290713529377488903
1290712881017819140
1290712743964823552
1290712561260859396
1290711568259461120
1290711562223747074
1290711533182492673
1290711507135795203
1290711075076354060
1290711060035641346
1290711053299585025
1290711042524426240
1290711036056801281
1290711027697553408
1290710922378596352
1290710783949709314
1290710331396952065
1290710170222256128
1290710103235207169
1290710002064392192
1290709576741003264
1290709499930726407
1290709160024309760
1290708552625995776
1290708207392890881
1290708022851964931
1290706891908161536
1290799556053983232
1290797690851221504
1290795730261536768
1290795374349815816
1290794730251595778
1290794599863050242
1290794503201337351
1290794432829124608
1290793918288855045
1290792891435167744
1290792392732241920
1290791705499901952
1290791056322310146
1290790343869435906
1290790279155310592
1290790160477585408
1290789496934539267
1290789011355766786
1290788747764813825
1290788591396958209
1290788123786403841
1290787951627173888
1290787905540169736
1290787511866929152
1290787436835098627
1290787315145674755
1290786981866242048
1290786976409452546
1290786040421081088
1290785898498609152
1290785606600134656
1290785086888001536
1290784890011766787
1290784535836348422
1290784515376308224
1290674732040359936
1290674690650824710
1290672685089988608
1290672538553651202
1290672445091794946
1290672125771120640
1290670976028483585
1290670081177919490
1290669811643580420
1290668060316241923
1290667400497594368
1290666794584170496
1290666491994660871
1290666190420025347
1290665818657820674
1290664662330114049
1290663812778033153
1290662893055246339
1290662270717108224
1290662007071531012
1290661602631581696
1290661526282567682
1290661501221707789
1290661383714025479
1290660846717337609
1290660660226007047
1290660353370619907
1290660143206670342
1290659981696610305
1290577110306820098
1290576985089949698
1290574329575550976
1290572114588774406
1290569106702454784
1290568743597363200
1290568214791905280
1290567390787297288
1290566080599977985
1290566048647917568
1290565467896188928
1290565056816541696
1290564085524750337
1290563802715557889
1290563685677760512
1290563268042321925
1290562804500566016
1290629077850677250
1290629044090941447
1290628850397917185
1290627861322313729
1290627648385945601
1290625499945893890
1290624363776139264
1290624114974228481
1290623318526242816
1290620236673277952
1290618308098752512
1290618254889713665
1290616114129641473
1290615668182843392
1290615585286627328
1290615141613150208
1290614307626123264
1290644185725440005
1290643466167431177
1290643256343240704
1290643066752241668
1290641346206879744
1290640900691910656
1290640317713199106
1290639111196258304
1290638500258353154
1290637667089219584
1290637334891900931
1290635769116266496
1290635043329769472
1290634362833305601
1290634315840143360
1290634278611628033
1290634271955329026
1290633785717993472
1290630845611552769
1290629715955453952
1290629204124536832
1290629106741190656
1290496301348470785
1290493685168082948
1290491027262857219
1290489944293572617
1290489765205168135
1290489011534929920
1290485100497399809
1290484815221800961
1290482050567245824
1290481744768974848
1290784244596441088
1290784169803620354
1290783917549801473
1290783839371968513
1290783826319495169
1290783824067125248
1290783569242202113
1290783224105521152
1290782708382277636
1290782449736138752
1290782108609212416
1290781392658403328
1290781324593201152
1290780875756638212
1290780670332084224
1290780269222526976
1290780223970189313
1290779423852044288
1290779422388137988
1290778971479724032
1290778500387860480
1290778150004301824
1290777789038116865
1290777726207569920
1290777455742136322
1290777440122478592
1290777418219872256
1290777186400636929
1290777072575619073
1290777037754384384
1290776525625626625
1290776493396811778
1290776280963649536
1290776271828455424
1290776220163072000
1290775828427612162
1290775646034186242
1290775404656177155
1290775147352391685
1290775136736612353
1290774791213985793
1290774539069095936
1290773798711701504
1290773622521569282
1290773308623986689
1290773281386061825
1290773133348265984
1290773000309166087
1290772483050807297
1290772220965421059
1290772108813926400
1290770920366317568
1290770663188267008
1290770612093411328
1290770535958425603
1290770192620953600
1290770125478440960
1290770032608382976
1290769615489032199
1290769612976664580
1290543586166136832
1290543575722348544
1290543347241816064
1290543315444695041
1290542964008079360
1290542760068550656
1290540849550569478
1290540524244533249
1290539948786028545
1290539120968839168
1290537678447026177
1290536513017712640
1290535986447953920
1290535249647226880
1290535144982552576
1290534152450826241
1290533788536184832
1290533093212856321
1290532997381455872
1290532899922382850
1290532094880485379
1290531735587889152
1290531109755912192
1290530747749527554
1290530692598726657
1290530397135294464
1290529977251901441
1290529562162540544
1290529517165932545
1290529303931871232
1290529243890356224
1290529020346499072
1290528855325892608
1290613610759294981
1290612339423817729
1290611020793249792
1290610844561285120
1290610000130387969
1290609188318535681
1290609188251475977
1290609186854731777
1290608812852944897
1290608769508966403
1290608697807458304
1290608691222380544
1290608404466196481
1290607833428434944
1290607140898471936
1290606751700652032
1290606678119940102
1290605918648967168
1290605274814918658
1290605041502621696
1290605041489977350
1290604029735768065
1290603701799981056
1290603497612664832
1290603459335450624
1290602829711908864
1290602616251088896
1290602174247034880
1290601812580618240
1290601759136677888
1290601170705084416
1290599863076429825
1290599547996176385
1290446756606619648
1290446705473748993
1290446060058562565
1290446057919451137
1290445730679787522
1290445277644632065
1290445215992631297
1290445039227801610
1290444836894539780
1290444808192962563
1290443693518987264
1290443275812450305
1290442492593274887
1290441746321637378
1290441640998514689
1290441435561549824
1290440763969540109
1290440527716986880
1290439467342409735
1290439326854189058
1290439245845364739
1290438257696813056
1290437965123137541
1290437338754101256
1290753361914945538
1290751846252982278
1290751841131728897
1290751549795377152
1290751378260983809
1290751373907234816
1290750743750696960
1290750678550290432
1290749822459432961
1290749044210499585
1290748753549201408
1290747598060449792
1290747060346593281
1290746742019850242
1290746504886407168
1290746421503840256
1290746100702380034
1290746003583193088
1290745418205163520
1290745182124683264
1290744011226046466
1290743568697524231
1290743536195796992
1290742947269541890
1290742718977552384
1290741591183777792
1290740359274921992
1290740111781568512
1290739848064782347
1290739347151622144
1290738159677050893
1290737984266997760
1290737663285362695
1290737145242619914
1290736643075387392
1290735517324079104
1290734948266020864
1290734638227496963
1290733698099355648
1290732659166130178
1290732544670007298
1290732514298990593
1290732361823522819
1290732190788190209
1290731317995462656
1290729840241344513
1290729050458251264
1290728351980822536
1290727748629966848
1290727283356041218
1290726906380206080
1290726359401140224
1290725566950395906
1290725152553086978
1290724753955790853
1290528122945896448
1290527821358485504
1290527245942034432
1290527100349358080
1290526786942636034
1290526779526926337
1290526367784763394
1290524346126086145
1290522460123574272
1290520233359208451
1290519849655967744
1290519200512057345
1290517957911572480
1290517876756094977
1290517650754306048
1290517524673638400
1290516672521162752
1290516421986967557
1290461943095087104
1290461835158847490
1290461158319763456
1290460407816167429
1290460291755638786
1290459972518715394
1290459943640997888
1290458625601830914
1290458303370350593
1290458260936556544
1290457986851381248
1290457842621833216
1290457043262943232
1290457034463293440
1290456579737882624
1290456344210874370
1290456084583526402
1290455756957941766
1290451406286135296
1290451049594093575
1290449583580094469
1290449532573159424
1290447590069329920
1290447096638771205
1290597713277603841
1290596229798408194
1290596048008818688
1290595706458247168
1290594439228882946
1290593643347271680
1290593511906119681
1290593091662098432
1290593009160146945
1290592392312233984
1290591829721862144
1290591796037394432
1290590843288551424
1290590783213432833
1290590688871157760
1290589779688665090
1290589388297011200
1290588911589302272
1290588590477578241
1290586518369665029
1290582914619645952
1290690749361790977
1290690600115863558
1290688330993143809
1290688083294400512
1290687164834095105
1290686534056845312
1290686313218408449
1290685458448515072
1290683367751593987
1290683348185227264
1290682695719292929
1290682134424891393
1290681683277221888
1290681530998808576
1290681416611770368
1290681366846283779
1290680662979223552
1290680085054468096
1290679397389926406
1290679127138136065
1290678419894628353
1290678276449591297
1290677697350254592
1290677337265242118
1290677265563451392
1290675978390450181
1290511410368110592
1290509812141379585
1290509510168072193
1290509408825311233
1290509319062949888
1290509274125348865
1290507181868101633
1290506460078587909
1290506065965199360
1290505915720970242
1290505876797820930
1290505716743143426
1290505424467263488
1290504716447895553
1290504278268764160
1290503175724646400
1290502765219688450
1290502115408805889
1290500991524036614
1290499864229376001
1290499444790575104
1290499268772417538
1290499036034641920
1290768793057349634
1290767882821959685
1290767788160753664
1290767760281272320
1290767730367279105
1290767496887271424
1290766991473729536
1290766828789088256
1290766581757292544
1290765838425915397
1290765769723305992
1290765761032499200
1290764898427969536
1290764243621629955
1290764094883147776
1290763234526420992
1290762677845921793
1290762569309810688
1290761937404538891
1290761617823735812
1290761537959993349
1290761297982824449
1290760103692341248
1290759944946556929
1290759878303084544
1290759549444599809
1290758461370834945
1290758422296768512
1290757943336607744
1290757170561196032
1290757055800848384
1290756070118432768
1290755229907062784
1290755188735660032
1290754459841298432
1290753956638068738
1290481178223370242
1290480114820509696
1290477995589660678
1290477779427835906
1290475780380798976
1290472610371743744
1290471894815248385
1290471445223608320
1290471359798288386
1290468408392331264
1290467251179728901
1290466541813858305
1290659493974552578
1290659104533487617
1290658751477940232
1290658748319633408
1290658415115730945
1290657879435993091
1290657692269400068
1290657676540760064
1290657144480702472
1290656854104842246
1290656742045515780
1290656644834250770
1290656505075728386
1290656340273176576
1290655993374879747
1290655130199773186
1290654702343008257
1290654475930218496
1290653880049639425
1290653778086174731
1290653520262320138
1290653459373490177
1290653130179444743
