1227551558386081792
1227550842494111751
1227550308974440448
1227549906803421184
1227549759075909633
1227549455207092224
1227549366451392512
1227548469671407622
1227548347873071104
1227548320052195328
1227548066930184192
1227547840773156864
1227546759557189632
1227546466631274496
1227546423664795650
1227546397622329344
1227546191346511872
1227545990288175107
1227545530802241536
1227591556544122880
1227591481013067776
1227591412201508864
1227591318026817537
1227591195209195525
1227591155312971777
1227591014719934465
1227590968880377856
1227590775254507520
1227590679271919616
1227590433343078401
1227589653659889668
1227589628733149185
1227589194505228290
1227587920795774977
1227587776805138432
1227587316010500102
1227586765344641027
1227586107531022337
1227586039851704321
1227585681221877760
1227585500032180227
1227585466322415616
1227585269345419265
1227584613574377474
1227584433995341824
1227582138893115392
1227582131372732418
1227581199083851777
1227580295651700737
1227580092492189698
1227579874153381888
1227579825847562240
1227579486260080640
1227578992707997697
1227578772511248384
1227578112256466948
1227577443742928896
1227577416891162624
1227577200129511425
1227577041521971203
1227576750445604865
1227529691596312576
1227528939838615552
1227528523096772608
1227528033357090816
1227526358127071233
1227525309806923776
1227525036526985217
1227524628148408320
1227522880495333376
1227522523333636096
1227522443385937920
1227522389098917889
1227522222270636034
1227521151968083969
1227520781971869697
1227518279213813760
1227518020068814848
1227517485123014656
1227517258244726785
1227517037435588609
1227516520898519040
1227516202811109376
1227515922166042625
1227515222987927554
1227515105706938368
1227515036312252416
1227468773835378689
1227468255096442882
1227467855626633216
1227467548981125120
1227467316859895808
1227467249046388736
1227467217350090753
1227466108271255552
1227465553113210883
1227465165085532160
1227464749971070977
1227464609646379011
1227463835633831936
1227463242022293505
1227462958327922688
1227462728719241216
1227462109845499904
1227461957285969922
1227461890441437185
1227461878521245696
1227461669791686656
1227461417265254400
1227461348138921987
1227461174851182597
1227460748701569024
1227460647480430593
1227460545483284480
1227460531109421057
1227460450981482496
1227460123808976896
1227460093748432898
1227459422944927744
1227458786258030593
1227458058437222400
1227457328439492609
1227457108079194113
1227456797650423808
1227456389502640131
1227456001181454336
1227455230901735424
1227455085057335300
1227454869868601344
1227454628440264704
1227514452779491330
1227514108582469635
1227513994497253376
1227513543156781058
1227513360142524416
1227513313124184064
1227513049356963840
1227512834071891968
1227511110623989761
1227510982198431744
1227510975240130560
1227510174954340354
1227509179247542272
1227509176550772736
1227509154241241088
1227508698123243521
1227508544712384513
1227507903734722565
1227507890191294465
1227507257614704646
1227506770827825153
1227506430762213376
1227506287870500865
1227506250763489281
1227506167682916352
1227505555561832451
1227505534955245568
1227504318380572677
1227504318112075779
1227504084632002561
1227503457545773057
1227503213063991296
1227502933224222720
1227502859358326784
1227500683936419842
1227500593763143681
1227500056946737152
1227606730768625664
1227606430276096000
1227605991925129216
1227605748496109568
1227605440420360192
1227604899283656704
1227604741473079299
1227603857263472640
1227603614610358277
1227603581035065344
1227602658887901184
1227602353999749122
1227602247963439105
1227602200916090880
1227602105440931840
1227601628108328960
1227601627449823232
1227601513817702400
1227599905864245253
1227599614351695874
1227599105221853185
1227598801919234049
1227598302608314370
1227598048852893696
1227597936206303232
1227597533905551361
1227596034047709187
1227596018549698560
1227595956994158599
1227595768745398272
1227595505573613568
1227594889258557440
1227594667728031745
1227594603617894400
1227594403897839618
1227594280807620608
1227593638462418944
1227592944678400001
1227592451210252288
1227592208720781312
1227591754796453888
1227622353720500227
1227622268945207297
1227622252306407424
1227622098727841793
1227621991022288901
1227621516227104769
1227621363759878147
1227621244671053824
1227620812070371328
1227620424026148864
1227620203577532418
1227619878602932224
1227619798089183242
1227619664873656320
1227619529380904960
1227619496552280064
1227619431490236417
1227619379220828161
1227619164593868800
1227618939435352076
1227618812582719490
1227618758862069760
1227618275779108865
1227618214705688578
1227617950393413635
1227617785968254983
1227617468971126786
1227617386846728193
1227617329154011138
1227617300553043968
1227616449264525313
1227616406990213121
1227616298940686336
1227616252299841541
1227615923458187264
1227615887202701313
1227615835210092545
1227615709926047745
1227615285949206528
1227614935317798914
1227614472665255936
1227614260525780992
1227614218465300480
1227614028937207808
1227613874796535808
1227613733540679682
1227613553240281088
1227613521896071168
1227613222812995584
1227610375396315139
1227610100195627009
1227610005848850433
1227609683508289536
1227609078597373953
1227608886062075904
1227608781279891456
1227608390848745472
1227608200846901251
1227608020680663041
1227607917555306498
1227607730434781184
1227607398090760193
1227437352869679105
1227436933380440064
1227436047421718528
1227435361246248965
1227435326429331456
1227435162398601216
1227434810286592005
1227434296434188292
1227434045019213827
1227433928551587840
1227433855268741120
1227433852966072320
1227433779121262594
1227433579342450690
1227433495334617090
1227433255542173696
1227432274494291969
1227432274431365120
1227431862181801991
1227431858046148608
1227431835166179330
1227431598661853184
1227431377907286017
1227431153012965376
1227431074055127040
1227431017520099329
1227430826452930562
1227430715295326208
1227430456951336960
1227430005954605056
1227428679220895744
1227428415969599488
1227427770302713856
1227427762186661894
1227427508024303618
1227426973342928896
1227426878333628417
1227426441538740224
1227426224567472128
1227425983294144513
1227425946430562305
1227425501775585280
1227425411640025094
1227424729574858752
1227424699728252930
1227424285733609472
1227423114847453184
1227422973054930944
1227421481359085568
1227421297552101376
1227421280451940353
1227420335244533766
1227420080381755392
1227419885896114176
1227418612815802368
1227418309802549250
1227417946399674368
1227417384002170880
1227417145509892096
1227416291314556928
1227415872286986240
1227415653222477824
1227415143971201024
1227414983111303170
1227414861195276288
1227414847958245376
1227414555917193217
1227414494957244418
1227414322298617856
1227414095185555466
1227413868911235074
1227413677512544257
1227413488882065408
1227412880217329664
1227412472832909312
1227411484151554050
1227411292413210624
1227410805186088960
1227410731601211392
1227410292570804224
1227410037745704961
1227408604761735169
1227408435181948928
1227408360405897216
1227408284744912897
1227408207125139461
1227407868774711296
1227407533331099648
1227407525647126533
1227407336492367872
1227407297409740800
1227406897294258183
1227406503751057410
1227452792664731649
1227452347611262976
1227451996082442240
1227451496977108993
1227450988090535936
1227450913897549826
1227450709307723778
1227450208553967622
1227449448705470465
1227449219704905729
1227448816221270016
1227448449416781826
1227448235935125505
1227448029151662086
1227447725706354688
1227447709793165315
1227447398357753857
1227447277003923458
1227447118199214084
1227446711976648709
1227446568300707840
1227446395155701760
1227446388113465345
1227446321281478657
1227446200602955777
1227446147641479170
1227446045141020679
1227445298475229184
1227445188630585344
1227445186772504576
1227445119365918725
1227445015636594689
1227444755228975104
1227443841294381062
1227443684859359232
1227443608065921030
1227443538759241728
1227443311008534528
1227442644474847232
1227442539889856512
1227442524060606464
1227442295777132546
1227441235784323074
1227441053197836297
1227440786524065793
1227440459389263872
1227440135647715328
1227439991888007170
1227439877714829313
1227439507361947648
1227438547130556416
1227743969301262336
1227743944500490240
1227743928465678336
1227743750446866437
1227743743954030593
1227743679550382080
1227743524680085505
1227743363547484167
1227743355226009600
1227743343972454400
1227743104092037120
1227742474128568327
1227742232746196993
1227741955154595840
1227741843225489408
1227741683057614849
1227741663268917249
1227741599838408721
1227741106743521282
1227741105359327232
1227740957476577281
1227740602080649217
1227740585655750656
1227740463039279106
1227740461734989824
1227739935635054592
1227739795494973442
1227739537016840194
1227739427574833153
1227739349334319106
1227738963323932672
1227738896034742272
1227738853160689670
1227738676597157888
1227738399735304192
1227738395155189761
1227738368710238208
1227738366143336465
1227738244571451394
1227738165730897921
1227737413201649664
1227736693425479680
1227736677587673088
1227736530552315906
1227736486935703552
1227736373886472192
1227735778375163909
1227735614344306688
1227735535512248322
1227735319363178501
1227735290690908166
1227735236508880896
1227735134289350657
1227735132443774976
1227734832005951488
1227734481894879232
1227734471794987008
1227734332497965062
1227734260817072128
1227734121025298442
1227733903223541760
1227733321158885378
1227733268688187393
1227732981797859329
1227732506276966400
1227732396851761154
1227391771010727937
1227391570040614912
1227391555352367105
1227391502776750081
1227391151377764352
1227391053885530114
1227575881448726539
1227575753786691584
1227575292627243015
1227573877720702981
1227573820082417665
1227573774754578432
1227573408059338754
1227573042437447680
1227572840897163267
1227572768264376320
1227572540677279745
1227572515293343750
1227572427238125568
1227571684070318081
1227571656668930048
1227571606375084035
1227571302518677504
1227570741815758849
1227570638942097410
1227570138897166339
1227570047838826496
1227569194956468235
1227569158952493057
1227569049070161929
1227568919008944128
1227568862151028737
1227568410340610048
1227567844084326401
1227567757497159682
1227567619160629249
1227565974729003008
1227565821108551682
1227565573296578563
1227564957446868992
1227564270671552514
1227564053356134400
1227562997121417219
1227562531499249665
1227562354050830336
1227562288699322372
1227562109153705984
1227561607535976453
1227561217000009728
1227561102822625280
1227560796676382720
1227732110154158081
1227732033415385088
1227732004994715648
1227731792905400321
1227731583395745793
1227731564106305537
1227731293603057665
1227730959476363270
1227730773538557953
1227730497444491264
1227730212491866112
1227729983126159361
1227729894378999809
1227713638972129281
1227713554956062721
1227713543673450497
1227713540640976896
1227713469060993024
1227713098708111360
1227713077975580672
1227713056588935168
1227712897087868934
1227712495063838721
1227712074970693634
1227711940870496257
1227710869800390658
1227710655555350539
1227710492594012163
1227710428287033344
1227709839239000064
1227709680589377537
1227708896485269505
1227708716759146497
1227708527340392448
1227708477990219777
1227708393546244098
1227708330006765568
1227708059826425860
1227707794553556992
1227707571986763776
1227707283770986496
1227707115751575553
1227707048684638209
1227706969466769408
1227706841087594496
1227706587977924608
1227706170737152001
1227706073798397952
1227705748186107911
1227705474159710208
1227705281381093379
1227705149222682624
1227704970998358016
1227704764747698176
1227704400040407040
1227704321996992516
1227703890289864705
1227703736874741760
1227703643555717120
1227703590799781889
1227703588622725120
1227703500450287622
1227703276675661825
1227702937834676225
1227702671370604546
1227702586486161408
1227701436584165376
1227701264131264514
1227700959154966539
1227700909821628417
1227700755794137088
1227699999309516801
1227699696090611712
1227699159261683714
1227699131851956226
1227698930298699776
1227698921499172865
1227698733669912577
1227698725784629248
1227698706197053440
1227698642594811904
1227698622915108865
1227667920966184960
1227667449350250496
1227667049897435136
1227666930049306625
1227666213012201472
1227665714443583488
1227665522407477253
1227665505521209351
1227665025222967297
1227664882352312320
1227664774881783808
1227664558698958848
1227664154632302592
1227663763295305734
1227663283580096513
1227662299646828551
1227662115235909633
1227661451059294209
1227661273363554305
1227661063216197633
1227660505059414017
1227660478295552001
1227660349635088384
1227660238192431104
1227660214423433216
1227660196224229376
1227660191451295744
1227659821626748932
1227659779587244032
1227659645529006080
1227659260953288704
1227659116988051456
1227659104082067456
1227658933587914758
1227658026146041863
1227657880977002498
1227657636448960514
1227657615112593409
1227656546060054528
1227656457014956034
1227655840204718081
1227655826925588480
1227655149801365507
1227654894334726144
1227654776600612865
1227654133299150850
1227653916923285504
1227653796010057729
1227653620600115204
1227653111671599105
1227652963973451776
1227652903764156416
1227652849632366593
1227484121657556992
1227483108934651905
1227482526320615426
1227482201505325056
1227481917479628800
1227481858688135169
1227481660507160576
1227481220927442944
1227481083350044677
1227480688347226112
1227480591089750022
1227480464233025539
1227478671721713664
1227478406469750784
1227477609870696449
1227477410519699456
1227475497644367872
1227475104721965057
1227474625942163456
1227474356298711041
1227474356097470464
1227474056951279619
1227473377977339906
1227472786135879680
1227472221242826752
1227471971690127360
1227471261133156353
1227471252295688193
1227470010228125696
1227469188115173377
1227406139098161153
1227405922756186113
1227405898374615040
1227405761711443968
1227405747304030208
1227405738567446529
1227405267069001729
1227405125351825410
1227404622911795200
1227404575579217921
1227404440925241344
1227404105930412033
1227403375467286531
1227403222115115010
1227402967562801152
1227402562153762817
1227402215532441600
1227402057323360256
1227401893502214146
1227401859398328320
1227401826485620736
1227401340525006848
1227401140767117312
1227400729935196160
1227400699669106690
1227400678370357251
1227400468365824002
1227400128526462976
1227400072289116160
1227399908484898816
1227399334410350593
1227399216185716736
1227399192064036864
1227399009897209857
1227398980306337793
1227398789843050497
1227398519759106049
1227398439543230464
1227398033958146049
1227397841125023750
1227397807318892546
1227397537616859136
1227397066915074048
1227396646104788992
1227395995408961536
1227395597583503360
1227395561772453888
1227395386500767744
1227395130182664192
1227394332937916418
1227394322192093188
1227394112875302913
1227394080235302912
1227394025541578752
1227393603540000768
1227393396333064193
1227393385000034304
1227393173565124609
1227392987916795904
1227392917326745600
1227392804210577409
1227392717484740609
1227392288453689345
1227392284024614913
1227392277598724096
1227392062678499329
1227391954029203457
1227726478508482560
1227726433960767491
1227726289123074048
1227726220596477953
1227726093093875712
1227725979818303489
1227725745360736256
1227725602637144075
1227725532676198401
1227725491718828038
1227725199782473729
1227725054651326464
1227724850157895680
1227724766045360128
1227724669056274432
1227724526852726784
1227724275609743361
1227723914027175938
1227722489431609351
1227722418824761345
1227722234367823877
1227721243773882369
1227721212408680448
1227721202308915200
1227720851472224260
1227720774343151626
1227720627450253312
1227720614821101570
1227720566485815296
1227720128172675072
1227720065530748928
1227720034853646337
1227720009444732933
1227719947767422977
1227719850975531008
1227719454743760897
1227719177885995008
1227719024534048769
1227718924986249216
1227718405156986880
1227718343425249281
1227718184855384064
1227717925408133120
1227717674962169857
1227717349572333570
1227717093061054464
1227716959728361473
1227716611211223041
1227716352342777856
1227716239654436864
1227716084603768832
1227716013413761025
1227714695915806721
1227714596263337989
1227714344890359814
1227714135569420288
1227714112395923456
1227714111041163264
1227698536504012801
1227698409567588353
1227698403687030786
1227698332438597637
1227698255431114752
1227698177735712768
1227698044398981120
1227697982729900032
1227697733017858049
1227697716479717376
1227697564557819904
1227697133937143810
1227696491214573569
1227696273886720003
1227696252420317186
1227696154185490433
1227695987281596418
1227695801083797506
1227695770050035715
1227695626315608064
1227695531973058561
1227695503007256582
1227695080665964549
1227694989049827328
1227694981655269376
1227694879469236225
1227694273388257281
1227693882982326272
1227693863000825857
1227693327706939392
1227693294546800643
1227692943882014731
1227692880984186880
1227692662481879042
1227692482315640832
1227692386782007299
1227692330305622019
1227692288073248768
1227691936808566786
1227691932765347840
1227691799667499015
1227691601994141701
1227691411413311491
1227691178994200577
1227690769059737600
1227690743017410567
1227690687195439105
1227690108712865792
1227690016962498560
1227689998285099008
1227689849190305792
1227689704302100480
1227689231981645824
1227689010228813824
1227688256625614848
1227688147175268356
1227687630218956800
1227687595121008640
1227687274797649921
1227687014964789249
1227686902305783810
1227686774668812288
1227686305586466823
1227686292877725701
1227686291497766913
1227686098446536709
1227685975779872768
1227685682447032321
1227685606236528645
1227685564079538182
1227685506655367173
1227685279068110848
1227684993079500800
1227684348922494976
1227684215183028226
1227683717646344198
1227683632829124608
1227683623492608000
1227637466427002880
1227637299313291270
1227636866389704705
1227636757551878146
1227636744360607744
1227636525673992192
1227634733804380161
1227634669287608320
1227634546587373569
1227634438630236160
1227633966095585280
1227633633810358274
1227633611425206272
1227633558505820169
1227633372333252609
1227632870002495488
1227632504611491840
1227632274876895232
1227631667411595264
1227631302578339841
1227630783843663873
1227630658991906816
1227630587994755072
1227630296050302976
1227630147173519360
1227629856889790464
1227629827584335874
1227629552358318080
1227629523258236928
1227629447161024514
1227629391045259264
1227629157749788672
1227629049557782532
1227629044721692675
1227628992657842176
1227628546476003328
1227628445657526273
1227627711620739072
1227627189010649094
1227626573269999616
1227626493708324864
1227626435306647552
1227626100572000257
1227626056041074689
1227625857675649026
1227625671389851649
1227625669485461507
1227625643057106944
1227625631464271877
1227625444322791429
1227625423460282368
1227625228181934080
1227624941090156544
1227624065789239302
1227623914911735808
1227623675672719360
1227623581317836800
1227623556000993280
1227623260910751745
1227622970807463936
1227622878738296834
1227622755362910209
1227622596075835392
1227622562613669889
1227622492543561728
1227544791480774658
1227542835039219712
1227541977165635584
1227541741277892608
1227541598248062977
1227541565721075712
1227541534184222724
1227541320849248257
1227541308622942210
1227540760381284352
1227540587294883840
1227540322843914242
1227540284843659264
1227540279139295235
1227539357894094848
1227538836143706113
1227537840055242752
1227537277519138816
1227537112666451968
1227536977685352448
1227536873184268293
1227536811758620672
1227536512385941504
1227536329774264320
1227535825879080960
1227534661049413632
1227533638272737280
1227533365630423040
1227532447593615360
1227531395951726593
1227530636522655746
1227530548756779008
1227530333513367553
1227390767926149120
1227390644311621632
1227390610325344258
1227390574916861952
1227389880646262784
1227389816867885058
1227389636701347840
1227389635334197248
1227389521488175111
1227389482183405568
1227388710259503104
1227388514527920128
1227388448413188104
1227388443765944323
1227388427781451777
1227388341450104841
1227388174340689921
1227388168619675651
1227387572130918400
1227387114628608001
1227386942351904777
1227386734960230400
1227386552453599233
1227386493653704704
1227386312954482688
1227386282399035392
1227386002584588290
1227385915569405952
1227385913124302848
1227385714205216768
1227385617316818945
1227385566972563457
1227385361762050048
1227385181704802314
1227384957624102912
1227384948115591168
1227384792905342978
1227384453560971264
1227384275495981056
1227384264389484544
1227384029764255746
1227383898151276546
1227383878609825794
1227383702071713794
1227383384814628867
1227383330607333377
1227383155436355584
1227383113736540160
1227383001165766658
1227382939362553856
1227382936938393602
1227382447677067265
1227382368366784513
1227382335223451648
1227382195335069697
1227382161516433410
1227381953990709249
1227499297769308160
1227499195872903168
1227499095591272450
1227498537308475392
1227498068674637825
1227496864330612737
1227496002728280065
1227495977998700545
1227495924525494275
1227495564922642438
1227494740808986626
1227493981543493636
1227492203305398273
1227491437073199104
1227491351878520832
1227490144997007360
1227488814051934208
1227488673752465408
1227488473562611713
1227488297124917248
1227487882442616833
1227487821360852994
1227486590424866818
1227485664855445504
1227652617582661632
1227652440515895296
1227652012386476039
1227651891544371204
1227651806173552640
1227651617509429253
1227651315133767682
1227651044332707840
1227650443838398469
1227650381053906947
1227650334098673671
1227649636908834817
1227649213934100480
1227648490106286080
1227648299450105862
1227648029475237888
1227647600440029185
1227647132267507712
1227646844618125314
1227646492095188993
1227646160677982209
1227646117942366210
1227645635098292230
1227645404679815175
1227645320827428865
1227644876885356544
1227644863597989889
1227644857591660545
1227644511620386819
1227644146137124866
1227643799029133319
1227643560213741568
1227643075608137729
1227642870049497091
1227642868170448897
1227642621109178370
1227642199350894592
1227641912674394113
1227641559916654594
1227641459060432897
1227640996739059719
1227639392363302922
1227639243624919041
1227638702622543873
1227637917582938112
1227683042556203009
1227681959985500160
1227681954692157440
1227681773598806017
1227681649145417728
1227680984096743426
1227680977457074176
1227680691321700353
1227680126269362176
1227680091406123008
1227680039216570369
1227679644620554243
1227679328734994434
1227679208559738882
1227679194588553218
1227679053882314757
1227679050606444549
1227678886030454786
1227678801481605120
1227678766094221312
1227678654928429057
1227678523306979329
1227678328389341184
1227678269916549121
1227678050508328960
1227678029964566528
1227677896162127877
1227677519236620288
1227677350696873984
1227677253745696773
1227677036359057408
1227676908571308032
1227676750177538048
1227676740203556872
1227676597643288576
1227676412255055872
1227676408396251139
1227676372258213889
1227676236195024896
1227676225419829248
1227676148840247302
1227675961354784768
1227675791519109120
1227675779150073857
1227675728591966211
1227675397539737607
1227675029825114113
1227674589695631360
1227674388947984385
1227674111431675904
1227673570106576899
1227673319786319874
1227673171693752320
1227672905447858178
1227672853446787074
1227672803803041795
1227672779027369984
1227672462663569409
1227671985360187394
1227671810587664386
1227671752496631815
1227671210357485569
1227671193362276360
1227671174718640134
1227671056166588416
1227670740201328640
1227670360012853249
1227670253079089152
1227670243377602565
1227670065652346880
1227669844121849856
1227669816397455362
1227669432627056640
1227669248853458944
1227669034252034048
1227668972495134721
1227668715161956357
1227668668148076545
1227668572786352135
1227668516733669378
1227667993682960385
1227560166943547394
1227560040166383616
1227559307421548546
1227559224890228736
1227558880042983424
1227558714640621568
1227558517709721602
1227557963411460099
1227557552185135105
1227557228003106817
1227557118296850433
1227556931402960896
1227556140965195777
1227556129745408002
1227556102168072192
1227555818314387456
1227555614764695553
1227555531251908609
1227554501940391949
1227554051396689920
1227554039321317381
1227553953719648256
1227553152527978497
1227552974534332418
1227552935359516672
1227552561877700609
1227552506651324416
1227552310731182087
1227552225280524288
1227552223217016837
1227552123052838912
1227551879674109953
1227551846363025408
1227551597774987265
1227728810071777281
1227728702663823360
1227728637039980545
1227728426230059009
1227728295648731138
1227728196256198657
1227728014944931842
1227727216777342976
1227726877172867072
1227726718808526848
1227726705785294850
1227726562776231936
1227726523395739648
