1334510541990227968
1334510355691810821
1334510278231416833
1334509906678976517
1334509807034916865
1334509696254836736
1334509492990603266
1334509191642406916
1334509131546419202
1334509116560191491
1334508769049530374
1334508759620706304
1334508224905670659
1334508070764949506
1334507928221585409
1334507595814424576
1334507553733173249
1334507520514199554
1334507510137565185
1334507453543837700
1334507343762092036
1334507250417852419
1334507104363630592
1334507093135659015
1334507089398521857
1334506947513634817
1334506535163191299
1334506523435917321
1334506469522202624
1334506347958857729
1334506020526149632
1334505696147148806
1334505223558205441
1334505053248434176
1334504933245194241
1334504872310411265
1334504778391498757
1334504756157493249
1334504630521393156
1334504372387139587
1334504094942326792
1334503940830994432
1334503887835959297
1334503304391495681
1334503098518282242
1334502955974864896
1334502593096278016
1334502546719825921
1334502520987807745
1334502435453341698
1334502412816625665
1334502190631821312
1334502024151437312
1334501924989784064
1334501899463249927
1334501827178496001
1334501474257264642
1334501408331231233
1334501126260084737
1334501106337058817
1334500876648665090
1334500814711386118
1334500392743411712
1334500320114847748
1334500243308593155
1334499990673252352
1334499746162020354
1334499607909462018
1334499553865834498
1334499443849256960
1334499379219148803
1334498979422351360
1334498694385823748
1334498624831586306
1334498182320058368
1334498143740850177
1334498140490256385
1334497867373957120
1334497607113117698
1334497453652008960
1334496821692010496
1334496387594145798
1334495722562056193
1334433767730028544
1334433430591983616
1334433051624009729
1334432648274599936
1334432647255351297
1334432499234181122
1334432168161013761
1334432141183242240
1334431982110060544
1334430872393625601
1334430675567595520
1334430074347671553
1334430040415727617
1334429816574119936
1334429772005437440
1334429685896372225
1334429573749108736
1334428742513553414
1334428739912884224
1334428693771538432
1334428526515253255
1334428084179701772
1334427899923984384
1334427409123340294
1334427190113361920
1334427111663099905
1334426887603490818
1334426665326415876
1334426524867461120
1334426478713266177
1334426203512594435
1334425447808061440
1334425436617646084
1334424659110940672
1334424097741099008
1334423585209765889
1334423585067298816
1334423441051676672
1334423385233743872
1334423184355913728
1334423018265841665
1334422513883856897
1334422498729992192
1334422349660127238
1334422170353561602
1334421970969112577
1334421968507047939
1334421877066895360
1334421722183950336
1334421710913720322
1334421026533306368
1334420989619425281
1334420982275207169
1334420899097964546
1334420806756040707
1334420785541357569
1334420692935323649
1334420563801104384
1334420483765256193
1334420384247148544
1334420207822139394
1334420114117111809
1334420010421243906
1334419970709729283
1334419909015728128
1334419557872758785
1334419356072153088
1334419315500720128
1334419091642322944
1334418983735451658
1334418809625698306
1334464465576861697
1334464393845895168
1334464391845195779
1334464196373864448
1334464181463085056
1334463494524198913
1334463391046361089
1334463287526735873
1334463229611945984
1334463093334814720
1334462564013498368
1334462371885064193
1334462364222107651
1334462227156525057
1334462183032434695
1334462182734536706
1334462166544637955
1334461967155814400
1334461645611958273
1334461302782091266
1334461281009594369
1334461028642344960
1334460757128458240
1334460556380663810
1334460534461173761
1334460533966336000
1334460522016763905
1334460450151559169
1334460414361538566
1334460302029570050
1334460247612792833
1334460123734044673
1334459930137530368
1334459790001631233
1334459547621068801
1334459479358754816
1334459459175911425
1334459224324190209
1334459088667815936
1334458931419230208
1334458901497057282
1334458285026512902
1334457978129436672
1334457776828014593
1334457769563459584
1334457618119544835
1334457516714053633
1334457353052151810
1334457145358770176
1334456784199696385
1334456613726539776
1334456501709066241
1334456472353337345
1334456429256695809
1334456349011419136
1334456194300325888
1334455893916856322
1334455812958408705
1334455739096715265
1334455487899852800
1334455305619591170
1334455233712369667
1334455197578485760
1334455141450227712
1334454910792970240
1334454659940048898
1334454629044789248
1334454457334161409
1334454424962543616
1334454320553742338
1334454085152542721
1334454057143037952
1334453909524504579
1334453791626817539
1334453549162508291
1334453380211728387
1334453297927876609
1334453020738764800
1334452933296054273
1334452872583503878
1334452372429541378
1334452362883153920
1334452144322187264
1334451716352335872
1334451606016970753
1334451595749154818
1334451521161809925
1334451483438424065
1334450839759556609
1334450765277110273
1334450327672729600
1334450038827847680
1334449892639592450
1334449869902270465
1334449769163485186
1334617575641083904
1334617540585271297
1334617435693928450
1334617390169124866
1334617354458832897
1334616870461181952
1334616836726525953
1334616812558962688
1334616765586927621
1334616554755919873
1334616463169216512
1334616405883273217
1334616386312802304
1334616324132188163
1334616314346926080
1334616148470620160
1334615966026752003
1334615947831898113
1334615651684548608
1334615518917980162
1334615515386540032
1334615490673729537
1334615465956683778
1334615464761241605
1334615432787988480
1334615177556348929
1334615145268523009
1334615109742850051
1334614696830193667
1334614685333807104
1334614633064312834
1334614563044683779
1334614434275151872
1334614321922514945
1334613956439101441
1334613887975616513
1334613844900065280
1334613462815739913
1334613456536940547
1334613455010230274
1334613397363625989
1334613333895380993
1334612915912052736
1334612840855048200
1334612512826855429
1334612365837361152
1334612229392576512
1334612113059278849
1334611932364460033
1334611849346756612
1334611745244139522
1334611472677302274
1334611230779199492
1334611126311653378
1334611046133362695
1334610842327846913
1334610644813885441
1334610577319137280
1334610564623069187
1334610422012518403
1334610356694622210
1334610290848260097
1334610200838475779
1334610065249210368
1334610018759532546
1334609960496492552
1334609857966604288
1334609702102167552
1334609688659447816
1334609509789077509
1334609361092612102
1334608900688113665
1334608680000647169
1334608531241234432
1334608509640429569
1334608322796941314
1334607837801148417
1334607674101686272
1334607387022520326
1334607374603194374
1334607111603490817
1334607076082020353
1334606928622792708
1334606768098471940
1334606713476018183
1334606621566267394
1334606563080871936
1334606452401573889
1334606437092225024
1334606420340301825
1334606415525240837
1334606055322628096
1334605906479357955
1334605857380855811
1334605524638187520
1334605521312215042
1334605509924593664
1334605051541614593
1334604814429396992
1334604722699898882
1334604597067911170
1334604596346544134
1334604575031119873
1334604516440870913
1334603929481523205
1334603801521741824
1334603552942133264
1334603321198452737
1334603054646243337
1334602977449922561
1334602500519976964
1334648433601343491
1334648281880780801
1334648196803518466
1334648157234491393
1334648036547497984
1334647671819276292
1334647628961869833
1334647414230188033
1334646816730656770
1334646214588051461
1334646176721735685
1334646163044249608
1334646006852374529
1334645803600797697
1334645733354582018
1334645404109926400
1334645303916564481
1334645131778142212
1334645127843696640
1334645007265968128
1334644825946263553
1334644818744578052
1334644588443807748
1334644579929366531
1334644546647379968
1334644046963175424
1334643856403361793
1334643558503026688
1334643471953649664
1334643255846207498
1334643089147744256
1334643085905719299
1334642773652344836
1334642717507379202
1334642714835554305
1334642570748710920
1334642541703081987
1334641896799531011
1334641635515363330
1334641480607141897
1334641451842424833
1334641423124230144
1334641284670218240
1334640556719411201
1334640543406632962
1334640341979426816
1334640239416119296
1334640187058647043
1334640183443120128
1334640160399630342
1334640107215859712
1334640015641600002
1334639853909237760
1334639802126270466
1334639600594108416
1334639452304629764
1334639255180767232
1334639236968927232
1334638751142858754
1334638713037615104
1334638640966807554
1334638590194802688
1334638489518878723
1334638403397308417
1334638386418741250
1334638281846243329
1334638203618332672
1334638157891944448
1334637861304463365
1334637663190614016
1334637510828417028
1334637372336713730
1334637304053424130
1334637119847936002
1334636975622660097
1334636929279651840
1334636889446502400
1334636798807511041
1334636794436964352
1334636782017712128
1334636689860530179
1334636574882066432
1334636520268042248
1334636464836055048
1334636408267534338
1334636258874814465
1334636252453277696
1334636213437915141
1334636191317155851
1334636137097400322
1334635812827303936
1334635752551051264
1334635636251299842
1334635618589155331
1334635448803573762
1334635035387805696
1334634834405150721
1334634671431442438
1334634405298630658
1334634119335174145
1334634077459116032
1334633581189222401
1334296849159651330
1334296790737190915
1334296758453751808
1334296654057517059
1334296579683966977
1334296436184408071
1334296390831386624
1334296301098381312
1334296272916852737
1334296147276521475
1334295963377295360
1334295887804305410
1334295739338375168
1334295641745289217
1334295509876559872
1334295431933800453
1334295416771403776
1334295373016412161
1334295319710814209
1334295218254974984
1334295196129841155
1334295162621607936
1334295000818069504
1334294986003603457
1334294933444898816
1334294817661186055
1334294800582012929
1334294781367881728
1334294718746947586
1334294449267105802
1334294435321044994
1334294229787553794
1334294190080090115
1334294154776637444
1334294117761888258
1334293932860116992
1334293903458119685
1334293803583344642
1334293463743913985
1334293448988401665
1334293432194445312
1334292974293843969
1334292836133564418
1334292681393049611
1334292632386854914
1334291911818022912
1334291369452429313
1334291274841677825
1334291185314246656
1334290378216923136
1334290202928484355
1334290105897463808
1334290009772482562
1334289995130171392
1334289961802149890
1334289702988488705
1334289299487948801
1334288853021184002
1334288828346064899
1334288817671589889
1334288788030427136
1334288786491121666
1334288693268373507
1334288153822171136
1334288119462432768
1334288057504133121
1334288047291027461
1334287915682324483
1334287896652763136
1334287710446624768
1334287022991794178
1334287008253026306
1334286695710289920
1334286548578291714
1334286391476424709
1334286315014197248
1334495440281145344
1334495412397420547
1334495377253347329
1334495095098314752
1334494990001586179
1334494928827789313
1334494677483966464
1334494655203962882
1334494619787259904
1334494562744758273
1334494409245806592
1334494180102590466
1334494104298917891
1334494085848027139
1334493916771610625
1334493845648625665
1334493629549858818
1334493573400514560
1334493470736658433
1334493307829796864
1334493285377855489
1334493167278641152
1334493024127250432
1334492874390515712
1334492833751896065
1334492819642347521
1334492791242633217
1334492766294986754
1334492596090130432
1334492558811131904
1334492272398897152
1334491864309882882
1334491828100460545
1334491570381451268
1334491487120351234
1334491123335696385
1334490722263834627
1334490531766947844
1334490417845346304
1334490381707325445
1334490370797932544
1334490232427831300
1334490226840879104
1334489587092049920
1334489419773054976
1334489030290010117
1334488670997540865
1334488534103674880
1334488288267292679
1334488112639037440
1334487915523493889
1334487812368969728
1334487746749100032
1334487592360960000
1334487463901999104
1334487097953013762
1334486994852995073
1334486939194568704
1334486876888023042
1334486615037632513
1334486589519634437
1334486540513398791
1334486355385135104
1334486185444511744
1334485870985011202
1334485864643260419
1334485548883267586
1334485515194789890
1334485211401179140
1334485041045499904
1334484993737945088
1334484917456154626
1334484802536235009
1334484777580306433
1334484420833656833
1334484371219378178
1334484367482216449
1334484360888717312
1334484185650696192
1334484122018881537
1334484056726237185
1334483997594804231
1334483859589763072
1334483232738451457
1334483226862231563
1334482897064128513
1334482870652440578
1334482681673953282
1334482510881800193
1334482101429825536
1334481984811397121
1334481782771576834
1334481771304374273
1334481770524397568
1334481621936971776
1334481385176915969
1334481372329758720
1334480826373959680
1334480745172099079
1334586523468111877
1334586487564886016
1334586452672303104
1334586437568749571
1334586355196825606
1334586258794950658
1334586246048350208
1334586160140726273
1334586035158716418
1334586012924702721
1334586003797934080
1334585986144235525
1334585809194934272
1334585789058068480
1334585701090856963
1334585623982862338
1334585231106600965
1334585018736386050
1334584948129292288
1334584816671596544
1334584781753864192
1334584678322356225
1334584609204482048
1334584226788880387
1334584191661518850
1334584089215725571
1334584042759581696
1334584038791778305
1334584008274046977
1334583948823777280
1334583852929576960
1334583705143308289
1334583468098023427
1334583425379020802
1334583367032041473
1334583320160608258
1334583175322996738
1334583018628018177
1334583009408937984
1334582824691765248
1334582769129836546
1334582551906807810
1334582541534310406
1334582466414309378
1334581912132698112
1334581845242077192
1334581827244318723
1334581818952216577
1334581658452975620
1334581582015856640
1334581419566313473
1334581370086035456
1334581081631305728
1334580980905091073
1334580705515417600
1334580623902642178
1334580503303876609
1334580229096890369
1334580124897959936
1334579888083197952
1334579842248011776
1334579619585019913
1334579374323093506
1334579374067159041
1334579305033109510
1334579220018847755
1334579217158320128
1334579043572850691
1334578996630212614
1334578898751934465
1334578859715555328
1334578820070985728
1334578763187822595
1334578712575094789
1334578664969822215
1334578628286410754
1334578578051182595
1334578499324088325
1334578383024508929
1334578339915456512
1334578297938862080
1334578209728434178
1334578180213141506
1334578178493472772
1334578113058103296
1334578097283346440
1334578031763996672
1334577943830474758
1334577839304306692
1334577684890988546
1334577637545680907
1334577611603927041
1334577602762301448
1334577428929204224
1334577235257417731
1334577167829757952
1334576916657893376
1334576915131355144
1334576873704198144
1334576873024745472
1334576863247806466
1334576796227014667
1334576567838781445
1334576559236243458
1334576479712100352
1334576360501612545
1334576343607074819
1334576296723173383
1334576257997156353
1334576240083210242
1334576210072973313
1334576150136414209
1334576059455582211
1334575901200289795
1334575862092615688
1334575711231873024
1334575704902549504
1334575674695196672
1334575591585161216
1334575583821443074
1334575510848880641
1334575476048846852
1334575471707774977
1334575446516764675
1334575422223343616
1334575420960874504
1334575419929079811
1334575368964087810
1334575359895822336
1334575174339932162
1334575167150940168
1334575009445064705
1334574848345948162
1334574617789423618
1334574471630516224
1334574462558212096
1334574452315574272
1334573861896073220
1334573792711073792
1334573675689996290
1334573448358715397
1334573298802446336
1334573222210252804
1334573081822699525
1334573060289130496
1334572961416835075
1334572954110267402
1334572861420425223
1334572805380329472
1334572494196531200
1334572417147138049
1334572390299410432
1334572355293736963
1334572047758815232
1334572041689837569
1334571987335696385
1334571733530112001
1334571652772933638
1334571507062804482
1334480334247911425
1334479983335657473
1334479782684336134
1334479483093602304
1334479444464033792
1334479087562153986
1334479061930872832
1334479055001948161
1334478752127078400
1334478550100021249
1334478520748281857
1334478435360661505
1334478337696120833
1334478202518073344
1334478131495919616
1334477483345932289
1334476762269380609
1334476718380355584
1334476612666998785
1334476603859013632
1334476531620569090
1334476409234804744
1334475716965044228
1334475578477604866
1334475344070500353
1334475265699840005
1334475042290360320
1334474676706357248
1334474602718748672
1334474310988214273
1334474154050023424
1334474095044427777
1334474080846635009
1334473998311231488
1334473906158186496
1334473893986197504
1334473440447827968
1334473277998129152
1334473094539468804
1334473039338110977
1334472920459063296
1334472731757166598
1334472508729401346
1334472490362556417
1334472229413736452
1334472001801478144
1334472001788919808
1334471789267853313
1334471454960848896
1334471437613223937
1334471193555038208
1334471177910161408
1334470861978443776
1334470826163376128
1334470727488114698
1334470531450609664
1334470326147694593
1334470322293239808
1334470266760679425
1334470226256203779
1334469878988894208
1334469816598622208
1334469402650177536
1334468803883905032
1334468785126973440
1334468751119560704
1334468477810307073
1334468173748269063
1334467635178778625
1334467452885983232
1334467351400550401
1334467332324921351
1334467074614149121
1334466690948636673
1334466613224091650
1334466527899365379
1334466451579826178
1334466222713344001
1334466191738490881
1334465967859109891
1334465759695826945
1334465713587687425
1334465622693056514
1334465400503820290
1334448989245157377
1334448885570277377
1334448841928617984
1334448700173807619
1334448176577785856
1334447679909191680
1334447515018670082
1334447479249534976
1334447317156507649
1334447170896977920
1334446496310288386
1334446397010161664
1334445838215614464
1334445724445118465
1334445359884611584
1334445336945971200
1334445111573442560
1334445021110657024
1334444808144752640
1334444580008292352
1334444420264062978
1334444242614284289
1334443845241757696
1334442414581440518
1334442346486910977
1334441175261077504
1334441171536519168
1334441011922284544
1334440614591651841
1334440444952981504
1334440121483968512
1334438827818102786
1334438309431545857
1334438055445458944
1334437814969061383
1334437568482476033
1334436911176355840
1334436699229704194
1334436477107900419
1334436473148502016
1334436188917293056
1334435922599956480
1334435531040694272
1334434745338523649
1334434170706268160
1334434048240979968
1334556130752643072
1334556035428868099
1334555960908673025
1334555928453140481
1334555907817152519
1334555893434900484
1334555854822137857
1334555806281437185
1334555798362447872
1334555763864432640
1334555749490565120
1334555631227990016
1334555449316704256
1334555442849124353
1334555363694292994
1334555321046544384
1334555265832804354
1334555136769847298
1334554955475247109
1334554749622947843
1334554702076383233
1334554694237216771
1334554596195278850
1334554557020590080
1334554494257029120
1334554493967593483
1334554429983481860
1334554425193623554
1334554312484270080
1334554287003713538
1334554189855223808
1334553966600925184
1334553831368232962
1334553659473076225
1334553587012284416
1334553583472308225
1334553466602221568
1334553298700013570
1334553046181941254
1334552992830263296
1334552948928606209
1334552935473295361
1334552817651101696
1334552804229328897
1334552774474928129
1334552697639407617
1334552656082300930
1334552589464170496
1334552366125871104
1334552360182571008
1334552337210339331
1334552330541346817
1334552144284950530
1334552031160381442
1334551974931468295
1334551853607084032
1334551765560287236
1334551704096960514
1334551594336182278
1334551502266970115
1334551244136964096
1334551214093119491
1334551163010568192
1334551111504637955
1334550873893122049
1334550852401569795
1334550670733680643
1334550527980544001
1334550461228199938
1334550350167232513
1334550203404312576
1334550180591525888
1334549948302569477
1334549947518251008
1334549845613236224
1334549829129801732
1334549766320119812
1334549728537829377
1334549480125976576
1334549387381362695
1334549308285259778
1334549241830780928
1334549139422650370
1334549009508098050
1334548978419998720
1334548968035012625
1334548869099778051
1334548829019009030
1334548778293063688
1334548654309437441
1334548489267793922
1334548449098948608
1334548342139990017
1334548275710447616
1334548259352834055
1334548241329754112
1334548087000485891
1334548041978798081
1334547983925452803
1334547968616108035
1334547827452731392
1334547791050276864
1334547778777698304
1334547760155136000
1334547759177797633
1334547713199751168
1334547683030278147
1334547608883355650
1334547475877728258
1334547468122468359
1334547357585829889
1334547158591287300
1334547095676735488
1334547079025324035
1334547023555649539
1334546725197975555
1334546593182326784
1334546407064301568
1334546331176558592
1334546286062804992
1334546197512646662
1334546159889571847
1334545970420441093
1334545949994135554
1334545656040525827
1334545381728923649
1334545337030225920
1334545005927493633
1334544888189358082
1334544833969606657
1334544650854690822
1334544637873311746
1334544533598695426
1334544446726283267
1334544395023081475
1334543992340484097
1334543986762059777
1334543905962881025
1334543877915762692
1334543857678225411
1334543823016431616
1334543768079409156
1334543693186011141
1334543524562411521
1334543488474550275
1334543479071010816
1334543255468388357
1334543216155250691
1334543023162728448
1334542976693858307
1334542862327967744
1334542809248874496
1334542757113819139
1334542648393216002
1334542322306961410
1334542307358617603
1334542114915573764
1334542007818219521
1334541815555375104
1334541694264516608
1334541485417652226
1334541375589715968
1334541185755602947
1334541160300285957
1334358020822867968
1334357768967397376
1334357237238796288
1334357080682192896
1334356895310569472
1334356763727040514
1334356643920760833
1334356298687660032
1334356019967897600
1334355739603681280
1334355513648295937
1334355473659617280
1334355469197053953
1334355350909116420
1334355240221433856
1334355014207287297
1334354959345852417
1334354620542377987
1334354401591353344
1334354202043158528
1334353909570134023
1334353751490973702
1334353640060985344
1334353291074019330
1334353258584952833
1334352928467980289
1334352837224980483
1334352787069497344
1334352586812645376
1334352520416808962
1334352188009668608
1334352084452462593
1334352027883868161
1334351851693760513
1334351124845875200
1334350751359971328
1334350587647975424
1334350559265120256
1334349887828340736
1334349755695042562
1334349563633799169
1334349201837330432
1334348826761719810
1334348493058609152
1334348049691369474
1334348039880839169
1334347591966928896
1334347561889456128
1334347324332523524
1334346931791949829
1334346603428261889
1334345835702865921
1334345792367243264
1334345436136665088
1334345252610727937
1334345181588566019
1334345015628161025
1334344787105820677
1334344567794130944
1334344374428307456
1334344296984670209
1334344062569050116
1334343077658497025
1334343042132815872
1334403449182543872
1334403150359441408
1334402722557284354
1334402636574052356
1334402039493718019
1334401847495446529
1334400925801336832
1334400808452988928
1334400645516972034
1334400527703166976
1334399936729817089
1334399792609439744
1334399350403948549
1334399282846330881
1334399158556483584
1334399094048100353
1334399073277911041
1334398952834277377
1334397830899838976
1334397633197117440
1334397074239066112
1334397059487707136
1334397023500591107
1334396671891935233
1334396638710915073
1334396361811386368
1334396284892045313
1334396218538139648
1334396119783251969
1334396006268624896
1334395909266878464
1334395653976444928
1334395573575835648
1334395503379931139
1334395477052203008
1334395404377612288
1334395178019414016
1334395111208312835
1334394936125493248
1334394867296980995
1334394839895597059
1334394724606750720
1334394716385931264
1334394640989118464
1334394576447139840
1334394440602054657
1334393909900873729
1334393878393180161
1334393349969760256
1334393315404492801
1334393056792023040
1334393014010191872
1334392919503978496
1334392878265753600
1334392581233500161
1334392457019219968
1334392308557557762
1334391875608997890
1334391675192532992
1334391561157828609
1334390914114994177
1334390455505600608
1334390445133230082
1334390258146930688
1334390160646135808
1334390158716788737
1334390042349989888
1334389218227924993
1334388875817439232
1334388491808075776
1334388340603359232
1334388272966066176
1334388238329540611
1334388200740184065
1334388188467572736
1334388175192645632
1334388160298692608
1334388144263852037
1334388136923820034
1334388128166125569
1334388114878586880
1334388039091707905
1334388014487891970
1334388004744540160
1334387998776053761
1334387986335748096
1334387937266593793
1334387922980773890
1334387906232934400
1334387863597756417
1334387847093051393
1334387822850093056
1334387800171565057
1334387786678415360
1334387771910336512
1334387759293796352
1334387746270482433
1334387731410128896
1334387731087101952
1334387711260692480
1334387694315692034
1334387691232894978
1334387679442690048
1334387662606770176
1334387649054961669
1334387621074771968
1334387564824948743
1334387503768416258
1334387490376048641
1334387477604347906
1334387466732785664
1334387465545789442
1334387448785342464
1334387431836180480
1334387414173954048
1334387399628124161
1334387387649015808
1334387374684561409
1334387357051740161
1334387344691109889
1334387331877527553
1334387317675610115
1334387303884713985
1334387288768471040
1334387275279503360
1334387259932602371
1334387108757327876
1334387070366728192
1334387054688563206
1334386381481799680
1334386078690717699
1334385591962783745
1334385357006245889
1334385207424798720
1334384743069126659
1334384602102681601
1334384546301812738
1334384521463074816
1334384491431927810
1334384192973631490
1334384051604529155
1334383813636534276
1334383595453116417
1334382118743498754
1334382072480342017
1334381625317191680
1334381475542786049
1334381364402073600
1334381348820307969
1334381209455976448
1334381132314501121
1334381060210233345
1334381058310213632
1334381032221523969
1334380940999729152
1334380395975094272
1334379931262996481
1334379804800544769
1334379669290938369
1334379536759336961
1334379512939757568
1334379503892586496
1334379410435305472
1334379350850940928
1334379219628011521
1334379007752556544
1334378885195198465
1334378247526690816
1334378193567035397
1334378184591159299
1334378141121437696
1334378098251288576
1334378040219021312
1334377112179003393
1334377070001057792
1334376851607793667
1334376718564515840
1334376600989696000
1334376315957506051
1334376040056168449
1334375963119927296
1334375803191169024
1334375742721945600
1334375127685980160
1334375121348415493
1334374693898481664
1334374619680280578
1334374455854985216
1334541019572961281
1334541014506332162
1334540903550251008
1334540767273115650
1334540758989225984
1334540748327428097
1334540331312963588
1334540223561261056
1334540179357446144
1334540095349792769
1334540060142624768
1334539961069080587
1334539847688708097
1334539523548721161
1334539501969039360
1334539315708358658
1334539299384135681
1334539263275315201
1334539103975649280
1334538859393105920
1334538768569802754
1334538740199526405
1334538649199894533
1334538510364258307
1334538266272555011
1334537986294288385
1334537950533738502
1334537811421179904
1334537757402730500
1334537601764757504
1334537514519031809
1334537451176603652
1334537087400480769
1334536985856368640
1334536888582025224
1334536816649711617
1334536801386684420
1334536789239992320
1334536717848731648
1334536608662564871
1334536440382976006
1334536434116648960
1334536425119899649
1334536343339245569
1334536238066503681
1334536205069938690
1334536035238354944
1334535976547352577
1334535727321808896
1334535540515999745
1334535493799849987
1334535141000171520
1334535070363901957
1334534996497928193
1334534967058173953
1334534648173481984
1334534361656463368
1334534274637246464
1334534047876440065
1334533825888739330
1334533756166795275
1334533464775925763
1334533308017991684
1334533274811691008
1334533023962902528
1334532675726618626
1334532058786508804
1334531947301904385
1334531887814103041
1334531665448714240
1334531651674791938
1334531630753574915
1334531507696922624
1334531330445553665
1334531081740148736
1334530999489847299
1334530915536695296
1334530743826067456
1334530600242307072
1334530416808775680
1334530136566280194
1334530100784746500
1334529865094197248
1334529660047273988
1334529402240192512
1334529375119822851
1334529171129847816
1334529133590745090
1334528973737488384
1334528928137011209
1334528828442619905
1334528443095068674
1334528346894585861
1334528099644542976
1334527994103263236
1334527561817317377
1334527347341463555
1334526818737680384
1334526433222414336
1334526403581272066
1334526397352710146
1334526260475801602
1334526128774672386
1334525986336104448
1334342633242718210
1334342230493061120
1334342117959692289
1334342109487394816
1334341928406589440
1334341735502159883
1334341537694539776
1334341468471906306
1334341349823266816
1334341302087925769
1334341227177762819
1334340867080019970
1334340857533767681
1334340808397426689
1334340804303855616
1334340718882525184
1334340641380294656
1334340189343379456
1334340095298584577
1334339951530565633
1334339897793122304
1334339757313155072
1334339621417852928
1334339587032842242
1334339546796990466
1334339419944476674
1334339358422396928
1334338976052875272
1334338278649196545
1334338149066031107
1334337970346864640
1334337917985165312
1334337826389979139
1334337747868286976
1334337191296856066
1334337137022472194
1334337059625037824
1334336536213508100
1334336120306475008
1334335737534230529
1334335678574854145
1334335501046779907
1334335442381139970
1334335327092178945
1334335126562615296
1334334661938515969
1334334622700875777
1334334406333505541
1334334094415720448
1334333872599781383
1334333598464237568
1334333461558124546
1334333355488391168
1334333307450843137
1334332822602002432
1334332795125002241
1334332537641033729
1334332097864085504
1334332006545694721
1334331609412210695
1334331489559994369
1334331465987805184
1334331430328037382
1334331425705832449
1334331244251897858
1334331222588317696
1334331213000175619
1334330882698559489
1334330849903448065
1334330733993791494
1334330679463727105
1334330563466063872
1334330501243527170
1334330500761210880
1334330246179549187
1334330140038475777
1334330132643930114
1334330130555138052
1334330023415865346
1334329712924110850
1334329603192569858
1334329565339136000
1334329528261505026
1334329412809060360
1334328837941977088
1334328482604650501
1334328334176690176
1334327760228114433
1334327716049346563
1334418662573416448
1334418244917084161
1334418190722592768
1334417347013210113
1334416970020777985
1334416628747018240
1334416617455804418
1334416506390765570
1334416200734973952
1334415961646985216
1334415848367386625
1334415770332217344
1334415269603627011
1334414887825547264
1334414528159903745
1334414242666180612
1334413830135422977
1334413587968892928
1334413372473835521
1334412686076092417
1334412279002042370
1334412240641024003
1334412233342914560
1334411692047020033
1334411615848988673
1334411274298380288
1334410695878848513
1334410695815782402
1334410480081887232
1334410365308989441
1334410352130314240
1334409951683305472
1334409901712486400
1334409771865280513
1334409565044154371
1334409559163641856
1334409460803112962
1334409392654077953
1334409029544783877
1334409016726802432
1334408850536083456
1334408296921493505
1334408178101088256
1334407524074872833
1334407476087836672
1334407415014502401
1334407136319827968
1334407109933338624
1334406646379016192
1334406359983546368
1334406302257324032
1334406291633168391
1334405693336596480
1334405644129099777
1334405221720723459
1334405214955331584
1334405062551080960
1334405001276493824
1334404976349642752
1334404696254066689
1334404626288955395
1334404189531717632
1334403761473789953
1334601792475291650
1334601743364026368
1334601707238510592
1334601542889041923
1334601455479582721
1334601334029479936
1334601296041574400
1334601160926302209
1334600897670893569
1334600822127288320
1334600652975190017
1334600373324156929
1334600257515220992
1334600185020870658
1334600180277112854
1334600114569154563
1334600008419725315
1334599718941257729
1334599596442578955
1334599486400761860
1334599436044005376
1334599176680841222
1334599121538322433
1334599045680132114
1334598718033686530
1334598655496613888
1334598611712274433
1334598558696288256
1334598241992790020
1334597972412297216
1334597936420937730
1334597904061894659
1334597876387885065
1334597828375699456
1334597760679632900
1334597728417034244
1334597721278328837
1334597700466200577
1334597670405599236
1334597233791168512
1334597037115969536
1334596932577083397
1334596869025042432
1334596844874313739
1334596832526282763
1334596484025610240
1334596476840910851
1334596191082856448
1334596154823225354
1334596017019379715
1334595986958770176
1334595953714671620
1334595903361933312
1334595897016143878
1334595750081277960
1334595747136716800
1334595742116294667
1334595599291789313
1334595549123657728
1334595460728827914
1334595329094791176
1334595159372263424
1334595146143371268
1334594744605937668
1334594640041947154
1334594580386373633
1334594546131460103
1334594466355810304
1334594458000773121
1334594013454884865
1334593974682726408
1334593973462110209
1334593965434126336
1334593934002106374
1334593808726626304
1334593494602670080
1334593389506015241
1334593375387848704
1334593138036514819
1334592884440510469
1334592793713520659
1334592746938568706
1334592701644345345
1334592601757011973
1334592597348802561
1334592337696104453
1334592337310257154
1334592316661772297
1334592298764611585
1334592275775696907
1334592204250226688
1334592090366488577
1334592050508017670
1334592012276797440
1334591947042824194
1334591859847548928
1334591780868812801
1334591587838521344
1334591490975297538
1334591415960043520
1334591148225130496
1334591030415519746
1334591023431946241
1334590766698606592
1334590761527103488
1334590596967698435
1334590555804770305
1334590516177068038
1334590438880276483
1334590426435776528
1334590380214464513
1334590299088154624
1334590207824441348
1334590089062731783
1334590055118036992
1334590033572077569
1334590007915458562
1334589983580188679
1334589780290654213
1334589561113096193
1334589513449009153
1334589490648784897
1334589402656325634
1334589336717832200
1334589303951945737
1334589160544477186
1334589155184177152
1334589025106202624
1334588934345539584
1334588930382065665
1334588921834074114
1334588801616756736
1334588787611996160
1334588776916676617
1334588762320474112
1334588756482019328
1334588728988200961
1334588694951387138
1334588658691805184
1334588624780881923
1334588513485017091
1334588399714529280
1334588372044541953
1334588348560777218
1334588243384430596
1334587703405514752
1334587686896754691
1334587580961132546
1334587521116884992
1334587372831436802
1334587357736153088
1334587345622982656
1334587336735289348
1334587327306469381
1334587310185320451
1334587229046362114
1334587113413677059
1334587081188802561
1334587076650684416
1334586963438002178
1334586857250828289
1334586804704403458
1334571326326104066
1334571044326305794
1334570890722467846
1334570825345744897
1334570823345201153
1334570688322134016
1334570668508258304
1334570537528532997
1334570430624051201
1334570370557423618
1334570234569584641
1334570105502576642
1334569859942854668
1334569798492106752
1334569773980585985
1334569601213079552
1334569526088904707
1334569469709066243
1334569359692476417
1334568952563965952
1334568884263763968
1334568868438659072
1334568805205483522
1334568793671077890
1334568441202675713
1334568424337510411
1334568396235493376
1334568103578136577
1334567860639830023
1334567796785770500
1334567684336390147
1334567679282339844
1334567566992420865
1334567440752259076
1334567067022991362
1334566927767908356
1334566757680500736
1334566728400052225
1334566165847437312
1334566099141210112
1334566018094600196
1334565918622568448
1334565524651565061
1334565523439357954
1334565398788919296
1334565306388385793
1334564966372954119
1334564958575726594
1334564864946278400
1334564797883543553
1334564691474063361
1334564570262876163
1334564076995956737
1334563918014984194
1334563912407248897
1334563853842133001
1334563681141710851
1334563645796339716
1334563632835923971
1334563495841554432
1334563184292884481
1334563084963356675
1334562963479539712
1334562769442656258
1334562762253545474
1334562628832813059
1334562590522007556
1334562433923510276
1334562348959338496
1334562342470873092
1334562278897819648
1334562174895796231
1334562101185003523
1334561966816260096
1334561826995130370
1334561695109443585
1334561650645618688
1334561549281714176
1334561380196880384
1334561344381726720
1334561287414702081
1334561286466596864
1334561255789637632
1334561227008135168
1334560999081447424
1334560852754583552
1334560841182683137
1334560816658575360
1334560709976453121
1334560683392970754
1334560529776599040
1334559851737968645
1334559744271347713
1334559642995736576
1334559531301556232
1334559409603657729
1334559323306020871
1334559143445680129
1334559086868910086
1334558872204402693
1334558820471803905
1334558798606966793
1334558776469446656
1334558742193573893
1334558696521805824
1334558487892938754
1334558214063616000
1334558124301234176
1334558088653901830
1334558065060950022
1334557964905091074
1334557927559016454
1334557883875397633
1334557804204609537
1334557800945627136
1334557607596527620
1334557562914615299
1334557472183496704
1334557269007196161
1334557265886633986
1334557199809589249
1334557168461357061
1334557047619264512
1334556977670840329
1334556976852963341
1334556956145627137
1334556945316012034
1334556923656593410
1334556823995645952
1334556748854796289
1334556454897012740
1334556444969013248
1334556421422198784
1334556364992094209
1334373182841602048
1334373055745945600
1334372407293972482
1334371983383875584
1334371403869511683
1334371344281026561
1334371281156907009
1334370699385872386
1334370589306281985
1334370509316894726
1334370466266431490
1334370412193525760
1334370302558679041
1334370172694634502
1334369978091327489
1334369580052045824
1334369410266648576
1334369362426421248
1334368487029022723
1334368470205485057
1334368377570271233
1334368194555904001
1334367851709308928
1334367695446347776
1334367494992240641
1334367266033594368
1334367174622908416
1334366942350684160
1334366876403568640
1334366851111927808
1334366645188378624
1334365944169152513
1334365263131623426
1334365037146894336
1334364691389411329
1334364555858743296
1334364294113161217
1334364270386003968
1334364132334841863
1334363903673982977
1334363876159315968
1334363728561778688
1334363663642341377
1334363506271989762
1334363503423934464
1334363447274967040
1334363263384104960
1334363025470418945
1334362854753878017
1334362788534226944
1334362649509838849
1334362185460432896
1334361971760771072
1334361730030374912
1334361578515300352
1334361446734573569
1334361294393118720
1334361162943762432
1334360856574844934
1334359461859889158
1334358942713962496
1334358759586533376
1334358426441355266
1334358235201953792
1334358131275681794
1334358102334959617
1334311989796016128
1334311933760184321
1334311712389025793
1334310791433031682
1334310404613410818
1334310310216339458
1334310280742928385
1334310156524466182
1334309965763325953
1334309916627103749
1334309855864164352
1334309818392334338
1334309188412067843
1334309056987627522
1334308746772836352
1334308425895907329
1334308307239112704
1334308265191239680
1334308214381436929
1334308205040726018
1334308041941000198
1334307894276272128
1334307701426278400
1334307692345778176
1334307627615051778
1334307474866728960
1334307447146754050
1334307352728772608
1334307305488257024
1334307210277502977
1334307052911534080
1334307048322985984
1334306977036591104
1334306801802735617
1334306674086035457
1334306596470599681
1334306561498501121
1334306508700577793
1334306504715984901
1334306289376260096
1334306237282971650
1334306004394274818
1334305924543082496
1334305876606398464
1334305868783861761
1334305866590298112
1334305659504955392
1334305439337496577
1334305377307987968
1334305159539617794
1334305126056648712
1334305022473981956
1334304738997907456
1334304077870723074
1334303961235517441
1334303938565132289
1334303605222944772
1334303568959074305
1334303382979420160
1334303116427190272
1334302977285365762
1334302895253069825
1334302850135060480
1334302703216947210
1334302550909218819
1334302427319824384
1334302393970855937
1334302172939513856
1334301851865542659
1334301717404536838
1334301441587023873
1334301336469442560
1334301261169123328
1334301219402215424
1334301173973569537
1334300971644538882
1334300936945229827
1334300862294929408
1334300734666534913
1334300623127232512
1334300552130400262
1334300228963405825
1334299939455774721
1334299933931933697
1334299912826187777
1334299474584334336
1334299449867190276
1334299321622294530
1334298987315286017
1334298535626481664
1334297882451644417
1334297818983329792
1334297687504654337
1334297591027265541
1334297544789209089
1334297406838513664
1334297365738610689
1334297204182409216
1334297184209149955
1334297013907845122
1334297013375025153
1334525798871523330
1334525785663791104
1334525551231557635
1334525269072351235
1334525060946780165
1334524725498810372
1334524609656459266
1334524445810188289
1334524438658904066
1334524237428772868
1334524169787215872
1334523984021508096
1334523936579571714
1334523710338785282
1334523478746296321
1334523464733118465
1334523274747756546
1334523148268662784
1334523123698462721
1334523080161554433
1334523031977226241
1334522871130054656
1334522805094768641
1334522625511526400
1334522293364645890
1334522215786631170
1334521666270060547
1334521240409812997
1334520978215481345
1334520806827827204
1334520772623265794
1334520728314634240
1334520582243840001
1334520515218857985
1334520389460963328
1334520158958841856
1334519551812317185
1334519543448920064
1334519488444682241
1334519391862591491
1334519192456990722
1334518732664811523
1334518731406536705
1334518594655416320
1334518342841982983
1334517498620899328
1334517096156377090
1334516918250856452
1334516510128287748
1334516460362854400
1334516356163702789
1334516161082515459
1334515714863095811
1334515712996618242
1334515497094815745
1334515484637732865
1334515451963953152
1334515201195073541
1334514976652922881
1334514856221880320
1334514829445509127
1334514721391783936
1334514618648174602
1334514572376612868
1334514415853592577
1334514336837099524
1334514298748620801
1334514254888701961
1334514253504667652
1334513700905082883
1334513695788036101
1334513658328731654
1334513540221308930
1334513413205217286
1334513391021514754
1334513330271170561
1334513290920267781
1334513245282066432
1334513046916640769
1334512673279586319
1334512507780820996
1334512119711211521
1334511960717746183
1334511828114739202
1334510989967040513
1334510977941987330
1334510856508493825
1334510793040285698
1334510791161163778
1334632733176340481
1334632653358845952
1334632592273010688
1334632226445815815
1334631571060559873
1334631563401650178
1334631371785048072
1334631352789053443
1334631346505838595
1334631343960043520
1334631320887111687
1334631058030141440
1334631022739255298
1334630871278751745
1334630773455020040
1334630761656446976
1334630649731301376
1334630597826768896
1334630567359418368
1334630392805154840
1334630351898095618
1334630333086633985
1334630284743020547
1334630096121061376
1334630080971235330
1334630044371726339
1334629935772807169
1334629868676460545
1334629791866220548
1334629729937334273
1334629611880271875
1334629599490281476
1334629496062930946
1334629283839545346
1334629263774019588
1334628725674168320
1334628620640399361
1334628352536219650
1334628309225902086
1334628155068444677
1334628115444805637
1334628044523397122
1334627956069687297
1334627786141564928
1334627714561683458
1334627632193941504
1334627620089163776
1334627568838905857
1334627483581288449
1334627468771270656
1334627268069646341
1334627063702155264
1334626953962409988
1334626864527257608
1334626863591817217
1334626809816739840
1334626698617364482
1334626605981966336
1334626580321153027
1334626525128380418
1334626335835254787
1334626026014601219
1334626005034692608
1334625984440659969
1334625777250426880
1334625192488951813
1334625090059833344
1334624983419654144
1334624756251979777
1334624710714331140
1334624615419744259
1334624226343579648
1334624030956011521
1334623849862795264
1334623736658538497
1334623649136041985
1334623525269856264
1334623360211431426
1334623356528840708
1334623316188008449
1334622850217615362
1334622719837679617
1334622670755860481
1334622656763731973
1334622613881098245
1334622591915581443
1334622521069608964
1334622498307022849
1334622415985504256
1334622388093399041
1334622313724194822
1334622296644984834
1334622257243631619
1334622223378870275
1334622028343730178
1334621883455729665
1334621677028839425
1334621672478027776
1334621520342228992
1334621210001494018
1334620882145308673
1334620657603186692
1334620627404271620
1334620508613177347
1334620456616341509
1334620392166727683
1334620149677223937
1334620048430948356
1334619917543469058
1334619842415112192
1334619833678311427
1334619666417741826
1334619628358733827
1334619513162182661
1334619420845629443
1334619409227407363
1334619381171712001
1334619336464601088
1334619250854604806
1334619250795962369
1334619229191069697
1334619141102325762
1334619049586814985
1334618921287077888
1334618864705998848
1334618791012167681
1334618758049112064
1334618480717414401
1334618403445891072
1334618298210783233
1334618264002027520
1334618084137562113
1334617837508280326
1334617673297256454
1334617651696590848
1334327503352193024
1334327455725699072
1334327436629032961
1334327078842404867
1334326895320702981
1334326773555879938
1334326679510994944
1334326636053819393
1334326518034653185
1334326421020434433
1334326345422270464
1334326320197722113
1334325851861766144
1334325644629430274
1334325617098190849
1334325540136787968
1334325429575036930
1334325391285108736
1334324977114472449
1334324892280373248
1334324483415486465
1334324475328913411
1334324443032727556
1334324352934793216
1334324272265912320
1334324230327070721
1334323743418535936
1334323148301406210
1334322561761435649
1334322548310376449
1334322547404357633
1334322414004613120
1334322363781898243
1334322310015225857
1334322287860977664
1334322264964263936
1334322264427425793
1334322210924679168
1334322184907440129
1334321800642252801
1334321744748933120
1334321645239087105
1334321525210697735
1334321445200162816
1334321359149797377
1334321297241812993
1334321182737195010
1334320970677407753
1334320768918806528
1334320707245846528
1334320546838941699
1334320454555885568
1334320393889452034
1334320046420742144
1334319965537665024
1334319761711357952
1334319614852014080
1334318718130614275
1334318563902050305
1334318528091090945
1334318248851103751
1334318188885000192
1334317967929192448
1334317932147396609
1334316833516777476
1334316787052257281
1334316115212857348
1334316109940527105
1334316060389019650
1334315952096169985
1334315878838517760
1334315825558327298
1334315471307501568
1334315334065590272
1334315310460121088
1334315310137171969
1334315053915389952
1334314787895869444
1334314579019649024
1334314125485203457
1334313951174090752
1334313783158829056
1334313235479228416
1334313143414218753
1334313032436994050
1334312794808868865
1334312685928927236
1334312632678027265
1334312547558809600
