1341156459019718658
1341156238780981251
1341156223891111937
1341156196334579713
1341156104718446595
1341155931443347457
1341155789797347330
1341154925858865152
1341154882196127745
1341154582655868929
1341154523176292353
1341154508928389120
1341153863055892480
1341153699595513863
1341153515587186688
1341152790056472578
1341152648905547777
1341152540927414272
1341152307732488195
1341152093126578176
1341151682709909515
1341151060958834700
1341150932835418113
1341150868515667969
1341150836907536388
1341150696486432770
1341150297222246401
1341150247712600064
1341149130610122752
1341148484234342407
1341148038325219328
1341148011372683265
1341147981559590913
1341147810146742280
1341147804706729984
1341147684170821638
1341147484014346241
1341147357816238082
1341147126701682688
1341146862288515076
1341146541038444546
1341145907287502851
1341144767892246530
1341144466749411328
1341144331533611008
1341144298100649984
1341144262801502210
1341144215342858240
1341144132115451905
1341143380777156611
1341143112530317312
1341143049582329860
1341143030980636676
1341142604747059206
1341142075635429377
1341142051790925829
1341141968789843969
1341141857653428225
1341141854591606784
1341141630406062081
1341141569487974401
1341141529763581953
1340957629745684486
1340957281127677952
1340956840977317888
1340956728595275777
1340955912303833089
1340955878195945473
1340955735572660228
1340955340771364872
1340954588967362560
1340954266786291720
1340953538126594049
1340953530581069827
1340953000295223300
1340952966765932545
1340952748376862721
1340951911302754305
1340951820449943552
1340951504480571393
1340951339510104064
1340951263807234049
1340950083853021185
1340950044573388801
1340949017287639041
1340948717533155329
1340948549719080961
1340948490730520580
1340948106620395520
1340947781456957440
1340947780462899200
1340947778852237313
1340947196095676417
1340946811796787202
1340946633467588611
1340946420375891968
1340946418266042368
1340946340591747077
1340946187688525825
1340946171221725184
1340946037331079168
1340945053854920705
1340944947655094272
1340944610227605505
1340944201597419521
1340943805651017730
1340943696766906370
1340943663933886464
1340943186852597762
1340943138949611520
1340942811387072512
1340942600405213184
1340942597104173056
1341049342367576067
1341048334723796993
1341048286132772866
1341048175230996480
1341047339562242049
1341047054475423747
1341047023118680065
1341046814192099331
1341046610063667202
1341046418153345024
1341046383394996224
1341045980716785666
1341045717834608640
1341045355337687044
1341045224236326912
1341044667970957313
1341044525784068097
1341044460449357824
1341044396058394635
1341044350827020290
1341044174460776451
1341044092231409664
1341043951441240066
1341043925017047041
1341043809996685313
1341043806934872065
1341043697371275264
1341043528516956160
1341042833046855682
1341042819109183490
1341042808652754944
1341042741833314307
1341042482243629063
1341042443148554240
1341042345450594304
1341042027035840518
1341041930973704193
1341041456400592896
1341041116968194050
1341041032897683456
1341040858045542405
1341040555736899587
1341040555367776257
1341040298059829253
1341039952344326152
1341039944995909632
1341039839723053069
1341039200334991361
1341039186934198272
1341038941626015746
1341038935108177923
1341038644862304257
1341038601157496833
1341038584162217984
1341038501438091265
1341038326615334912
1341037981315031040
1341037735658856448
1341037659968434176
1341037325598470153
1341037084497342465
1341036902804316169
1341036196286369794
1341036159317774338
1341036138509832195
1341035997426032642
1341035432788824066
1341035241956397059
1341034547924922369
1341034309776531456
1340849308317470720
1340849181389443072
1340848199230230530
1340848146994188288
1340847888306483203
1340847685394423808
1340846953987489793
1340846946509008896
1340846789226881030
1340846756515471361
1340846574772076544
1340846208080699393
1340845688544927746
1340845584299659264
1340845474794844160
1340845245613760513
1340845207516921857
1340844802854686720
1340844669765365760
1340844640203890689
1340844358543806465
1340844233847152641
1340843808951562242
1340843660401922049
1340842785319002112
1340842307340423168
1340842172317396993
1340841671441981441
1340841427568381952
1340841386669559808
1340841384048267267
1340840785814515719
1340840121743142916
1340839589859258375
1340839072080797697
1340838459594969092
1340838289885065218
1340837544402018307
1340837299983040512
1340837290944315392
1340837080864272384
1340836288262406144
1340836184143093761
1340835603949125632
1340835438152466432
1340834710986125316
1340834582699122688
1341125361434673152
1341125355365494784
1341125251229511681
1341125228605427716
1341124994118651910
1341124837536903174
1341124605830946819
1341124384556277762
1341124271477764107
1341124228293287936
1341124153793900544
1341124080154464256
1341124017470787592
1341123949514657799
1341123903490551811
1341123667351252996
1341123642718117893
1341123640767766530
1341123570076807168
1341123477454118913
1341123428531761152
1341123282993635330
1341123185299873796
1341123092798713857
1341122935839469569
1341122707405062145
1341122690862751744
1341122619332984832
1341122542598176768
1341122461207814145
1341122428202708992
1341122029534253060
1341121850609418241
1341121843944693763
1341121639908458496
1341121367652110345
1341120694118199298
1341120517143633921
1341120300432433154
1341120161324122112
1341119957543899139
1341119854661808132
1341119757379104770
1341119455615725574
1341119413177618433
1341119411739103236
1341119390964731904
1341119233208545280
1341119202157944833
1341118963938435072
1341118656407846912
1341118502753677314
1341118501952643074
1341118469526466569
1341118448370389001
1341118338873868290
1341117782637879305
1341117708897816585
1341117541536686085
1341117509777436673
1341117409617440769
1341117392684941312
1341117384913006594
1341116904941838337
1341116759886209026
1341116533439930368
1341116441047777281
1341116376379846657
1341115816717238273
1341115484205445121
1341115355528376323
1341114867420450819
1341114209116049411
1341114090626945026
1341113772912603136
1341113124343132162
1341112422128640000
1341112254817775622
1341112201449525248
1341112023254491138
1341112008440221699
1341111990668853248
1341111895193993224
1341111636120223746
1341111383316959234
1341111348743163904
1341111135458779137
1341111134221443073
1341111054944919553
1341111002860040199
1341110993175400454
1341110978877026304
1341110902796374021
1341110821481558018
1341110698127056898
1341110605965606912
1341110291157966855
1340834142100058114
1340833573855739905
1340833177829593090
1340832997893832705
1340832743190536196
1340832705282359297
1340832414487224321
1340832339031678977
1340832335936200705
1340832258408771585
1340832079530127360
1340831177905745921
1340830406443196416
1340830080382197760
1340829778853687297
1340829276061519874
1340828364488101888
1340828004679905286
1340827640501063681
1340827521558994947
1340827354520834048
1340827180213800960
1340826959056687111
1340826522840526848
1340826395623084032
1340826329252581377
1340826034590105600
1340825159519903745
1340824163481767939
1340823609791668224
1340822831840587776
1340822413064454151
1340821955717566465
1340821878710087688
1340821819021008900
1340821818337337345
1340821799383298055
1340821756584611840
1340821514933944323
1340821435800051713
1340821347958714370
1340821309899624449
1340821289175552000
1340821140500049928
1340821031158755329
1340821029120143360
1340821003212120068
1340820901546356736
1340820829123317760
1340820533420707840
1340820475241517057
1340820456585089024
1340820280583876610
1340819957689569285
1340819827422879744
1340819565215965185
1340819407782744064
1340819207223713801
1340819156854312960
1340819090479300608
1340818821309997061
1340817781852426241
1340817501580636160
1340817486883778563
1340817217860952065
1340816765878714368
1340816703291334659
1340816539994501122
1340815043324071936
1340814431282995200
1340814159915732992
1340814079292653570
1340813683279183874
1340813609933389833
1340812990485061632
1340812574112231424
1340812284239745027
1340812102081138688
1340812047651647493
1340812004135587842
1340811745539997696
1340811674190827521
1340811572130754561
1340811253187444738
1340810470886928393
1340810436824993792
1340810260559310848
1340810246885928962
1340810033932595202
1340809851136598022
1341064628630122501
1341064547654914048
1341064455040331778
1341064264858169344
1341064028844666881
1341064021026467849
1341063874213113857
1341063633044959232
1341063572479041536
1341063276667392000
1341063056055554048
1341062839688151041
1341062672813613056
1341062391526813696
1341061936901890049
1341061891792269315
1341061865414283271
1341061823412404225
1341061793830105088
1341061774557241345
1341061406096035840
1341061078416056321
1341061016239661056
1341060795044663297
1341060661711958019
1341060645639368705
1341060606099644416
1341060594883956738
1341060492979126272
1341060354697261059
1341060012920233988
1341059928266567680
1341059787228901376
1341059553065111554
1341059426086694914
1341059002168467462
1341058846177984512
1341058780138713088
1341058659200229377
1341058402999545858
1341058358527336448
1341058347580178432
1341058220354396160
1341058092457467911
1341057946894143489
1341057782116659201
1341057496912437250
1341057179370057729
1341057115054608387
1341056736807960581
1341056720974606336
1341056151937544192
1341055826841264128
1341055659488530433
1341055631327973379
1341055218230898695
1341054900596305920
1341054571595051008
1341054276941062144
1341053824501334016
1341053783447486472
1341053703659372545
1341053601976868865
1341053449937571841
1341053428991180800
1341053372397449221
1341052836914839553
1341052830254313475
1341052043067338753
1341051996653154304
1341051952252260354
1341051925136109570
1341051727060058115
1341051697435734018
1341051609409794050
1341051596617224194
1341051082752012293
1341050935980810242
1341050917127409668
1341050862362218496
1341050781676544007
1341050746268217344
1341050647400112130
1341050535957458946
1341050347880665089
1341050261951930368
1341141043690004481
1341140871199281154
1341140636041424902
1341140507393724419
1341140338405232640
1341139998284931073
1341139396603629573
1341139147919114240
1341139015635001346
1341138467766603777
1341138116485103617
1341137988001148928
1341137968187256834
1341137386604924928
1341137194652581889
1341136891425378304
1341136585186799619
1341136426105262080
1341136183183749125
1341135998600790018
1341135375608262657
1341135140303585282
1341134751500038148
1341134471521837057
1341133802798784513
1341133770796232706
1341133016815558659
1341133005444800512
1341132999308562434
1341132333697609728
1341132065761239040
1341132055447547905
1341131715356594184
1341131626416365568
1341131386359570433
1341131137276506112
1341130834754060288
1341130450245398528
1341130402426175488
1341130197991485441
1341130187300331521
1341130141913800709
1341130005074636800
1341129876846329857
1341129776371822593
1341129529754980353
1341129020495323137
1341128778899214340
1341128282671116291
1341128251733921794
1341127591407857666
1341127545429909505
1341127303640850434
1341127168324214785
1341127057930137600
1341126752698032128
1341126457117057024
1341126003519832072
1340926608648138752
1340926449155391489
1340926443744862209
1340926279910998016
1340926250555215872
1340925915065430016
1340925778566008832
1340925330320744449
1340924955941335042
1340924935917633537
1340924568995725319
1340924417908469761
1340924387009179648
1340924271217029120
1340924060310659072
1340923790276972544
1340923716352442371
1340923491252629505
1340923198259552258
1340921497888669696
1340920776162226176
1340919778710577152
1340919732371861505
1340919231991476224
1340919192992661504
1340919031960797184
1340918137932279809
1340918065014464513
1340917952502263808
1340916698430496769
1340916326781562880
1340916060384583680
1340916001005686785
1340915504790298625
1340915097821179904
1340914879436378113
1340914667057778688
1340914467761217536
1340914051619180549
1340913849676017664
1340913159289364482
1340912977181093889
1340912626226900992
1340912621940293632
1340912426443796480
1340911901795094528
1340911877883359233
1340910656338444288
1340910523014131713
1340910223377059844
1340910045551357953
1340909771742797826
1340909488749068288
1340909402728124416
1340908965333512197
1340908545714384906
1340908250712035329
1340907924831363078
1340907546672951296
1340907481682350082
1340906857238556672
1340906804155445250
1340906416983445506
1340906290839650305
1340906222912978944
1340905763842056193
1340905210806333441
1340904520344330240
1340904374290280449
1340903940129517568
1340903924686045185
1340903904708575232
1340903693550379009
1340903674139324418
1340903547236470784
1340903236786536448
1340903189684625413
1340902875808018433
1340902424043790337
1340902073605513217
1340901859935068160
1340901746709835776
1340901738111328256
1340901514492203009
1340901328432861184
1340900929776828418
1340900649765122049
1340900274383314945
1340899983923527681
1340899916093263872
1340899630863822849
1340899263212040192
1340898862278582276
1340898780451889153
1340898563082096645
1340898261146759168
1340897897508958208
1340897724506513409
1340897637122371585
1340897320481730561
1340896989169508352
1340896752568774660
1340896675125211137
1340896164661653511
1340895807684407297
1340988157827944448
1340987880274071552
1340987021423206400
1340986206771945472
1340985675865317381
1340985357744136199
1340984990952087552
1340984964075184128
1340984843954511878
1340984793446703106
1340984738358575104
1340984630338412547
1340984459471024128
1340984300724838400
1340983187154071553
1340982675616763904
1340982312247418882
1340982174590382081
1340981707730792448
1340981623957970944
1340981340091670529
1340981328678891520
1340981175423283202
1340980196879392769
1340980131054166017
1340979179421089795
1340978789333913600
1340978647478484994
1340978550774648832
1340978522420998144
1340977834769178625
1340977829455015936
1340977804289163264
1340977779052077057
1340977354118557698
1340977194848440324
1340977087738306560
1340976986911625218
1340976293047922688
1340976262387523585
1340975768382427137
1340975699310632961
1340975695078563842
1340975514513793029
1340975405159882752
1340974822579421186
1340974743621648384
1340973962948468737
1340973699646828546
1340973563109462020
1341018505190256640
1341018095222206465
1341017929144516608
1341015839445819392
1341015335219150850
1341014990514470917
1341014870830018563
1341014561546186757
1341014441605746688
1341014398341660673
1341014183962423297
1341014157940944896
1341013554544201736
1341013160862642176
1341012511164809220
1341012427681521665
1341012418844127233
1341012102002032640
1341011955994165252
1341011586782289927
1341011536324800513
1341011367885758464
1341010808898240512
1341010704967426048
1341010691172364292
1341010123549003779
1341009998458064897
1341009708262576134
1341009563198382080
1341009267969671169
1341009227872149509
1341008656448581637
1341008420644806657
1341008292315840517
1341008184824254466
1341007825699528706
1341007484157370368
1341007361507471362
1341006905142108160
1341006179166609408
1341006154575568896
1341005769324388352
1341005727763075074
1341005590286520320
1341005336292036615
1341005319468699654
1341005196613349380
1341004896926113792
1341004690721546242
1341004654554066947
1341004542180085762
1341004490087002112
1341004465219002368
1341004419090030595
1341004261082226688
1341004028868767745
1341003853429391362
1341003844172574723
1341003464969744386
1340895524921065476
1340895494722215937
1340895482688589824
1340895457409552385
1340895429446144000
1340895394746621952
1340895370843312129
1340895211392618496
1340895182674423810
1340895175564902400
1340895170741596160
1340895144254398464
1340895115452108800
1340895039312936963
1340894951895310341
1340894920345755648
1340894896228589568
1340894882601205760
1340894799977656322
1340894675905859584
1340894528417443841
1340894142218551299
1340893933421916160
1340893853491073026
1340892860854403072
1340892788825604096
1340892277061939203
1340891848563326977
1340890700234121216
1340890458579492865
1340889375832338432
1340889020218392576
1340888949334528000
1340888784381091842
1340887905238171650
1340887875601256449
1340887039231799300
1340886579427078144
1340886118066221057
1340885790646296579
1340884705156087809
1340884667822710784
1340884265756745731
1340884203060121601
1340883901858816000
1340883880547655680
1340882372594642944
1340881967043276800
1340881616743350272
1340881484308242434
1340881432537915392
1340881154342305792
1340880942718742529
1340880866655039489
1340880562878377984
1340973055833620481
1340972691629744130
1340972289307910144
1340972057144815618
1340971828580237313
1340971825661140993
1340971487298248704
1340971382646190080
1340971286428852225
1340971151200301057
1340970355813396483
1340970341305376768
1340970315241955331
1340970105841324034
1340968839316692993
1340968809012867072
1340968429038096384
1340968378249273345
1340968331684167681
1340967800882532355
1340967683270053890
1340967637669605376
1340967538591612928
1340967415354544128
1340967412427059201
1340967144159207426
1340967111284449281
1340966945278078977
1340966913522937856
1340966759151505410
1340966718479458304
1340966663601184768
1340966201422270464
1340966163312902146
1340966123718782977
1340965946161295360
1340965879438221313
1340965851831386112
1340965282848927748
1340965107506016256
1340964918124834816
1340964762688086017
1340964650226085889
1340964539903426561
1340964530210435072
1340964026575142912
1340963982375591937
1340963838338875392
1340963711729602561
1340963661171609605
1340963642175614979
1340963532351954944
1340963423744618499
1340963418925314048
1340963236179533824
1340963007690657793
1340962710733897736
1340962470098300928
1340962430898286592
1340961916508901379
1340961800465092614
1340961735268773889
1340961577240027137
1340960971247005696
1340960940192313345
1340960303484260352
1340960169862209536
1340960047497576449
1340960007538569220
1340959968208453633
1340959821231624193
1340959711575769091
1340959639878287361
1340959619452203009
1340958784550809601
1340958781883248643
1340958489418461184
1340958348309635073
1340958194391109632
1340958119988477952
1340958069296037889
1341079766309482497
1341079719828221952
1341079715914932225
1341079592354852868
1341079473068904455
1341079183661916163
1341079037175881729
1341079003776610308
1341078924898545667
1341078783131086848
1341078625332973571
1341078390946848771
1341078003820969984
1341077998024478721
1341077958086291459
1341077902776000512
1341077823755333633
1341077392052273152
1341077156168933377
1341077068126314496
1341077014296449024
1341076739829751814
1341076693113552903
1341076660242800641
1341076472677593093
1341076448870866946
1341076334093742081
1341076313650688008
1341076157257588744
1341076049145327618
1341075658336858118
1341075608479039488
1341075464673239043
1341075443286421504
1341075315318263808
1341075244648423426
1341075237299863553
1341075048807972874
1341074862102736898
1341074858575327232
1341074637594062848
1341074146999070725
1341073617682116610
1341073506784710658
1341073417777377281
1341073409804001280
1341073290153107457
1341072974229757956
1341072878129860620
1341072775474241547
1341072724375027713
1341072550835720192
1341072184702341122
1341071706069364738
1341071657792880641
1341071518491504641
1341071418457542658
1341071398316482562
1341071022523596800
1341070541273370628
1341069973427544068
1341069209908994048
1341069183874965509
1341069136835862528
1341069116296339461
1341068763005923328
1341068551424241664
1341068322746544128
1341068289603235840
1341068276194029570
1341068137865883650
1341068093737619457
1341068048845946880
1341067870307028992
1341067636512333824
1341067440084627459
1341067361793806352
1341067330114215944
1341066991306756101
1341066962256994306
1341066938659860482
1341066701983670272
1341066699638886400
1341066678088687616
1341066407891640322
1341066352828829703
1341066295857590272
1341065931427090434
1341065902536749057
1341065531676389383
1341065436880891905
1341065267611197440
1341065213924225024
1341065206106107904
1341065148296024066
1341065110576635906
1341064992238546945
1341064917340794880
1341064909673652225
1341064765603495936
1341003325387509761
1341003292361564160
1341003120554479616
1341003014820286469
1341002980431179776
1341002930514739201
1341002500405641218
1341002444252143617
1341001514576441348
1341001265388662791
1341001011121545218
1340999980656541696
1340999705149489152
1340999436810510338
1340999331650949123
1340999237782396928
1340998386300936198
1340998179999854594
1340997809533837313
1340997772980436992
1340997037567971330
1340996832319524866
1340996774392188930
1340995856716185600
1340995774218465280
1340995676314996736
1340995493019742209
1340994228235743233
1340993341203296256
1340993276023894016
1340993163033530373
1340993008561483777
1340992437376978945
1340992121587838976
1340991955153670151
1340991937172692992
1340990743687606279
1340990689123823617
1340990348210921473
1340989419516534784
1340988581523959811
1340988482961993730
1340988262647775234
1341110220945297408
1341110189961994240
1341110008403144706
1341109977545510912
1341109906154393603
1341109887573569540
1341109836977745922
1341109712251662336
1341109706069331971
1341109587164971009
1341109555967655937
1341109446383177732
1341109415315820544
1341109095852589057
1341108994992062465
1341108919645646848
1341108812481089536
1341108621212491777
1341108411648401414
1341108389993193473
1341108304735477761
1341108071569997827
1341108042037866496
1341107916695322628
1341107806179475456
1341107790778134531
1341107469930684416
1341107433008197632
1341107319141220352
1341107189788848130
1341107141340368898
1341107071002038274
1341107058121302019
1341106998201491457
1341106889812307968
1341106670546669570
1341106567031173120
1341106273685811203
1341105922249134080
1341105842993524738
1341105618543906816
1341105507927547905
1341105502403571715
1341105259469561857
1341105046352584704
1341105028719898625
1341104873312546821
1341104649672290304
1341104613336989702
1341104550934159360
1341103907376807936
1341021143197749249
1341021129956311043
1341021100814311424
1341020961278218242
1341020805304471553
1341020728775340032
1341020533278826509
1341020380664893442
1341020308380266497
1341020226259968000
1341020185143218176
1341020139018477580
1341020002732953605
1341019975931326464
1341019817533296642
1341019657642397696
1341019607096823810
1341019461856473094
1341019354071232514
1340865148500754433
1340864960583376902
1340864808468373504
1340864624527347712
1340864600896544769
1340864480486547456
1340863774157320193
1340863678535577605
1340863414831296513
1340862951310438402
1340862014730739717
1340861669178626048
1340861573901012993
1340861335844765697
1340860891844120576
1340860823934144512
1340860639045165064
1340860200866213889
1340860095987642368
1340859940601270274
1340859879842586624
1340859701697912834
1340859585343721473
1340859536777891840
1340859328186736640
1340859069188464643
1340858817123397644
1340858562403332097
1340858359738675201
1340858359575175168
1340858157497761795
1340858106176294913
1340857839422717953
1340857826026147842
1340857660334354433
1340856947202002945
1340856748094201861
1340856636806709250
1340856482099769344
1340856140083687424
1340855897145401344
1340855676352884736
1340855634254770176
1340855436023451648
1340855159036014595
1340855115134234624
1340854835210547208
1340854604536410114
1340854595828924425
1340854446725599232
1340854437162737664
1340854305046323201
1340854177682120706
1340854085273214976
1340853901168357379
1340852993953050627
1340852931168514051
1340852886641782785
1340852848716877825
1340852519870767104
1340852051803160576
1340851853920067585
1340851822777536512
1340851805610237952
1340851021229289472
1340850706086039552
1340850683164037120
1340850648309510146
1340850633327472647
1340850472488353794
1341095001917407234
1341094837349740547
1341094696450404352
1341094485351141377
1341094368741044226
1341094177640075265
1341094009024856065
1341093963026055168
1341093835347267585
1341093664299360256
1341093540470919172
1341093224702746629
1341093083526656005
1341092957974355968
1341092870070132738
1341092698053349377
1341092682643419137
1341092537038237713
1341092532344803328
1341092497209044993
1341092422147829765
1341092355898810368
1341092196821307393
1341092174885232648
1341091985310904320
1341091938909315072
1341091885528436736
1341091808751865856
1341091691814633476
1341091284245725185
1341091268068175873
1341090977642139654
1341090768900022272
1341090735249121280
1341090710469144580
1341090686909763586
1341090596304220160
1341090461289652224
1341090395606937600
1341090234579087361
1341090109181988864
1341090082170744840
1341089738128830466
1341089733770768384
1341089682168324096
1341089651537436672
1341089519588655104
1341089397383462912
1341089375908716545
1341089169276334080
1341089109100642305
1341089075600777223
1341089065773481985
1341088938795003904
1341088696339025920
1341088328523915265
1341087967113261056
1341087913346441216
1341087575273037825
1341087469865984002
1341087304333500416
1341087160737394692
1341086910949646336
1341086366776451072
1341086296786255874
1341086222446284802
1341086021967089664
1341086016409628681
1341085957211222016
1341085949279789057
1341085889632546817
1341085723747905536
1341085395480666112
1341085130153099269
1341085080261898243
1341085052738953217
1341085006932946948
1341084699209453572
1341084493730508801
1341084288499019776
1341083840270385153
1341083519741771776
1341083405656543232
1341083375046680576
1341083249301467139
1341082858740350976
1341082727295164416
1341082665781489664
1341082566045147140
1341082262931189762
1341081980327309313
1341081961784369158
1341081878149795841
1341081839830626306
1341081792892313601
1341081690446438400
1341081682221420546
1341081633647177734
1341081592270376963
1341081526193192961
1341081520581324800
1341081518345752577
1341081228687118343
1341081044641079303
1341080966010433544
1341080948826284033
1341080859005362176
1341080814478651392
1341080761303228421
1341080733822177286
1341080712238096385
1341080516527878144
1341080410097397763
1341080385900470272
1341080175056982019
1341080069079482369
1341080022392647680
1341079911226851330
1340942428778491904
1340942422679969793
1340942416019386368
1340942366086225920
1340942250264514561
1340941744159002627
1340941659232616452
1340941538466119680
1340941534750007296
1340941385659260928
1340941060009152516
1340941033794920448
1340940580948504577
1340940544504160258
1340940539215147008
1340939901769052161
1340939558821748737
1340939530753486848
1340938777829765120
1340938637282783232
1340938198621560833
1340938185774346240
1340938008720236544
1340937440996024320
1340937256400347136
1340937122304454659
1340936658343108608
1340936594480619520
1340936536838303746
1340936440889393153
1340936348589551617
1340936297100271616
1341103901920079873
1341103870345408515
1341103386712784896
1341103322942631938
1341103220211544067
1341102829600206849
1341102753540661249
1341102725375942658
1341102680408768514
1341102585965588482
1341102490775764992
1341102452909764608
1341102394487271425
1341102325876879362
1341102137250594816
1341102124151783424
1341102106607038467
1341101706009047043
1341101654523822080
1341101468254793728
1341101399040528385
1341101381248307201
1341101335857557504
1341101125181829123
1341100942867877888
1341100780036755457
1341100722595762177
1341100704971157504
1341100466986475522
1341100396618641416
1341100304075534344
1341100168087781376
1341100133706944512
1341100036860637185
1341099767091367936
1341099580667158531
1341099515579809792
1341099301376671745
1341099177745506305
1341099146946596864
1341099002289242112
1341098240008196098
1341098161377583104
1341098056033460228
1341098011313778690
1341098010013552640
1341097625135632384
1341097564456808450
1341096972548128769
1341096818604695560
1341096682558091264
1341096675444727811
1341096213576380425
1341095850647429120
1341095788630446083
1341095701548322820
1341095598502637569
1341095596061548546
1341095528935911427
1341095461676077062
1341095424279650311
1341095270193479682
1341171573240291330
1341171008057819136
1341170088309907457
1341170079002734592
1341169578861334528
1341169572800507904
1341168674888179713
1341168292971520002
1341168193570701312
1341167953329467397
1341167922337726465
1341167849142947840
1341167789831192576
1341167426000576518
1341167229526827008
1341167081308495873
1341166903407075330
1341166843915087872
1341166661542551555
1341166295375638530
1341166032896069632
1341165981876461568
1341165979074748417
1341165837932089346
1341165555588476928
1341164773556314112
1341164656518377475
1341164551493005313
1341164512041431044
1341164359742058496
1341164307946631168
1341164269115682819
1341164196361367552
1341164176912347137
1341164035383947267
1341164026450092037
1341164012462063616
1341163966442168320
1341163859894267904
1341163593384022017
1341163511058214912
1341163447275417600
1341163152260665344
1341163107234799618
1341163093846618114
1341162947125645313
1341162832113643520
1341162807589445632
1341162563019665409
1341162412104413188
1341162324095283201
1341161880568668161
1341161782866534402
1341161716047077383
1341161682748452874
1341161630697140224
1341161570945146883
1341161534286913537
1341161371774402564
1341161172360294400
1341161098943336448
1341160705505017858
1341160511308623872
1341160358787100674
1341160328407764993
1341160094545846272
1341159930984849408
1341159786637877248
1341159470366384133
1341159280163115012
1341159205416275968
1341159065595088896
1341158832580354049
1341158766360801281
1341158754331602944
1341158752603447296
1341158707531538437
1341158471274819586
1341158383345405953
1341158135143297025
1341158001537937410
1341157678945501186
1341157540462211072
1341157466680287232
1341157291559694336
1341157254196850693
1341157205647745025
1341156880220041217
1341156560408621057
1341034238158761985
1341034121506811904
1341033468298489856
1341033376606793728
1341033355584794628
1341033249930436608
1341033009714262017
1341032969486692354
1341032804587606022
1341032802469474310
1341032768784969728
1341032643983360007
1341032141518417921
1341032058836168706
1341031951894016011
1341031835053117440
1341031813616119809
1341031737435037696
1341031588570816514
1341031473676247053
1341031333972365314
1341031275302404096
1341031260014178309
1341031126299799553
1341030879133626370
1341030754709585921
1341030638581932034
1341030636459581440
1341030504716513282
1341029980348661764
1341029949591961604
1341029827520937985
1341029694855127041
1341029272081731586
1341029139004985344
1341028632026898437
1341028394356633602
1341028189892698113
1341027809528061952
1341027493965410308
1341027205904818177
1341027156739186688
1341027029261672449
1341026944410935297
1341026820662112256
1341026669025521668
1341026586909405186
1341026459578712066
1341026452364398592
1341026256561696768
1341025619518365701
1341024973989810176
1341024733274533890
1341024101679427586
1341023874184589318
1341023780068581378
1341023672446967810
1341023600929890309
1341023582873407497
1341023501948481539
1341023339125624832
1341023275426594817
1341022946882666496
1341022718423134209
1341022556510322690
1341022374125309952
1341022130885038082
1341021914425417729
1341021808263376896
1341021291059572737
1340936293581250561
1340935932057284609
1340935677496668160
1340935403084374021
1340935095365070848
1340933638251294720
1340933474832637953
1340933082673631232
1340932117342134273
1340931766392111106
1340931506324316162
1340931255970398209
1340930734807199745
1340930327271911424
1340929872735170560
1340929662973861888
1340929347528605696
1340928924541448192
1340928855956213761
1340928838600159232
1340927480962502656
1340880352445952001
1340880076871757824
1340880061541527552
1340879955274690560
1340879886219546625
1340879782427430912
1340879663757979649
1340879617666633728
1340879347524263936
1340879335532752896
1340879036919275522
1340878736510627841
1340878698367467521
1340878655380103173
1340878455030878211
1340878035155881989
1340877768523984896
1340877672440877057
1340877282752262145
1340877234442174470
1340876964010348545
1340876872121348096
1340876707465715713
1340876678915080193
1340876225879756800
1340876060599209984
1340875811730169858
1340875636412461057
1340875517831110657
1340875220060692481
1340875011402457089
1340874942322130944
1340874911234011137
1340874674314592258
1340873792512516097
1340873722966671361
1340873442657247232
1340873423397023747
1340873407706116096
1340872377010434049
1340872274178674691
1340872196047204353
1340871443907657728
1340871198402510850
1340871153796018176
1340871117934895104
1340870539141918721
1340870510159093760
1340870398813089793
1340870378118385665
1340870303120044033
1340869944293122049
1340869683713589251
1340869680211357696
1340869574594596864
1340869465777594373
1340869205839777793
1340869198210330624
1340868929166688256
1340868594054406145
1340868404098576384
1340868327888089088
1340868158081671170
1340868121716957184
1340868116188950528
1340868027366199304
1340867854384689152
1340867628269711360
1340867514268405762
1340867387894206464
1340867112047276033
1340867062160232448
1340867008309522432
1340866881100500992
1340866177799761920
1340866175907975169
1340865917778051074
1340865635824390145
1340865482312839168
1340865377862094848
1340865259410636801
