1263316213112999942
1263315823894171648
1263313831016558592
1263312817626677248
1263312035758198790
1263311211510157313
1263310423169789953
1263310054788231168
1263309551207579654
1263307723392729088
1263307694485766145
1263307510548770816
1263307036391063552
1263307011132882944
1263306226294718464
1263305909507371009
1263305820776869888
1263305603297886209
1263305124555833344
1263304980062015488
1263304767285211137
1263304295161778177
1263303480799834112
1263301753967181824
1263510406426963969
1263510327364378627
1263509686743191562
1263509642925101058
1263509241446363136
1263509157329678336
1263508969944997889
1263508703657046017
1263508200634159106
1263508025115054081
1263507509387632641
1263507260401242112
1263506831495888896
1263506584623341569
1263505854214680577
1263503924423618568
1263503388161060866
1263503064532750336
1263502491494371330
1263502143878807554
1263500894349357056
1263500271147118595
1263498007405907971
1263497438494699521
1263496661550194688
1263496471078412290
1263496269823164418
1263397586112843776
1263396908220977152
1263395643252453376
1263394380695683073
1263393258367000576
1263392740399857664
1263392296529211392
1263392055331565568
1263391704406786048
1263391159784747010
1263390578659778560
1263390402251546624
1263390046025064448
1263389432721346562
1263388712349642754
1263388385915351041
1263388091810828289
1263387733323583488
1263387677468090368
1263386808458584064
1263385243748311045
1263385127440318469
1263384514321145858
1263384467235680256
1263384119049883649
1263383414343860225
1263383070952116224
1263383069123391489
1263587725933867008
1263587605628649474
1263586819116953605
1263585915412217856
1263585879068602368
1263585710721794052
1263585534095486976
1263585443246780417
1263584526074183680
1263584207185473537
1263583944756219912
1263583864150056960
1263582723458732032
1263581864092028929
1263581521090396160
1263581441012559872
1263580917806718977
1263580694673944578
1263580054103228416
1263579346570301442
1263578089843421184
1263575742295814149
1263575590206164992
1263575231194525697
1263574894886948864
1263574440392212503
1263460058379071490
1263459040815808512
1263457903740162049
1263457791391514624
1263456165515714560
1263455831380688902
1263452901772537859
1263452136500858880
1263452056951685124
1263451308780118024
1263451198448906241
1263450318928523264
1263450115626450944
1263449577954426884
1263449546018955267
1263448529298735106
1263448527491010561
1263445065202110464
1263444974957473792
1263428855810883584
1263427551000776705
1263426430614081536
1263423772989829120
1263422966081126402
1263421571638669312
1263421563241664512
1263416763007373312
1263414470375804928
1263414068158894083
1263491421769695232
1263488358254346240
1263488319595274240
1263488190935183363
1263487057369980928
1263486725562658816
1263486428387950598
1263486102741979136
1263485828002721792
1263484638527229952
1263484520809951233
1263484278949785602
1263482561159999488
1263480872537374720
1263480611819249664
1263480356965056512
1263479183314833408
1263572169646211072
1263571881719808001
1263571646666944514
1263570771294724096
1263570436513808384
1263569943750205440
1263569523594027009
1263569333642543108
1263566395951976455
1263565395547414528
1263563564893253632
1263561502604308480
1263560349216845826
1263559259343773696
1263557526253174784
1263444820560838656
1263444155579215872
1263442809773752331
1263438496460681217
1263438447068381191
1263438282614071296
1263437471800582145
1263436878201659435
1263436277774516224
1263435990221434880
1263435822180810752
1263434660828327938
1263434577680441344
1263434037084987393
1263433369351680002
1263432721927475202
1263431450969374721
1263430949771055105
1263430396168908804
1263619537259421697
1263619208438407169
1263618230523965440
1263618226715611138
1263617972507152384
1263616608733483008
1263616018691260418
1263616017114300417
1263614862510317569
1263614083418460162
1263613774344228864
1263613618316144641
1263613419258871808
1263611185783439360
1263610916698021889
1263610826386096129
1263610646580658178
1263609722764169216
1263609524134580232
1263608857319833605
1263605464325128195
1263285476754026497
1263285370910883840
1263285173984137217
1263284874489679873
1263284696940716032
1263284616145694720
1263284403024863236
1263284205699637253
1263283919815946241
1263283599614382080
1263283342457389056
1263283292465438725
1263283167156490241
1263282982162481152
1263282852218540032
1263282305046544384
1263282038792245248
1263281836014415872
1263281669131231233
1263281484191764480
1263281411877933056
1263281405267554304
1263281262162214912
1263281198991720448
1263281103357399041
1263281090107715586
1263280974953144321
1263280952329015296
1263280827619827712
1263280718467280902
1263280241083965440
1263280145235918849
1263279557383262208
1263279544561254401
1263279519445561344
1263279469353189379
1263279266772459520
1263279101042966528
1263279062614708227
1263278971610755073
1263278150672400384
1263277935244521472
1263276866493767682
1263276512704376832
1263276314200608778
1263276191521234945
1263275476950355974
1263275265054199808
1263274834307321856
1263274482938019840
1263274469197590528
1263274219196035072
1263273931466854402
1263273786893352960
1263273601182109696
1263273476128940032
1263273329005334529
1263273121110536192
1263271955656040449
1263271778367004672
1263271675753197568
1263271291915829251
1263270793821261831
1263270752544886785
1263332443144282112
1263332266262106117
1263331856470216705
1263331707337560065
1263331034030014472
1263327148372197377
1263326439455236096
1263326175948165120
1263324791601156096
1263323443417645056
1263322651881177089
1263321895425826816
1263321860994928641
1263321419141705728
1263321075296813057
1263319228507205632
1263318457506037760
1263318243558686720
1263317793556107264
1263349761794609153
1263347816493191168
1263347166371864576
1263344608429432834
1263343530241593345
1263341465427685376
1263340974618673153
1263340456382873600
1263340400330358784
1263339456813301763
1263339209105997824
1263337581565091840
1263336645836718080
1263335664420036608
1263541346956128270
1263541212683874306
1263540860270018560
1263540256046866432
1263539793281024003
1263534563898376204
1263534332720930816
1263533791643152386
1263533326142443521
1263532929369673728
1263532688398585861
1263532329588449281
1263532049174061057
1263531853312675840
1263531538228088833
1263530715469221889
1263530489148772355
1263528437270134792
1263528346815803395
1263528143090040833
1263527564745805824
1263525568378744832
1263525147186802690
1263524802339504128
1263523528051212289
1263522473712201735
1263522443752345602
1263519874091008002
1263519866872610818
1263519621057064960
1263519086010609665
1263517714481545221
1263517179712090112
1263516599262142464
1263516149289025537
1263516142687174659
1263515338353922050
1263514926817083392
1263514894290354177
1263514219049295878
1263513414669869066
1263512468959133696
1263511577023541250
1263510502858264578
1263365625612730368
1263365348717244417
1263364471092908032
1263364276942786560
1263363931705421824
1263363428061777923
1263362987257192448
1263362819942158336
1263362550818881536
1263362201496272897
1263362054804647936
1263361338656595969
1263360133691846656
1263358728172040193
1263358670525681665
1263356449838690305
1263355478400212992
1263354834176139265
1263354316750041088
1263353533061042179
1263351512811651072
1263351396176445441
1263413080354107397
1263412973688610816
1263412762895663104
1263412236015603713
1263410423912476672
1263409495666946049
1263409222961836032
1263409005457805314
1263408952949145600
1263408687030435840
1263408399565221889
1263408163048562689
1263406553710854150
1263406379697659905
1263403197043036161
1263400804578402304
1263400502462681088
1263399573336330241
1263398410243248130
1263475253478645760
1263474812502134787
1263474787311026179
1263474753039405058
1263474739898712064
1263474655144349697
1263474239140749312
1263474180877623304
1263473696548716547
1263473326711767042
1263473074130878465
1263471828112113672
1263471614773137413
1263471558737174531
1263470842039721986
1263470064877142018
1263469608536805376
1263469129731801089
1263468144930193411
1263468094447591428
1263467857486233600
1263467854453780480
1263467708701605890
1263466626193797122
1263466369384943616
1263465622597500935
1263465287472553985
1263464624575348736
1263464414159581184
1263463922474143747
1263463880388481027
1263463292669841408
1263462727600619520
1263461461143236614
1263461394550267904
1263556775787315202
1263556409893027846
1263556120435662848
1263554020054110208
1263551848071467010
1263551833034887169
1263550506594480128
1263550494242484224
1263547741503991813
1263547120281214976
1263544959724126208
1263543044877381632
1263541787307769861
1263300955614990343
1263299733889712130
1263298085310156801
1263298075692609536
1263297900584374272
1263295024147714049
1263295012231577600
1263295004056797186
1263292634107346949
1263292273472811008
1263291501104123906
1263291302793416705
1263291034718466049
1263290707441311749
1263290137309396993
1263290134113292290
1263288756070526977
1263288512255688706
1263287782040010753
1263287637827178497
1263287607271624706
1263287256267161600
1263287243608920064
1263287238844190726
1263287214366056448
1263287052159922181
1263286504530599936
1263286211990282240
1263286193170665474
1263285921157222400
1263285887216922624
1263270350831464449
1263269751561863174
1263269338167087105
1263269254750777346
1263269013410496513
1263268234171686912
1263268119906185216
1263267544149917697
1263266850156273667
1263266519238180865
1263266215625216003
1263266157479571458
1263266077439655936
1263266060863602694
1263265420313792518
1263264368780808192
1263264345187893248
1263263737974325249
1263263158820454401
1263262982844190720
1263262413262110720
1263262303493001217
1263261896976850950
1263261792676884480
1263261238483660803
1263260159234707463
1263260153710874624
1263259612549177347
1263259571281375238
1263259544014249984
1263259524560904192
1263259469624025097
1263259386505572362
1263259169634889728
1263259027808546822
1263258647288860672
1263380908440195072
1263380699085594624
1263380506839666688
1263379497413496833
1263379467751378944
1263379401720414209
1263379255704064000
1263377890235875328
1263377834095136768
1263377025567461377
1263377021759098880
1263376036743589888
1263374835431981056
1263374237559066624
1263373000663072778
1263372809792864257
1263372636786176000
1263372085474267137
1263371847829196800
1263370267373572097
1263370148003622913
1263370100146487296
1263369306131386368
1263368649638903810
1263367940948127746
1263367117455478786
1263366927352688640
1263602889555152897
1263602771238047744
1263601790098051073
1263600892147875845
1263599438481637377
1263597700538195969
1263597483613016065
1263596986957062146
1263596729821093890
1263596197886824451
1263595055408799744
1263594229915193350
1263592284496424960
1263591222775447559
1263591135299002374
1263590410418413576
1263590405502717952
1263590357402447882
1263589788453502978
1263589676453003265
1263589430989688832
1263589243462381569
1263589238177595393
1263589199099265027
1263588900074737664
1263588115320500224
1263587949653798913
