1305721855790153728
1305721801192816640
1305721173754351618
1305721166502526976
1305721066086526976
1305720757612232704
1305720423636582405
1305720092685225984
1305720033692319744
1305719531126448128
1305718622052999169
1305718159966711809
1305718132925849600
1305717656842989575
1305717339803934720
1305717095242502144
1305715736157929473
1305715691203358720
1305714214200209408
1305713209748279298
1305708049860980738
1305707241773826053
1305706273724223489
1305828731554914304
1305827470243848192
1305827153066561536
1305827007331094531
1305826438453526529
1305824737382277121
1305823743575425026
1305823628139823106
1305823159963189248
1305822405642813440
1305822083016990720
1305821858000855041
1305821619164557312
1305820207206797313
1305818609390940160
1305817872892076032
1305817264009236480
1305817173814771713
1305816602936369152
1305816567444312064
1305816339756449792
1305815987753594880
1305815424328593408
1305814421621608449
1305814272304324608
1305814084949024768
1305860184905076736
1305859815835566081
1305858959509721109
1305856785132249090
1305855546629783558
1305855324310691840
1305854207178600450
1305853185370791940
1305852907204431872
1305852192486838273
1305851271052701698
1305850518489702401
1305850125017808897
1305849675321421824
1305847798185762818
1305847490386812930
1305846796992704517
1305846046707257344
1305845553947979778
1305845103190138880
1305796582252728320
1305795710030417920
1305795041303171072
1305793659628027905
1305792858021134336
1305792645386641408
1305792610473189376
1305791570025865218
1305791511028785152
1305791033486311424
1305788836081934336
1305785840556277760
1305785450808868866
1305784610442194945
1305783430760800256
1305781728951369729
1306016886702985216
1306016664715243522
1306016528861724673
1306016076023595009
1306015208247308288
1306014713403371521
1306014583111458817
1306014461925511168
1306014317507158017
1306013515799461894
1306013502679769090
1306012932472483843
1306012697805369345
1306012637130620929
1306012553538142208
1306011251806556165
1306011238955184128
1306010946763137026
1306010365201915904
1306010172503056384
1306009646403067905
1306009404584718336
1306009382157778947
1306008855936106498
1306008813305245697
1306008661685305344
1306008551937236993
1306007457903378433
1306007014812811266
1306006022918680576
1306005837119356930
1306005650321874947
1306005174088015872
1306005149094084609
1306003528578719746
1306003198109388806
1306003002369728513
1306002970568519681
1305780947439161345
1305779703656124416
1305779183864471552
1305776201831723008
1305776195062161408
1305775939461083137
1305774731686227968
1305774726141349889
1305774059406454785
1305773664026099713
1305771910383300608
1305771518115360768
1305771372132605953
1305770634627121154
1305770285967187969
1305769924976148481
1305767603772600322
1305767234439127040
1305766672356188161
1305766603628318721
1305766442382635008
1305766297138012160
1305877328137007104
1305876797414801410
1305876545094012930
1305876152251113474
1305875569352024064
1305872754806263819
1305871589712461825
1305870721613271041
1305870620455038978
1305870226593124356
1305867854177349632
1305867552455823363
1305867328731648000
1305867258976239618
1305862917359894528
1305862607182729218
1305862235290513410
1305765805703880705
1305765175790723072
1305764775914336256
1305764108625682432
1305764104884424704
1305764100341981184
1305761336304054272
1305760854340640768
1305760540489330688
1305759011199836160
1305758873035386880
1305758589273780225
1305758035776884737
1305757811322703872
1305757433340416000
1305756232217751552
1305755083368521730
1305754894696173571
1305754645382328322
1305754080229425154
1305939634891808768
1305939590960893953
1305939305119047682
1305938769359634433
1305938499837845507
1305937874290966535
1305936647322849280
1305934912411832320
1305933423630934021
1305932768270925824
1305931655392174083
1305931450882162688
1305931429793206273
1305929684564279296
1305929413532495873
1305929305978003456
1305929182757695490
1305928998996840450
1305928787184496645
1305928372091006983
1305925706019418114
1306000827664957444
1306000176570683392
1306000104483106818
1305999045538787330
1305998225518792705
1305997759753969664
1305997555294183424
1305996678357569537
1305995226763464704
1305994937595502592
1305994262694244357
1305992786437697537
1305992543738314752
1305991811413028866
1305991583146233857
1305991442968588288
1305990841127727104
1305990741471232000
1305990322032381952
1305989972629970944
1305989681083973634
1305989322395578369
1305988306635821057
1305987929630748672
1305987544740487171
1305987262677692417
1305987076882493440
1305987040375386112
1305986976877867012
1305986666851717121
1305986378359025664
1305986075987447809
1305985923046354944
1305985792628592645
1305955190596677639
1305954990209380352
1305953303751204864
1305952917803864064
1305952057573208066
1305952038925357066
1305952032403193856
1305951798704963586
1305951284072271877
1305950880970297344
1305950233172545539
1305949279538872321
1305948353948254209
1305946792614416384
1305946205113987074
1305945851454521347
1305945842730315782
1305945811440857099
1305945470724866051
1305945066519789571
1305944844771250176
1305943495383945219
1305943008106422274
1305942491338878977
1305942440378077186
1305942117408223232
1305941887971454978
1305941777250217984
1305940564664356867
1305688166137884672
1305688157086597120
1305687773173682176
1305687664230887426
1305686922421891074
1305686788120350720
1305686134161375233
1305685670644441089
1305685554223362049
1305685551807373312
1305685550750478336
1305684584957345797
1305683927659548672
1305683867869696000
1305683507738341376
1305682741690802177
1305682658660216833
1305682374038962176
1305681755249299456
1305681710755934209
1305681353560776704
1305681130700460032
1305680990074011649
1305680876232044544
1305680778173521921
1305679836833218561
1305679533933129730
1305679271927529474
1305678884470272000
1305678203948658688
1305677683779538944
1305676782570483712
1305676497227636736
1305675830711013376
1305675773819277312
1305675164256854017
1305674303023788032
1305674067748491266
1305673765544550400
1305673104560062466
1305970426800111616
1305970223498121216
1305969763823300608
1305969180219498498
1305968771350360065
1305966878062510080
1305965745335984129
1305965213540397058
1305964834035388417
1305964305666445312
1305963578688770051
1305962958900670466
1305962703018553344
1305962698434383872
1305962608051314690
1305962118328586240
1305961878732943362
1305961385923284992
1305961178590478337
1305961174194888705
1305960783570964480
1305960447309484033
1305959307024961536
1305958840261775360
1305958828651937792
1305958106170634241
1305958079373033473
1305958078655860736
1305957325723766785
1305957319482597378
1305957120307757057
1305956933195542528
1305749951809454080
1305748843246559232
1305745523614388224
1305745351803101185
1305745242688290816
1305745144801447937
1305744879277027329
1305744535990030336
1305744037580869632
1305743751856283650
1305743457269542912
1305743170123083776
1305743153761341443
1305742745454039040
1305742556987154432
1305742307509956608
1305742265416069122
1305741931150934027
1305741676313337856
1305740920944377857
1305740871237693445
1305740349613076480
1305740057555300352
1305739874125766657
1305739427042349056
1305739346981449728
1305739245709979650
1305739011730952192
1305738659614740481
1305738594083057664
1305738349781622784
1305738088136630272
1305737793620992000
1305737085161213955
1305737075921100801
1305736760693911552
1305736263450779648
1305735874206822401
1305735232881004545
1305892707303391232
1305892449647316993
1305892410682150912
1305892180045770754
1305891652410781698
1305891332939042818
1305891255335952386
1305890976867782656
1305890646121644033
1305890610562375680
1305890604417716226
1305890590459080705
1305890447315759106
1305890425740447746
1305890416026411009
1305890258014396417
1305890178981126144
1305889720874926080
1305889568105914369
1305889187913138180
1305888989866418176
1305888869599117314
1305888859771740160
1305888612035301376
1305888582092152832
1305888258388303873
1305888244366704640
1305888078435889154
1305887734431531009
1305887503145029636
1305887445809090560
1305887288086466566
1305887281698484224
1305887246307000320
1305887125502648321
1305887107617964041
1305887105730576384
1305887099879673859
1305887025585958912
1305886772514230278
1305885670783807488
1305885603003801600
1305885538268975104
1305885536595456000
1305885481989795843
1305885150115508225
1305884697021394944
1305884389663035395
1305883667114479621
1305883250817105920
1305883039768211456
1305882810918543360
1305882482840162304
1305882366263599104
1305882284097187840
1305882217948815360
1305882086436483075
1305881394388914176
1305881176595333122
1305881112019906562
1305880725376380928
1305880530483851264
1305880512595210247
1305880068472832001
1305879956312985601
1305879720442179584
1305879426773725184
1305878882671833089
1305878618044805125
1305924503869050880
1305924217293221894
1305924020689416192
1305923798168985600
1305922182850240512
1305921828054093825
1305921155124080640
1305920450002706432
1305919064187875328
1305919064183697408
1305919064154415104
1305918999343951874
1305918734037590018
1305918181479981057
1305917950831058945
1305917536240889856
1305917517064536065
1305917475960303623
1305916917253910530
1305916879983251457
1305916791106002945
1305916772915183616
1305916485727117313
1305916443687415808
1305916329275334658
1305916048940642308
1305915872914046976
1305915061525860352
1305914890717200385
1305913092061224963
1305912964231430144
1305912823562858497
1305911709329166339
1305911560632664065
1305911155983089664
1305911081676599296
1305910879653826561
1305910690834767873
1305910393110437888
1305910388999979011
1305909901672079360
1305909702484779009
1305909498155065345
1305672290508603396
1305668921756971017
1305668488091054080
1305667878830649344
1305666761384226818
1305666551610179584
1305665915388751872
1305665458436108289
1305665270803910656
1305909056301920257
1305908685626134530
1305908647608963072
1305908253709213696
1305906748390338566
1305905910582308864
1305905875773652993
1305904899318743041
1305903913216901120
1305902973491519489
1305902405830299648
1305901371993001984
1305901367236734976
1305900851404263425
1305900508532670466
1305900341695664129
1305899718946353157
1305899429115944960
1305899228992925699
1305898467680833542
1305898263560646657
1305898146296459265
1305897645701988356
1305897227051728896
1305896006723276802
1305895604053323776
1305895503511588866
1305895272145448963
1305895082860646402
1305894861174984707
1305894818145501184
1305894093638303744
1305894063699353600
1305813454314381312
1305813069583572993
1305812472788647936
1305811932881072128
1305809780502491137
1305808222939353088
1305808173689864192
1305808019360342022
1305807734252601344
1305806893718204417
1305806299888721921
1305805809473990656
1305805777228111873
1305805336524124160
1305804667142778880
1305804209321779201
1305803890869202945
1305803440082186240
1305803160544567296
1305800680532213761
1305798799714000896
1305985686114308098
1305985172844707842
1305985087952084995
1305984536740794369
1305984264597639168
1305983522532851712
1305983404584861697
1305982731441057797
1305982423243591680
1305982291773132800
1305982085832769542
1305981470226472960
1305981163190857728
1305980238615240705
1305979910889115654
1305979803703676929
1305979789128409088
1305979496101818373
1305979449389715457
1305979279478525958
1305978648944693251
1305978619299270657
1305978548629504001
1305978533529956352
1305978477594599424
1305978408061472768
1305977890786488326
1305977392914145280
1305976737919045635
1305976548063875073
1305976469647241218
1305976054448877570
1305975951852015619
1305975902434660354
1305975853453582337
1305975837670469638
1305975048633802752
1305974753455415297
1305974638460112896
1305974356904947714
1305974289636749313
1305974071486627841
1305973844449071110
1305973717831479296
1305973681731121157
1305973623606386689
1305972676679184384
1305972492641751040
1305972445912989697
1305972321916719104
1305972284243546119
1305970703301324800
1305844839712342018
1305844572967202816
1305844285514739712
1305843531462868995
1305842200845017088
1305841725286486016
1305841708916244481
1305840186484555776
1305839452049346560
1305838846547054595
1305836214466080768
1305836206123413504
1305834713894903809
1305834535267962882
1305834503416557568
1305833958433669120
1305833338968707079
1305831306316578816
1305830789364367360
1305830072381657088
1305703311165644801
1305702707357868033
1305702222479552512
1305701353700945922
1305700772735266816
1305700323927797760
1305699760158904320
1305699398484025344
1305699033349066754
1305698619308347392
1305698317481910272
1305697490348339200
1305697210378715136
1305696875027210241
1305696403650379776
1305696335434113024
1305696027735814145
1305695894902386688
1305695432765575169
1305695089151414278
1305694961157853184
1305694536094511104
1305692626981593089
1305691259986751489
1305690479950848000
1305690194767613952
1305689012661821441
1305688725540745216
1305688552424923136
1305734832702455808
1305734810317459457
1305733847439605760
1305732424014401542
1305731738715512832
1305731243393286144
1305730563261702145
1305729796660486144
1305727678847295488
1305725113233371140
1305723590118170629
1305723009051680769
1305722794378801154
1305722556964503554
1305722259206676480
1305722231641653249
