1301570771173732352
1301570670648856578
1301570414351532032
1301570263251914757
1301570204435087360
1301570111510208513
1301569990659801093
1301569932316954625
1301569930165473282
1301569921688768512
1301569880643207169
1301569655224623106
1301569522697109504
1301569513440374787
1301569137454407681
1301568951743377410
1301568927768641537
1301568850161545217
1301568819291324418
1301568460179337217
1301568399273844736
1301568386858508288
1301567881117802497
1301567698640367617
1301567342355382275
1301567216555446272
1301567117523705857
1301567063102644225
1301567051123785729
1301566659401060353
1301566575846199296
1301565956485832705
1301565856372133888
1301564294308352001
1301564248594632706
1301564248351485953
1301563966737408001
1301563632677867521
1301563374988263425
1301563231270572033
1301562677538373632
1301560264727429123
1301559736471519232
1301559373907587073
1301559345860284422
1301559338578960387
1301559161675800577
1301558675841134592
1301558609118199819
1301558477261811717
1301558303110168576
1301558301264576515
1301557186607407107
1301556695970316289
1301556224828280832
1301556124408258561
1301556058800955397
1301445667202752512
1301444668404752386
1301444528373731328
1301444263084011521
1301444194205085696
1301443793208725504
1301443259844235264
1301442092548468736
1301441423103856641
1301440826556309506
1301439200731033600
1301438950075232256
1301438845473284096
1301438519731056640
1301437274878406657
1301437251751161858
1301436850582716416
1301436618172035072
1301436255641767936
1301434826084421632
1301434189133148160
1301432931118968833
1301432554155839488
1301432545565962240
1301432346978078720
1301432122322845704
1301432018438295552
1301431627512311809
1301431496939507712
1301431019761856513
1301430619973603329
1301523326158790657
1301523285704929280
1301523026417246212
1301522912160092160
1301522773924343809
1301522468285411334
1301522065472749568
1301521019761504262
1301520694421983233
1301520381724028930
1301519895633498113
1301519327389200386
1301519305402654720
1301518680413605890
1301518238178828298
1301517606491480065
1301517311623475202
1301517170896236544
1301515946465669120
1301514978835521537
1301514587427287047
1301514320673677320
1301514034685108227
1301513892577902592
1301513501232558081
1301513486648971265
1301512522906963970
1301512029396701186
1301511646364356608
1301510816743780352
1301510799979171842
1301508626834575365
1301508566323466240
1301460958288601088
1301460843649929217
1301460544658878465
1301459815429025792
1301459010365919233
1301457420070256642
1301455771289427969
1301455033934913538
1301454519390351360
1301454313005314048
1301454194046464002
1301453824414986241
1301453525315137537
1301453427667599361
1301452712727310337
1301451605561290752
1301451316024152065
1301450833205182464
1301450434884689922
1301449159866683394
1301448457438351360
1301448280631631873
1301447764442636289
1301447720562032640
1301447391359504386
1301447341392658433
1301446988911665152
1301446868543520768
1301446640734273536
1301446616293863427
1301446395765747717
1301446292531564544
1301554451006869504
1301554213059731463
1301554204046249985
1301553755633135616
1301552949844258817
1301552869628424193
1301552813743407106
1301552672173064200
1301552081405267968
1301552059657973760
1301551841721946114
1301550484810084358
1301549186790223875
1301549132918775808
1301549132818112513
1301548325355782144
1301547898677714945
1301547866876448768
1301547385642942464
1301546949401743361
1301546406373543936
1301545003693600769
1301544540122361856
1301543607019610112
1301543269638209537
1301543174956089345
1301542597228331008
1301541840840208385
1301540760093962240
1301540571018915840
1301539684342849538
1301539545532358656
1301476276784562177
1301475859338088448
1301475372769345536
1301474799420665857
1301474579005800453
1301474046572400640
1301472256317689857
1301472015401062407
1301470378456309760
1301470005876404224
1301469358187835392
1301469079430139905
1301468679524278273
1301467953230155776
1301464359575654401
1301462362881273857
1301462310788136961
1301461892930719745
1301461348895911937
1301507685972471808
1301507284414197760
1301507061885423617
1301506979760922625
1301506225213972481
1301505663764488193
1301505326563364864
1301505237560119296
1301503134473367552
1301502928230866945
1301502595119435776
1301502249374560259
1301501749874757633
1301501483586908162
1301501345992769536
1301501312492736513
1301500418808258560
1301500250524393473
1301500071012335616
1301499946483490819
1301499705894088704
1301499542571974658
1301499289609400321
1301499259351642112
1301499096373616640
1301499062923882497
1301498223891156992
1301497914297061377
1301497906105520129
1301497260312858625
1301496666093236224
1301496066613932032
1301496040986640384
1301495586517065729
1301495068595978241
1301493819763027969
1301336483698073600
1301335457171558400
1301334366505766912
1301333516366553089
1301332042618146816
1301331309810380800
1301330899213180929
1301330532752437249
1301330365559128064
1301330079260303361
1301329871034028032
1301329870685745157
1301329722383556608
1301328485932122112
1301328250996535297
1301328016274989057
1301327641837010944
1301327450148761600
1301327317583585280
1301326402176782336
1301326371688415232
1301326134148292608
1301325649915686913
1301325581137649667
1301325337847115776
1301325066936954882
1301324530233810945
1301324158836658176
1301323854325874693
1301322546944471040
1301322306833330176
1301322234963750912
1301321984308117507
1301321964804542465
1301321536771682304
1301538824506441728
1301536971123306498
1301536809004888065
1301535851399254021
1301535714094583811
1301535139680448518
1301535075708829696
1301534914010058754
1301534628168241157
1301534596560019456
1301534310160306176
1301534121433403392
1301534002541543425
1301533418077986816
1301533361421377536
1301532955014238210
1301532551891353607
1301531965322129408
1301531500953862145
1301531114725617664
1301529827690901504
1301529238978338817
1301528511367258113
1301528493096804353
1301528262875557890
1301528125566644225
1301527955143757825
1301527410999844864
1301526833360441344
1301526383580057600
1301526161462304769
1301525822340083720
1301525778363043846
1301525523668107264
1301525450028613640
1301525239365382144
1301525197233807361
1301524686963126272
1301524685134336000
1301524125727494148
1301523907363528707
1301523843442511872
1301399049342464000
1301398917234356224
1301398887307960320
1301398539214282752
1301398114306203648
1301397883673956353
1301397790338080768
1301397472808378368
1301397471013359616
1301397434455781376
1301397173851090944
1301396894854201344
1301396697432633344
1301396678289903616
1301396534735577088
1301396381685477383
1301395870890385413
1301395675188359169
1301395372733009922
1301395314377547778
1301394857529716736
1301394754043666432
1301394476301053952
1301394408626155520
1301394307052494849
1301393840020942850
1301392399135125504
1301392269409267713
1301392109019291648
1301391849006002176
1301391418485813248
1301390760730857472
1301389799505489922
1301389280149934081
1301389206267277312
1301388594586685443
1301388282379419648
1301388036849111040
1301387226656325635
1301386979116871681
1301386725629988866
1301386586832146433
1301386486302949376
1301384807553798147
1301384239590637569
1301384144493174785
1301383975605342208
1301367149907398659
1301367095267999746
1301367045229916160
1301366687262887936
1301366405888012290
1301365676657930240
1301365658211450886
1301365414723825664
1301365233936527361
1301365228962295808
1301365087760982017
1301364249806204928
1301364136471932928
1301364035582074881
1301362680293330947
1301362560390758400
1301362552329236481
1301361967983202304
1301361845215793154
1301360047277006848
1301359239365971968
1301358432189120519
1301358069012520960
1301358016797827075
1301357426872971264
1301357333260439552
1301357266080276480
1301356736889131008
1301356373469470721
1301354970109837314
1301353928077049863
1301353471325753344
1301353262638133249
1301352850237210624
1301352620813168640
1301352432119828480
1301351820728496128
1301351720849727490
1301351004538052611
1301350256945311745
1301349497721806850
1301349193265504256
1301347704748957696
1301346422822821888
1301346221672423425
1301345621446598656
1301345429506994181
1301344764990828545
1301344585818542081
1301344574867030019
1301344486748950528
1301344066123300865
1301343607186628609
1301343547552149507
1301343257507528711
1301342882486464512
1301342178086707200
1301340722667216897
1301340373877428236
1301340254276734976
1301340197863342081
1301340193656573953
1301339960230866945
1301339908921896960
1301339863879307264
1301339515219394560
1301339294129217538
1301339234385747968
1301339153335037953
1301339076528807937
1301338631630729226
1301338143509983232
1301338121158696960
1301337281870131202
1301337145332969474
1301336886632427526
1301336855288348674
1301429940722823169
1301428808096993281
1301428676983095298
1301427636678193152
1301427524296159232
1301427440539951110
1301427341244145664
1301427189359861762
1301426775679926272
1301425867843710977
1301425652906688513
1301425391651885057
1301424434352447489
1301424280836554753
1301423265454477313
1301423216376737792
1301422118358454272
1301421419176194048
1301421192834953216
1301420834452631552
1301420757059162112
1301418900777775110
1301418665481388032
1301418148931932160
1301417942786215936
1301417918819741701
1301417520147038208
1301417379616956417
1301416846524997634
1301416646473474048
1301416548024889344
1301416500990009344
1301416357846810625
1301416331401666560
1301416328494940161
1301416080917835780
1301415618831355905
1301415212608679936
1301670832381460480
1301670404227059712
1301669548110819334
1301668983616176129
1301668445440925697
1301668159800389632
1301667845546422281
1301667507489701888
1301666569345433604
1301665478570541058
1301665201473888263
1301664767145246720
1301664327900958721
1301663980742606854
1301663677209169921
1301663493956001792
1301663264246505473
1301663244411703299
1301660261384769537
1301660261179248640
1301659074107449344
1301658819446140930
1301658610661982208
1301658119915724800
1301657383651942402
1301657320372555778
1301657213736562689
1301656526285942785
1301656461530013696
1301383535497019392
1301382640700854272
1301381627063406593
1301381519785697281
1301380909292228608
1301380140707065859
1301379742369681408
1301378558774845440
1301378550201757696
1301378386372288514
1301378118930837511
1301377744618438656
1301377606663704576
1301377221139992576
1301376218273427457
1301375645688066049
1301374391125716999
1301373767302541314
1301373643641901056
1301372376299397120
1301372242434031617
1301371252045611008
1301370325049974789
1301369994605805568
1301368999033200640
1301368910415982593
1301368696053493760
1301321155861778434
1301321037360046081
1301320866492547072
1301319955900702720
1301319482154123270
1301319356635377667
1301319209864093696
1301319115194458112
1301318994243260416
1301317837299109895
1301315713643282432
1301315443177615365
1301315108757360640
1301314864061833216
1301314734763827200
1301314632137740288
1301314316403056640
1301314276070752261
1301313728374333440
1301313025551597569
1301312839869587457
1301312175710048256
1301311765192605696
1301311239595925505
1301311062403354624
1301310831603449856
1301310118496272384
1301310026712260609
1301308937720016901
1301308933374709763
1301603078081187841
1301602793162244097
1301602301233311745
1301601680224649216
1301600674355048464
1301600154202537984
1301600051643461635
1301599927848636416
1301599839730376706
1301599774848806912
1301599604736028673
1301599539732688896
1301599498666352640
1301599310996406273
1301599272404574209
1301599172211154946
1301599034822467584
1301598909286866954
1301598866865754112
1301598826441003008
1301598699953422337
1301598573016956930
1301598531262640128
1301598373611335680
1301598227431596032
1301597219540340738
1301596542155907077
1301596250534543360
1301596000973283328
1301595968543117319
1301595582369116160
1301595536873738243
1301594442206388224
1301594223511310338
1301593860724985856
1301593562350579718
1301592387500814338
1301592012236500992
1301591804219977728
1301591646560083968
1301591571104755712
1301589823174717440
1301589417346334720
1301588812255039488
1301588470570168320
1301588285425213440
1301588084857987077
1301655518587486209
1301655125744738307
1301654009284096000
1301653632543264769
1301653354926538752
1301652109511790592
1301651425731248129
1301650609502916608
1301650270062104581
1301650163732156416
1301650152374104064
1301646142283878402
1301644484644610049
1301644432480100353
1301640467956805633
1301618611342114816
1301618566928760832
1301618075314393088
1301618007731572737
1301617885773787138
1301615776328282123
1301615216682299392
1301615026374160384
1301614216386764801
1301614121985748996
1301613555502940161
1301612867284881413
1301612112804888576
1301611996945829894
1301610246645874688
1301609795728760832
1301609426256834563
1301609340953034753
1301608609009131520
1301608139461197825
1301607989045014536
1301607940969959433
1301607458310361094
1301607357349203970
1301606925084381184
1301605964051673088
1301605129515393025
1301605126361305097
1301604991405301760
1301604114456084489
1301604059619766272
1301634247170682880
1301633263602196481
1301632744288641024
1301632025749790728
1301631825647792129
1301631815506112523
1301630502147850245
1301629826441326592
1301629129754804224
1301627657138864137
1301627109606076419
1301626614950719488
1301626511506763776
1301624705632407556
1301624574295994368
1301624283991609346
1301624157524897801
1301624151199772673
1301623871913721857
1301620617603682306
1301620501366931458
1301620496325378048
1301491904295530498
1301491577525686274
1301491143419465731
1301490239240798211
1301489646757539840
1301487849242583040
1301486356372377600
1301485510624514050
1301485110500491267
1301482603665674242
1301481967981080576
1301481923030646784
1301480754271129600
1301480603746029570
1301479953201012738
1301479891779702784
1301479678541086720
1301478097720664066
1301477087870685185
1301587319028436996
1301587170679873536
1301585639947853825
1301585378592411654
1301585336972255233
1301585067383369729
1301585028288327681
1301584920834318341
1301584838634409984
1301584706668961792
1301584452817227776
1301584227444678660
1301584061723553792
1301583442023510018
1301583281670877184
1301583086682091524
1301583046345400320
1301582928837705728
1301582344034414592
1301582325713600519
1301581598731776000
1301581433388109825
1301581150142582787
1301580345381466112
1301578804041838593
1301578338629083136
1301577529334128641
1301577128828338176
1301576887496564737
1301576583120130048
1301576564606468097
1301576313220849665
1301576011872567296
1301575868259549185
1301575838803034113
1301575751918145540
1301575438767095810
1301574286017261569
1301574233210773504
1301574119335407616
1301574107683840004
1301574050813157376
1301573988997423107
1301573930285555712
1301573789193510914
1301573306349305856
1301573031349936128
1301572813757743105
1301572749144600589
1301414628690481152
1301414626400165888
1301413408353509377
1301410339783880705
1301409061775331328
1301408831809888256
1301408520101703680
1301408332888944640
1301408076998807552
1301407821083242496
1301407614903955456
1301407463317659653
1301406806695174144
1301406313105113088
1301404000160550913
1301403432486486016
1301403113966903296
1301402826648715266
1301402762425569281
1301402634876674049
1301401706756886528
1301401522224410625
1301401519346954240
1301401479383834630
1301401478083551233
1301401476678516736
1301401162571153411
1301400530523164672
1301399920272789509
1301399679633162241
1301399597294608384
