1243846140296126466
1243845483698814981
1243845076222164992
1243843177964077058
1243842724400414720
1243842535635681280
1243840262427697157
1243839899859587072
1243839842674491394
1243839614307250176
1243838258116730882
1243837370476179456
1243837350431555585
1243836173342015489
1243836121903173633
1243835781220884482
1243835327376175104
1243835249861279744
1243835150397509633
1243832155563872256
1243958511412736000
1243958280352935937
1243957456302215170
1243956617747537920
1243955008619433985
1243955008573407232
1243955008548352000
1243955008485216257
1243955008418152453
1243955008401543168
1243955008388739072
1243955008380395520
1243954001898545153
1243953237998407681
1243952440296255491
1243952421212209152
1243952324000862209
1243952198393843712
1243951746268958722
1243951435777179648
1243950794354888707
1243949300977025024
1243949175823372289
1243948714722570240
1243948225289170945
1243947605962489856
1243947588904198144
1243947107175841793
1243946515611164672
1243946444794585088
1243946316322889728
1243945757880786944
1243945355323965443
1243945016415920128
1243944927928545281
1243944871058079744
1243944513984499712
1243944317384822784
1244036400929964034
1244036288497340416
1244034825675210754
1244033457417748482
1244033226697474048
1244033026797027331
1244032868554334209
1244032223012982784
1244032069648424961
1244032044046450689
1244031888727162887
1244031405371392002
1244031191805812739
1244029177860407296
1244027839688708097
1244027057543282689
1244026794950504449
1244025532372656131
1244025447022833664
1244024956226138112
1244024496195076097
1244024313054990338
1244024274454790144
1244023736396730369
1244023251266875393
1244022894654640130
1244022574398541824
1244022341769867265
1244021917637640192
1244021855360618500
1244021423162695681
1244021355240095744
1244051506413867009
1244050540499046400
1244050341160574976
1244048991290974208
1244048986773893121
1244047453336338434
1244046824769327106
1244045396873285632
1244044174309163016
1244042968711008256
1244042784266469376
1244042468804476931
1244041950963150850
1244041223981187074
1244041102749040642
1244040758233051136
1244040594974007299
1244040373762129923
1244040134892433411
1244040019993677830
1244039945356001282
1244038717699915778
1244037269410856960
1244037247470624768
1244036991861350400
1243910251289759748
1243909622303424513
1243909470398427136
1243909241905319937
1243907996100386817
1243906070768214018
1243905451156176900
1243904121624821760
1243903745781633028
1243903180393472003
1243902716969189377
1243902619007025152
1243902399854415872
1243901905790697473
1243901599753347073
1243901529217806337
1243901139466280960
1243900110771310592
1243899961701543936
1243899595551367169
1243899265702756354
1243898867730579456
1243898649228304385
1243898133819674624
1243897668113399808
1243897429742796800
1243897186879971329
1243897013525270531
1243896713003388934
1243896461479366658
1243896452050554880
1243896327299350530
1243895949132541952
1243895231713550338
1243830744306376707
1243830189831979008
1243829319094460416
1243828025277513730
1243827311826386945
1243826945114112000
1243824834129190912
1243824640998486017
1243824417945186304
1243823608897527808
1243822890371428352
1243819650644946944
1243819187807703040
1243817467253788672
1243816857250848768
1243816033619775488
1243942083427053569
1243941956335648768
1243941784335589377
1243940566876016640
1243939173943435265
1243938808460185600
1243938138789154816
1243938058719854592
1243937931028561921
1243936780669222920
1243936779759042562
1243936779591225346
1243936777603186690
1243935645971734529
1243935167015772161
1243934035472252928
1243933451176349696
1243933356280008705
1243933319244460034
1243933181960687616
1243933044513398787
1243932882332266498
1243932624076148738
1243932109850447872
1243932097674428417
1243930482959671296
1243930211969839108
1243929875502616580
1243929809459335171
1243929378398101504
1243929347519545344
1243929193647353858
1243928847013130240
1243928804474716161
1243928157373292544
1243927243685953536
1243717623445098496
1243717304019496963
1243717201527549953
1243716351656701953
1243716268743692293
1243714956593442817
1243714774493528064
1243714623007797255
1243714433819406336
1243714228428644352
1243714196778475520
1243714093200084993
1243713988539691008
1243713947674365952
1243713945187295233
1243713859866812416
1243713778413375488
1243713548619939841
1243713420593115137
1243713208185208833
1243712787991261195
1243712689882480641
1243712665589100544
1243712573918384129
1243712326609571846
1243712251896291329
1243711982425030658
1243711609840664576
1243711202603212800
1243710946524069889
1243710363289427970
1243710148218142721
1243709847176130564
1243708256184348673
1243707729132298242
1243707534118174720
1243707445370712064
1243706248152977412
1243705835819347970
1243705549474213888
1243705086754381825
1243704520632176642
1243704075683856385
1243703794875187200
1243703364787068928
1243703248512585733
1243702993721143297
1243702721624113163
1243782363068293121
1243782288791519234
1243781254224457728
1243780848232652803
1243778920081752064
1243776644717916162
1243776580297478145
1243776321572012033
1243775054372093952
1243775050999873538
1243775044041478147
1243775038966333440
1243774406729576448
1243774257198272512
1243773880424112129
1243773227983179777
1243772600733573120
1243772362442584065
1243771862238121984
1243771107871567872
1243770890329808897
1243770805345046528
1243770658074460162
1243770602659463168
1243770035757293568
1243767577488306176
1243764603584217088
1243764447635738624
1243763961352208386
1243763681885741058
1243763470509711362
1243763152115859458
1243761875998748672
1243761816334823426
1243760679779291138
1243759898774704128
1243759599272046594
1243758591808622592
1243756623123939328
1243754858118811648
1243754794742878208
1243752645002747904
1243752604888375298
1243750475591233538
1243749564437299201
1243894564017954816
1243894316063494144
1243894228608049153
1243894136048058368
1243893297095086080
1243892944806891521
1243890702100189189
1243890217678848000
1243889446816284678
1243888805393858561
1243888581787226118
1243888191419174912
1243887634155438081
1243887129782104065
1243886789795987461
1243886462283599878
1243886125900607492
1243885893083160578
1243885131078569988
1243885119036747776
1243884014685077504
1243883113496948736
1243882689276641281
1243881710670041088
1243881559112982534
1243798525361770496
1243798335548424192
1243797777949155328
1243797499325886464
1243794381103976449
1243793621838696448
1243793563659284480
1243792706591064065
1243792421424697345
1243792259461586945
1243792170416390144
1243791236856795136
1243791188039045121
1243790545983385600
1243788039551418368
1243787894894067712
1243787664001765380
1243786866890924032
1243786597948100608
1243786422080786434
1243786095743164416
1243785212636483585
1243973645212450816
1243971862352351233
1243971473599016960
1243971017988395009
1243970739549745152
1243970426277109761
1243969538775007233
1243969410173370369
1243969393178148864
1243969346033999874
1243968681467506689
1243968660617613318
1243968421257084929
1243968343079563265
1243967800529518594
1243967793021751298
1243967787476934656
1243967666781634560
1243967571344400385
1243967515358830592
1243967173271474176
1243967079423905794
1243966349006606336
1243966304819634178
1243965729893801984
1243965257716039681
1243964440166281217
1243962246507696130
1243962162504073216
1243961340999405568
1243960271451951104
1243959960574119936
1243959870589730816
1243959183617200128
1243958979920891904
1243733212372725761
1243732707835707392
1243732386829013000
1243731872913526791
1243730964125286401
1243729776499666944
1243729601588875264
1243729380658085888
1243728380521934850
1243727725728333825
1243727278560948224
1243727219920449536
1243726255121448960
1243724896439619586
1243723944030543874
1243723841018494976
1243723087130103811
1243722823924961280
1243722071806541826
1243721994518093832
1243721680335364096
1243720966322216961
1243720966296997895
1243720966267699203
1243720966267535361
1243720966238240769
1243720966233980928
1243720966225555458
1243720966158471168
1243720440771751942
1243720301684326400
1243720300149252098
1243720029541187586
1243719909311426562
1243719889996713984
1243719361325604864
1243719354732220418
1243719260922245122
1243719038964039680
1243718955925229569
1243718902275887106
1243718664387465219
1243718364025040896
1243718265529978880
1243718239537868800
1243879021999312898
1243875670167519242
1243875250531680256
1243874926127349760
1243874758162251781
1243874747621847040
1243874732232937472
1243874327306649601
1243874323326054400
1243874058019565568
1243872776483676160
1243872753016397825
1243870344378830848
1243870308618121216
1243869615605735428
1243868625540272128
1243868336162832384
1243868267757875200
1243867488435286016
1243867418285543424
1243867053477552128
1243867012603891712
1243865937998000129
1244005074894012419
1244005010121404416
1244004736891867136
1244004264105607168
1244004186129195017
1244004104327663616
1244004048661086208
1244003934315917313
1244002189325959173
1244000881122705408
1244000204707291138
1243999946237456384
1243999463540166658
1243998806217093121
1243997406267617280
1243995682249138183
1243993873036316672
1243993780182810625
1243993698230308864
1243993625408741376
1243993503765577729
1243992820374962179
1243992795418955776
1243992769955323906
1243992581597511681
1243992552187006976
1243992425724600320
1243992267616108544
1243991241701969920
1243991151444668416
1243990396272816129
1243990354703060994
1243990320871809024
1243990074636861440
1243990034342174720
1243863400825962501
1243863066036457472
1243862297308803073
1243860380679573505
1243860373335351297
1243859849722527745
1243859802402537473
1243859369718145024
1243859167137447936
1243859005824552960
1243858657202155522
1243858473185677312
1243858300493537285
1243857865477099520
1243857829804388352
1243857148964208641
1243856918239731712
1243855398039433217
1243854430702837760
1243853991492161537
1243853288564338688
1243853006954586112
1243851134701166592
1243851054049001472
1243849746382536704
1243749040497573888
1243748549730414592
1243748427487477760
1243746974236540931
1243746937406255104
1243745916789669888
1243745567605325826
1243743989074927616
1243739846197293057
1243739012491165703
1243738222322020353
1243736267990405123
1243736231105585152
1243735896651857920
1243735422590767104
1243734797618491392
1243734580961689603
1244021296675119106
1244020261613166592
1244020252406579200
1244020070810103810
1244019878471729153
1244019638628782080
1244018301371469825
1244018197558411266
1244017227084398593
1244016791728402433
1244016543299555328
1244015555838750722
1244015074982813696
1244014207391039493
1244013284275228672
1244013124472262656
1244012808381050880
1244012484626915332
1244011617806946307
1244011579840106497
1244010034327179265
1244009881507631104
1244007648246116352
1244007498690019328
1243989283117002754
1243989259452907521
1243989096806178818
1243989057815875584
1243988576427298816
1243988110695899136
1243987934312833024
1243987462784978945
1243987239723585538
1243987005412970496
1243986559877238785
1243986338619125761
1243985729455349762
1243985185055608833
1243985003689566208
1243984947527942145
1243984871636307968
1243984516697505794
1243984383033462784
1243983946507071491
1243983647528665088
1243983583842164736
1243983581485182977
1243983364820021249
1243982497727287298
1243982330529812481
1243982324561313794
1243982081488797697
1243981966678114305
1243981906728947713
1243981731943735298
1243981343282704385
1243981131030188033
1243981129969012737
1243980965250244610
1243980665357512707
1243980594381336576
1243979995057446912
1243979696754262016
1243979548409991169
1243979173787394054
1243978162033303553
1243978024720138240
1243977928536440832
1243977646658248705
1243977609014161409
1243976566452957185
1243976534337228802
1243976034879328256
1243975875315601408
1243975789256888320
1243975512277626880
1243975362310066176
1243974998089490434
1243974977566707712
1243702514920259584
1243702391792435202
1243702091320897544
1243701122327629825
1243700945281855489
1243700793900965890
1243700662594043905
1243699864388743168
1243699859045171200
1243698785282166784
1243698009658888192
1243697798375034881
1243697777974095880
1243697586902634497
1243697266025775110
1243697106193281024
1243697087235207176
1243696328670052358
1243696170188312583
1243696147383779328
1243694792917127169
1243694790790660096
1243693772417966084
1243693040981741568
1243692833631920129
1243692218281422848
1243692015050612738
1243691622531043330
1243691385208766464
1243691062301986823
1243690826452082693
1243690795439460352
1243690739785236485
1243690705966563329
1243690674668609538
1243690225064448004
1243690222707228672
1243690182664237057
1243814381609046018
1243808833014599680
1243808397167820801
1243808066107310081
1243807876822564864
1243807830513053702
1243807512702398464
1243807455483748353
1243807268614950914
1243806758365208576
1243806330781138944
1243806225504092162
1243805726465822720
1243805487440826368
1243803806611234816
1243803126559313920
1243799838136750085
1243799685996974080
1243926616172048390
1243926382494863360
1243925571739897857
1243925422808727552
1243924374102695939
1243923458477588483
1243922424707629059
1243922262295818241
1243922107915841536
1243921386919337986
1243920672641843201
1243920082172022787
1243919974038552576
1243919864332500992
1243919710519013377
1243919452586029057
1243919433782956032
1243919429202776066
1243919090814726145
1243918948736909312
1243918781484851200
1243918660596629505
1243918596830564353
1243918307545227266
1243918243485700097
1243918134219767809
1243916917552943111
1243916778927001600
1243916629714468864
1243916467944296448
1243916400269262849
1243916241930240005
1243916216550297600
1243916042507673601
1243915975738744832
1243915754879299584
1243915215340810241
1243913859800403968
1243913530740523008
1243913354315542529
1243913311479087104
1243912382012968960
1243911571476119560
