1238253316695642112
1238253307187134465
1238253276446908416
1238252815434371074
1238252615630233602
1238252368795492352
1238252365674938368
1238252267498864645
1238251832364994562
1238251715062910981
1238251707747926018
1238251463782129670
1238250258766999553
1238250068618219525
1238249977710882821
1238249936996765702
1238249847427338242
1238249479146520578
1238249365099229184
1238249249487323137
1238249024446246913
1238248814680686594
1238248556101873665
1238248312257613825
1238247901303844864
1238247596378009600
1238247330551402496
1238247254844194816
1238247040242589698
1238246986375102469
1238246691695886337
1238246682153889793
1238246553183281155
1238246400703561728
1238246204246503432
1238245559544303616
1238245534609166342
1238245531048181760
1238245206320975872
1238245158291996672
1238245096274956288
1238244763654131712
1238244281439129601
1238244208164638720
1238243976521682949
1238243890433601536
1238243645578493953
1238243493459431429
1238243450790776832
1238243392217395200
1238243113900138497
1238243000091914240
1238242913055883270
1238242801512579079
1238242725490823168
1238242570083450883
1238242470284181504
1238242175843958784
1238241996973760513
1238241970499325953
1238241822352248833
1238241263264182274
1238241002806263808
1238240751521337354
1238240658818764804
1238240616229806080
1238240522424274944
1238240331927257088
1238240159306518530
1238239807815454725
1238239344130961410
1238239339450163202
1238238755959406592
1238238376446144512
1238238057549172736
1238237955019493376
1238237600323899393
1238237511060795395
1238237212430360576
1238236725798993928
1238236529534869510
1238236404724969473
1238236393962450945
1238236382692245504
1238236338798784513
1238236254455705601
1238236011001532418
1238235606699986946
1238235142696718342
1238235011641466881
1238234987805249536
1238234812852428808
1238234427911737347
1238234004819791872
1238233914122084352
1238233739601346563
1238233318027595783
1238232902208327680
1238232872416358403
1238232853588127747
1238232818460884993
1238232745337335813
1238232120398614528
1238231822347239424
1238231583133401088
1238231499511562245
1238231211778232322
1238231193088376832
1238231102642413573
1238230933808934912
1238230713100468226
1238230426579275776
1238230202313998338
1238230132671885317
1238230131065356289
1238230042078896134
1238229825237770240
1238229781319049217
1238229463378341888
1238229159714816000
1238228367905677312
1238228257725714432
1238228121607794688
1238227729771831297
1238227651623628800
1238227469196570628
1238226694403772419
1238226517022269441
1238226355151679493
1238226340316356608
1238225838258126849
1238225555117543427
1238225516840148992
1238225409721991168
1238225048953028611
1238224646862000133
1238224252555362306
1238224224231264258
1238223986494001155
1238223915798925318
1238223862422294528
1238223770978000896
1238223633757208580
1238223596410953728
1238223544653352961
1238223518325587969
1238223471219539968
1238223451170750464
1238223429087694848
1238223245775699969
1238223214792278017
1237936539553980416
1237936128067543041
1237934355730792448
1237933165164912640
1237930009471397888
1237929786732838912
1237929730743119872
1237929634534064128
1237929274432278528
1237928951911194624
1237928899776036864
1237927886826471424
1237926184110915584
1237926158416654336
1237925607109005312
1237925377005228034
1237925300383748098
1237925173501685760
1237925162927951872
1237924949303713794
1237924838943178754
1237924714804318208
1237924690057932800
1237924507894988801
1237924345571352576
1237924324335640576
1237923966603407361
1237923815835021319
1237923596833632256
1237923336023392258
1237923139453140997
1237922601378422784
1237922344028471298
1237922246389190656
1237922016369553417
1238065322990731264
1238062531152957440
1238062179238240257
1238062051156725764
1238061336694685697
1238060593808105473
1238060592629334017
1238060318540079104
1238059424259944448
1238059246950010880
1238059223398965249
1238058831617363968
1238058796309716994
1238058064114339841
1238053748791967744
1238051880007274497
1238051462216855552
1238050508314558464
1238176531807121408
1238175823406010368
1238175714139992065
1238174702784389120
1238174586157629440
1238173898874605569
1238173341044936705
1238172236378443779
1238171639940071429
1238171347244769281
1238170668639735808
1238169571074457602
1238169486487937027
1238169436156239872
1238168933120856070
1238167219164643329
1238166145053724673
1238166143602290690
1238165522451234816
1238165456005091332
1238165266611220488
1238165140018790402
1238165037858111488
1238164994774056960
1238164699067420674
1238164055510200322
1238163886118973444
1238163350607015937
1238162897097850880
1237921203345657860
1237921080628719621
1237920842325073920
1237920579287765001
1237920188370206721
1237919531068051456
1237918774449274880
1237918082334519297
1237918011887095810
1237917770077163520
1237917769502470152
1237917360364728320
1237917227413798912
1237917178650918918
1237917172007133185
1237917165380124673
1237916244197638144
1237915964890591238
1237915839564742656
1237915674049216512
1237915215213273089
1237914502508752896
1237914290067308544
1237913954334257155
1237913300475826176
1237911928363552768
1237911799862898690
1237911520392220675
1237911407368208390
1237911184033992704
1237910231041994752
1237910019301138433
1237909348455723010
1237909246500581376
1237908364023287808
1237907826275766272
1237907760857169921
1237907567566884864
1237907511505805312
1237907508565544960
1237907494766178304
1237907077865115648
1237906566554120193
1237906433884205057
1237906399918727169
1237906335154368512
1237906166388117504
1237906132816941056
1238145507224141825
1238144822181007360
1238143849782038528
1238143726016286721
1238143362139471872
1238142852024205312
1238142660138975232
1238142559085563904
1238142380341149697
1238141870544498688
1238141120237965313
1238138465163915264
1238138387225329664
1238138222804447237
1238136286810169347
1238136023625973764
1238134850290364421
1238134341953347585
1238133796282814466
1238133579126837250
1238133515746783233
1238132409612169217
1238131885865402369
1238130478470725633
1238161290889236480
1238160117083881473
1238158888123367429
1238158655020769281
1238158559327764488
1238158545838841858
1238158532463210497
1238157984578048001
1238157916928081920
1238157390631129089
1238154680473182208
1238152926243291136
1238152357558521857
1238152093497798657
1238150620877598720
1238150505991417859
1238149678115536896
1238148513889992710
1238147153660428288
1238146864429629440
1238146728022376448
1237966898328813569
1237965809911074816
1237964430056488960
1237964244450021377
1237962614094868480
1237962291963817984
1237961661325197312
1237960003694329858
1237959708868096001
1237959279086170112
1237959188107726848
1237959010025967616
1237959003436724224
1237958613869760512
1237958246108991488
1237957496846700548
1237954973608153088
1238192320639574023
1238192065294618636
1238191629548376065
1238191280850698242
1238191104987664388
1238190776120512513
1238189392415444994
1238189244755083268
1238187519512109056
1238187001469227010
1238186472630628353
1238186443912118277
1238186055872000000
1238185326516088832
1238185179476373504
1238185131589984256
1238184827452641281
1238183292840685569
1238182988724097031
1238181456431779841
1238179852458569730
1238179701224595456
1238179552318414853
1238178728246685703
1238033371348881408
1238033260556341249
1238032957144813570
1238032532626649088
1238032431778840576
1238032223733010433
1238030924748644352
1238028346253967360
1238027823446511616
1238027799706750977
1238025851385434112
1238024801136107527
1238023432790556677
1238022164231716864
1238018897531424769
1238017905255735302
1238017098955317248
1238016482564603905
1238015755607777280
1238015469224890370
1238015366502072320
1238014814573793280
1238014311261298688
1238013142757781505
1238011335608336384
1238011112911708160
1238010722589839360
1238010336827060226
1238009940393902080
1238009502177386496
1238009424024829952
1238009256252669952
1238007275257765888
1238004297528487937
1238004280059138048
1238003202559053831
1238003087467597824
1238003085869559809
1238097778640932864
1238097592124420097
1238096086952218627
1238094897648992257
1238094299322937344
1238091992686526470
1238091773815058432
1238091217025544192
1238091150285774848
1238090404098125826
1238089928254328832
1238089841516085249
1238089318322917377
1238088308468715521
1238087705608798208
1238087455875751937
1238085358509797376
1238083434318266369
1238082489572159488
1238080910282588162
1238080095992111104
1238080041075929090
1238079868375621632
1238079552049393664
1238078127030575105
1238077307966967809
1238076166168358912
1238075528310960128
1238074997882662913
1238074949098770432
1238074935295254533
1238074078272974850
1238073364020781057
1238072739665248256
1238071785784033282
1238071450067746816
1238070908654419968
1238070248009580546
1238069134417592320
1237999586020491265
1237997548939460609
1237996651911892992
1237995910866452480
1237994866023399424
1237994027963813888
1237990545181433856
1237989675861790721
1237989499625324544
1238113109484515329
1238113012202029058
1238111035896274944
1238110724553158656
1238109995985784832
1238109760165117952
1238109518124507139
1238108975893274626
1238107606994092033
1238107062938341376
1238106557067538432
1238106290691485696
1238106053201596417
1238105890282242049
1238105700527673344
1238105442170990592
1238105333832318978
1238104806444630016
1238104527406055429
1238104465581850625
1238104410020089857
1238104396363255808
1238104184466968576
1238103976991698947
1238102730541084672
1238100015693942788
1238099938359140354
1238098994062151680
1238098253725360128
1238098248000249856
1238098050805108741
1238222886332235778
1238222858758672385
1238222809375150086
1238222668987543554
1238222559100973056
1238222320113610752
1238222207488151553
1238222188156723201
1238222114861142016
1238221279142072327
1238221217120878593
1238220871187279884
1238220635463012353
1238220333687214082
1238219764910227461
1238219670823374848
1238218965157056513
1238217979046711297
1238217628985982978
1238216987534225409
1238216172971098116
1238214813714505728
1238213929664425990
1238213396341891072
1238213286228897793
1238211486721265664
1238211479511367680
1238210111266525194
1238209859616673792
1238209324889112576
1237983338322956290
1237981899613593601
1237981820718682113
1237981597527310337
1237980748881301505
1237980510896263169
1237980383158784003
1237980227545923586
1237979875438256128
1237979407630950400
1237976377628000257
1237974908128432128
1237974744625889280
1237974114175860736
1237973598880612353
1237973390306299905
1237973132117508097
1237973082234593280
1237972544344465408
1237970704986853377
1237970487231176704
1237969105870716928
1237969105472204800
1237968249050091520
1237906083907137536
1237905922732646400
1237905689705623552
1237905492883767296
1237904919153258496
1237904519843008515
1237904022054613002
1237903429814665218
1237902646113185792
1237902290809499654
1237902262212542470
1237902185041670146
1237901960336093185
1237901940182392833
1237900631324622848
1237900444850143233
1237900266021814272
1237899822847283201
1237899476074778626
1237899277873143808
1237899222763966466
1237898611049902080
1237898392803487744
1237898367231045632
1237898027400077312
1237898019195904000
1237897622272131072
1237897616777785344
1237897593113341952
1237897197049352194
1237896346348052481
1237896194849792008
1237896079468670976
1237895486616395779
1237895368655818753
1237894641082490881
1237894566780395522
1237894518113857536
1237893765034938369
1237893634638274563
1237893180353155073
1237893029102366724
1237892981769637888
1237892331199590405
1237892261188259841
1237891383337209856
1237891234556866560
1237891089584885770
1237951775736344586
1237951684925685760
1237950780490973185
1237949669600301057
1237947586142769152
1237946456675319808
1237945955036442624
1237945718540652544
1237945423773552647
1237944766333169670
1237944686007980032
1237943407378661376
1237941908674052096
1237940685828960257
1237940057790656512
1237939920251076608
1237938412495101952
1237938194789720065
1237938036555513856
1238049667893661696
1238049267324989440
1238047386678657024
1238045837747462144
1238045465779855360
1238045392098463746
1238042023573114880
1238041971685548034
1238040006142373888
1238039108167008256
1238038791186718724
1238038310779584513
1238037625778384896
1238036714297360384
1238036447661158400
1238036013592784897
1238034920464924672
1238129043972767745
1238126897403478016
1238126001344974848
1238125175926853637
1238124594189471745
1238124353654571009
1238123622423764992
1238123219896451073
1238123067735511050
1238122863485427719
1238122656962088961
1238122616612937729
1238122593032511489
1238122470219173889
1238122018748366848
1238121805132509185
1238121698127462402
1238121439749963776
1238121134194855937
1238120799204073472
1238120495733751809
1238119651864989698
1238119475385425922
1238117812348084225
1238117625701584897
1238117557619613698
1238117302119419904
1238116926934704128
1238116843207954432
1238116520552792065
1238116337311866880
1238115932083535882
1238207439935131648
1238205551026323460
1238205128525729792
1238203558899695626
1238202151106744327
1238202071267991559
1238201447789051905
1238200973740462082
1238200398143504385
1238198200395272192
1238197841551659008
1238196751330349056
1238196738839765004
1238196452658200577
1238196401064067083
1238196153323261952
1238195389066551304
1238195317322866688
1238195170920861696
1238194711350951938
1238194073330241538
1238193485552840704
1238193153498386438
1238192920345423873
1238192744595677186
