1340640516472524802
1340640451011993600
1340639287352700929
1340639258462326784
1340639154195976193
1340639063464960004
1340638623037878273
1340638485288513538
1340638331881832449
1340638283739574274
1340637936325419009
1340637519101227008
1340636288651804673
1340636221089968128
1340635652740792328
1340635637926522881
1340635106017423360
1340635000753041409
1340634616361857025
1340634559407386627
1340634399440838656
1340634170230534144
1340633827308351488
1340633703366713346
1340633461980155904
1340633436671926276
1340633090922835969
1340633067451535363
1340632090690416640
1340631860603473921
1340631672212090882
1340631645137883136
1340631451369402374
1340631267885215745
1340631205679681536
1340631134145679360
1340630637003251713
1340629788973658114
1340629783135346688
1340629637831905281
1340629312890949632
1340629112772288512
1340628894639153152
1340628857532149763
1340628706516078593
1340627821002158081
1340627095613947906
1340627058888720386
1340626998419447808
1340626926646534144
1340626901304545280
1340626261266317313
1340626243541229568
1340625840149827584
1340625630287847424
1340625569319428096
1340809064842813442
1340808368118616064
1340807796170887168
1340807643779121152
1340807500791164929
1340807365956812805
1340807292338495493
1340807278140792832
1340807174507773952
1340807150063521794
1340807128039174145
1340807100277125120
1340806968345288710
1340806914293313536
1340806638022914050
1340806087012999174
1340805950761029632
1340805854925266945
1340805799745122308
1340805436312829956
1340805244037464064
1340804668318998532
1340804224679092231
1340804153556291587
1340804108308029441
1340803897795948544
1340802154240602115
1340801660935925762
1340800772569755653
1340800678558658565
1340800614272417793
1340800493061345282
1340800360710090755
1340800310596558848
1340800017150271489
1340799833087590401
1340799724190720006
1340799612655964160
1340799432879697920
1340799360339070979
1340799162523267080
1340799104469897217
1340798944402677760
1340798723119599620
1340798569729708034
1340798054014791680
1340797997714698241
1340797986578726913
1340797758702153729
1340797673050390536
1340796867765030915
1340796629478195200
1340796188380045314
1340796083287568384
1340796022088458241
1340795947060764673
1340795474874408960
1340795456331390982
1340795416619716615
1340795217809698822
1340794929094815746
1340794443348242435
1340794368781795329
1340794180885426176
1340671652816891905
1340671419840147457
1340671224683388928
1340670496975810560
1340670093609594880
1340669940177788928
1340669863254249474
1340669804047441921
1340669639114809344
1340669559880241152
1340669401000005637
1340669384319250433
1340669208619851778
1340668921775607808
1340668527502630913
1340668523748749312
1340668492207575040
1340668284321067008
1340668279443042304
1340668209679101954
1340667584228827140
1340667420395134976
1340667278900269056
1340667001224753153
1340666694423994368
1340666660991188994
1340666142751420418
1340666069174939650
1340665356285829121
1340665211007754240
1340665126819655681
1340664958871285760
1340664791552172035
1340664617157181441
1340664530880311300
1340664066185056259
1340663864862621699
1340662896359923712
1340662891586973702
1340662413008498714
1340661793740480512
1340661522620661760
1340660785614385153
1340660433091518467
1340660403471265802
1340660350438567937
1340659683070259201
1340659550668664834
1340659535854354435
1340659523175014402
1340659396020498432
1340658632912859138
1340658021064531980
1340657930845052930
1340657611121844224
1340657447405375489
1340657295512973313
1340657005032304641
1340656845652979712
1340533203031998464
1340532392952352768
1340531541806620672
1340531537054461958
1340531408524222466
1340531170329702403
1340530238263058432
1340529983933050880
1340529815007444992
1340529778026307585
1340529496160657408
1340529381178028032
1340529249845993474
1340529227800719360
1340528953405128704
1340528799897837571
1340528557248950273
1340528467826360320
1340528228319027201
1340527802848845826
1340527774306594817
1340527673563607040
1340527608434462721
1340527553891737600
1340527493602799616
1340527280943185921
1340527024234893312
1340526899412529152
1340526276973477890
1340525968516149249
1340525798319648770
1340525686029770752
1340525167685066755
1340525050718466048
1340524805842460672
1340524695775567879
1340524649973772289
1340524595380678656
1340524490455982080
1340524209970290691
1340524016122130433
1340523682125541379
1340523597681582084
1340523523094138881
1340523327547437060
1340523321872568322
1340523196127297538
1340523084240064515
1340522964027133952
1340522845416411137
1340522717112541185
1340522092341694464
1340522060204957696
1340521128637460480
1340520990112161792
1340520579510628354
1340520387713622016
1340520182389878786
1340520088659640322
1340520065389764611
1340519739026591745
1340519415104856064
1340518497042878464
1340518342269034497
1340518193249468417
1340625281392934913
1340625097665724416
1340624976467152898
1340624787899641858
1340624628096532482
1340624497335033861
1340624452124626945
1340623842532864005
1340623641764098049
1340623581789741056
1340623445063839744
1340623383227215873
1340623264415162370
1340623170739560448
1340623137218523137
1340622836747124736
1340622567208587265
1340621997735174144
1340621234975981570
1340621078729789445
1340620830926131202
1340620516307197953
1340620409088126979
1340620326015819776
1340620161578127360
1340619725978685445
1340619717720104962
1340619056777408512
1340618728745148416
1340617287452270593
1340616897151324161
1340616886179012608
1340616564584796163
1340616509094289408
1340616001356894210
1340615941793542145
1340615904443453440
1340615688000573440
1340615425256648704
1340615187230056448
1340615173346881537
1340615075250524166
1340614976571133952
1340614724296306688
1340614629614120963
1340614322930790401
1340614300843601921
1340614257549996032
1340614142323871744
1340614043942445056
1340613703830528000
1340613654715064323
1340613409558159362
1340613313324052480
1340612912843354112
1340612888046743552
1340612566356094978
1340612452476743680
1340612306464616453
1340612045402587140
1340611785137778691
1340611781698445314
1340611615973097473
1340611613661962240
1340611253505503233
1340610706232799232
1340610640902316035
1340610383921487872
1340610346214670339
1340563860823158787
1340563580144529408
1340563193786228736
1340563091352940544
1340562117724934144
1340561547207319553
1340560385116696577
1340559871310262272
1340559566673760256
1340559129279082499
1340558832012042240
1340558806787497984
1340558558480400384
1340557656696741893
1340557638384410626
1340557247479508992
1340556883262889988
1340556625325658112
1340556602047401984
1340556476285333517
1340556421578944512
1340556183707348992
1340555948113465344
1340555927058063361
1340555641178390528
1340555461590982656
1340555186713063424
1340555163208192002
1340554782616895489
1340554749159104513
1340554698164559872
1340554385521143808
1340554354953170944
1340553443996561408
1340553255206567937
1340552970237296642
1340552488781553666
1340551507771580416
1340551440461230084
1340551388317831169
1340550748229296129
1340550718764294145
1340550686757543936
1340550276709711873
1340550201656942593
1340549951550611458
1340549834135105536
1340549669005316096
1340549586528571392
1340549330768412672
1340549308932710401
1340502677130792961
1340502482036936704
1340502098094534662
1340501927575097346
1340501696183754752
1340501513613893640
1340501328355676161
1340501016530350081
1340500747603955712
1340500272972361728
1340498932510699520
1340498660811894785
1340498555052679169
1340498522706206721
1340498310382186497
1340498250516885504
1340498147240374272
1340498058023460864
1340497820269248512
1340497455578673152
1340497231657402369
1340496452515221504
1340495975090151424
1340495893917667328
1340495816822288389
1340495490098614272
1340495303317843969
1340495128222441475
1340494939709313024
1340494840925200385
1340494501769580547
1340494330063171586
1340494218045878272
1340494138446213125
1340494037988630531
1340493686971510784
1340493303620493315
1340493051060514816
1340492753151602689
1340492121485103104
1340491745176526856
1340491575852490753
1340491568357097472
1340491468889354243
1340490973818855427
1340490788560654339
1340490368668692482
1340489601375379456
1340489591875317761
1340489123241598976
1340488874930409473
1340488826318413824
1340488626719879168
1340488608420044800
1340488385929105409
1340488372557672449
1340488037634076674
1340487929181945857
1340487822315302913
1340594233460199424
1340594001708281856
1340593839648731136
1340593595166851072
1340592982454657025
1340592591142842369
1340592343251099648
1340592164066254850
1340591539047809025
1340591392108638208
1340591250064326658
1340590857267908608
1340590182962241537
1340589993475985411
1340589791763714049
1340589278838087680
1340589071979180032
1340588105041145856
1340587791244267520
1340587504706138114
1340587419599400960
1340586317617328128
1340585522541056001
1340585097108611072
1340584445523345409
1340584254628130821
1340584201482088448
1340583963086221313
1340583780805869569
1340583447748866048
1340582361902280704
1340582337109745669
1340582192494219265
1340581859361734656
1340581697356771328
1340581648392437762
1340581580105015296
1340581518096412673
1340581492435668992
1340581096958750723
1340580424901246983
1340579254250172417
1340732630896168963
1340732583068512258
1340732570619789314
1340732315882975235
1340732297591472128
1340732252418916352
1340732038714896390
1340732036051419136
1340731939154657280
1340731872121409542
1340731815871586304
1340731553387859969
1340731390195843074
1340731263267860482
1340731236092928002
1340731168262656002
1340731068266270721
1340730984493436930
1340730735146221568
1340730648538083329
1340730602283278339
1340730203555840000
1340730137566961665
1340729865620828162
1340729852312363015
1340729685920124931
1340729563815534595
1340729271048802304
1340729169035079685
1340729024868470785
1340728696626417666
1340728695359606786
1340728578980388864
1340728548483616770
1340728445861580801
1340728381588054019
1340728379453149184
1340728230853132288
1340728145230618624
1340728088691421186
1340727955354505218
1340727871921221633
1340727847871270913
1340727788446347264
1340727624323182593
1340727249734148097
1340727071505604609
1340727004384161792
1340726944648884224
1340726728361164800
1340726696639651843
1340726393903198210
1340726281076355072
1340726275321831425
1340726187312738304
1340725816976617474
1340725734516678658
1340725694695952385
1340725605441146880
1340725572167749635
1340725551414341633
1340725531080310784
1340725347587899392
1340725212736856066
1340725009921282050
1340724951754698756
1340724921463353346
1340724326186643456
1340724215436242945
1340723832076840967
1340723830864687104
1340723750006874113
1340723653214932992
1340723180441255937
1340723017077452806
1340722971724238849
1340722907320889347
1340722869223837696
1340722837598965761
1340722507821805569
1340722457565667329
1340722426997518336
1340722398912540673
1340722384161153024
1340722302196039681
1340722063858933763
1340722061782765569
1340721928747823108
1340721596978192384
1340721255872282624
1340721062699552774
1340721032118845440
1340720776857718786
1340720648776261639
1340720620582133762
1340720296878366721
1340720045987667969
1340719913489604611
1340719903528071172
1340719728440999936
1340719713446445062
1340719710778908674
1340719690218430466
1340719270171467777
1340718801164361728
1340718644741988361
1340718447127367680
1340718142058885120
1340718071561023488
1340717953180962817
1340717817184858116
1340717640990408705
1340717606370734080
1340687126049009664
1340686931055833089
1340686866685829120
1340686430197215233
1340686416729296897
1340686280070467588
1340686186852081670
1340685887131291649
1340685632939692032
1340685079224459268
1340684683491864576
1340684543980920838
1340684004299825154
1340683744856985607
1340683690284900355
1340683682810646528
1340683507165609984
1340683467588313089
1340683403901820929
1340683349464129538
1340683203741421568
1340683193335181312
1340683004151214080
1340682711476940801
1340682477984210945
1340682437492428807
1340682030254796800
1340681714507669504
1340681484600950784
1340681085257170945
1340680895834038272
1340680609119821830
1340680370409398276
1340680365065854979
1340679624972492802
1340679483800637440
1340679445494042632
1340679055226638336
1340679020279701507
1340678745338900487
1340678570096664585
1340678347714654211
1340677640655650816
1340677472774479873
1340677459008761856
1340677296911507462
1340677283833589762
1340676951363760128
1340676612535316482
1340676581921067015
1340676234880184320
1340675675632660482
1340675354684481537
1340675311613210624
1340675224719794176
1340674858414436352
1340674280200265733
1340674207688998912
1340674100067504133
1340673945704542210
1340673498226839552
1340673485098643458
1340673424679694338
1340673319771779073
1340672846406721536
1340672669625270272
1340672624700108802
1340672579372077061
1340672400292241409
1340672325348433920
1340672312258007043
1340672293270372354
1340672206662189062
1340672187615817728
1340672090790264833
1340455419588689920
1340455401075175427
1340455243314806786
1340455039190614016
1340454971024654338
1340454877634412549
1340454692959227906
1340454653432049670
1340454637883842561
1340454155777806336
1340453656412483584
1340453257827807238
1340453046271303680
1340452877072920576
1340452800761872384
1340452600341168128
1340452466874265601
1340452168789311488
1340451929508491267
1340450963652554753
1340450510017605632
1340450040830185477
1340449918654230534
1340449407783890946
1340449257317392385
1340449248429690885
1340449211784060928
1340449187096358913
1340449153319460864
1340449103331901441
1340448569812250624
1340448541945151489
1340448126197506055
1340447484305317888
1340447454181744642
1340447428428910592
1340447210035703811
1340447121040941057
1340447059892031489
1340447014514008064
1340446926169399297
1340717508463046659
1340717471586787328
1340717412270927873
1340717291479166978
1340717275364519936
1340717109068836865
1340716892999344129
1340716820039393286
1340716678070431744
1340716652212711432
1340716629378908162
1340716537607565312
1340716512621957121
1340716430136909825
1340716343457439745
1340716273609699328
1340716151517704197
1340715937037602816
1340715864249823234
1340715833941766144
1340715565745393665
1340715565023961095
1340715396307931142
1340715230591070214
1340715224433881088
1340714695435665408
1340714541253050369
1340714056957759488
1340713689058566145
1340713677541011457
1340713590911844354
1340713582355464199
1340713495449485315
1340713177697411075
1340712619964067841
1340712456562364417
1340712407870615558
1340712174596091907
1340712147203088394
1340712057713405958
1340711938855153668
1340711909390225413
1340711806474530817
1340711776707604480
1340711775738748933
1340711728271638528
1340711718809382912
1340711614945906689
1340711554472357890
1340711524596387845
1340711318366679041
1340711213420953604
1340711016317988868
1340710624356163588
1340710099883610113
1340709972410286081
1340709841116028936
1340709803950268416
1340709788116803585
1340709783494639618
1340709686266490888
1340709580922376198
1340709568360419336
1340709422251864065
1340709420905488386
1340709371391725572
1340709306111553540
1340709289565036544
1340709014519345153
1340708859036483589
1340708738714497024
1340708636134400004
1340708593591455744
1340708134583676931
1340707938965581826
1340707895084773376
1340707855507320841
1340707722329776129
1340707507925377024
1340707485884293120
1340707442997555204
1340707357689561091
1340707344662097923
1340707270154399745
1340707045830475777
1340706951802531842
1340706804121133057
1340706786739953671
1340706732490825730
1340706332773666821
1340706203467456512
1340706119207931905
1340705816551284739
1340705604571164673
1340705352543854593
1340705149011054594
1340705064667721732
1340704948154232834
1340704843032387588
1340704751789477889
1340704748354285570
1340704714086879234
1340704315376361472
1340704230487810053
1340703715225952261
1340703600989888515
1340703566260969472
1340703452943552512
1340703444466880513
1340703239273123841
1340703169953869830
1340702766474223618
1340702684194738180
1340702611893346306
1340702575168008195
1340702472877314048
1340702417176981504
1340548678415769601
1340548538510553089
1340547462658973697
1340547388772007937
1340547341099573249
1340547270249508864
1340546809077395456
1340546655062544384
1340546631868014592
1340546444219052032
1340546371842138112
1340546269765373952
1340546197333925888
1340545974847070208
1340545723054612481
1340545276919033856
1340545191799828482
1340544947968196610
1340544750722625536
1340544190653079552
1340543901820739584
1340543821373992960
1340543736313475072
1340542565540638721
1340542222433886210
1340542043467165697
1340541375897423873
1340541363222433793
1340540926448562176
1340540713029660673
1340540671405547520
1340540294043975682
1340540195469406208
1340540079081603074
1340539903181008896
1340538682021982208
1340538554477326338
1340538157511680000
1340538073973723136
1340537839969308672
1340537796558286851
1340537697316859904
1340537605939752960
1340537527468519424
1340537176828817408
1340537149460983809
1340536522538364931
1340536371476373505
1340536142270246914
1340535950242398209
1340535793203474432
1340535773905477632
1340535739298115585
1340535524382093313
1340535342273839106
1340535321721774080
1340535111348064258
1340534593557020675
1340534245324955652
1340533987392032769
1340517854299516931
1340517106945802242
1340516566610321408
1340516485949616128
1340516413639979009
1340515525579976704
1340515333120126978
1340515268506886145
1340514508570324992
1340514281327112194
1340513953403838464
1340513566445752323
1340513539736305664
1340513332575539200
1340512992035782656
1340512443261353984
1340512435896238080
1340512290530091010
1340512224624992258
1340512193557610496
1340512068160679938
1340512036246212611
1340511808843636738
1340511600093126657
1340511411122913280
1340511404139286531
1340511228318412801
1340511161335369728
1340509947008835584
1340509929157906433
1340509793224572928
1340509737012609024
1340509595257761792
1340509565905879040
1340509393876627457
1340509349198835712
1340508778635157505
1340508464645353473
1340508444743200769
1340507730574979073
1340507698157285377
1340507430439034881
1340507351581921286
1340507342262202368
1340507041631268864
1340506955769634818
1340506856754581504
1340506819488313349
1340506692950183936
1340506476398329856
1340505878756274176
1340505689643491329
1340505512199270402
1340505254811627520
1340505250554290179
1340505212730019840
1340505198859608069
1340505015606231040
1340504590261825538
1340504561090514945
1340504325118803968
1340503910834847746
1340503774016790530
1340503702533263362
1340503557099892737
1340503266065444866
1340503022670131200
1340502975211573253
1340502781682208768
1340702267914240001
1340702193024970753
1340702059897696256
1340702036866834434
1340701871833538561
1340701843299704832
1340701798760378380
1340701782478077969
1340701717470560256
1340701580929228800
1340701039570382854
1340700889238155266
1340700729217048576
1340700554419458049
1340700478758412289
1340700432474263553
1340700344058306561
1340700305898541057
1340700015090659331
1340699991199899649
1340699751856173062
1340699564886663176
1340698942355296257
1340698889960239106
1340698422215634948
1340697985013919747
1340697617655803906
1340697506091560963
1340697421077237761
1340697153497395208
1340696722276794368
1340696626520854528
1340696617243062276
1340696599543083010
1340696485705478146
1340696421964517377
1340696197108002817
1340696174433546246
1340696024701132800
1340695977645228047
1340695957369974791
1340695951871242240
1340695857369378818
1340695850943729667
1340695665161191425
1340695513507782662
1340695484533329920
1340695429516705792
1340694919145517060
1340694830989549570
1340694737616048136
1340694722067660801
1340694513006727174
1340694060001095683
1340693841008070658
1340693796699447299
1340693786054279170
1340693783726448641
1340693708904288259
1340693514292703236
1340693384479076361
1340693382017011723
1340693160587108355
1340693111048179712
1340692896773713920
1340692648127021059
1340692566157737985
1340692502995742722
1340692466702413824
1340691951717212160
1340691951381786624
1340691886508552195
1340691678999396352
1340691676289880065
1340691635512983553
1340691631423500289
1340691560812437511
1340691495771238400
1340691447247335426
1340691358751858689
1340691157156806656
1340691053817552896
1340690794592800769
1340690737873235970
1340690581547315201
1340690450383073281
1340690308967837698
1340690246703460353
1340690195503603716
1340690147197612034
1340690110296297473
1340690083347918849
1340689887054409729
1340689800546971648
1340689756590628866
1340689555981135874
1340689502235471876
1340689243413360640
1340689128371998724
1340689078199721986
1340688966530547712
1340688713605668864
1340688713450438663
1340688663471140864
1340688654289809408
1340688526862630912
1340688476078039040
1340687878611976198
1340687789583687685
1340687757858000896
1340687513061568521
1340687368727252992
1340687282454605824
1340579100860297217
1340578919423111171
1340578895125463041
1340578890713055232
1340578843074023425
1340578827462987779
1340578448096550914
1340578384049565696
1340578371617644544
1340578230353473537
1340577921589792771
1340577451173416960
1340577173216915457
1340577152991981570
1340576884887838722
1340576751861313536
1340576550773776384
1340576540283858944
1340576082815311872
1340575832134266880
1340575704426135554
1340575621894828032
1340575576701214721
1340575411856691200
1340574067959738368
1340574034090745856
1340573729991090181
1340573497999896577
1340573428793880576
1340572850135154689
1340572769541566467
1340572474971402253
1340572189939167232
1340571296967450624
1340571161491550209
1340570798726279173
1340570441950384128
1340570349323350017
1340569874851127296
1340569623121506304
1340569485384806401
1340569391721836545
1340569338844246017
1340569285010329601
1340569164885483520
1340568968638173184
1340568832566583298
1340568265601388544
1340568245330354177
1340567635969396737
1340567543426105344
1340567363226398721
1340567267243937792
1340566854717288448
1340566499040391169
1340566227018772483
1340566102053675008
1340565727087120384
1340565064152170497
1340564943805042696
1340564844043513858
1340564518511013888
1340564501389848576
1340564351657398273
1340564213878677504
1340564037277425665
1340471195079241728
1340471139303366657
1340471139299188736
1340471137181024256
1340471134869987333
1340471018788306945
1340471002237722625
1340470653426778113
1340470579967750145
1340470168095436800
1340470049560276997
1340469751550779401
1340469633544040448
1340469538505179138
1340469299618734080
1340469290097651712
1340469234116268032
1340469157310078976
1340469007695175680
1340468913163919360
1340468746796843011
1340468404734582784
1340468065708982279
1340467460454178817
1340467321811419137
1340466972925026307
1340466927651713031
1340466829089771521
1340466723271675904
1340466535845007365
1340466533240344578
1340466193518489602
1340466086408556552
1340465990128328707
1340465351570595842
1340465313712902144
1340465264438116352
1340465208175824897
1340465121441800192
1340465032690188288
1340464916239675392
1340464749130231808
1340464550961885190
1340464493499920386
1340464460109148160
1340464431793238017
1340464297147834373
1340464154897862656
1340464087982084096
1340463879093161985
1340463555116601346
1340463377412308992
1340463299784286209
1340463294859993089
1340462223395758082
1340462171201957888
1340461866548686848
1340461441955061761
1340461424905236482
1340460677971013634
1340460490422566912
1340460339511455745
1340460333593481216
1340460314094125056
1340460171995308035
1340460108191387653
1340460064482705409
1340459988280631296
1340459867669196800
1340459855967084547
1340459444451254273
1340458849548070913
1340458695545774081
1340458626343813122
1340458485050294272
1340458271669293056
1340458167486955520
1340458112524955648
1340458110469758976
1340458056610689024
1340457875433517064
1340457738200096774
1340456855307431937
1340456851838803970
1340456722905837568
1340456618476105729
1340456363022045186
1340456180603346944
1340486808933519361
1340486742282018817
1340486488006533120
1340486159655419904
1340485709610815491
1340485359365459968
1340484869307117571
1340484837111521281
1340483760782004224
1340483434578288640
1340483333822799873
1340483136245927937
1340483047045562368
1340483020474765312
1340482938408878080
1340482798306652160
1340482793701335041
1340482658825105415
1340482619406893059
1340482383913627648
1340482335070969856
1340481841581547520
1340481440325222401
1340481415335567361
1340481362026000384
1340481100364324864
1340481030931828738
1340480775746142213
1340480469260005376
1340480348740853761
1340480163079974913
1340479704533520384
1340479159471058952
1340479106039902208
1340479077757710337
1340478481981837312
1340478470111948800
1340478469801697286
1340478343041359873
1340478102158397446
1340478036228059137
1340477862936272896
1340477730337513473
1340477589324967936
1340477517317230595
1340477395032260615
1340476132328665092
1340475794179670017
1340475776739762176
1340475737644654593
1340475136185548801
1340475044783415296
1340475037287993345
1340474871051071490
1340474805779357696
1340474705950720001
1340474694852616194
1340474375389261824
1340474118479745025
1340473650403815425
1340473451203608578
1340473221951463426
1340473062722957312
1340472961178865666
1340472719201230848
1340472568176758786
1340472385733074944
1340472373821108224
1340472269412290561
1340793894171258882
1340793625664499714
1340793209681752067
1340793205412024326
1340792914457325568
1340792747314225152
1340792727735328768
1340792570465693700
1340792558432108545
1340792296212750337
1340790915934396416
1340790863446732800
1340790859483254791
1340790408335507459
1340790200709111808
1340790006865018880
1340789802585579520
1340789288850477056
1340788565341560833
1340788229499461639
1340787779651981315
1340787586357489664
1340787545303609345
1340786851439894530
1340786804073639938
1340786387717677058
1340786089062260743
1340786026973949952
1340785939950530562
1340785788217266176
1340785786267049995
1340785389146140673
1340785175022755840
1340785152419647488
1340784649698742274
1340784238661013505
1340784209456209923
1340784105462611968
1340784081475407876
1340784013582114816
1340783869352701952
1340783542511443969
1340783418687299587
1340783337409941504
1340783169323343874
1340783090789195779
1340783051605901312
1340782916952084480
1340782814300680193
1340782770658959364
1340782625049387008
1340782508561076226
1340782430513459202
1340782301286813696
1340782180201615360
1340781690881454081
1340781677522657283
1340781370415734784
1340781239783985152
1340781128257515521
1340780128247435274
1340780057866989571
1340779965160284163
1340763217333764097
1340762873463762944
1340762825904463872
1340762680198651907
1340762285996838912
1340761992584425474
1340761583224545282
1340761554065747969
1340761241615294474
1340760985766912001
1340760756183326720
1340760664604876804
1340760550511423489
1340760427718950913
1340759988701159426
1340759779711594499
1340759750020128775
1340759632210505733
1340758977097965569
1340758918620975104
1340758755282202624
1340758641297805314
1340758562667114498
1340758421537234945
1340758222471368704
1340757660208164865
1340757509619863552
1340757426564444164
1340757367487569921
1340757359916961796
1340757277943488514
1340757039878975491
1340756627364802560
1340756458233683969
1340756012312244226
1340755275578544130
1340755219072761856
1340755178463637509
1340755075657060352
1340754109293588481
1340753555200864258
1340753316255584258
1340752975984291842
1340752965783728139
1340752471614865408
1340752399674306563
1340752243453292546
1340752137899356166
1340752097910927361
1340751828372242433
1340751774651707393
1340751727881023489
1340751614127255555
1340751545009356812
1340751470006652928
1340751407117266947
1340751242893680640
1340751210870128640
1340751026127826953
1340751023951011841
1340750955206328322
1340750935107260416
1340750634543443973
1340750555946364928
1340750293571694607
1340750277658488833
1340749824845557766
1340749756197294080
1340749708877246464
1340749612592840704
1340749532364066816
1340749461958533120
1340748859794984968
1340748843055534080
1340748723228274688
1340748591040667649
1340748536422522881
1340748254259130368
1340748200509120516
1340748143755993089
1340610157789720576
1340609998322343936
1340609822065127429
1340609697741754368
1340609647678517249
1340609508960301056
1340609497551806465
1340609493911138306
1340609470288805888
1340609443046821888
1340609384997675008
1340609302751547394
1340608715330891776
1340608652466671616
1340608536611581953
1340608263860195330
1340608232885284864
1340608053406740484
1340607942689775616
1340607716381913088
1340607584252923905
1340607581119795202
1340607459115880448
1340607376710365190
1340607052079652866
1340606362099671040
1340606258169192448
1340605872905588736
1340605285564616705
1340605284679561217
1340605050859769856
1340604991426486272
1340604841920507904
1340604669572341762
1340604199298580480
1340603814429147138
1340603445921898496
1340603372987146242
1340603115733721089
1340602986066796545
1340602400739119105
1340602222653054977
1340601786411966465
1340601349633945600
1340601341283098629
1340601247796260864
1340601221728456704
1340601187347943427
1340601070431711233
1340601019210850308
1340600899971002370
1340600658190327808
1340600564636397568
1340600481987510273
1340600326743855106
1340599958161027073
1340599523060662272
1340599484598738944
1340599036550766592
1340599026358628354
1340598875942469632
1340598805415129089
1340598593330294785
1340598527219675137
1340598441647329282
1340598366611230723
1340596978900742144
1340596621449543685
1340596602084483072
1340596076122759169
1340595713051250695
1340595683653545985
1340778406787620864
1340777982948982785
1340777643822690304
1340777463564169217
1340777366658945024
1340777108235292680
1340777021841018886
1340776755917832194
1340776351545044992
1340776328522592264
1340776050129653760
1340775949827248128
1340774638436147201
1340773488320196609
1340773067665121282
1340772994214346752
1340772602692984832
1340772299818098689
1340771728172199936
1340771306992635904
1340771096057044993
1340770832071733253
1340770519394693126
1340770510339190784
1340769750260060161
1340769547205419015
1340769452531576834
1340769434043084800
1340769365097103363
1340769333199290369
1340768746705735683
1340768650492571649
1340768417742131200
1340768358006992898
1340768171947646976
1340767954087129088
1340767687480360961
1340767045944750081
1340766591307243520
1340765669823049728
1340765187851358209
1340765162329034752
1340764481929011206
1340764119528579078
1340764047113895940
1340763975324213252
1340763957645099008
1340763946421268482
1340763908424908800
1340763534393794572
1340656107317063681
1340655922033664000
1340655874042437632
1340655431664975872
1340655012142309376
1340654952872509440
1340654817971154945
1340654530367766528
1340654483953598465
1340654444921323521
1340654373714751488
1340654089974153223
1340653973452238851
1340653943035146240
1340653888467312640
1340653534195441666
1340652473216688129
1340652344510472193
1340651928833802240
1340651821526822916
1340651808826519552
1340651480039223300
1340651404579495939
1340650977117036545
1340650585188564992
1340650015002386436
1340650000859029511
1340649829593088000
1340649725037584384
1340649718259589122
1340649693047631872
1340649493591711746
1340649382119673862
1340649320345862146
1340649227119185921
1340648544752066560
1340648350136164353
1340647666644992002
1340647413875355660
1340646900836515842
1340645907977662466
1340644529695813638
1340644044469280769
1340643821810573319
1340643735525330945
1340643291596021761
1340642233796734982
1340642064594300930
1340641670078066690
1340641614654541824
1340641031835045892
1340747801022500864
1340747704582979584
1340747442761986054
1340747335521976320
1340747282145304576
1340747219943759873
1340747217477353472
1340746371134046218
1340746238766047233
1340746210240557058
1340745990341619713
1340745946544680961
1340745916437864449
1340745904580685833
1340745775597428736
1340745741980057601
1340745591492513792
1340745556377935876
1340745373581795329
1340745321710821383
1340744857116131332
1340744653189107717
1340744628237197312
1340744606451953667
1340744418953977857
1340744270395936774
1340743931756208130
1340743858066497540
1340743518046875650
1340743433154129925
1340743240463638533
1340743228807589892
1340743219626258440
1340743203948032001
1340742972871196680
1340742883008196610
1340742553738604552
1340742346414153729
1340742016486010880
1340741958264909829
1340741804333907970
1340741631729954818
1340741620409528323
1340741587433885697
1340741558094598152
1340741489811476480
1340741446123581444
1340741359943077888
1340741119911583745
1340740828063477760
1340739875801329665
1340739830167252994
1340739782125760514
1340739765637943300
1340739614429097985
1340739562457468933
1340739094972952578
1340738972897701896
1340738910809448451
1340738776163823616
1340738730706018305
1340738267319324682
1340737692695465984
1340737418618695681
1340737414965436417
1340737215048126467
1340737148689940480
1340736880850083840
1340736664327626754
1340736067360665604
1340736031885242375
1340736022171316224
1340735940713533440
1340735723075481601
1340735707959070720
1340735606242955264
1340735557895397382
1340735457244667910
1340735357004906496
1340735244610142209
1340734747933351943
1340734739712454656
1340734574477910016
1340734339529641984
1340734319552282630
1340734249952038914
1340734165499580416
1340734000814546944
1340733826633502723
1340733738259537921
1340733736875339780
1340733734715355140
1340733708253319168
1340733464379834375
1340733449016123393
1340732980545925120
1340732877533835264
1340732857736638471
1340732821128798208
