1275975824852824069
1275975808847396865
1275975676907130888
1275975508442984449
1275975012424585227
1275974249438572544
1275973876892213255
1275973665830531072
1275973633727434753
1275973530090303488
1275973481583255552
1275972036649762816
1275971986754162689
1275971874686672902
1275971333520863232
1275971076380594181
1275970764013961217
1275970565858308104
1275970402133651461
1275970232394190848
1275969820006256648
1275969028255821824
1275968182210215936
1275968082205278208
1275966983134035969
1275966371474571265
1275966028091133952
1275965662817648641
1275963679465508865
1275963625677545473
1275963453589594112
1275963333674295297
1275962608844042240
1275962546193924097
1275962130999595009
1275962106274349056
1275961844830629888
1275961582904848385
1275961398648901632
1275961393653612550
1275959648584114177
1275959534578659329
1275959144923750400
1275958751011504128
1275958551014338561
1275957287383904256
1275956544807583747
1275955306690822144
1275955081045848065
1275954903286976512
1275954760462536704
1275954441624182784
1275954343762591745
1275953534706618369
1275953356058562560
1275952863810777088
1275952697326227457
1275952597036302337
1275952509064892417
1275952064284123136
1275951827456888832
1275951707126673416
1275951482790121472
1275951222013468672
1275951089284677636
1275950984188047360
1275950874012143621
1275950674308673543
1275949937499357184
1275949601531424768
1275949554366656512
1275949416571179008
1275949182654840833
1275948606579707904
1275948437029216256
1275948060774936576
1275947734202286086
1275947592808087552
1275947217745072136
1275946693528256512
1275946690269319169
1275946686775529472
1275945798216421376
1275944698255937537
1275944643356692481
1276085056780541952
1276083099084808197
1276082794444267521
1276082623689957377
1276080925634252801
1276077075225550848
1276076378069143552
1276076237547466753
1276075848471281664
1276075622633222145
1276075559219494912
1276075468475662337
1276074179217911810
1276073905623404547
1276073625410506752
1276072707264659456
1276071834899886082
1276071638883336193
1276070873972293633
1276070279857475586
1276288284579291144
1276288066651590656
1276287597262909444
1276287351652827139
1276285800758628359
1276285626678218755
1276284753788928001
1276284683035295745
1276284679503609858
1276284407310168065
1276283984335572992
1276283048091250690
1276281899510456320
1276281510283350017
1276281283971252226
1276281276992012288
1276281104652263425
1276280292731506690
1276278619187425280
1276278558957150209
1276277687557009408
1276276154719244288
1276275493558300674
1276274567389069314
1276195757973016576
1276194287890374656
1276193494177103872
1276193105755156481
1276192094533685254
1276191379601993729
1276191369741176837
1276191063921868805
1276190569933549569
1276188155876704258
1276187445646757888
1276187138938331137
1276186411843141641
1276185885927669765
1276185387338272768
1276184682200272901
1276183765711302657
1276183548689514496
1276182208684883968
1276181554524381184
1276181438442790912
1276181200877518848
1276053840614301698
1276053748805185538
1276053564146757632
1276053365160632326
1276052468179374081
1276051969401065472
1276051770788196352
1276051578240237568
1276050254530371584
1276049906965385223
1276049521043214336
1276048008497504257
1276047918709997574
1276047614614609922
1276047361861726208
1276046834897752064
1276046425206534146
1276046254385045504
1276045356833353731
1276044819039567936
1276043712120991744
1276043523163226112
1276043411263545346
1276043380414386178
1276042830310510595
1276042663171706881
1276041611114360833
1276041508404080640
1276041490184105984
1276040945214119937
1276039960630644736
1276038068303093762
1276037768066596866
1276036600351330305
1276035319620657153
1276034945320751107
1276034244494495744
1276033731694923777
1276033232883068928
1276032409562050560
1276032338665721856
1276031731800444928
1276031098976440321
1276030903454773250
1276029777468514306
1276029057969336320
1276028725306388484
1276028662530408449
1276027803629244416
1276026592079360000
1276026589919080448
1276026508172070913
1276026133205725184
1276023872983379970
1276023695140466688
1276023561271025669
1276023338071031811
1276257550116302850
1276254005677580288
1276253646305538048
1276252346251698192
1276252300554592256
1276251004292358144
1276250659554308096
1276249945234866176
1276249082508558336
1276248694908567552
1276247554615726085
1276246085455933440
1276246046297993220
1276245926395379713
1276245878907568128
1276245351201210370
1276244522368790529
1276243876295172100
1276243653611175944
1276243071202721799
1276243043570442240
1276243030027186176
1276242574651666432
1276242509224480768
1276022330301353984
1276022050180812800
1276021989233160192
1276020978657697792
1276020368738672640
1276020151834402817
1276019414161383424
1276017622543450113
1276017491328659456
1276017166140059649
1276016652971376642
1276016364990406656
1276015287117197312
1276014740687519744
1276014174976520197
1276014110585565185
1276013215554519040
1276011881224945665
1276010902605586433
1276008860755648513
1276008809647898624
1276132969254653953
1276132323751313413
1276132274820521984
1276130925558943745
1276129895748210688
1276129689472569344
1276129647894429698
1276129422609911808
1276128661964537856
1276128636765188098
1276128201358610432
1276128200251322368
1276128083926491143
1276126861022691330
1276126751253561346
1276126045113126918
1276125463035985922
1276124981030772740
1276123474885521410
1276123155887804416
1276122648070828032
1276122486833283073
1276121851744473093
1276119209349533701
1276118925261115392
1276118886312706048
1276118393503076354
1276226873794723843
1276226600841826304
1276225210098823169
1276224316397494273
1276223720382701568
1276223020390998016
1276222690311823360
1276220745522089984
1276220636197556224
1276219342628290560
1276219247069474816
1276217967693516803
1276217177054601216
1276215359297765378
1276214968531054592
1276214565878054914
1276214150977503235
1276213526319763457
1276212448324997120
1276212407199809536
1276242194526019584
1276242014619799555
1276240917251457026
1276240750317932544
1276238595351818240
1276237123327148032
1276235296137510913
1276234175427772424
1276232146206818305
1276231685345021952
1276230926587047936
1276230395982483456
1276229694027788289
1276229515296026634
1276228907344297987
1276228708307738626
1276228675449618438
1276228255583010821
1276227985960513538
1276227361474740229
1276273013424558082
1276272005713743876
1276270220802355200
1276269917256351744
1276269075447123973
1276269003233787904
1276268959822573568
1276268178239131648
1276267846000140297
1276266959093596161
1276266727047868425
1276266578544414724
1276266407785902081
1276265881258151936
1276264213888057359
1276262976820043777
1276262626549469185
1276262329714454531
1276261897835175937
1276261096085651458
1276260235896918018
1276259682181689346
1276259042784972800
1276258817492295685
1276258335029944320
1276006693701328902
1276006392076304390
1276006362275815424
1276006160550768644
1276004959797084169
1276004334275346433
1276003219601227776
1276001681092653056
1276000443479490560
1275999675070455810
1275998637659770880
1275998512820498438
1275997875789537280
1275997133435363329
1275997087818227714
1275996937163100161
1275996579271507973
1275996142413758465
1275995354467532801
1275994664420728832
1275993899929042945
1275993713546690560
1276180465716789248
1276180383751532545
1276179906758492162
1276179616189673472
1276179441832603652
1276179400426500102
1276179022263746560
1276178935630495753
1276178810396905472
1276178383462977537
1276178323366981632
1276178171885477888
1276177884684541952
1276177422359113729
1276177173251010566
1276177050995314688
1276176612703297536
1276175316097159170
1276174651128008704
1276174177335218176
1276174034531647490
1276173975295533056
1276172818275880967
1276172404163858440
1276172146159562754
1276171783851380741
1276170654899896320
1276170372552044546
1276169921722974208
1276169470285840384
1276169221588869122
1276168970224259080
1276167429287272448
1276167426074435587
1276167026755715072
1276166218962153472
1276165438548869120
1276304076310040578
1276303722444926979
1276302990291410944
1276301819942240256
1276301253434318848
1276301229057093633
1276301218730717184
1276301198648369152
1276300253315108866
1276299419403472897
1276299284325916672
1276298582270922759
1276298198735220736
1276297977687150593
1276296497265553408
1276295852852744192
1276294677961093122
1276293909107400705
1276293757177126912
1276293343849230336
1276292638128459776
1276292062674026503
1276291108411064320
1276290890101854210
1276290790587797504
1276290224071548937
1276289780452593666
1275991015065817088
1275990770483331072
1275990079719137282
1275989013460066304
1275988836070244353
1275988195394625536
1275988059847307265
1275987757089927170
1275987338494193665
1275986851921301507
1275986254404841473
1275985187231285248
1275984829339836419
1275984543154147328
1275984120959533057
1275984093193351175
1275983564639809536
1275983095062319110
1275982153986314240
1275981254509441025
1275979677987987458
1275979160012406787
1275978066611900416
1275976469131538433
1276148668417150977
1276148663522414592
1276148059840434181
1276147836481126402
1276147398931288073
1276146641817333760
1276146484719824897
1276145941452673028
1276145908531507201
1276145839686254593
1276145713773248518
1276145001358131201
1276144753357271042
1276144619500253191
1276144211683753984
1276144153404071938
1276144006750253056
1276143716818968577
1276143563026436096
1276142791089893378
1276142633673469952
1276142562370355203
1276142459177832448
1276142413317275648
1276142029916028928
1276141346882031617
1276140037013483524
1276139817017978880
1276139535882166272
1276138574287691779
1276138572362518536
1276138497389322240
1276137467779964930
1276136803620335616
1276135930567393286
1276135898095079424
1276135895264047106
1276135821821702144
1276135309617610753
1276135300838948871
1276135158580682753
1276134411571015686
1276134044284182529
1276133929703968768
1276133840118054914
1276133803409281029
1276211160115798016
1276210562003873793
1276210120486199296
1276209928760328194
1276209880936910849
1276208674621452289
1276208093102252033
1276207918204030978
1276207684488957952
1276207237363642368
1276206828049829888
1276206664924921857
1276206520917786624
1276205576909971457
1276205442511908864
1276203180372766722
1276201680288219138
1276200931990872066
1276200886415626240
1276200571045847043
1276200197404663812
1276197943993909248
1276197647091748864
1276197511636680704
1276197414534352899
1276197337346555905
1276197323400503296
1276196921602748416
1276116660307537925
1276116356547727362
1276115284718424064
1276115214891732992
1276115035249692673
1276114999602114562
1276113364134047744
1276112932024258561
1276112281198383104
1276111916449042432
1276111865849032704
1276111119548121092
1276110800030183427
1276110388514263040
1276110106678095872
1276109039424999425
1276108349411655680
1276108261637476353
1276107041879339009
1276106166217605120
1276106033845489669
1276105817125781504
1276105309854085120
1276104326918942720
1276104240163721217
1276103958902132736
1276103759991537665
1276103613031612416
1276103588087869442
1276103487084826624
1276103469384953856
1276103336022990848
1276103328963928065
1276103247367938049
1276103104967122945
1276102972041289729
1276102892471177218
1276102722261929986
1276102605647646721
1276102598009880578
1276102213388185601
1276101794519711745
1276068970668404743
1276068851575189504
1276068326654042114
1276067200005074945
1276067110960103424
1276066645463781376
1276065212018438145
1276064473057550337
1276064361052856320
1276064269633716224
1276063436661817350
1276063055198056448
1276061426856136704
1276059739403796482
1276058712529133568
1276056961298153472
1276056849868038145
1276055246368890880
1276055174931513344
1276055170011394048
1276055126306938881
1276054633966960640
1276054345990242304
1276164264689127425
1276163937227153415
1276163738295513095
1276163062928728064
1276162381446557696
1276161766947512322
1276161704263667714
1276161248208486408
1276160189746593792
1276158972685361157
1276158197150232576
1276157546034757632
1276157255495430144
1276156494761861123
1276155996600180736
1276153617867853825
1276153192401850369
1276153172864782337
1276152851035754497
1276152726263644167
1276152571690975233
1276152207147180033
1276151489946423297
1276150152126967809
1276150061022547969
1276150037249171457
1276149461530685440
1276149334673960962
1276100713089826818
1276100413327097856
1276100252928372738
1276099973764075521
1276099826229186561
1276099381020766209
1276099191765446657
1276098858804817920
1276098273523183617
1276098171500851200
1276096818867290112
1276096376170930178
1276096115323084800
1276095976596365313
1276095175165726720
1276094373944389633
1276094303584940032
1276094235532496897
1276094157644279809
1276093732941467649
1276093609738207234
1276093292619296768
1276091643154882560
1276090310750359552
1276089420333166592
1276089110441209857
1276088967054733312
1276087422309273601
1276087365140918274
1276087310929592320
1276086015166464001
1275944385616715782
1275944256226590722
1275943472634236933
1275943351242706947
1275943229616271365
1275943108119846913
1275942737154539530
1275942694901121025
1275942464021561350
1275942335193534470
1275942329916981249
1275942253010259974
1275942158919512065
1275942104661925891
1275941884850995200
