1317851913862467587
1317851904018350090
1317851526489133056
1317851248733822977
1317851224805355521
1317851222737649664
1317851220887937024
1317849108808454145
1317849030051979265
1317848560847720450
1317848054226178051
1317847512661872640
1317847402959806469
1317846760363069441
1317845550000181253
1317845462330867712
1317845434166136835
1317843695362768896
1317842649781571589
1317842070128762882
1317841023754817541
1317839745821544448
1317839679325147137
1317837589068599297
1317837483183382529
1317836928499261441
1317915883851993088
1317915856907739144
1317915705082302469
1317915291003879426
1317913894703271936
1317913794329399296
1317913753485299712
1317912480782471170
1317912176858980353
1317912067601412096
1317911252027441154
1317910986192453632
1317910697259446272
1317910444460462083
1317910022966464514
1317909443850440704
1317908914566987783
1317908631027941377
1317908271471251456
1317908106169536512
1317907363433689088
1317907345003917313
1317907324556742656
1317906485024858115
1317906189938774017
1317905430090289154
1317905075126345730
1317904650306289664
1317903518695641088
1317902886349664256
1317902732519526400
1317902280578994181
1317902142015942658
1317901678595760129
1317773377507971072
1317772928491147276
1317772048807198720
1317772034882129921
1317771362379784192
1317770914952441856
1317770032626237443
1317769884856586240
1317769872642732033
1317768160938897409
1317767864556847109
1317767105140477952
1317766984898052098
1317766944511135744
1317766680051912704
1317766520051728386
1317763789622829056
1317763006659440640
1317761701563953155
1317761462174011393
1317760973449662464
1317760891518095360
1317760793295966213
1317760094692610048
1317759845051830272
1317758383651495936
1317758367817936896
1317867297059540993
1317867171909931008
1317866662633394176
1317866468973957123
1317865830860820480
1317865644394749953
1317864681680347137
1317864616467353603
1317863920154169344
1317863835932516352
1317862058550022152
1317861459783766018
1317860691580227584
1317860293624631297
1317859230389501956
1317858405516599296
1317858393223237635
1317857304834920448
1317857195019653120
1317857170952720384
1317856590511378432
1317855555810136067
1317855479528361987
1317854721869287426
1317854713686130688
1317854027619721217
1317853422880776193
1317883709849182209
1317882910746214402
1317882415143030785
1317882113211904000
1317881960518266880
1317879428823789569
1317879347106271237
1317879033057714176
1317878421549142018
1317878295598407680
1317878285074915328
1317878081290383361
1317877745737662464
1317877679006359559
1317877522542043136
1317876959930650625
1317876662856486914
1317876157392523270
1317871367337934848
1317870053916921856
1317869760412090368
1317869756930809858
1317869335298383877
1317869201982357509
1317868850801790977
1317693340813504512
1317693330164273152
1317692430083239936
1317688939340288001
1317688769621811203
1317688689502408704
1317685979294044160
1317685694135902209
1317684463392837635
1317684453024489472
1317683869571633153
1317683210189443073
1317679870311161857
1317709309271109633
1317708611607474176
1317708358481252352
1317707894385565697
1317706828948463616
1317706506666528768
1317705602756452352
1317704912214675456
1317704660522835968
1317704338916126722
1317703843434668032
1317703334866964480
1317703162682171394
1317702498212143104
1317701455780872193
1317701452291313665
1317701291838230529
1317700905223946241
1317700899800829952
1317700615414239233
1317700234584182786
1317700159745253377
1317698832659079169
1317698751885152256
1317698292596297728
1317697959597871104
1317697856707481600
1317696589855485952
1317963205805805570
1317961993580589058
1317961498753265664
1317960819901071360
1317959291115130887
1317958547842453504
1317958135487713281
1317957617143132160
1317957501879463936
1317956499206033408
1317956406352306176
1317954004006166528
1317953989498064897
1317953628812972033
1317953178466316288
1317952640379215875
1317951009889636354
1317950907921944578
1317950444547833857
1317949047857086470
1317948965749489664
1317948148061507588
1317948112703574016
1317630349942362112
1317629640417095685
1317629502642704386
1317629014953971712
1317628284209827842
1317627081346482178
1317626935107743744
1317625496079773701
1317625459564302336
1317625432183689217
1317624534321672192
1317624327521685506
1317624243060867072
1317623875753095169
1317623759415603203
1317623388828016640
1317622673367879681
1317622223541293058
1317621739875147777
1317621437604220928
1317621421095473153
1317620997307179009
1317620416123408386
1317619890610720769
1317619390410534920
1317618983802208256
1317618962889400321
1317618937484500993
1317618779275350017
1317618504460357632
1317617874475810822
1317617724873474048
1317617659958108160
1317978738416619520
1317978295921741824
1317978020125249536
1317976525262614528
1317975943500111872
1317972400038924293
1317972296200585216
1317971737544429570
1317971656313360389
1317971655893807105
1317969870164721664
1317968587965960193
1317968430759292928
1317967347844599808
1317967311014301696
1317964637074280449
1317964061808730116
1317964034268753921
1317963967713714176
1317740378695651328
1317738653318324224
1317738524007895040
1317737815715815424
1317736233611788289
1317735234931216384
1317734938704216066
1317734891312750595
1317734597132718085
1317733336312414208
1317732829988556802
1317732784958435328
1317732484050677761
1317732462772940800
1317732389787848706
1317732243305947138
1317732221197852673
1317732162779533312
1317731871883632640
1317731278876143616
1317730663580139521
1317730405416566784
1317730401645924352
1317729727939891200
1317729229425897475
1317728946188881921
1317728384949112833
1317727038006915074
1317726732565307392
1317726564524658690
1317726473818615808
1317725449372323841
1317725357676523520
1317836628300189697
1317836602123505664
1317836079446228993
1317835557586702336
1317835409112461312
1317835326228934657
1317835323670433792
1317835318385647619
1317835302384340994
1317834791887187970
1317834414827753472
1317834256635232257
1317834171432210433
1317834072144683014
1317834002280124416
1317833892519346176
1317833775745699840
1317833166825136128
1317832838809636866
1317832104516947972
1317831913420279808
1317831590450319361
1317831198631186433
1317830998227341317
1317830573818318848
1317830536614772737
1317830430154878976
1317829333684289538
1317828350107357185
1317828237465182208
1317828191227052033
1317828149913120769
1317827814788272128
1317827436525031424
1317827212918358017
1317826706443366400
1317825961501577216
1317825053556236290
1317824927957921795
1317824681089527808
1317824414210285568
1317824228918513664
1317824195728900097
1317823748645490688
1317823633750896640
1317823420487340033
1317823047085314050
1317822100971884545
1317790103570386946
1317789925446766593
1317789436923564035
1317787216215670799
1317785208452714500
1317784279208783872
1317783704782196737
1317783476070981632
1317780853204897793
1317780546320203777
1317779972677758977
1317779198941880320
1317778960869060609
1317778858716721152
1317778712264347648
1317778437579460608
1317778354410561541
1317776643423936512
1317775864201957376
1317775657829584897
1317775530540830721
1317775317650542592
1317775314278354946
1317775246372589568
1317900482472517634
1317899486967046144
1317899207794065410
1317899018744131585
1317898613536788484
1317898474956951552
1317896679459344384
1317896544079781894
1317896522416214016
1317896515042615296
1317895696729706496
1317893800841433088
1317893436876476417
1317893222052614144
1317893172773769216
1317891907377385473
1317891157804912640
1317890774579728384
1317889787391578113
1317889320104030208
1317888626085289984
1317888501074038785
1317888498469281792
1317887541626982401
1317887192832892929
1317886912259104768
1317886866692231169
1317645972583944193
1317645170800652289
1317645048016637953
1317644960762458112
1317644960250785793
1317643798713929729
1317642984880558086
1317642851853938688
1317641055794208769
1317640890698125312
1317640793780293632
1317640572929249282
1317640313276596226
1317639577608331264
1317638771156881408
1317638359007875072
1317637556989759488
1317637420964220928
1317637395999752194
1317637047029518336
1317636984303685633
1317636896189599744
1317636001943138306
1317635684589502465
1317634908492238849
1317634403791667200
1317634372615458816
1317633635328028673
1317633599772950528
1317633329835823108
1317632763139444736
1317632604607315968
1317632540996456449
1317632196962742272
1317631575119585280
1317631508421726208
1317631486745509890
1317631070225969154
1317630985031176192
1317946550870560768
1317946191942909952
1317945688404230145
1317945683387813889
1317945472187772932
1317944725308022784
1317943585187115008
1317943210770128896
1317943090347495424
1317941519819689986
1317941428291592195
1317940418680672257
1317940217316335616
1317939453026045954
1317937632110911491
1317936706209931268
1317936384632627201
1317936053140049920
1317935168825434112
1317934873538166785
1317933759556190208
1317932723470659584
1317932075358486529
1317678241478373377
1317677521383477249
1317677516530868229
1317676639766065155
1317675778327412738
1317675627600699392
1317675491873181696
1317674683731496961
1317674600063397888
1317674401278480384
1317673917494931457
1317671764470697985
1317670937186152449
1317670283373768704
1317669935053705216
1317669730866597893
1317669233090842626
1317669217496334337
1317669058070958080
1317669038235975680
1317668620441251840
1317668286746796033
1317668011634024448
1317667542073249792
1317667420530757633
1317666162948345858
1317666156619079681
1317663804898086913
1317663214612697092
1317821384416964609
1317820353025085443
1317819884156473349
1317819511500804097
1317819304625274882
1317817662475542528
1317817449455128576
1317816727095398400
1317816493770371074
1317816219651567616
1317815354282758148
1317815330039758849
1317814950522486784
1317814762864979973
1317814119026884615
1317813875996229634
1317813345731268608
1317813279906029570
1317812938053476354
1317812612059533312
1317812399781650432
1317811522127777792
1317810714535485441
1317810505080332288
1317810093203902466
1317809633185140736
1317809198277758978
1317809093378297856
1317808933206097922
1317806351272140800
1317758256723484673
1317758156940988416
1317757734088019971
1317757655952297985
1317757109455474689
1317753663247495168
1317753619689754625
1317753380127821826
1317753013872701442
1317752682820603904
1317752343425843200
1317752276912644096
1317752093793452033
1317751991116890113
1317751806005567488
1317751780252524545
1317751506628730880
1317751077375180800
1317751025114206209
1317750310777974784
1317749806320750597
1317748813147394048
1317748760634478592
1317748650458509312
1317748555319111680
1317747399046144000
1317746783548809216
1317746552614518787
1317745857396133888
1317744749684563969
1317744597448167424
1317744194388099073
1317744135495946241
1317744110808125441
1317743545965477889
1317743413782085634
1317931121833873408
1317930972361482241
1317930623764398080
1317929731761885186
1317926950669832193
1317926599724072966
1317925098184167425
1317921573563715584
1317921271326408706
1317921205542883329
1317920667816349699
1317920249442947072
1317919913852522504
1317919696860061696
1317919652459302913
1317919567604232194
1317917784853151746
1317917134421360646
1317916867038687237
1317916411256279040
1317916118405832710
1317662624557879296
1317659599793573888
1317659499281313792
1317659494839537664
1317659035320131585
1317658713407188993
1317658568879865856
1317658544519352322
1317658086128177153
1317658039936274432
1317658010563485696
1317657917336608768
1317657244889014272
1317655507646189569
1317655052216053760
1317654691103330310
1317653267740983297
1317653000320512000
1317652641627860999
1317651087176839168
1317651000753270785
1317650627497914368
1317650430579609600
1317649837265833986
1317649816705503233
1317648915617832960
1317648351521886209
1317648048823111682
1317647904954322944
1317647615744421889
1317805928763240449
1317805925328211968
1317805626773458945
1317804905130807296
1317804758653145091
1317804755452858369
1317803503847395331
1317803007149547520
1317802574377066496
1317802204649181184
1317801751827931136
1317801322104582144
1317800985734021121
1317800754111971328
1317800546284244997
1317798925244469249
1317798526382952449
1317797130426372097
1317795041029574656
1317794754877415425
1317794321379241984
1317794042206392320
1317793690576916481
1317725149664301061
1317725038490112000
1317724793177780226
1317723092353978368
1317721631016558592
1317721628067958785
1317720972355465217
1317719792036569088
1317719043793592320
1317718909060059137
1317718488924958720
1317718488836952065
1317718080798089217
1317717873985454080
1317717363849035776
1317717311479009281
1317717049385377792
1317716814907035648
1317716543946588160
1317715614958559234
1317714922369843202
1317714818934005760
1317714232692117504
1317714041738055681
1317713640838004736
1317712961440419841
1317712898446172161
1317712051255578626
1317711867138265088
1317710591155462145
