1342074674369466369
1342074380470378496
1342074071929016320
1342073932099190786
1342073848972324864
1342073250193543168
1342073191653658628
1342073147223404544
1342072984115306497
1342072763113095169
1342072727126102017
1342072710084452352
1342072241631223810
1342071531350978560
1342071345069371392
1342071020035973120
1342070877597413378
1342070747296985090
1342070541830782978
1342070236833603584
1342070176561426432
1342069981408862209
1342068899035148288
1342068859935797248
1342068752200982528
1342068739399962625
1342068004356419585
1342067939537637376
1342067684867862529
1342067512297611271
1342067212480344070
1342067144620568577
1342066886897500160
1342066792030556162
1342065996736196609
1342065662726991874
1342065602832306177
1342065415044927489
1342065322770227200
1342065277845073921
1342065070164074496
1342065054108278786
1342065034927747072
1342064996155596800
1342064985153925125
1342064973103640577
1342064806216544257
1342064786687856640
1342064767612153856
1342064742370828289
1342064718857560064
1342064647118184451
1342064267428823041
1342064252765532162
1342064075140952066
1342063849860722691
1342063809683447808
1342062802542931969
1342062654555348992
1342062628886237185
1342062590239928321
1342062268872318976
1342062238228733953
1342062202572795908
1342062136692977664
1342062007021948928
1342061851371311106
1342061766042406916
1342061735520464897
1342060872915709953
1342060664010002433
1342060657693372417
1342060189172830208
1342060186534555648
1342059843163721729
1342059673839673344
1342258252730523649
1342258207704702983
1342258186552811520
1342258160145477633
1342258152360857601
1342258136309137409
1342257820339597313
1342257484304687104
1342257448585986048
1342257322614255616
1342257264367955969
1342257113054273536
1342257061095239681
1342257002148454402
1342256947123388416
1342256893733924865
1342256774494224385
1342256424437620741
1342256224050491401
1342256185974681601
1342256158296453127
1342255934110912512
1342255809988853763
1342255769950040064
1342255490739412993
1342255328772190211
1342255290784174080
1342255098811076610
1342254976291254272
1342254975179698180
1342254699089698816
1342254572803399683
1342254197509525504
1342254054253211660
1342254001346248704
1342253794424479745
1342253655517347840
1342253164980969472
1342252967991402497
1342252931110809606
1342252804207947776
1342252791465607168
1342252728840548353
1342252528759693313
1342252518244495362
1342252392415432704
1342252352213037063
1342252291252957184
1342251987233079299
1342251376064258051
1342250815340376064
1342250090510114825
1342248936778694658
1342248638026813442
1342248310892093445
1342248253115535363
1342248200363773954
1342247487625637889
1342247200173256705
1342247078899179520
1342246977690595328
1342246964377825282
1342246880324050944
1342246763575439360
1342246727974322176
1342246308694913025
1342246263438372869
1342246262926499840
1342246206051934211
1342246196866248704
1342246181074776065
1342245868892811265
1342245610636906496
1342245373453201409
1342245309389238272
1342245024063479808
1342244666687815681
1342244613051056128
1342244491210543104
1342244308250836992
1342244188503490560
1342244182950232064
1342244177241927682
1342244131167416320
1342244112213438468
1342244020429459456
1342243909997649921
1342243778187423745
1342243763113095168
1342243663238352900
1342243599451222016
1342243596783804416
1342243584624439298
1342243500671303688
1342243382131896325
1342243171447795716
1342227388420284421
1342227360234545160
1342227317888667649
1342227188180017152
1342227181594759168
1342227053836337152
1342226987654369280
1342226916527362048
1342226742526676992
1342226614076235776
1342226528558592007
1342226282914856961
1342226097044398083
1342226061594161158
1342226003410759680
1342225665039290368
1342224921276145664
1342224846802067458
1342224425119219712
1342223845550403585
1342223713706639362
1342222520737476608
1342222508062343171
1342222198275268609
1342222164867559425
1342222142415523847
1342221631444430848
1342221294327181326
1342221131231731713
1342221104438521858
1342220857616293891
1342220833113010176
1342220196581400576
1342220061226971136
1342219941425065984
1342219725036793865
1342219688344956928
1342219439241093126
1342219336296112129
1342218691740635136
1342218431215542272
1342218336185294848
1342218323824619520
1342218198754721797
1342218173630849024
1342217959658434560
1342217771862679553
1342217557743288320
1342217286095147010
1342217262200184832
1342217101071810560
1342216999099748353
1342216897404805121
1342216812885381123
1342216727627767809
1342216722724638720
1342216676029444096
1342216621260238848
1342216559721410561
1342216505153495041
1342216425365262337
1342216375532740609
1342216372596727808
1342216243072421890
1342216229755514888
1342216151347175424
1342216044648288262
1342215983679893504
1342215920463339522
1342215824623472640
1342215477939101702
1342215420330332160
1342215283151429640
1342215202973085696
1342215151534092288
1342215046814814208
1342214964065366016
1342214795907497988
1342214721995300865
1342214598330605568
1342214563387768833
1342214397750607880
1342214007998988289
1342213789597372417
1342213767556444161
1342213728192712704
1342213524160991245
1342213499985014784
1342213485573197824
1342213444901064705
1342213378736087041
1342213023058911232
1342212991069011968
1342212849158901760
1342212833312968706
1342212801918595073
1342212691088302080
1342212646544658432
1342212482526371840
1342212476952342528
1341982358870876160
1341982257129537536
1341981947778764802
1341980182178013184
1341979988279525378
1341979697245204480
1341979442336432131
1341979408324816896
1341979172420251648
1341978884229771266
1341978492880228352
1341978274524753922
1341978170082390023
1341978083235139584
1341978074871701504
1341977791428890625
1341977670280769547
1341977500780523520
1341977491083288577
1341977216184246272
1341977130612240384
1341977035594375168
1341976946125713408
1341976800600223745
1341976671889584130
1341976406897659904
1341976292347023361
1341975883549200390
1341975751986270210
1341975269624713221
1341974808339349505
1341974753347821570
1341974267139940352
1341973833339842560
1341973661562056704
1341973445911965696
1341973383416668160
1341973208753434625
1341972493146476545
1341972438632951808
1341972250598236168
1341971867314384896
1341971776553836544
1341970385596788736
1341970222555701248
1341970045958668288
1341969429505064965
1341968917858684928
1341967771043651584
1342166629665292288
1342166616457396224
1342166610866536449
1342166498555670528
1342166483661680640
1342166416368144385
1342166376715329540
1342166322579431424
1342166139972046853
1342166064763817985
1342166053145735168
1342166027312893952
1342165863215091712
1342165810756857863
1342165787717595145
1342165650282844161
1342165573166387200
1342165437220438019
1342165430073483267
1342165389845925889
1342165288922603522
1342165218240188417
1342165128045801473
1342164220012621824
1342164130288070657
1342163805095292928
1342163733867540480
1342163515633770496
1342163481081077760
1342163396624588811
1342163371232268289
1342163334708273155
1342163334494367751
1342163304517677056
1342163271856631808
1342163250289516546
1342163220388323329
1342163212901511176
1342163171847634945
1342163155200466947
1342163145918459906
1342163119393660928
1342163117392986112
1342163116260470784
1342163079434526720
1342163045800411137
1342163015471394817
1342162985310171138
1342162968755232779
1342162946877751300
1342162924874444801
1342162887368912896
1342162777713086464
1342162770196885506
1342162596145885184
1342162494932963330
1342162346714783745
1342162149553168384
1342162023493345280
1342162007877963777
1342161747512328192
1342161692189450240
1342161665484316672
1342161526162128896
1342161323631628288
1342161272280928266
1342161150830641153
1342161093519699973
1342161074146185216
1342161073051496448
1342160930549993476
1342160684013019136
1342160583022563334
1342160564357914625
1342160453141716993
1342160412461117440
1342160337815138304
1342160038551416834
1342159614901702657
1342159614893240321
1342159612087304192
1342159436610220032
1342159432805998592
1342159415814856705
1342159298332418048
1342159274332487680
1342158977711427584
1342158972107837441
1342158900641095681
1342158679391563777
1342158649813323776
1342158511208357890
1342158460012654594
1342158224183726081
1342158102100111361
1342158095238238210
1342157992632971265
1342157964350808072
1342157665225609217
1342157623739691014
1342157423478497280
1342157301210374145
1342157045252943873
1342156721133858817
1342156689773109248
1342156489516068870
1342156214822645760
1342156181381459970
1342156041665044482
1342155976238051330
1342155895476772873
1342155438062755841
1342155095300059137
1342154998982062084
1342154951703879687
1342154758975533056
1342154565681082370
1342154274688667648
1342154201812496385
1342154136947716097
1342153837352787968
1342153818742681602
1342153337681154050
1342153100161933325
1342153064560664577
1342153061926580225
1342153016820953089
1342152933706768386
1342152623999225856
1342152460874428416
1342152413600509953
1342152307023163393
1342152131793596417
1342151957318811650
1342151769888092165
1342151700614934528
1341966616934772736
1341966587998437378
1341966347018891265
1341964991935746049
1341964510492577792
1341964402946293760
1341964202186067969
1341964144740769793
1341963987479453696
1341963661867241474
1341963387463475200
1341963306135908353
1341963131225055232
1341962829067210752
1341962729641435137
1341962690126725120
1341962568806453249
1341962317039284225
1341962023781855232
1341961818676359168
1341961674715181057
1341961233130549248
1341960793433128961
1341960111452016640
1341960102149042177
1341959872112250884
1341959584148316160
1341959546479112192
1341959345773412353
1341959100326944769
1341958569579655168
1341958507382370304
1341958357016522753
1341958302708752390
1341957900751745024
1341957853922385927
1341957745927462912
1341957702507966465
1341957635076186113
1341957502477463552
1341957389382266880
1341957286172962816
1341957204614787072
1341956887198244868
1341956032537505792
1341955881915867136
1341955771114815490
1341955486590099456
1341955090480041984
1341953902980321285
1341953815952711682
1341953693927821312
1341952961686208512
1341952724829679616
1341952504108523520
1341951835691741185
1341920451178672128
1341920169984188416
1341920064853831683
1341919772011683840
1341919659235434496
1341919509154828288
1341919331844820993
1341919261699301377
1341919201712164865
1341919018425360384
1341918901786071040
1341918869854834693
1341918644968816641
1341918437824737281
1341918024928907264
1341918004972580870
1341917914522390528
1341917884402974720
1341917809178243075
1341917803054567424
1341917395129147392
1341917388539899904
1341917278409871361
1341917142690754561
1341916949039644672
1341916790629277697
1341916585896931336
1341916239841665024
1341916154399498240
1341916111541923840
1341914983362220032
1341914702130143233
1341914587705323521
1341914560190623751
1341913937600778241
1341913672722108416
1341913567122087937
1341913288708386817
1341912782447517696
1341912689308819458
1341912315659214848
1341911886820851712
1341911880609263621
1341911856726732802
1341911758898929669
1341911635582210049
1341911191011155969
1341911184845512705
1341911168261083137
1341910945455505408
1341910855735238656
1341910732858929152
1341910693130301440
1341910564570877958
1341910375164424192
1341910352632504321
1341910145497001990
1341910076051902464
1341909820929142784
1341909629907959809
1341909553462595585
1341909523666239492
1341909453453602824
1341908638286422017
1341908563464253442
1341908402570719235
1341908358081765379
1341908321729736704
1341908271922360321
1341908034751246341
1341907648891953153
1341907414552076292
1341907286328037378
1341907282213404674
1341907235941855233
1341907199073923074
1341907127812681730
1341907083587973122
1341907018479755264
1341906960107646978
1341906956215332864
1341906953858121731
1341906945922506753
1341906930705575937
1341906778200616961
1341906683833020424
1341906354248822786
1341906314801213440
1341906308115664899
1341905959220867072
1341905939922825216
1341905560321617931
1341905559772164097
1341905526880407554
1342212289714335745
1342212193689825280
1342212016807669761
1342211956225306625
1342211729288290311
1342211641233076224
1342211440309100545
1342211333933170690
1342211183764529154
1342211182283788289
1342210831824506880
1342210760982880256
1342210368312107010
1342209852777529344
1342209712817901568
1342209658279309312
1342209244129603585
1342208578023784448
1342208569278545920
1342208426084954114
1342208384477618182
1342208381386436609
1342208318325075975
1342208169838260226
1342208126934773777
1342207963461804032
1342207712805990409
1342207639502073857
1342207465677598727
1342207452364877824
1342207218695827456
1342206765514027008
1342206642117603331
1342205716711538695
1342205625548251137
1342205006217408516
1342204321895735298
1342204299233927171
1342204130782273538
1342203927677300736
1342203800489234434
1342203788271222785
1342203765533896704
1342203640757555208
1342203613901443077
1342203576194629636
1342203483823382529
1342203291900514306
1342203238695788549
1342202767809654785
1342202532299468804
1342202432382791680
1342202425516695552
1342202279370305557
1342201972112371727
1342201639948726272
1342201399938076673
1342201313296310272
1342201052041535495
1342200937411092480
1342200490038353920
1342200473021984771
1342200459466076161
1342200337843838978
1342200299625328641
1342200195774296065
1342199858871083008
1342199705032339461
1342199656697245697
1342199442867412993
1342199362697515009
1342199317302427648
1342199203049553920
1342199130010112000
1342199075748405250
1342199036414144515
1342199016944185344
1342198976414531584
1342198890217533443
1342198586084225024
1342198578949853185
1342198506036064257
1342198358669221889
1342198269817073667
1342198259595534337
1342198208852676608
1342198204755009537
1342198109816958979
1342197858477473792
1342197827015831552
1342197771701370880
1342197656391712791
1342197279546109953
1341997468263845889
1341997100716994560
1341996756263960576
1341996640580857857
1341996301756481538
1341996150593880066
1341995648275640321
1341995603841216513
1341995521397940224
1341995386446241793
1341995287619973121
1341995216371286016
1341995067679133696
1341994689159983104
1341994564723290115
1341994223898247168
1341994005630832640
1341993965663498241
1341993106238038017
1341992768256806914
1341992481232187392
1341992371781857281
1341992262314717184
1341992133465579520
1341991984005869568
1341991906717429762
1341991810420396034
1341991470685810688
1341991193836601346
1341990330875273216
1341989946190569472
1341989935809777664
1341989927832215553
1341989891874414592
1341989851508449280
1341989776472346625
1341989635510038528
1341989584293523460
1341989572750831619
1341989508410175489
1341988825644544002
1341988772108386310
1341988696640380928
1341988479887171584
1341987077832011777
1341986266599092227
1341986151406702592
1341985933671936000
1341985816604762112
1341985772858081281
1341985683653718016
1341985373375889409
1341985115354898434
1341984372145205249
1341984157526843393
1341983245320249350
1341982995251671040
1341982929430466560
1341982871922290688
1341982563972362240
1341982405930975232
1342181728496971776
1342181689410260993
1342181612205662208
1342181415404752896
1342181357217308672
1342181336178634755
1342181036046880768
1342180974893871106
1342180884699484161
1342180605077966848
1342180567555710977
1342180562845491203
1342180095298035713
1342179960610574340
1342179603369095169
1342179535740145666
1342179431499096064
1342179409621610504
1342179324938641410
1342179021812101127
1342178772775292928
1342178721394913280
1342178490297294854
1342178342188032013
1342178023076978693
1342177900490010625
1342177710437773315
1342177680247013376
1342177038606757894
1342176774508011522
1342176409590980609
1342175786674118658
1342175744512974848
1342175743577628674
1342175716109148162
1342175546415964160
1342175515176820738
1342175106940993537
1342174970781310977
1342174836903325699
1342174737611501571
1342174314582466561
1342174090241699844
1342173919466450951
1342173579828473857
1342173396008919040
1342173260377710598
1342173253909901312
1342173166614044672
1342173061269909506
1342172991363424258
1342172752812380162
1342172749528240129
1342172729865363458
1342172664752971778
1342172511287578627
1342172455268323330
1342172439158153216
1342172385819160578
1342172006301757440
1342171969190391808
1342171916505935872
1342171621767995393
1342171617544327169
1342171551811166208
1342171442566336514
1342171143248072705
1342171131034427392
1342171069197680640
1342171057709584385
1342171046565187584
1342170953149648896
1342170906634956800
1342170786115821570
1342170676367507456
1342170313832890369
1342170191262789633
1342170176511483911
1342170135306457088
1342169988287799297
1342169960089612288
1342169850387554309
1342169680731987968
1342169579389243393
1342169377798385664
1342169293719527433
1342169169970810880
1342169125888655361
1342169103801274369
1342168993646436352
1342168371396308992
1342168213719711745
1342168050829828097
1342167860894969856
1342167726006145025
1342167336569040897
1342167198614360065
1342167193568620544
1342167045576732673
1342166880971329538
1342166875887841283
1342166700855357443
1342089837709410305
1342089136107352071
1342089056826445825
1342088536355467265
1342088162848468994
1342087982694723584
1342087980031254528
1342087837592780801
1342087772987817986
1342087060287414276
1342087053337624578
1342086951935987718
1342086705881481216
1342086542123261954
1342086037716262913
1342086020943241219
1342085618990522368
1342085066504212480
1342084852602994688
1342084792658112513
1342084643265380352
1342084421705330691
1342084085301325824
1342083935992504320
1342083879016906752
1342083686699855872
1342083646027653121
1342083299636699138
1342083243651325954
1342082782504361990
1342082730088083457
1342082327212646400
1342082315548319745
1342081799183335424
1342081657222823936
1342081563723444226
1342080993046519809
1342080686610673665
1342080637021413376
1342080222930337793
1342079482904109056
1342079456861708289
1342079312988532736
1342079061288394758
1342079001398046721
1342078821596418048
1342078785345249280
1342078678608461824
1342078640922746883
1342078571477491728
1342078113581326337
1342078001194926080
1342077870638837761
1342077864741629953
1342077537745178626
1342077439120441347
1342077263886446592
1342077134421057538
1342077087738286087
1342076200978702337
1342076092044214275
1342075940654997504
1342074806078861312
1342074768963624961
1342105164539420678
1342105151994261504
1342104748816793600
1342104636564631553
1342104588325855232
1342104519803613184
1342104285643988992
1342104252404133889
1342103442521776131
1342103296819875841
1342103182995034113
1342103065026060293
1342102723550961670
1342102287439818753
1342102163749793793
1342101959642374145
1342101622504226816
1342101082999316481
1342101047087652864
1342100624352034816
1342100329639387136
1342100163897147394
1342100088726769664
1342099947949150209
1342099858975547394
1342099843041386497
1342099722354495489
1342098727306211330
1342098667658997765
1342098622461128708
1342098585006043140
1342098549186691073
1342098543150960644
1342098323445063680
1342098113008443392
1342098085388890115
1342096883620130817
1342096301190627329
1342096295411003392
1342096282052136961
1342095905479122944
1342095873862471680
1342095286471163905
1342095178945843200
1342094635909447687
1342094111520792577
1342093970357309441
1342093942611968000
1342093802463514627
1342093513366896642
1342093503657103360
1342093407393558529
1342093323784364037
1342092662321635336
1342092469324935170
1342092216169218048
1342092188612612096
1342092087957860352
1342091923952168961
1342091914951028737
1342090897924755468
1342090246356348934
1342090234620735489
1342151231846948865
1342150468764622848
1342150234743463937
1342150163247357952
1342150099783266306
1342149629874499586
1342149520876978176
1342149502749302788
1342149036544032768
1342148823959814144
1342148709035831297
1342148590513352709
1342148419444477953
1342148054971904000
1342147943202246656
1342147829226213379
1342147617736818688
1342147452363808773
1342147337314070530
1342147309803593728
1342147144514498561
1342147143578963969
1342147017666138112
1342147007952138246
1342146911571161090
1342146896354271238
1342146776615284737
1342146772270010369
1342146753823387648
1342146532095774722
1342146460872105985
1342146459165143040
1342146458292666369
1342146237735190528
1342145833375064069
1342145831592407042
1342145800680271875
1342145791855456257
1342145553891799041
1342145385511448584
1342145322450112517
1342145242938494977
1342145186827272192
1342144891569250305
1342144818479185920
1342144800645148674
1342144499267502080
1342144369541804032
1342144212708585477
1342144034475806720
1342143903420608513
1342143891915608065
1342143857350340608
1342143767126695936
1342143576872988672
1342143518039552000
1342143429090955264
1342143378268557319
1342143235980976129
1342143215839948800
1342143192897097728
1342143191231963142
1342143162467274752
1342143086756065282
1342143063318261765
1342142878068449281
1342142698288009220
1342142182837407745
1342142109470646279
1342141932038983682
1342141744507281410
1342141150422052871
1342140800323489799
1342140688264257538
1342140673219321863
1342140337955999745
1342140333673631744
1342140177255424007
1342140166933250049
1342140018018680834
1342139942311497729
1342139538374844417
1342139490874372097
1342139359924015108
1342139165979201537
1342139034320084992
1342139028175466497
1342139014036549634
1342138857614143488
1342138589442879488
1342138377139867648
1342138338950721539
1342138245849772040
1342138105399308289
1342137736086519809
1342137622290976768
1342137541240254465
1342137379096829952
1342137274402656256
1342137236029059074
1342137120819798017
1342137075076919297
1342137062003191808
1342137052691886082
1342136990444236803
1342136913952722946
1342136805844541441
1342136777864343552
1342136652026810370
1342136600193609728
1342043830338641920
1342043706996617217
1342043258701062145
1342042999300239361
1342042934062014464
1342042483828654084
1342042253120864259
1342041844306247680
1342041047757705216
1342040713966436352
1342040447577952257
1342040325414559744
1342040311648964611
1342040133961281537
1342039977497157632
1342038961070338048
1342038794522882048
1342038751804084224
1342038066463203330
1342037728322457602
1342037464542818306
1342037174712033280
1342037113185988609
1342036646594809856
1342036552516567044
1342035841082908673
1342035838222254080
1342035647859748864
1342035274067566592
1342035248775892993
1342035012028407808
1342033917658980352
1342033671331729410
1342031925746270208
1342031641938575360
1342030960984920065
1342030229229993984
1342030145280995330
1342030060669251584
1342029833786683398
1342029750492082176
1342029535357718529
1342029211704373248
1342029210202886144
1342028804513030144
1342136061334581249
1342136061233934336
1342136054653071367
1342135979654713350
1342135954346283014
1342135786368618498
1342135620588679172
1342135565790023681
1342135096980213762
1342134930940289025
1342134825130598407
1342134685703540736
1342134440135421956
1342134095703379969
1342133994872303620
1342133491836854272
1342133263775789058
1342133074973364225
1342133032405397505
1342132483479855104
1342132276298211330
1342132265409798147
1342132223500234754
1342132213257826306
1342132172447244290
1342131959581982720
1342131956432195586
1342131904737374209
1342131826215837701
1342131699124207617
1342131583126548480
1342131540487241734
1342131493888532481
1342131489073410048
1342131435575119872
1342131401462865921
1342131316805009409
1342131082494357504
1342131059434147840
1342130941704208393
1342130939971956738
1342130737915584512
1342130673491062786
1342130586010476544
1342130563772260362
1342130255411228685
1342129771229147137
1342129752161792000
1342129737909628929
1342129674256850944
1342129579285241857
1342129524478259202
1342129482568708097
1342129426931347459
1342129340033638404
1342129321331339265
1342129280864702465
1342129277815422981
1342129254348292096
1342129176753664002
1342129169950527488
1342129168180531204
1342129003398909960
1342128920066359297
1342128919038865408
1342128813434675203
1342128685697167362
1342128630701453313
1342128612254900230
1342128464753786880
1342128439801872384
1342128390749511680
1342128250806534149
1342128218690768899
1342128179901771783
1342128047474950146
1342128000087764996
1342127853048131585
1342127555353182208
1342127543869173762
1342127493998768129
1342127432095182852
1342127260329934848
1342127198048825344
1342127120701661190
1342126999431733248
1342126921979727872
1342126606559703040
1342126399793094657
1342126359208980480
1342126342335328256
1342126230817153025
1342125853497556993
1342125846899929093
1342125603361861632
1342125570411409414
1342125565181112325
1342125427117187073
1342125412554571778
1342125261249269760
1342125230165291010
1342124750022311936
1342124745668653059
1342124713083072512
1342124670720634888
1342124568140505088
1342124512750542850
1342124169476120579
1342123983458750468
1342123945416400900
1342123858078347270
1342123620995395587
1342123596362219521
1342123596089597958
1342123533862895617
1342123296578547712
1342123199253852166
1342122892339904514
1342122443952021505
1342122231799934980
1342122207502340103
1342122154171764737
1342122060940783616
1342121985179078658
1342121907647361031
1342121498278907905
1342121202899431425
1342121062289567747
1342121048351891456
1341935571334295557
1341935491109826561
1341935329738072070
1341935267708604417
1341935254047780864
1341935252449587201
1341935192110493697
1341935163132030976
1341934797694898176
1341934230943670274
1341934137809113088
1341934113507344385
1341934083799183360
1341933991394504705
1341933828986683392
1341933766751649792
1341933538946461697
1341933443597254656
1341933429030596608
1341933353390534658
1341933287481221123
1341933257269506050
1341933235815800834
1341933047977922568
1341932476726456320
1341931932003786759
1341931725950234624
1341931720078209026
1341931577958400002
1341931502670639106
1341931333031870465
1341930998389297152
1341930963828432897
1341930904701313025
1341930874766577664
1341930870459035648
1341930797545234432
1341930131305029633
1341930122924883969
1341929892838039554
1341929866418151424
1341929856133718018
1341929675107553280
1341928806727077888
1341928771524456449
1341928770534580230
1341928588422111233
1341928395144220672
1341928201598226434
1341927916637196288
1341927513677819904
1341927073259151360
1341926965012537347
1341926906707456000
1341926777979990016
1341926471380525057
1341926159739727872
1341925403116642304
1341924863796150272
1341924583994253313
1341924238287110144
1341923926126047234
1341923794089254912
1341923777878355969
1341923666842574850
1341923617173434368
1341923589281345536
1341923567655669760
1341923320183324672
1341923168492118020
1341922225549529088
1341922218767495171
1341921980103200771
1341921966932992000
1341921754306859008
1341921725311815682
1341921561679314944
1341921507216392194
1341920662257082369
1342059091989037056
1342058932236382208
1342058838657269760
1342058707144896513
1342058679424716800
1342058545827733505
1342058497098338304
1342057374148943872
1342056948368228359
1342056857914011650
1342056303011704834
1342055797963038723
1342055766509953024
1342055725795831808
1342055721949679616
1342055706388803584
1342055502629498881
1342055068691001346
1342054986507698177
1342054575126134785
1342054523620139008
1342054432998105089
1342054427469996033
1342054250134822914
1342053930147086337
1342053733866332160
1342053582221189120
1342053452957048832
1342053417443856392
1342053327060795393
1342053086383263745
1342053065730510848
1342052804509249536
1342052792274399232
1342052435439874049
1342052039786967040
1342051383869140992
1342051238179962880
1342051041563566080
1342051025658720261
1342050835694555136
1342050519611654145
1342050463701757952
1342050422572412930
1342050186428870657
1342050148675936257
1342049777010274305
1342049772874604545
1342049335584772098
1342049334293094400
1342048550897778688
1342048490164256768
1342048455582220288
1342048451987697671
1342048448368046080
1342048160450043904
1342048142947201028
1342047762930663425
1342047706940907520
1342047686548058113
1342047656600875009
1342047645238489090
1342047590679007232
1342047467735400448
1342047189003022337
1342046708721598465
1342046626765017094
1342046559068975104
1342046449719132160
1342046309105152002
1342046180889550849
1342045932829999104
1342045845634621441
1342045777233928192
1342045608903847936
1342045498816024577
1342045428481740801
1342045419182968839
1342045339038187520
1342045268888453121
1342045161216327680
1342045128354107393
1342044606473641986
1342044054293336064
1342243112823922688
1342242880161640448
1342242693905264640
1342242458965581827
1342242291323457539
1342242290732040194
1342242266891481088
1342242106836971521
1342242087908106240
1342242049412771841
1342241990457626624
1342241974619930630
1342241852548931584
1342241832877649921
1342241761553489920
1342241622466170880
1342241560386269184
1342241538982625280
1342241459387453440
1342241237391134721
1342241135738150912
1342241013700681728
1342240720069922816
1342240507288698882
1342240238534537217
1342240065146281986
1342239894517678081
1342239846346207234
1342239829099212806
1342239793162448896
1342239755971555329
1342239365490225152
1342239191061721088
1342239160556544000
1342239065702363137
1342238877306781698
1342238799225643015
1342238778413334528
1342238732825583616
1342238645252743175
1342238547428986880
1342238544941752320
1342238529884188678
1342238510452002827
1342238504089243649
1342238492936564737
1342238472631971842
1342238451924656131
1342238448724402176
1342238424653295616
1342238402972889089
1342238382446022662
1342238378725675008
1342238370676801537
1342238344491786242
1342238332735074304
1342238313076416514
1342238311579078656
1342238283477233664
1342238251671822338
1342238245799792665
1342238245266968576
1342238218201120768
1342238216083173377
1342238205249204225
1342238120285237250
1342238102069370880
1342238085170475014
1342238056846397440
1342238034390118401
1342238005868843009
1342237989209051137
1342237962747129862
1342237948243292166
1342237934154612736
1342237919407443969
1342237912025288705
1342237880547217414
1342237820140867585
1342237801916604418
1342237784719953929
1342237768194400257
1342237762892738565
1342237749026287616
1342237698707353600
1342237617950228484
1342237559276056576
1342237447892193283
1342237347891523590
1342237121453633537
1342237032647540738
1342237027689967622
1342236996304044032
1342236914548617217
1342236735426744332
1342236715734413312
1342236671031599105
1342236666266857484
1342236581298626564
1342236331141976064
1342236268428713987
1342236114275479553
1342235843302404096
1342235818673532933
1342235694656348160
1342235625735540739
1342235376602243079
1342235278589775874
1342235124793024512
1342235120946851843
1342235007629328386
1342234985361780736
1342234981360422914
1342234920245207041
1342234911416197122
1342234894643187720
1342234886858440704
1342234872790872065
1342234604825141248
1342234416060444677
1342234414776864768
1342234370174808064
1342234135549653001
1342233895119552517
1342233810830827520
1342233781726490626
1342233776672292865
1342233747429744640
1342233708057735170
1342233598452228103
1342233503434502145
1342233344377933825
1342233287964700673
1342233267412590592
1342233199322292226
1342232975359045635
1342232931595657217
1342232896015372289
1342232804969631749
1342232699940040705
1342232635704299523
1342232550312353796
1342232476719194112
1342232467898589188
1342232325518745601
1342232279976968200
1342232202059386881
1342232093888307202
1342232091329781760
1342232050288484358
1342231695924326403
1342231651720392704
1342231641553567762
1342231272140255232
1342231080879833089
1342230969017913344
1342230807302328327
1342230744136036358
1342230697151352832
1342230677106782208
1342230558668189696
1342230382473850884
1342230377654607872
1342230369588768769
1342229961416044544
1342229772475232258
1342229756515774464
1342229708105199616
1342229640610537475
1342229617952907266
1342229529767649280
1342229468916670464
1342229405398085638
1342229177953644544
1342228805658804224
1342228620358672389
1342228541417644032
1342228431090700303
1342228282146775042
1342228042433835008
1342012879831109633
1342012355367096321
1342012024872693760
1342011861613510656
1342011782735360001
1342011653529866240
1342011493827502081
1342011025982447616
1342010954456969217
1342010094679072768
1342009892320595969
1342009708400570368
1342009574379810817
1342009558458376192
1342009229452972038
1342009058002313216
1342008621404721153
1342008524629397504
1342008467297472513
1342008386305536000
1342008028401319937
1342007986026373125
1342006479394631680
1342006344895897605
1342005709530132483
1342005527232954368
1342004931222507521
1342004456926359554
1342004413074911232
1342004358418845696
1342004301321801728
1342004298654380033
1342003833782865921
1342003663397646349
1342003473823518721
1342003393800364032
1342003291132198915
1342003136915976192
1342002818841014273
1342002740818534401
1342002580969431041
1342002512279298048
1342002351981395968
1342002301121273856
1342002181675888643
1342002082237308930
1342001956928294913
1342001737306046464
1342001132046929920
1342000664650555393
1342000512544157698
1342000279722586112
1342000173002719232
1341999783385440256
1341999773524643840
1341999067618975747
1341998988954841089
1341998838765281280
1341997824007921666
1342196850300837888
1342196833389572096
1342195982184960003
1342195883543121921
1342195849875632129
1342195208528789504
1342195190552010752
1342195065708544004
1342195050843959296
1342194742176702465
1342194520130256899
1342194505173360646
1342194439922610176
1342194437842210816
1342194231339847680
1342194059885105158
1342193876501725185
1342193865177124869
1342193657596817409
1342193514336153602
1342193498624303114
1342193483319291905
1342193338087174145
1342193268164079623
1342193224933285888
1342193206461661186
1342193123670306816
1342192968552259584
1342192911706972163
1342192677622865920
1342192657121107970
1342192162419724289
1342192085097713667
1342191968860975105
1342191784227721228
1342191355209134080
1342191200854560770
1342191041730887686
1342190857328480256
1342190856011456517
1342190804446683136
1342190678957293570
1342190592655306752
1342190585189425153
1342190522421665794
1342190503387926529
1342190409146126337
1342190337473867778
1342190333841444864
1342190100352888834
1342190019755307009
1342190013723901958
1342189648404049921
1342189581467332608
1342189580196278272
1342189427699937281
1342189309936496643
1342189134765547520
1342189056663330816
1342189009968259074
1342188891474898945
1342188857433989120
1342188823183290370
1342188763443654657
1342188757882179587
1342188744229715968
1342188720448036866
1342188086457999360
1342187888021278721
1342187629119344640
1342187587289702401
1342187487574286338
1342187444922363906
1342187213455568899
1342186771287826439
1342186686797787142
1342186282730983424
1342185868174438403
1342185382373433345
1342185377147314177
1342185151556689926
1342183752294928384
1342183331744653316
1342183117633839105
1342183007566721026
1342182968891219971
1342182417910669312
1342182403058642944
1342182057225703430
1342181775720800258
1342181755885735936
1342120953694867457
1342120505839652864
1342120407806173184
1342120134840872961
1342120091740082176
1342119278246506497
1342118877044617221
1342118761835474944
1342118273417146370
1342118272100085762
1342118132220104706
1342118126780100608
1342117975860527106
1342117796143104007
1342117730871345152
1342117694812925952
1342117245871394816
1342117035992625152
1342116998667513856
1342116909555314689
1342116767502643202
1342116744266133505
1342116638104010752
1342116338630762496
1342115917510152192
1342115912737021952
1342115326062948352
1342115201815097345
1342114998592659456
1342114898092945408
1342114761174081537
1342114752449933313
1342114674054213632
1342114546824179716
1342113741626888194
1342113563431890947
1342113485354897410
1342113454413512707
1342113383349420032
1342113131036893187
1342112838924595200
1342112325982068736
1342112209003040768
1342112125813141505
1342111960003977219
1342111743753990145
1342111423774797825
1342110915014111238
1342110692321669120
1342110683954098176
1342110571542552578
1342110499467632641
1342110486062637056
1342110455863635969
1342110437173850113
1342110367162400768
1342110103835725826
1342110087272390657
1342109916274827264
1342109795109621766
1342109679275683840
1342109632970584065
1342109368314114050
1342109180820381701
1342109084959567878
1342108734651301894
1342108723838377984
1342108513305169920
1342108437153509378
1342108374742261760
1342108254088822790
1342107814613934082
1342107760780054529
1342107640105676800
1342107574179663873
1342107029628989444
1342106940491460608
1342106837785702400
1342106702238404608
1342106568473669636
1342105954830180352
1342105921749614592
1341905343463489536
1341904640699465728
1341904254651523073
1341904243561799680
1341903834180952064
1341903827495243776
1341903630170025986
1341903490646503424
1341903461005357058
1341903361197617152
1341903349952749570
1341903222219419650
1341903055651037184
1341903038764756993
1341902864222998530
1341902859403714560
1341902718944899074
1341902576346943489
1341902373090955265
1341902058224549888
1341901849562066945
1341901410477035520
1341901339731742720
1341901315086163973
1341901306869538817
1341901251668287488
1341901146886201357
1341901076396703752
1341900855025561603
1341900698921934853
1341900503245058053
1341900410345324544
1341900319316439043
1341900280607215616
1341900218774609920
1341900214769168390
1341900063178539008
1341899850665906178
1341899414923862020
1341899158962241537
1341899036887027713
1341898885455745024
1341898804723855363
1341898677644886019
1341898567305326593
1341898268431818756
1341898135791153153
1341898086034104320
1341898076877946880
1341897994120159232
1341897833553784834
1341897766436560898
1341897627449896963
1341897549821652992
1341897526522347526
1341897411707478018
1341897189514207232
1341897134438817796
1341897018755567616
1341896938891972611
1341896936677232640
1341896930545176576
1341896736520822784
1341896552114249729
1341896461181710336
1341951145560977409
1341950984063479809
1341950680802549762
1341950398073069570
1341949962003877894
1341949278844022784
1341949217032425472
1341948309666029568
1341947739165224960
1341947540103716865
1341946980973629440
1341946978238775297
1341946723590090754
1341946474981183489
1341946449387347969
1341946082616631296
1341944888284200960
1341944409437437956
1341944403162787844
1341944304105889792
1341944023049785345
1341943443300478978
1341943441257865216
1341942265397334016
1341941999621074945
1341941937918631937
1341941620426625026
1341941445700116481
1341940833877110786
1341940815959109636
1341940767577665537
1341940320926380033
1341940319911358466
1341940086221512704
1341940038620200961
1341938266300416002
1341937821943279616
1341937794562850816
1341937689373847552
1341937190645841920
1341936326355144706
1341936154002669568
1341936078459203586
1342028160821567493
1342027630275604480
1342026892845715457
1342026544861077505
1342026399876599810
1342025326726152192
1342024645269139456
1342024466726068226
1342024325109465089
1342023460575436804
1342023250008805377
1342022983817150464
1342022971079208961
1342022906969264132
1342022383679528961
1342021646568316933
1342021634849452033
1342020991111860225
1342020733594005504
1342020669463093249
1342020123520073729
1342019602809819136
1342019456957112321
1342018938725670912
1342018687381905410
1342018437988683777
1342018437913186305
1342018307113836545
1342018090910015488
1342017983527460864
1342017865285849089
1342017847527141376
1342017586406576132
1342017108012625921
1342016888545681408
1342016733259952129
1342016247798648833
1342015673824927744
1342015672801394688
1342015625582018563
1342015156616892418
1342014407057027072
1342013822744203264
1342013675616538626
1342013223067930624
