1282487713392975872
1282486754801381386
1282486577705431051
1282486509245829120
1282486501461262336
1282486495111151616
1282485863851622403
1282485855408406530
1282485815956983808
1282485584489926656
1282484679149522944
1282483991422087169
1282483616078082048
1282483517688094720
1282483468769861637
1282483317628166150
1282482179591692288
1282481551817637888
1282480553959325696
1282480526117548034
1282480442617270272
1282480320214949889
1282480195530715137
1282479858660945920
1282479810728603654
1282479343328002050
1282479022300188672
1282478562490998784
1282477829607821312
1282477730790100993
1282477580734603264
1282476641952894977
1282476415162744835
1282475527996088320
1282475525303406593
1282475497910411265
1282475114823585793
1282474620478803968
1282473631189278722
1282473327370465281
1282473043160453120
1282705231973736451
1282704965077659653
1282704800061296642
1282704498255966209
1282704390302961667
1282704258752708617
1282704175563001858
1282704069455421441
1282704049180045312
1282703982096527363
1282703865364742148
1282703834318594049
1282703703288545283
1282703599555031040
1282703416955998209
1282703285556830210
1282703109442215936
1282702961412628485
1282702937026748417
1282702576836722689
1282702576467804161
1282702552132472832
1282702464588931072
1282702433001537537
1282702422624940034
1282702385551486976
1282702357650968577
1282702213568233478
1282702147780575233
1282702076401913856
1282701648406679558
1282701390234738691
1282701358106316801
1282701324421869578
1282701164027363329
1282701102832586760
1282701087779291136
1282701074462150657
1282701074445381632
1282700993357139968
1282700987828969474
1282700900755214336
1282700803237654529
1282700686996758529
1282700311170146306
1282700247412678656
1282700013420896261
1282699926745632769
1282699807941750784
1282699737863532546
1282699660541546496
1282699481625112581
1282699460842270720
1282699337647022080
1282699243409469442
1282699188497596417
1282699086106365952
1282699081282920449
1282699012353687554
1282698969970343937
1282698896750325762
1282698483418443777
1282698360055566336
1282697912326086656
1282697755387985921
1282697722550681601
1282697711486218241
1282697574005329923
1282697546134159361
1282697293771276291
1282697256102244352
1282697255078686720
1282697193032421377
1282697113730781185
1282697084462870532
1282696976178520066
1282696813292601344
1282696719923380225
1282696696032526336
1282696536221274115
1282696450363797504
1282696446777729029
1282696420831776768
1282696350405099522
1282696109920485380
1282696051431034883
1282695880684916736
1282695853854142466
1282695728477777920
1282695701365837824
1282695680138584066
1282695604867653643
1282695590208573440
1282695460621291523
1282695360780079105
1282695126574419969
1282695052272312321
1282694955950055437
1282694919782404098
1282694672209653760
1282694540382670849
1282694531088097283
1282694290263736321
1282694288363663360
1282693714939437057
1282693456566124546
1282693144899923971
1282693091049328641
1282693001484152832
1282692930940088322
1282692619097735169
1282692325865451520
1282692278897844225
1282692276595167234
1282692274002984960
1282692230499766274
1282692197897379840
1282692079559245825
1282692008159653890
1282691984004714499
1282691931357753352
1282691671596036096
1282691638599524353
1282691605825191943
1282691527278383107
1282691525906845696
1282691430402723842
1282691397628256260
1282691325800910849
1282691271979663361
1282691245526188032
1282691244024528896
1282691045185196032
1282691007088336897
1282690934317056000
1282690880319696897
1282690765945221124
1282690664099131394
1282690425275289600
1282690291724693506
1282582882343702528
1282582036893458432
1282581840675639297
1282581240365948929
1282581042122174464
1282580872416247808
1282580753960906752
1282580548318158848
1282579394054238208
1282578994227900416
1282578891803107329
1282578549526999040
1282577504918626304
1282577311649472514
1282576998154547202
1282576587280527365
1282576153610383360
1282576021636542464
1282575627745361934
1282575044179300357
1282574294036480001
1282574281868795905
1282573674004885504
1282572928949854208
1282572302954029057
1282572010720079872
1282571814611193858
1282571174120128514
1282570466910035968
1282570114387206145
1282569879376343040
1282569275572535296
1282628642900570112
1282628540828196866
1282628386431676416
1282628315312992256
1282628292089131015
1282628276507348992
1282628231670071299
1282628145842028544
1282628109246717952
1282627357925310465
1282627249813032963
1282627173887639552
1282626588291497984
1282626584189509633
1282626350570930176
1282626317742030848
1282625992398438400
1282625540390825984
1282625275583434752
1282625018061627393
1282624924318871553
1282624767883915266
1282624631938179073
1282624602645004290
1282624290005843968
1282624217738022914
1282624027899633665
1282623995335122944
1282623890557038592
1282623769052413952
1282623754074546176
1282623737104412672
1282623669815201792
1282623653587361792
1282623518610423809
1282623516060327936
1282623477241921536
1282623304659066880
1282623165286486016
1282622995819683842
1282622966212198400
1282622602163429376
1282622569535934465
1282622556361469953
1282622552272015360
1282622305743634432
1282622199963226115
1282622146741592064
1282622102978334720
1282622099392286723
1282622085857185792
1282621988863975425
1282621816155123713
1282621746001174530
1282621741588721664
1282621714103402496
1282621661683101698
1282621409471000577
1282621267686887427
1282620918561247233
1282620851624579072
1282620711622848512
1282620705037746176
1282620585248514048
1282620191814320129
1282620136285974528
1282620131441549313
1282620115004071936
1282619972208881664
1282619921038487553
1282619819506925568
1282619715614052355
1282619615516991488
1282619609904971776
1282619597536014336
1282619553500012546
1282619528892088320
1282619484839317505
1282619454841651200
1282619227803795456
1282618920554332160
1282618914266968065
1282618824735563777
1282618705445294081
1282618511672651777
1282618472292405249
1282618242167721986
1282617709818249218
1282617677962309632
1282617663634714624
1282617516905213952
1282617464199811072
1282617335891873793
1282617309454974976
1282617294238232577
1282617192937398272
1282616861625143297
1282616349014065152
1282616305200201728
1282616058055143424
1282616019576598530
1282615960009084928
1282615903180529664
1282615636322062345
1282615526116585472
1282615163758280704
1282614705807384584
1282614661922332673
1282614362042249216
1282614248594722817
1282614195083554823
1282614052368322560
1282613940934017027
1282613635047731200
1282613624507437056
1282689817780912134
1282689817382395911
1282689766308433926
1282689723903864834
1282689666978926603
1282689455904772097
1282689309846515712
1282689271455985664
1282689238182445056
1282689234944614401
1282689118103900161
1282689099883659268
1282689041838866432
1282688978110513152
1282688972955750402
1282688841942474752
1282688820086026246
1282688751970508800
1282688515780874241
1282688390719299591
1282688384801009665
1282688236284977157
1282688140961107968
1282688076859482115
1282687920030330887
1282687476482674688
1282687173150547968
1282687075955773442
1282686974772629504
1282686969793978368
1282686966891311109
1282686857747161088
1282686613357764609
1282686595708022784
1282686557976174594
1282686304052969472
1282686199837196291
1282686187140980739
1282686109491900416
1282686086079303680
1282686066449879044
1282685889596887041
1282685842365046796
1282685840355766272
1282685686500532232
1282685217417854976
1282685209750773763
1282685205938044928
1282684979227635714
1282684654059913217
1282684522451140608
1282684433166999553
1282684407074021376
1282684338333790213
1282684271107411969
1282683795683115015
1282683710525980681
1282683702431100930
1282683582063038464
1282683358435094528
1282683271348920323
1282683260196343815
1282682894276677633
1282682670410076160
1282682489702580225
1282682484832927744
1282682392919134208
1282682311285202949
1282682296928219136
1282682288635928576
1282682150547001345
1282682133774061570
1282682056603054086
1282681929859502080
1282681865715900417
1282681865661485057
1282681762137726978
1282681616796717057
1282681488220332033
1282681458373492737
1282681436755988480
1282681388093845505
1282681130693558272
1282680940649734144
1282680882290143234
1282680631265296384
1282680610377445376
1282680582753914881
1282680446686498818
1282680090795610113
1282679964123508737
1282679909568086017
1282679579942039552
1282679456021307392
1282679208184107008
1282678940843356160
1282678851236179968
1282678717832208386
1282678484066852865
1282678428223901696
1282678290319323136
1282678147322908674
1282677865591517185
1282677734569803777
1282677701715861504
1282677676843696128
1282677545142493185
1282677538372890632
1282677440490471424
1282677419896381440
1282677047974928384
1282676906182180864
1282676842399502336
1282676776196612097
1282676753882845184
1282676677500436481
1282676635754471424
1282676361002471424
1282676256543248384
1282676109147086854
1282676080806174720
1282675801478111233
1282675786005139462
1282675747077799936
1282675668979867649
1282675604417118208
1282675232663375872
1282675172579868673
1282675120293715969
1282674901611089920
1282674868006211584
1282674848888696832
1282766032948596736
1282765606920564743
1282765525052006400
1282765423251947522
1282765275121639425
1282764811072425985
1282764675935948801
1282764547946946560
1282764384373215233
1282764335714955264
1282764076540669960
1282764071977263104
1282764060069593088
1282763954578653189
1282763905081782273
1282763809317322757
1282763788098445314
1282763762647347209
1282763729583722496
1282763664248971265
1282763617138507776
1282763481574510592
1282763439350468609
1282763426125709313
1282763422761967625
1282763319120744448
1282763282223296513
1282762999850303489
1282762914303283201
1282762884032933888
1282762829850914818
1282762578595393543
1282762490028457984
1282762470340399107
1282762447904894977
1282762061320257539
1282762001618333696
1282761956932362243
1282761914737713153
1282761665684082694
1282761546964389889
1282761434326118402
1282761271176302594
1282761246765469696
1282761246081679362
1282761235570634753
1282761150220906496
1282761061431746560
1282760852681228288
1282760836994539520
1282760820578033664
1282760724826263553
1282760642097815557
1282760369321185290
1282760189549129728
1282760061841014785
1282760028118818817
1282759712618905600
1282759693924999170
1282759602665328641
1282759498726170624
1282759385815691265
1282759260619919365
1282759185625747458
1282758911871913984
1282758596044959745
1282758494748381186
1282758331547947010
1282758240875487248
1282758230654033922
1282758028278689792
1282757836318158849
1282757563558264832
1282757302865592325
1282757209508716552
1282757078197600258
1282756963831435264
1282756722243796992
1282756707056312322
1282756432392327170
1282756297318739968
1282756291920830466
1282756054279958534
1282755822523576320
1282755544923754499
1282755181944299520
1282755087555690496
1282754808412241922
1282754655810916355
1282754475875282945
1282754277820293128
1282754269062594560
1282754147402625025
1282753589014867968
1282753245568479241
1282753138559266818
1282753128203538433
1282753031126355976
1282752945835122688
1282752449175068673
1282752263694553090
1282752106202648577
1282752037642334209
1282751978934689792
1282751920218746882
1282751914686517257
1282751720733528064
1282751690588880896
1282751650877386758
1282751466629820417
1282751454781026310
1282751400569638914
1282751395721076738
1282751387101810688
1282751163427966977
1282751083643797507
1282751058452918272
1282751036311195648
1282613525844766720
1282613493963927552
1282612990269886464
1282612864411488256
1282612468200681472
1282612429633974272
1282612367981871107
1282612288852299779
1282612241850929152
1282611923893334017
1282611828514795520
1282611738194706437
1282611510443999233
1282611487664738305
1282611187348373506
1282611045433962496
1282610968699207680
1282610635587686401
1282610125564502016
1282609800736645121
1282609603482513408
1282609327040270336
1282609043551531017
1282608854157660160
1282608572988305408
1282608429253582854
1282608372097798144
1282608042954170369
1282607845603713024
1282607774203961344
1282607701084823557
1282607513632899072
1282607425095426050
1282607307453603840
1282607119234023424
1282607023855730693
1282606433792655361
1282606348245630978
1282606233460117504
1282606163033501696
1282606157220196354
1282605687743279105
1282604994420776962
1282604865815019520
1282604470602469376
1282604319301394433
1282603718949691392
1282603709189496835
1282603623890006017
1282603589698039809
1282603236105560064
1282603128970375171
1282602904063315968
1282602750270898176
1282602616959238145
1282602546864037888
1282602081715707911
1282602039353249792
1282601688642224128
1282601590562656256
1282601217894477824
1282601214333657088
1282600831645360128
1282600696995618816
1282600304916271106
1282600012942376960
1282599942679408644
1282599506962296832
1282599301714239489
1282599234865438724
1282599015931052034
1282598993852280833
1282598982368161793
1282598651068645377
1282598491307597824
1282735463334318082
1282735336158826496
1282735024807260161
1282734870310129665
1282734869014032384
1282734813804408835
1282734576067129345
1282734537760485377
1282734391534456833
1282733888272568320
1282733877753151488
1282733782580236289
1282733759192760320
1282733632386486273
1282733485325680640
1282733474990915586
1282733228244316160
1282733060551778305
1282732943946010627
1282732799959547904
1282732776114884608
1282732518211497987
1282732509407543296
1282732271846543360
1282732261855694851
1282732191810752517
1282731757171859460
1282731454619942912
1282731420000096256
1282731151052816386
1282731143616315392
1282730943510466571
1282730780356235269
1282730657999880198
1282730635644284928
1282730469470007296
1282730442173681671
1282730414688231425
1282730342693175297
1282730150539390976
1282729918133153794
1282729793780318208
1282729753691205639
1282729705032957952
1282729533460877312
1282729317810819072
1282729204237438979
1282729138701455361
1282729082220957697
1282729078873784321
1282729067603800064
1282728618179911685
1282728607232724992
1282728540048433152
1282728492912775168
1282728277338198016
1282728225194508289
1282728169485762560
1282728094948876289
1282727542965727234
1282727523814641667
1282727506102099970
1282727443883753474
1282727245149286406
1282727238513778690
1282727225129938945
1282727130707574785
1282727059006140418
1282726836250779661
1282726834413670400
1282726731300970496
1282726511481683971
1282726484596215810
1282726449510780930
1282726160854667265
1282726008420958209
1282725536687697920
1282725466504388611
1282725408920739845
1282725134105636865
1282725120386228225
1282725059862368256
1282724988177518592
1282724794954387456
1282724788914528256
1282724664419258370
1282724647805562882
1282724556638228480
1282724526476808193
1282724279856046080
1282724234469548033
1282724202257276929
1282724030932557827
1282723620716982274
1282723500550246403
1282723479477989379
1282723209402626050
1282723081824288768
1282723044469944321
1282722872834904068
1282722872545378304
1282722804673253376
1282722441358389249
1282722310621888512
1282722223032336390
1282721983235530755
1282721554544103426
1282721471874371584
1282721454581149699
1282721435627270144
1282721363887882243
1282721355205672961
1282721350788972545
1282721310519422977
1282721149663707136
1282721100129075201
1282721034290913281
1282721000115900419
1282720698667085833
1282720685278793730
1282720392436752384
1282811675377373185
1282811110534664192
1282810967403962370
1282810110201466885
1282809877656633345
1282809779128336387
1282809650715516928
1282809322473390081
1282809263669145600
1282809122069508097
1282809045469089795
1282808200702464000
1282807921739538433
1282807613474983939
1282807204601647106
1282806963110162432
1282806686261170178
1282806578215890944
1282806434326097924
1282806374628556804
1282805935317102593
1282805723752214528
1282805666541903872
1282805284130390017
1282804763852181504
1282804749985873920
1282804618112700416
1282804537787584520
1282804504765837316
1282803906679058435
1282803828413403139
1282803637874556928
1282803500674580482
1282802982753632256
1282802853313220611
1282802728864014336
1282802657799761920
1282802442971709440
1282802132656312322
1282801706162683904
1282801680921161728
1282801619869093891
1282801559680802821
1282801469759070214
1282801246936731655
1282801230377619457
1282800690662866946
1282800272893509637
1282800229780054017
1282800072573489154
1282799909381591044
1282799780276703236
1282799675314188289
1282799415980224522
1282799280475066374
1282799266205970432
1282799265606242309
1282798924756135937
1282798909362929664
1282798718295527424
1282798412426076163
1282798402640715776
1282798398651826176
1282798223367831565
1282798212244529152
1282798165951950853
1282798114290769921
1282797893578039296
1282797643538804738
1282797642695639045
1282797215493296139
1282797166755364864
1282797106797981697
1282796991517388800
1282796819530092545
1282796696183988224
1282472451411259393
1282472203343343619
1282471965484134401
1282471828951379969
1282471234316513285
1282471144805797888
1282471085766840323
1282470654193938432
1282470636217040896
1282470563005509633
1282470259920961536
1282469738434768896
1282469615969411072
1282468734754381824
1282468157295341568
1282468025799606272
1282467477243392001
1282467263652618240
1282466491670003712
1282465908884217856
1282465817217708032
1282535806092050434
1282533409751851008
1282533259520421888
1282533071976378370
1282532748230627329
1282532488309604353
1282532320331943938
1282532086751137792
1282531381264949251
1282531268383641602
1282531121255899136
1282530968977330176
1282530594878963712
1282530361487040513
1282529685688156165
1282528701037633536
1282528188866998283
1282527919244365830
1282527668932497410
1282527391823400961
1282527298789539840
1282526953413566465
1282526881695379457
1282526701738745856
1282526623770849280
1282524892429156353
1282524712678109187
1282524493475454978
1282523979672989696
1282523471679901696
1282522939456446467
1282522731305549826
1282521977383575553
1282720337143173121
1282719973048233990
1282719923849121792
1282719735063416835
1282719688460578816
1282719682466918403
1282719622475767810
1282719432993910785
1282719298537099273
1282719237241475072
1282719180937101313
1282719092705615874
1282719074573791232
1282719043900919810
1282719002695999488
1282718633693794306
1282718612457955329
1282718598885265415
1282718583580250113
1282718322858106887
1282718316033966081
1282718310606544901
1282718298585661441
1282718267669389314
1282718174744641537
1282718121715855360
1282717987234107393
1282717931839746049
1282717888491790336
1282717845017841664
1282717844698996738
1282717818815868928
1282717671671451648
1282717644060348416
1282717643129196545
1282717491073097731
1282717352627302401
1282717324416622593
1282717206024003591
1282717135123484674
1282717122502594560
1282717117092167680
1282716921079660544
1282716893481181187
1282716652648497152
1282716615352565760
1282716601175990272
1282716545345454081
1282716483328638977
1282716443189157889
1282716430023131137
1282716406224760834
1282716385983029250
1282716351187103744
1282716269146497025
1282716163835863040
1282715907316383745
1282715773711114242
1282715674545012736
1282715626398560258
1282715558056779777
1282715416431923205
1282715382126718977
1282715303911333891
1282715159039885312
1282715158641553416
1282714913870356486
1282714860632055808
1282714860443361280
1282714847575040005
1282714712719777798
1282714696123064320
1282714675264790528
1282714638019371009
1282714531077263360
1282714396364611584
1282714334511149058
1282714211827830785
1282714112238276609
1282714104285798400
1282713902351028226
1282713836848545792
1282713805101752322
1282713721542971392
1282713604635144193
1282713428482760704
1282713396778078208
1282712933986967552
1282712780827746305
1282712758597963776
1282712605245739009
1282712495044485130
1282712391633993729
1282712142064635904
1282712027014684687
1282711963047469058
1282711929962876928
1282711527095754753
1282711481230843904
1282711309319102465
1282711094864351234
1282711066632429570
1282711016946663427
1282711016669765633
1282710861614927877
1282710829322899456
1282710828173549572
1282710626989748226
1282710335322034176
1282710334600511491
1282710275519586310
1282710248428646402
1282710117427879941
1282710006907969536
1282709937286795266
1282709510281469955
1282709106864857088
1282709030474063873
1282709029383368704
1282708887523786752
1282708802014453760
1282708770867621889
1282708510367789056
1282708370894524417
1282708295170629635
1282708183845343232
1282708087359643649
1282708036738523136
1282707971068362753
1282707899857473536
1282707783721324544
1282707765920768002
1282707537272299529
1282707471350603779
1282707368497647617
1282706808629530626
1282706643130744833
1282706556438667267
1282706491431104512
1282706413572120576
1282706022025625602
1282705930644271110
1282705825342140420
1282705596073025537
1282705389277020162
1282705259933179904
1282659414223331329
1282659376717860866
1282659327560613889
1282659233952129024
1282659220094164993
1282659096328638464
1282658970931535872
1282658595784593410
1282658388908953604
1282658065183985666
1282658042178232322
1282658042140475394
1282657978110234626
1282657938125942786
1282657934971895809
1282657911827845122
1282657790473854978
1282657620101222400
1282657432435658753
1282657371446288384
1282657318929420291
1282657283420323842
1282657212834492417
1282657208875003904
1282657129271365632
1282656960110891008
1282656881559781376
1282656848554983425
1282656659572166669
1282656604798812160
1282655847844282371
1282655823106367488
1282655808417718273
1282655757352173570
1282655709079826432
1282655698212524033
1282655573239111681
1282655458449293312
1282655442804641793
1282655375490273280
1282655360491413505
1282655294615674880
1282655131884908545
1282654993796009984
1282654981624139777
1282654911960940545
1282654821867192320
1282654615134179328
1282654538953117696
1282654504639442945
1282654212204236801
1282654180977577985
1282654176632332288
1282653899376254976
1282653882074554369
1282653796477411328
1282653770455961601
1282653665283760128
1282653503765319680
1282653458408013824
1282653255697219584
1282653140261769219
1282653011437932545
1282652853807525896
1282652690540003328
1282652634579689472
1282652479855964161
1282652385031192576
1282652206701973504
1282652046290833408
1282651931031339008
1282651778266406913
1282651494009974785
1282651346135658496
1282650894740459521
1282650890504155136
1282650885148082181
1282650680117862406
1282650668914941954
1282650491512672258
1282650379151380481
1282650344741273600
1282650306795446272
1282650126461394946
1282649841735217152
1282649780749991938
1282649632221343744
1282649361139118081
1282649062119034885
1282649039113248768
1282648672182902785
1282648567778357248
1282648486442184704
1282648230954754050
1282648214601179137
1282648072384851977
1282648018848829441
1282647897583030273
1282647707060928512
1282647505084256256
1282647362888970240
1282647231930273793
1282647121221623808
1282647102003109888
1282646532575989760
1282646275595407361
1282646246709239815
1282645970963046400
1282645916940304394
1282645836749471744
1282645640556826625
1282645038854545408
1282644815302328320
1282644529754013696
1282644427849322499
1282644385121935361
1282644368529162241
1282644325675995136
1282520513168805893
1282520469938348032
1282519220853420032
1282518153491177473
1282517835592486915
1282516968701124609
1282516460150104066
1282516379996839938
1282515975393488896
1282515864206495744
1282515775719440387
1282515445661216768
1282515429550850055
1282514416374669312
1282513719205826560
1282513614662848513
1282512163287060487
1282511694275637248
1282511647999836160
1282511600021393413
1282510723461988352
1282510518876422144
1282509382220226562
1282508570643378187
1282508562816737281
1282508194624012291
1282507971981914113
1282507866822324226
1282507798669074438
1282507524831420416
1282507506036637696
1282507439141793794
1282506478646165504
1282598402555965440
1282598331521183746
1282598318808477697
1282598232279805952
1282597909226229761
1282597869321687041
1282597593013538818
1282597487765786624
1282597206202085377
1282596204145065984
1282595710005731328
1282594709328801792
1282594450863206401
1282594170331332608
1282593993029812224
1282593983642963970
1282593460743094278
1282593451540914176
1282593217200795649
1282592946077028353
1282592692963246080
1282592668548202496
1282592321889013761
1282592173792227328
1282591664394178563
1282591140961804288
1282591134540279810
1282590884052324352
1282590515339210752
1282590046277832704
1282589920775868422
1282589547474321408
1282588857033265159
1282588406892179456
1282587975260549120
1282587924039708672
1282587718820614144
1282587587199275016
1282587551962771456
1282586977079103489
1282586931386351616
1282586661331841024
1282586595644837888
1282585908848533506
1282585786601418752
1282585685497729026
1282585060554739724
1282584846154575878
1282584643255128065
1282584358268870657
1282584352430460928
1282584291562708992
1282583743476019201
1282583602363011073
1282583429528215552
1282583427636592640
1282504828749590530
1282504488557961220
1282503767242559494
1282503766974046208
1282503766646886402
1282503766504280066
1282503766416261121
1282503766412075014
1282503766370123782
1282503766294630402
1282503637168730114
1282503535188422656
1282502667844177922
1282502659262619648
1282502049687576576
1282501793797283841
1282500954680483840
1282500410784317445
1282500145607847936
1282499994029748224
1282499057102053377
1282497817123213313
1282497421348675586
1282495510868303876
1282495137361219585
1282495001088450561
1282494945551626242
1282494514263920647
1282493796568256512
1282492619189362689
1282492600172388353
1282492556182462464
1282492257510268928
1282491116215046144
1282491019116908546
1282490601531990019
1282490203865853952
1282567475025063936
1282567371614334976
1282567043955523584
1282567000104079361
1282566882357383170
1282565134792093698
1282564590165950464
1282562794294898688
1282562739211169793
1282562556884852736
1282562488425488384
1282561831953989637
1282560917734133762
1282560543128055808
1282560467207163907
1282560436110536709
1282560236356681733
1282560208137420805
1282559659983994886
1282559354059857920
1282558693138001920
1282558531690995713
1282558082145558529
1282558026130620418
1282557318132097024
1282556060314763264
1282555994925654017
1282555989946961921
1282555443877797888
1282554197838163969
1282552594427252736
1282826779942584321
1282826765740773378
1282826763165265920
1282826197060194305
1282826059503808515
1282825800048414720
1282825276217610241
1282824395715743744
1282823987328880640
1282823955217170434
1282823833389596672
1282823666414362625
1282823606540677120
1282823590421897217
1282823375023337474
1282823252730089473
1282823141652226049
1282822534942138368
1282822326590070784
1282822202946027520
1282822139859677185
1282822014667898881
1282821696093712384
1282821624161611783
1282821262293839872
1282821213144993793
1282821179506597888
1282821069984931841
1282820554425327616
1282820474888753153
1282820446988103682
1282820303631122435
1282819935354400769
1282819924369518593
1282819752466030593
1282819703426232320
1282819455030984704
1282819385166458881
1282819109693149187
1282818952217808896
1282818951681015808
1282818932835880962
1282818893556469760
1282818837121863680
1282818677163929602
1282818640430145536
1282818639499005953
1282818566362890240
1282818373714403332
1282818354345107461
1282817990543773698
1282817898457833472
1282817559172132866
1282817355383549952
1282817310877573120
1282817152551010304
1282816834232885250
1282816492233424897
1282816458917965824
1282816411446898688
1282816325484773381
1282816222468268032
1282816117438906370
1282816020617539594
1282815848718184452
1282815822260404224
1282815797518360592
1282815642194849792
1282815426758684679
1282815313298456576
1282815245795426307
1282815148680531975
1282814829846302720
1282814793397739520
1282814630105165828
1282814571447758848
1282814551612940288
1282814452761612290
1282814433904005120
1282813877873303552
1282813852443389953
1282813850350432259
1282813777067425792
1282813330101432320
1282812543346540547
1282812340061245441
1282812311170961408
1282812091926290432
1282812060821106688
1282812053888081931
1282812047252754439
1282674707184189440
1282674687508647936
1282673997411475456
1282673668393521154
1282673657974792194
1282673635430367232
1282673621564116998
1282673369796804614
1282673181833273344
1282672742844837889
1282672303281758210
1282672230023999491
1282672125631852544
1282671922359279617
1282671865367011334
1282671485673504768
1282671411165888512
1282671408204652544
1282671307897950208
1282671301635780610
1282671254642872321
1282671209822527488
1282670928850235392
1282670880556855298
1282670841973608449
1282670771966443521
1282670373709008896
1282670231144534028
1282669954031116289
1282669939195817984
1282669920124313600
1282669856723292165
1282669831624499207
1282669593366892545
1282669586970812416
1282669323996352514
1282669248997986304
1282669183616946178
1282668941760962562
1282668854167011328
1282668789914636290
1282668678618603520
1282668677293318144
1282668640140230657
1282668561958416384
1282668469671141377
1282668459353092096
1282668389824110595
1282668297016795136
1282668290947637249
1282668269887946752
1282668149716877315
1282668120138604544
1282668086714404866
1282667225237741568
1282667224952500230
1282667186406993923
1282667055754481664
1282666979296522240
1282666968886185985
1282666922430140417
1282666793379790848
1282666774102671363
1282666360145874944
1282665853994119169
1282665789053599744
1282665689384456193
1282665654747893760
1282665632568352770
1282665614369325056
1282665249292902400
1282665105105141761
1282665065490059266
1282665061178384384
1282664849286270977
1282664828604211201
1282664778146684933
1282664357093089280
1282664311140364289
1282663790652334080
1282663728199032833
1282663691289329665
1282663638361399296
1282663578387054593
1282663409796943873
1282663327848476672
1282663051926306816
1282662952462680064
1282662909252960256
1282662837689765889
1282662763727400960
1282662497271545857
1282662479630348292
1282661736122908677
1282661717672103936
1282661370052456454
1282661230696640512
1282661205732196352
1282661199818055681
1282661187998687234
1282661053751455745
1282660966447165442
1282660839909199872
1282660803536134144
1282660731046055939
1282660437004357633
1282660384818761728
1282660229717667840
1282660110125457408
1282660044102934528
1282659881208684545
1282659794072076288
1282659754591084544
1282659646537375747
1282659614614593538
1282750610672988167
1282750208049180672
1282750179511279617
1282750158292135936
1282750073546452992
1282750070971129859
1282750067825356803
1282749935398649856
1282749729101807623
1282749676324782081
1282749498574491649
1282748910029676547
1282748492247695360
1282748479182438400
1282748220381302784
1282748147085774850
1282747888234303490
1282747816369164290
1282747692834271234
1282747635212996609
1282747604527456256
1282747449937989635
1282747268941193218
1282747229464334343
1282747140616445954
1282747124954861569
1282747079241150465
1282747050984181761
1282746961863598083
1282746897195847682
1282746719671746560
1282746674885074952
1282746569549393920
1282746409259851777
1282746196801531907
1282746171753103367
1282745863664787457
1282745862188343296
1282745623461138434
1282745381810507776
1282745261761220608
1282745119649591296
1282745110158102528
1282744861435793408
1282744859313537025
1282744740207833089
1282744655986253827
1282744626537885696
1282744505045843968
1282744464705048578
1282744341753221121
1282744285662793730
1282744217383718917
1282744168209698818
1282744038614011906
1282743781884932096
1282743666449297409
1282743643267313671
1282743234054291460
1282743224503799808
1282743215154778112
1282742614488420355
1282742457202094086
1282742447903318016
1282742440840105984
1282742434380816384
1282742145695260672
1282741998248775680
1282741933476061186
1282741834800861185
1282741752231845890
1282741743964823556
1282741647575519233
1282741641615413248
1282741414401540101
1282741278929756160
1282741232817655809
1282741207437914115
1282740738652950529
1282740369743130626
1282740269956431874
1282740110274908165
1282740026170847233
1282739900681527299
1282739714009825287
1282739582052835337
1282739505552928768
1282739457574293506
1282739436774723586
1282739339160518656
1282739312291872773
1282739260584603649
1282739086491607041
1282739022658449408
1282738833625235456
1282738794274467845
1282738747705110530
1282738369945112578
1282738292417536001
1282738287006945281
1282738036078374913
1282737612348887043
1282737563422400513
1282737556501733379
1282737474465300480
1282737457830690816
1282737383616765954
1282736981038886912
1282736550057574400
1282736461138153474
1282736459905142793
1282736260847529984
1282736204404985857
1282736151745359874
1282736116458807296
1282736022107848704
1282735984120147968
1282735923546001408
1282735908077305856
1282735845368303616
1282735805954494466
1282735764586012672
1282735656909836295
1282735529977683970
1282644101058514944
1282644076060446720
1282644013900869633
1282643463339741184
1282643248364822528
1282643219717795843
1282643217989632000
1282643030126800901
1282643009222447104
1282642713494597634
1282642577921998853
1282642537606516736
1282642477527302147
1282642424465162241
1282642208076828672
1282642191421235203
1282642178381090816
1282642172198686720
1282642091831631874
1282642005764571138
1282641724419059713
1282641674733187073
1282640697271689217
1282640589465563136
1282640573741109255
1282640520381071362
1282640520007819264
1282640511073947648
1282640071741657088
1282639810755268609
1282639752613765121
1282639729192833026
1282639529975873536
1282639506764685313
1282639196449050624
1282639013468307458
1282638830839844865
1282638553021689861
1282638301854302208
1282638178726424576
1282638178277634053
1282638086921498625
1282637874010165249
1282637749657403392
1282637686520545280
1282637587480481792
1282637569793175552
1282637564864757761
1282637379476566016
1282637354172375040
1282637277156564995
1282637199406780422
1282637018225418242
1282636963506458624
1282636434579619840
1282636353843404802
1282636154777546754
1282635639750631424
1282635561203892224
1282635324984750082
1282635259213942784
1282634461822279681
1282633702149894145
1282633608054923264
1282633394963263488
1282633391641202690
1282632962127929345
1282632901507547136
1282632776907292672
1282632128333635585
1282631943117389826
1282631927581872128
1282631902801858560
1282631669812428800
1282631497191755789
1282631368187342848
1282631175719264256
1282631109780680705
1282630853596778496
1282630822986747904
1282630585920499712
1282630503863136257
1282629852181475330
1282629833235800066
1282629501697105920
1282629397611257856
1282629373825372160
1282629322919075840
1282629225816752129
1282629090701344769
1282796526717276169
1282796481653727232
1282796322928701441
1282796268704739330
1282795451390013441
1282795189891928067
1282795187425759233
1282794932781166594
1282794818096304131
1282794696281149446
1282794613867085824
1282793993697234944
1282793979126456321
1282793203717099520
1282793172259803138
1282793145118461953
1282793044991868928
1282792932521762822
1282792835658526720
1282792625414627328
1282792332874657792
1282792292458336257
1282792274351591425
1282792211931897860
1282792055593406469
1282791959631925259
1282791819781255172
1282791800432992258
1282791654513152000
1282791502964559872
1282791300475936768
1282791271841447936
1282791172545675266
1282791055671226369
1282790782877880320
1282790598030786561
1282790435228770304
1282790383873937413
1282790113991368708
1282789989076664320
1282789915713921024
1282789898555199489
1282789739469258752
1282789338900824066
1282788689198878724
1282788493639417860
1282788420272758784
1282788136809107457
1282788069557497857
1282787367695388673
1282787048336711680
1282786581418573828
1282786234524471302
1282785899680378880
1282785689793441792
1282785654926200834
1282785441356361735
1282785402940649473
1282784382898536449
1282784376359550976
1282784281186770944
1282783958091038721
1282783953141796867
1282783940978323456
1282783757041233920
1282783623154810880
1282783551310749697
1282783148099506176
1282783106878119942
1282782965731221504
1282782929077194752
1282782260199129092
1282782242830336000
1282782237692325889
1282781853238222848
1282781840852553728
1282781837941768192
1282781835928522752
1282781833982353411
1282781831981654017
1282781829276282881
1282781826801700865
1282781824729649158
1282781822930374661
1282781820493365252
1282781799337414663
1282781650762346496
1282781155528343552
1282780800061042688
1282780750954274818
1282780721753530368
1282780721082335233
1282780404521603073
1282780219368255492
1282780142532689923
1282780050736250880
1282779998802382851
1282779749429972993
1282779661051863041
1282779592755949570
1282779584803549184
1282779469690757120
1282779372575916032
1282779338715410433
1282779124747177986
1282778953867038721
1282778851320315904
1282778780273082368
1282778751353401346
1282778516459868162
1282778258581454848
1282778025491345409
1282777797002493953
1282777463244886018
1282777348862103552
1282777324518346754
1282777047199358976
1282776866219347969
1282776775500673024
1282776712481255424
1282776538958749696
1282776245734977536
1282776161358155778
1282775917732007936
1282775623426023429
1282775549417594891
1282775511102451712
1282775451354705920
1282775443855175680
1282775383939723265
1282775315333275648
1282775295897083905
1282775228003889153
1282774984163614720
1282774858267533321
1282774783227310081
1282774768257839104
1282774672703213568
1282774487168159745
1282774399528120322
1282774272130330624
1282774230535409665
1282774109940862978
1282774082157793281
1282774025031364610
1282773913999740939
1282773752519036934
1282773545123082240
1282773104796762113
1282772962991644673
1282772927910498313
1282772547487109120
1282772302900469833
1282772187087331328
1282771667224330242
1282771664460185601
1282771617790164993
1282771408049680384
1282771355105099783
1282771293843206144
1282770822487310342
1282770698033864706
1282770582296301571
1282770411302920198
1282770266695831553
1282770196219015170
1282770195950469127
1282770191185838087
1282770186265821187
1282770158818398216
1282770123644973057
1282770074349326338
1282770037766594561
1282769952714489856
1282769927485771778
1282769845721763841
1282769658471493634
1282769605497368579
1282769483355103233
1282769302588973061
1282769132606218240
1282768966428102656
1282768665566416896
1282768596998004736
1282768577527984128
1282768486956175361
1282768364767719429
1282768280243986433
1282768231393038337
1282768214028513280
1282768021434462208
1282768016674099202
1282767220909707265
1282766922120142856
1282766750824771590
1282766749499191298
1282766403507040260
1282766389640663049
1282766280337035264
1282766074388381702
1282551495561535488
1282551318071017472
1282549821400850433
1282547978574729216
1282547927865491456
1282547796420116480
1282547783980003329
1282547139252379648
1282546130597773313
1282545898493554701
1282543909047066625
1282543342677626881
1282543201585442816
1282543187878383616
1282542223712641026
1282541389545385984
1282541160154779650
1282539794434678784
1282538687323148288
1282537731193626624
1282537728995930112
1282537111820709888
