1300538078977830915
1300537967283380224
1300537750232465409
1300537516735557635
1300536863992807433
1300535780532723712
1300535303556407296
1300535076204183555
1300534629607374849
1300533765157146626
1300533748455399429
1300532974832824320
1300532543490527233
1300532094821638150
1300532009698295814
1300531673071857665
1300530991321276416
1300530785959641093
1300530125923119107
1300529638121394176
1300528643052122113
1300528429683662848
1300528418648477699
1300525349646872577
1300524201581793281
1300524195672207363
1300524015916855297
1300221803814674433
1300302430521888768
1300302241652449281
1300298033796706304
1300296169105612803
1300296019540807682
1300294131072237570
1300293009943285763
1300291512333250560
1300289602016751618
1300288961357795329
1300568361663893504
1300568325349666817
1300566589918642176
1300565143475163136
1300564171688488960
1300563890263162880
1300563800849100800
1300563786466832385
1300563720079323136
1300563269766189056
1300563263004930048
1300560786796941312
1300559449388716033
1300557802709028865
1300557199312265216
1300556521387032589
1300555275716321280
1300554267581919233
1300554000639680513
1300429557221208064
1300429346423832576
1300428932391591936
1300428781371437060
1300427752747732993
1300425425722593282
1300425189017235463
1300425120817831938
1300423623971188737
1300422139875659778
1300422134389452801
1300421320811962371
1300421306723303424
1300420837414240258
1300420829222760449
1300420630748299265
1300420071697809408
1300419922082828289
1300419834442907650
1300417631518945280
1300417533183496193
1300415549399355392
1300415536623484928
1300491156556574722
1300490757955104775
1300490391699910657
1300489843462606849
1300487969795715074
1300487649770176513
1300486397325836295
1300485407310786561
1300485352847704072
1300484755432013826
1300484511935856640
1300484508190298114
1300484497587277824
1300483502090092544
1300483113844264960
1300482662386278400
1300482354964762624
1300481695083307009
1300481590171258881
1300480079512952832
1300479546693758981
1300478820391231490
1300478527305809920
1300477198487425024
1300476168412499976
1300380712844038144
1300380182746931200
1300380094242926598
1300379439084298240
1300378749813370880
1300378478269865992
1300377071605096448
1300376743233105920
1300375217626177539
1300374612904091648
1300374521300619266
1300374465382027264
1300374037756104704
1300371463208304640
1300371111868157952
1300371017827721216
1300370893982498818
1300370884612497408
1300370470081101825
1300370371367952384
1300370093528866819
1300370018597732353
1300369868781314048
1300369235080704001
1300368225801129984
1300367911131820033
1300367799701782528
1300367499247210497
1300367410810114048
1300366990029324288
1300366427728179200
1300365849379864576
1300365651551215621
1300237691200573441
1300237044573114368
1300236069036789770
1300235900287365121
1300232820967837699
1300229913581105152
1300229336721764352
1300228329719685127
1300227584832266241
1300226223692374019
1300226037557727232
1300226001398427648
1300225505002741760
1300225313843089413
1300225245278867457
1300225226345644032
1300225207848714242
1300224613557792768
1300224584243871749
1300224080205864960
1300222786187616256
1300317880689414144
1300317515525107713
1300317303473541120
1300316589636505601
1300316320412495872
1300316051356487680
1300315178257481729
1300314741814910978
1300314707761311749
1300313608484601861
1300310779661492224
1300310724519043072
1300310606864547840
1300310365071441920
1300310107427807232
1300309737850851328
1300309230423928832
1300308446122704896
1300308328354951168
1300308101061472256
1300307954609070086
1300307692062302210
1300306976841199616
1300306739644964866
1300306609504006144
1300306571679817728
1300306319568637954
1300305361719767040
1300305326420488192
1300304968457416706
1300304942561767424
1300304657927954432
1300304408220061696
1300303756471529472
1300460815796113414
1300460295865786368
1300459521500905473
1300458373972975616
1300456611555799040
1300456514004582400
1300455723101544448
1300455182212509696
1300455012418621440
1300453805117456385
1300453567837270019
1300453327319101442
1300452095351500801
1300452024694308864
1300451786285887498
1300451625979408384
1300451270298185728
1300451093810278401
1300451065620566022
1300450668365230081
1300450448793427969
1300450178478956551
1300449775549022208
1300448385455943680
1300448156841316358
1300447999466766336
1300447673770598400
1300447621299961857
1300447219401682945
1300446744266682373
1300446591896018944
1300446558056574982
1300446289973239809
1300446052437299200
1300475952959557632
1300497795237982209
1300497709393158152
1300497434930556930
1300496222860574726
1300494525652230144
1300494320882135040
1300493705476935681
1300493695700144129
1300493087005962240
1300333031606059011
1300332692026736642
1300332400770265088
1300331716930805760
1300328875650461697
1300327916820201474
1300327643678564353
1300325679469338624
1300324799785377793
1300323815868698624
1300323454953062401
1300322903007858689
1300322708513861633
1300322448513134594
1300321744809529345
1300321527917756418
1300320894951321607
1300320480692445189
1300320336228085760
1300320223631990784
1300318048805675008
1300365016529395715
1300363910277738501
1300363292263632902
1300360700242456582
1300355999321059328
1300354993443266562
1300353809630322690
1300353130069209088
1300351926446551040
1300351897249906688
1300351473792942080
1300351345262649344
1300351281593118722
1300351173027917827
1300350733875896320
1300583964671836160
1300583805418434560
1300583649700646918
1300583625746866176
1300583410038120451
1300582982617575424
1300582832394457088
1300581679233404929
1300579568139591683
1300579505736540161
1300579465358176257
1300577436367609856
1300577224236691458
1300576875002159105
1300576335681576962
1300575962208313346
1300574859047518210
1300574711815036928
1300573601238663168
1300573455964872705
1300572877910138880
1300572639459594241
1300572549118676993
1300570609018187780
1300570428503719936
1300568930956832771
1300475746578771970
1300475735161872386
1300475448951009283
1300475441367703552
1300474404976177152
1300474361145679872
1300474111718760449
1300473856327548929
1300472423662391297
1300472407384371200
1300471813718380544
1300471731245608969
1300471518498086917
1300471041492353030
1300469878428708873
1300469069284507648
1300468200711299072
1300467903029022726
1300465781956894728
1300463967651782656
1300463090262302723
1300462779158028289
1300462708723077121
1300461696448749571
1300461174035709952
1300287115603750913
1300287113938698240
1300287111271071745
1300287109975080960
1300287108800634882
1300287107630391297
1300287104631500800
1300285755923861504
1300283625766817793
1300282311888388096
1300279463742234628
1300276751713656833
1300273115080130560
1300414299505078273
1300413213524205568
1300412971676508160
1300411819354357760
1300411766229405696
1300411709773971456
1300410909114892288
1300410031330832387
1300407679735574529
1300404947792650241
1300404663024582656
1300403887694733314
1300403102613409793
1300402528903983104
1300401645277319168
1300401000222728193
1300399648570593280
1300553224529870848
1300551690643484675
1300551585517502464
1300551461336526854
1300550192039694342
1300548764965449730
1300547517726113793
1300546774419955712
1300546584288133120
1300546450452029442
1300544757916106758
1300543024372613120
1300541389789298688
1300541199384801281
1300541135081943040
1300541086604185602
1300540920375508995
1300539483599888385
1300539397088178176
1300539348308430848
1300538749462421511
1300445289057103879
1300445003362181122
1300443723185020930
1300443657053417472
1300443357626404864
1300443020869996547
1300441740772507648
1300441736305684483
1300441725211750400
1300441612946989057
1300441402447290368
1300441271559884801
1300440956693438467
1300440794587738112
1300440285940338689
1300440184861974529
1300439494848512000
1300439274374930432
1300439039271727109
1300439004165279745
1300438861932187648
1300436632806490114
1300436213623435264
1300435674668118016
1300435464114049027
1300435460846694400
1300435104762703877
1300433775818539008
1300433533547302912
1300433289094758401
1300433157720768512
1300432881156845571
1300430927479308288
1300271679042711552
1300271615876517889
1300270870020067329
1300270659759747072
1300270362429739008
1300269857481658368
1300269846270181376
1300268995338174465
1300268670048858112
1300267581014708224
1300266060403277824
1300262895939399680
1300262651646287878
1300261997066452992
1300261331287769090
1300260761445511168
1300260282048999426
1300260009855668226
1300258647453433857
1300258369714958338
1300256893412179969
1300522502578372608
1300521366555328512
1300520651900563458
1300520414708486144
1300519827791065089
1300519598001983488
1300519584110317568
1300519562144813057
1300519482792833024
1300519134074146818
1300518733639823361
1300518395088121856
1300518333847138304
1300517272495292419
1300515042186670080
1300514518506844167
1300514148833521664
1300514007158272000
1300513986040008704
1300513334123429890
1300513145736265729
1300511660336087040
1300509852226248706
1300508844037148672
1300508613417611264
1300508280901394433
1300397985797464065
1300393823995080708
1300392954478161920
1300392922165116928
1300389815368572930
1300389115570147328
1300388170287071232
1300387179726659584
1300386975556403201
1300386202764238848
1300385821804036097
1300385645127499779
1300385567612362752
1300385444128002048
1300383704360071170
1300255524101828610
1300254069530005504
1300252342026153984
1300252026278825984
1300250797087903744
1300250229036384256
1300249353055997952
1300246180064980992
1300245991589687298
1300244711907549185
1300243897126449152
1300241549436096514
1300241312998924288
1300240825792823297
1300349851469840384
1300346875862712320
1300346784603086851
1300345871633199105
1300344717335429124
1300344532765224966
1300343992631132160
1300343456762605570
1300343260829945857
1300342998765629443
1300342551506030592
1300341866945302528
1300341745427902464
1300341279822434306
1300340139709927425
1300339086633431040
1300338464186081281
1300337923867336705
1300337431275692033
1300336326395346944
1300335974996566016
1300335063704522753
1300334939058176000
1300506467640975360
1300506003629387781
1300505391646650368
1300505065732616192
1300503908268290051
1300503453748273156
1300502692041838592
1300501693180923906
1300500544985772032
1300499238779006979
1300499217304125445
1300499054577815553
1300498840043229184
1300498640994213890
1300498511671287809
1300498434756149248
1300498215494615040
