1283022007618228224
1283021957206888451
1283021702591647745
1283021605749366785
1283021563923578880
1283021375142338560
1283021186511835136
1283021155616653312
1283021074909876224
1283021051513851906
1283020988817514496
1283020923868786688
1283020890905751552
1283020682645970944
1283020506988412928
1283020061121245185
1283020057165959168
1283020032520445958
1283019808322224128
1283019441803067393
1283019167344533504
1283019090811064321
1283019048301862912
1283018964180914179
1283018941502291970
1283018810157486081
1283018413728763904
1283018100733030401
1283018050426601472
1283018029400391681
1283018022173671424
1283017993224458241
1283017983116402689
1283017810336243712
1283017478365425665
1283017461546323969
1283017233648812033
1283017166099546112
1283017134508060672
1283017055814463490
1283016947546894337
1283016695133634560
1283016560471400448
1283016506259976192
1283016482629312514
1283016461854937088
1283016457610309633
1283016280295919616
1283015973419745281
1283015815026049030
1283015804393586688
1283015795937808389
1283015198459166724
1283015071908716545
1283014819831074818
1283014775149035521
1283014770942238721
1283014706127609856
1283014661038919680
1283014632094007299
1283014571964403713
1283014290623037441
1283014263821434880
1283013967258894337
1283013937886265344
1283013881254813696
1283013735892885504
1283013701361184769
1283013554472464386
1283013374142492674
1283013236573515777
1283013163701731329
1283013102078955520
1283012924378947584
1283012883497000960
1283012867676151810
1283012777326587904
1283012440960139265
1283012345724391424
1283012272621789185
1283012250572337152
1283012025485070336
1283011982136717313
1283011953799999490
1283011866625740800
1283011694718066689
1283011469785915392
1283011272024494080
1283011247437316102
1283011241653481472
1283011175270305792
1283011100544565249
1283010919837114368
1283010772570910720
1283010647710736386
1283010640051929089
1283010372371279874
1283010321473515521
1283010296504676358
1283010115604410374
1283009876705280000
1283009695410720768
1283009486257618947
1283009166127374336
1283008649766621184
1283008317359624197
1283008120701288449
1283007613634965504
1283007530378186753
1283173876248313857
1283173537533038592
1283173017707741185
1283172989035376640
1283172889534095361
1283172867069423618
1283172820516732928
1283172684180926471
1283172566488817665
1283172556888068097
1283171917416017921
1283171885828587520
1283171752147812354
1283171712117481477
1283171572770058240
1283171419094949896
1283171305882365952
1283171182062247938
1283171046602862592
1283170676388425729
1283170417889308672
1283170344270954499
1283170315531689986
1283170216730603520
1283169927084605440
1283169554688950272
1283169236735668224
1283169234638577664
1283169232386236417
1283169230347808768
1283169227663450114
1283169220776177665
1283169219430014977
1283169217437671429
1283169214820487170
1283169212475809793
1283169210374520832
1283169208130568196
1283169205865586688
1283169203009331214
1283169200278769664
1283169198009720835
1283169195564441600
1283169193064628224
1283169190640332801
1283169187649802249
1283169185531670528
1283169182897573888
1283169179839991811
1283169175758942211
1283169135338426370
1283168972041592836
1283168406351511557
1283168263380271106
1283168230912253956
1283167921087361024
1283167743399784448
1283167602018312192
1283167353753210881
1283167282055831554
1283167165932285958
1283167152477003776
1283166882774695936
1283166874436546571
1283166745600102403
1283166152420622337
1283166119994499072
1283166096497967104
1283166041150050306
1283165773444395008
1283165747166842880
1283165682000068611
1283165627176431618
1283165509933043717
1283165485769601025
1283165461350428672
1283165429364490241
1283165283935490049
1283165085146456065
1283165069421850625
1283164991902773248
1283164924060016641
1283164893521289225
1283164784175845379
1283164744854261767
1283164727623942150
1283164714663424000
1283164688285605888
1283164522912468992
1283164433796169729
1283164383296847875
1283163999580774400
1283163967939063808
1283163865547595776
1283163837995405314
1283163810690473990
1283163371223887873
1283163248141852672
1283163029119602689
1283162988246171649
1283162937008562176
1283162924798926860
1283162784826568704
1283162760478625793
1283162669361573895
1283162572703686656
1283162334014267393
1283162239336357888
1283162179580174341
1283162138748555268
1283162117701619713
1283162016690184193
1283161934599270401
1283161862440390656
1283161763027066881
1283161718437416961
1283161545279770625
1283161488262402048
1283161432515895297
1283161422873190401
1283161422239870981
1283161398617542665
1283161363850960903
1283161244065832960
1283161228681125889
1283161163187007492
1283161106861764608
1283160967443091464
1283160777030094855
1283160667420340225
1283160637594652674
1283160518157651968
1283160508959535104
1283160503192354821
1283160377619107846
1283160367162470401
1283160323885862913
1283160056037605376
1283160051549519872
1283160046529130498
1283159702885588994
1283159663673053186
1283159565031411713
1283159339230851073
1283159337632968709
1283159299460673537
1283159264413061121
1283159193277669376
1283159176856784896
1283067493599318018
1283067486557007877
1283067408606003200
1283067395301683201
1283067349730496517
1283067345506897920
1283067246533844998
1283067219128266753
1283067207182843918
1283067118322356224
1283067033853333505
1283067011791192065
1283067011313152001
1283067008280477696
1283066929708703747
1283066903922126848
1283066856635498501
1283066830882582529
1283066766449573888
1283066646077288450
1283066440103399430
1283066276559151105
1283066272922644482
1283066236683911175
1283065908085260288
1283065660583575553
1283065651276525571
1283065553867935745
1283065501686669317
1283065458233692160
1283065452172849152
1283065446195965952
1283065431243325442
1283065424964390913
1283065417582481409
1283065414071853057
1283065411903410176
1283065384766144515
1283065312183803906
1283065298283900929
1283065210442571778
1283065097494179840
1283065006028881925
1283064963838308352
1283064936013463552
1283064931445878790
1283064902949769216
1283064896960319489
1283064577354280961
1283064323464724480
1283064275259408384
1283063999714795525
1283063729438040065
1283063655333068804
1283063648764731393
1283063644545339397
1283063641433165825
1283063444061605890
1283063390655610883
1283063264470081544
1283062873556758528
1283062797975400456
1283062715502571520
1283062294302175232
1283061988315279361
1283061970363719682
1283061730076176387
1283061688103821312
1283061321014157320
1283061103547895815
1283060953857134592
1283060876052922368
1283060804980367361
1283060771061202951
1283060757840703488
1283060704602251264
1283060619479056384
1283060194608508930
1283060191403978752
1283060170030026752
1283060079722455042
1283059999162478592
1283059919630012417
1283059610644078592
1283059402023620608
1283059141037174787
1283059115347058691
1283059093163433984
1283058798005895168
1283058784450023431
1283058757556211712
1283058702736662528
1283058694230544384
1283058616770199552
1283058467738202112
1283058051298349058
1283057927276777473
1283057426686779396
1283056943364542464
1283056921616867328
1283056454941970438
1283056258313068545
1283056239690342401
1283056203103457280
1283055533252128773
1283055360996265984
1283055159606681607
1283055114752864256
1283054875056787458
1283054803837423625
1283054701446078473
1283054172779225092
1283053945091497984
1283053912308809730
1283053875319263232
1283053735955050496
1283053639263649792
1283053580145037313
1283053553985163264
1283053478466785281
1283053416156221441
1283053348065878019
1283053288330596355
1283053223021031427
1283053163470360576
1283053138191278081
1283053008696348674
1283052781209821188
1283052497163165697
1283052478234275840
1283052455274647558
1283052418796838914
1282930004683300865
1282929850173415425
1282929021672718337
1282928824259416064
1282928719917715457
1282928492493991936
1282928435321421825
1282928159797673991
1282928031045242882
1282927767449821185
1282927665595461633
1282927250229194752
1282926992460046337
1282926580134707200
1282926237590024192
1282925638375084032
1282925504081747968
1282925296589602816
1282924877918490624
1282924765955538946
1282924605808746497
1282924346676314115
1282924257920421890
1282924228736499712
1282923766834700288
1282923758148366336
1282923301161930752
1282923078037667842
1282922563782553601
1282922512893059073
1282922470803156994
1282922307170840576
1282922201067458560
1282922042824810498
1282921895948627969
1282921801480376320
1282921243986010114
1282920727012728832
1282920602848972800
1282920469302304769
1282919982448377856
1282919901414461440
1282919899011190785
1282919895915790338
1282919417215582209
1282919289452978177
1282918140029083648
1282916757318045696
1282915691490955265
1282915267975225344
1282915226036428802
1282915127063449600
1283052389671591936
1283052266031915012
1283052233584709633
1283052137451261952
1283051928126193671
1283051894731087872
1283051819032358913
1283051798316687360
1283051731702763526
1283051566996520967
1283051390546444289
1283051386469584896
1283051366345252872
1283051320744837133
1283051290705231872
1283051261399576578
1283051136216424465
1283050822629294081
1283050722976817153
1283050637102592003
1283050556907573248
1283050363143303168
1283050238450774018
1283050118539890694
1283049990475124738
1283049977573498885
1283049971714072578
1283049927124361222
1283049911899103235
1283049821750861832
1283049571556429834
1283049368946380803
1283049292811456513
1283049253988900868
1283049085625421825
1283048999210147844
1283048948895305729
1283048660536885248
1283048510385000453
1283048404562706436
1283048400972402689
1283048326393454599
1283048305044357124
1283048263936081920
1283048107274637313
1283047850474188801
1283047782971047951
1283047624334028802
1283047581577285633
1283047313339027467
1283047261103161344
1283047180622864389
1283047046539284486
1283046845921492998
1283046801956839435
1283046797712265219
1283046402394918916
1283046396342476802
1283046321507766276
1283046295444303872
1283046248468090882
1283046246484189184
1283046234710835201
1283046192209960961
1283046168239525893
1283046090778935296
1283045910981890049
1283045708292136967
1283045395346710529
1283045108234031107
1283045002826965001
1283044974867763201
1283044791375323139
1283044680964493319
1283044635846348803
1283044635020005377
1283044407378432000
1283044265413804033
1283044154663206916
1283043910118510601
1283043650012839945
1283043321196273668
1283043072033673220
1283042952097538048
1283042245650919425
1283041756578304000
1283041590404100098
1283041574608424961
1283041113058816009
1283041084118007809
1283041082545246208
1283040954426040320
1283040907806289929
1283040760208797698
1283040656907276288
1283040466649350148
1283040167956226051
1283040013069025280
1283039919804493827
1283039905791303683
1283039830927200258
1283039828511264777
1283039581831561217
1283039559677345792
1283039552622428161
1283039335655321602
1283039100191346698
1283039055207424002
1283039029219528711
1283038958637776897
1283038956616114184
1283038669339795467
1283038386194911235
1283038162932109315
1283037871700619264
1283037863031037954
1283037814997778433
1283037792281473025
1283037604896739329
1283037502253793285
1283037416782204929
1283037306811801602
1282914268254539782
1282913973311090690
1282913162480631811
1282913004078747649
1282912520131563520
1282911902457372672
1282911646399164417
1282911096282677250
1282910883102982145
1282910801146212352
1282910596338454528
1282910572372201472
1282910274253664256
1282909708504969221
1282909626254712836
1282908891496554501
1282908556648501248
1282908343347171329
1282908331934449664
1282908212803432449
1282908012378828803
1282908005583826945
1282907942933733383
1282907696199602178
1282907576645177344
1282907462048178178
1282907025492434945
1282907017011777536
1282906205019680768
1282906201320239105
1282905479241445376
1282904305641693185
1282904126486016000
1282903628400005124
1282902694999535617
1282902283357835264
1282901812899540993
1282901520669868033
1282899766779641857
1282852198733340672
1282851992260407296
1282851665280774144
1282851090522877954
1282851012601159684
1282850877242585094
1282850748171198464
1282850613479518208
1282850416678535168
1282850144447344641
1282850016747491330
1282849670503563264
1282849120441503744
1282848902907977728
1282848514876207104
1282848493824905217
1282848466960556033
1282848078576398336
1282847992806993920
1282847722450690053
1282847628259209218
1282847585112256512
1282847306317008908
1282847117011234816
1282846744745857026
1282846630824284160
1282846508849795073
1282844913810407424
1282844553771270144
1282844417368489984
1282844393146384384
1282844388318732290
1282844034919088129
1282843968615710720
1282843935421771776
1282843928996143104
1282843926714515456
1282843777275699200
1282843383673872385
1282843287288721408
1282843267248332800
1282843255084929024
1282843211086561280
1282843061861711874
1282843059177259009
1282842788883828743
1282842724157272065
1282842450646765570
1282842348901347328
1282842319494934528
1282842272934043651
1282842125353324544
1282841950186545159
1282841678685110273
1282841209573003266
1282841154317426688
1282841138563559425
1282840907012702208
1282840203342774272
1282840156853198848
1282840079594147841
1282839959062405120
1282839705181184002
1282839083375562752
1282838997853667328
1282838622757167115
1282838515072610304
1282838471434924032
1282838300328435713
1282838186717306880
1282838098087477250
1282837607135629312
1282837575808495616
1282837501908934658
1282837456816091137
1282837372007264256
1282837352247959554
1282837235277139968
1282837220345421825
1282837215056461825
1282960753906024449
1282960647211438086
1282960526650179585
1282959715136397312
1282958848559439873
1282958645484032000
1282958580199690240
1282958550424322049
1282958368995450881
1282958203941269504
1282958171125035008
1282958155421556736
1282957990681653249
1282957298407743488
1282957258670964736
1282956654019932161
1282956356560003072
1282956223072088064
1282956048807145472
1282956021892296704
1282955765012029441
1282955751498096643
1282954175052046336
1282954104889765889
1282954104768274435
1282954032835784705
1282953208231600130
1282952976944988166
1282952953947721729
1282952913334210560
1282952580717522946
1282952294523338753
1282952261031866368
1282952172334911490
1282952106446450690
1282951933272219648
1282951115017818112
1282950462233354241
1282950181558919168
1282950061282951168
1282949839060271104
1282949201249185794
1282949152398139393
1282948654626676736
1282948472149344256
1282948412133056514
1282948389513113601
1282948067382235137
1282947946296815616
1282947927149817856
1282947926889832448
1282947833214033920
1282947516040790018
1282947348591771648
1282946606539694080
1282945667443425280
1282899085154906112
1282898886470836224
1282898709664215041
1282898404650049537
1282898147031658497
1282897821402882049
1282897602221084678
1282897543559618560
1282897406758137856
1282897283449630720
1282896982567084033
1282896939571453952
1282896410350743552
1282896237025427457
1282896212333481986
1282896080321953792
1282895737509027841
1282895601999413248
1282895349955416065
1282895205264265217
1282895038687526912
1282894973294215175
1282894971947737088
1282894426428379138
1282894102812655622
1282893836134621184
1282893789384900608
1282893697273729024
1282893644282961921
1282893613324632064
1282893106602541057
1282892152914300928
1282891105072148481
1282891042396618752
1282890956358905856
1282890865829003264
1282890845713166336
1282890672949719040
1282890334888800256
1282890267863941120
1282890199257640960
1282889732209307649
1282889355745529856
1282888931214872576
1282888929373454336
1282888711114575872
1282888572593373185
1282888378648653824
1282887605856677889
1282887450759700480
1282887312716824578
1282886916300562433
1282884911419002891
1282884702446260224
1282884271473135617
1282884260022620161
1282884257799602177
1282884050575929345
1282836981060218883
1282836837363445762
1282836742178045953
1282836351872901121
1282836036708560896
1282836006434213890
1282835850867474437
1282835728397938691
1282835511887966208
1282835407961567238
1282835375753318401
1282835366941274113
1282835331847532545
1282835128570408961
1282835000963092480
1282834889113509889
1282834826849124353
1282834533071675392
1282834510741004290
1282834230897258496
1282834085660864514
1282834064882491402
1282834053050163201
1282834024503758848
1282833958020014080
1282833370444107777
1282833270716149761
1282833186527928320
1282832955409231873
1282832886249295872
1282832776815710208
1282832500033822724
1282832462171607040
1282832435873554438
1282831777279565824
1282831426120044545
1282831291990384640
1282831211749138434
1282831199799517185
1282830998833520642
1282830892067586050
1282830329666056194
1282829859518062592
1282829794716061698
1282829228350873600
1282828963774169089
1282828581996048391
1282828554829312000
1282828252017561602
1282828111671746561
1282827962706952194
1282827609894719489
1282883639995330560
1282883530549329921
1282883451646025729
1282883408381702144
1282883281072070657
1282883131301941248
1282883051232657408
1282882741759905794
1282882738660478976
1282882661925740544
1282882399081238528
1282881852546711554
1282881643309481985
1282881314740301824
1282881284923166720
1282880715722387458
1282880558293495808
1282880307469987843
1282879729293561861
1282879497319133184
1282879237339348993
1282879207803179008
1282878758479892481
1282878554057965569
1282878541697363968
1282878504883810304
1282878324780474370
1282877862559789058
1282877627418636288
1282876487687757825
1282876431811391488
1282876356338966528
1282876274499821568
1282876031796314113
1282875721346682880
1282875704003096576
1282875666086543360
1282875615259947008
1282875417905508353
1282875226653708288
1282875207955472385
1282874961695105027
1282874865586929664
1282874267621703681
1282873974133645312
1282873857410584581
1282873537225797633
1282873481001132033
1282873415825686529
1282873314793357317
1282873251753086983
1282873005761126401
1282872913830522880
1282872803700518912
1282872725632057345
1282872203143335937
1282872137200607232
1282871265276166144
1282870943623155712
1282870922957873152
1282870806691885058
1282870803617521665
1282870734466027522
1282870594082463745
1282870522896883712
1282870272958267392
1282870251567190017
1282870035388592128
1282869866698018819
1282869298545876992
1282868794462019584
1282868680968134656
1282868598931886081
1282868562575659008
1283158760731574273
1283158666061836290
1283158631156822016
1283158589914349568
1283158391716753416
1283158303237984256
1283158259805949952
1283158160396738562
1283158078624608256
1283157917718454274
1283157772205531137
1283157589715333120
1283157526075322369
1283157367480180736
1283157324534812679
1283157253344894976
1283157161955254281
1283156970950791173
1283156899496591361
1283156621359828993
1283156614246170624
1283156597322199040
1283156578426916867
1283156516024000515
1283156478656950275
1283156462651441153
1283156367847632900
1283156349656932354
1283156205754437632
1283156170094649347
1283155702823809024
1283155587241512960
1283155437349740547
1283155352733835265
1283155248610258944
1283155129055744001
1283154840630243332
1283154838814154752
1283154837010550784
1283154835131506689
1283154833114046464
1283154718454419456
1283154710191411201
1283154667208310790
1283154573545410566
1283154542855696384
1283154499943591936
1283154315587223552
1283154024435458048
1283153966621229056
1283153910782459904
1283153057648447488
1283153044381659136
1283152785815547910
1283152779155058702
1283152707730108416
1283152690894319617
1283152464414474240
1283152087447146501
1283151906228011010
1283151879862706180
1283151749134655488
1283151548235882499
1283151332858372102
1283151320673931267
1283151259013386242
1283151095678881796
1283150990724734977
1283150521512136705
1283150375047045123
1283150254741893126
1283150116975710208
1283149723684278273
1283149315649798144
1283149151862169601
1283148938745348104
1283148901269344256
1283148738068791296
1283148537551675395
1283148537291698176
1283148536003964928
1283148534540165120
1283148407742386176
1283148363840524290
1283148161632989195
1283148156784406529
1283148148085579778
1283148144671363072
1283148036886192131
1283147971853463556
1283147912013393920
1283147849476255748
1283147515445927936
1283147497058246659
1283147490099818496
1283147484307447808
1283147196175654913
1283147107734622216
1283146858769133570
1283146790645071872
1283146776162246662
1283146657597718528
1283146523002286081
1283146409626263559
1283146387752976384
1283146305553006593
1283146247101194241
1283146099180679169
1283146038220595201
1283145979034730496
1283145936496017408
1283145744418054152
1283145638813868039
1283145601211867137
1283145248311582726
1283145190459539463
1283145138978652160
1283145100197916672
1283144412307099648
1283144373857914885
1283144312071565312
1283144269755224064
1283144200003952643
1283144146908336137
1283144112225607692
1283144086564638720
1283143831379222531
1283143778375589888
1283143719793725440
1282867941772599298
1282867883761111047
1282867856347201536
1282867768908492800
1282866641638957057
1282866492397293569
1282866120957952004
1282866029220163586
1282865933875154944
1282865760809783296
1282865423512297473
1282865313260777472
1282864974235410433
1282864919923367936
1282864887920828416
1282864788817813505
1282864786217156608
1282864748078538754
1282864499532402689
1282864415688318978
1282864260390019072
1282864159437328386
1282863946240794632
1282863854666551299
1282863725377191936
1282863574508081152
1282863137956470786
1282863039360970758
1282863035355455488
1282862387096412160
1282862348844163072
1282862174990409728
1282861085146648576
1282860856334790656
1282860700356890625
1282860526637395969
1282860410216087552
1282860379467644930
1282860319082262529
1282860185950785538
1282860003745988609
1282859833994215424
1282859786275618817
1282859743564963845
1282859619329679361
1282859280014639104
1282859265175298049
1282859040226160640
1282858784654856192
1282858449953525763
1282858417594544129
1282858230805336064
1282858208256765952
1282858103394848769
1282857968929734658
1282857733864198144
1282857583074783233
1282857345857384450
1282857152491556864
1282857058853847043
1282856951190376450
1282856882525417473
1282856856981995520
1282856350599569409
1282856214767054848
1282855941508136960
1282855795068108802
1282855631469322240
1282855538116591618
1282855418595860480
1282855401168535552
1282854831854624768
1282854737545760773
1282854631157178368
1282854402827714560
1282854398297812996
1282853951457517568
1282853845090140163
1283097819364995073
1283097798825697280
1283097741435043847
1283097693758394375
1283097675576094721
1283097580784816134
1283097525667405825
1283097412966514694
1283097391466459139
1283097387213434881
1283097384000663552
1283097306292789248
1283097301108559872
1283097216060727298
1283096980470849542
1283096893912944641
1283096857175109634
1283096656515411968
1283096618359820290
1283096328453664768
1283096213345177601
1283095931823566851
1283095886348812289
1283095826584215554
1283095825292369927
1283095821660172288
1283095789699567616
1283095733424607233
1283095700021170178
1283095219181944832
1283095210294116353
1283095140823732225
1283095094275399681
1283094948808667136
1283094848141176832
1283094844337008641
1283094726078496772
1283094708697403394
1283094708022128641
1283094608184881153
1283094359135653889
1283094178461659136
1283094157691514880
1283094029408894977
1283094026623819776
1283093967660355584
1283093847459987459
1283093743630004230
1283093689057804289
1283093636255813633
1283093573488041991
1283093569058873344
1283093560649068545
1283093545411387393
1283093540755722241
1283093532769738752
1283093509566631942
1283093481544613890
1283093398673596418
1283093293748781056
1283093168804823043
1283093096289402881
1283093086101438466
1283093073661251586
1283093048726093824
1283092940865380353
1283092819620569089
1283092617597726721
1283092598937268230
1283092546550259712
1283092486337028096
1283092394670346240
1283092308326522881
1283092292866383872
1283092096539222016
1283091983175577600
1283091954851446784
1283091939559186432
1283091933020270592
1283091900866736128
1283091875738591234
1283091859842056194
1283091661854105600
1283091608125177859
1283091532271112193
1283091529343447040
1283091492756688902
1283091466416521223
1283091457960706050
1283091284144451584
1283091132143017984
1283091117932605440
1283091019773489152
1283091008800960513
1283090861329469441
1283090829683367936
1283090812985843722
1283090721965322241
1283090621448634368
1283090417546919938
1283090329978142721
1283090238634696704
1283090231999320069
1283090211522715648
1283090129754578944
1283090036603461633
1283090031339438081
1283089966290042880
1283089857401819137
1283089800573210625
1283089618720751618
1283089555776843777
1283089554883448833
1283089528173953029
1283089483009871872
1283089430887137283
1283089416760823809
1283089370216574976
1283089344635387907
1283089256165117952
1283089155082407938
1283089150955184128
1283089142050623489
1283089115685281792
1283089074811797514
1283088927809769472
1283088751661666305
1283088673140088833
1283088671130873856
1283088649240883200
1283088622745456640
1283088508807045120
1283088496559874055
1283088450359644161
1283088449281482752
1283088438489686016
1283088410664734720
1283088346387034112
1283088291437449218
1283088160386359298
1283088145727270917
1283087844962172928
1283087592192389123
1283087560223469569
1283087474831486976
1283087446494732289
1283087328593018880
1283087293826371589
1283087197650825216
1283087193616134144
1283087184459751424
1283087127366909958
1283086909112086528
1283086740975214596
1283086499651768322
1283086495755104257
1283086412355690497
1283086392332091397
1283086360761577473
1283086054522785793
1283085996448342016
1283085869277208581
1283085815195873281
1283085768127381507
1283085663055880192
1283085644923887616
1283085641799147520
1283085631850196992
1283085551814549505
1283085503374532609
1283085454057734144
1283085297841057792
1283085275992907776
1283085220518952962
1283084997050732544
1283084946740056064
1283084869724246016
1283084834353618945
1283084812459417600
1283084802078408704
1283084796713934851
1283084668477345794
1283084549220708355
1283084430525906944
1283084366852259847
1283084327241342976
1283084307263889408
1283084204851503104
1283084199654838275
1283084145393111040
1283084094973378572
1283083887737024515
1283083674485846016
1283083388799328258
1283083385364189184
1283083378154041345
1283083366561198084
1283083210830667776
1283083071131136004
1283083006513541121
1283082778184241152
1282991559814905859
1282991468882395136
1282991354432442369
1282991116120449025
1282991066048794625
1282990750603587590
1282990693649178626
1282990667489255424
1282990449863667713
1282989963878031360
1282989633614180353
1282989431595634688
1282988955965636608
1282988847190740992
1282988732883316736
1282988719067107330
1282988609600196608
1282988485981470721
1282988468327591936
1282988388883353600
1282988344826146820
1282988230070153216
1282988192690434048
1282987992865484805
1282987919154741248
1282987838523543552
1282987675801264128
1282987500609380352
1282987286771138564
1282987282270740482
1282987066293395457
1282986990724681728
1282986709504974848
1282986693969301505
1282986118573694976
1282985993566593024
1282985973173882880
1282985860166758400
1282985859336282112
1282985807893143554
1282985129829441536
1282985044789919744
1282984879836340224
1282984796902297600
1282984727528345601
1282984573635383296
1282984369918009346
1282984369167249410
1282984293254430722
1282983983643594752
1282983552754290690
1282983505140633602
1282983425440231424
1282983306901032967
1282982938104287233
1282982817341886464
1282982438218739712
1282982307247190016
1282982212930097155
1282982077420503040
1282982048379006977
1282982013897768961
1282981834733780995
1282981487797604352
1282981126248828929
1282980930618109953
1282980658554572802
1282980420213026817
1282979909204353026
1282979707059867648
1282979153726312449
1282978961744633856
1282978911840870400
1282978741711331329
1282978567152971778
1282978455932600320
1282977519059136512
1282977330957217792
1282977178175643649
1282976959526559744
1282976564511203328
1283128122460778499
1283128102600822786
1283128001731887109
1283127800472403969
1283127687381483522
1283127603516379139
1283127548562616322
1283127428282556417
1283127377703272448
1283127118822400001
1283127064686551042
1283127039806115843
1283126752353701891
1283126705511698433
1283126603933978624
1283126588310085632
1283126499835437056
1283126419569037312
1283125998502817792
1283125989627891712
1283125740117143555
1283125468057808897
1283125443130867712
1283125428966903813
1283125375053242371
1283125356950630401
1283124649258254338
1283124558808195078
1283124429644533762
1283124314217213952
1283124097459912705
1283123599537090560
1283123563071893504
1283123460340883461
1283123437360287753
1283123405341040646
1283123389696225280
1283123282598924290
1283123219243757568
1283123017770565640
1283122789453619201
1283122670507352067
1283122649812602882
1283122559907778561
1283122239207088130
1283122154922479619
1283121998948962305
1283121904002498561
1283121886063464452
1283121658623074306
1283121587923726337
1283121586845839360
1283121584459247619
1283121488133054467
1283121473930985474
1283121279315447812
1283121240119615489
1283121150566924288
1283121001967091714
1283120937940815872
1283120880583933952
1283120697804386307
1283120581001576449
1283120358393090048
1283120286309679105
1283120242852429824
1283120093417938945
1283119924429361154
1283119881551052800
1283119852618756097
1283119820318351360
1283119758188175365
1283119709538471936
1283119521822367747
1283119477098455040
1283119439685263360
1283119427815342081
1283119354771435522
1283119219203125249
1283118972536262657
1283118892454342656
1283118711583518720
1283118710811766784
1283118673163673603
1283118610978766848
1283118385455337473
1283118267205406720
1283118118328586241
1283118085663150081
1283118077920464896
1283117852564701184
1283117837310205952
1283117821707161600
1283117779797921792
1283117713125253126
1283117656850272256
1283117609765023744
1283117589389029378
1283117576575488002
1283117512729808896
1283117450444156928
1283117393510891520
1283117330852126724
1283117312321613824
1283117290712641537
1283117205975175172
1283117137347915776
1283117091126759425
1283117037968121857
1283116912340164609
1283116865162825732
1283116816118710277
1283116705384820736
1283116554545172482
1283116484332593153
1283116452934037506
1283116157755633664
1283116144312844289
1283116093519925251
1283116091049422848
1283116039677505536
1283115936317349897
1283115933335203840
1283115812975517697
1283115740611174400
1283115662588563457
1283115450889408512
1283115418241175554
1283115336871682051
1283115333222449152
1283115200963543048
1283114967198322690
1283114948655288320
1283114877515595777
1283114850441289730
1283114449612804098
1283114406457614336
1283114364866711552
1283114304024145920
1283114246881054721
1283114105436602368
1283114073920602112
1283113958006759431
1283113929091284993
1283113888771444743
1283113743149391873
1283113712472203266
1283113700107460608
1283113670851964928
1283113634831400962
1283113515075751944
1283113469244473345
1283113469240324096
1283113437980237825
1283113421114880001
1283113366551240705
1283113351921438720
1283113237077270528
1283113155116269568
1283113130592264200
1283112937100660737
1283112854917447682
1283112791235321857
1283112656929513473
1283112537618370560
1283112533272883200
1283112465694433280
1283112462204755969
1283112459239329796
1283112438309806086
1283112290255081473
1283112141571133448
1283112126077440000
1283111910947381252
1283111798321942529
1283111733519933440
1283111586656325636
1283111579156971525
1283111573524041728
1283111563549986821
1283111506834579459
1283111103019528193
1283111069796446213
1283110987281821696
1283110688383209474
1283110644481429505
1283110356265644035
1283110232818946050
1283110180436115456
1283110156537126915
1283110145430556677
1283110073347317760
1283110023762268160
1283110010860363776
1283109987871596546
1283109824339812354
1283109812973207555
1283109799870201864
1283109676524007425
1283109491584663557
1283109467354267649
1283109358092595202
1283109292099411969
1283109237246300162
1283109192400867328
1283109072695431169
1283108946480451591
1283108871914086407
1283108840884633607
1283108798727688193
1283108707874803714
1283108629319688196
1283108592485203968
1283108417633214464
1283108415036850176
1283108364113842177
1283108328504201216
1283108288490606592
1283108127509041152
1283108052862939139
1283107955915853825
1283107938203295746
1283107753037197312
1283107543657492480
1283107436681924608
1283107378196385792
1283107278397349889
1283107250148704256
1283107237876174849
1283107089053888515
1283107033739386885
1283107032233439233
1283106960452333568
1283106876595384320
1283106681510125571
1283106507110875138
1283106446889168902
1283106295558610944
1283106241447944193
1283106146082070528
1283105954746314753
1283105925302087680
1283105912115220481
1283105884797906947
1283105600327553024
1283104954165665793
1283104877024026627
1283104778415943686
1283104616935313408
1283104594986500098
1283104435133198336
1283104384273076226
1283104375955546112
1283104360742948867
1283104335438712832
1283104179561680897
1283104150583205889
1283104071059005440
1283103973814272005
1283103971016495104
1283103745560256513
1283103677620854785
1283103415489277954
1283103404718522374
1283103383717642242
1283103349064306694
1283103274267299843
1283103250884038657
1283103243938168832
1283103126942363649
1283103091194236928
1283103021577179139
1283102804194873348
1283102652981743617
1283102649404071943
1283102648149913600
1283102625525882880
1283102609352658950
1283102509628715010
1283102472244879361
1283102469325824000
1283102427722518529
1283102377021775874
1283102283086139395
1283102134179856384
1283102093402730498
1283102055465443331
1283101921717432324
1283101765114658816
1283101496607944705
1283101469164605444
1283101466681503744
1283101462529097729
1283101459081564160
1283101455415738368
1283101429230706688
1283101415934758919
1283101387849641986
1283101322439544832
1283101245901873153
1283101153761333249
1283101124120150020
1283100962010337282
1283100895140622336
1283100824563077121
1283100591682719746
1283100576356524032
1283100487596814336
1283100373859917824
1283100364573757446
1283100309850595328
1283100283611099136
1283099962503426048
1283099851446722561
1283099830244368392
1283099827866226689
1283099756827418624
1283099734027251712
1283099708349718528
1283099497644658689
1283099119242874880
1283099050313564160
1283098965538299905
1283098938145419267
1283098888602345479
1283098797112020993
1283098754975924224
1283098687179116544
1283098569688391682
1283098523995709451
1283098417170964486
1283098290070986754
1283098204930744320
1283098193111265280
1283098191169310722
1283098191114772482
1283098142502723587
1283098043894706178
1283098006888296459
1283097966690041860
1283097965557542914
1283143449252945920
1283143364695793664
1283143288330035201
1283143249042046979
1283143160105971713
1283143111045251072
1283142791363809284
1283142665802932224
1283142446269050880
1283142372013080577
1283142227254968323
1283142030970036225
1283142004067704834
1283141939974541312
1283141817198882819
1283141693189926912
1283141102699077632
1283140862625697796
1283140796653268993
1283140508223705091
1283140498593587200
1283140205415931907
1283140193407635463
1283140139099791361
1283139934031765504
1283139838796075008
1283139835985887233
1283139566053072897
1283139523891933186
1283139518384807937
1283139315413942274
1283139255557136385
1283139086216118272
1283139072127574016
1283139065953558529
1283139026778759168
1283138965646778370
1283138939117854727
1283138736658755584
1283138713128767488
1283138681197518850
1283138490343940097
1283138479493349377
1283138461566775301
1283138431690829824
1283138350426316800
1283138297867448320
1283138175448182784
1283138077062389761
1283138002122874880
1283137945004720128
1283137928982679553
1283137888339865601
1283137841254379521
1283137836951187466
1283137776263794688
1283137759255973888
1283137355696799749
1283137221583876097
1283136990255423491
1283136897720545282
1283136829487800324
1283136687414140929
1283136456349843460
1283136362154127360
1283136352922591232
1283136207338328066
1283136028107247616
1283135832782778369
1283135573633445889
1283135557229588490
1283135450211848199
1283135353394794503
1283134978424016900
1283134637858942976
1283134561443086336
1283134480291631108
1283134274598772736
1283133915138609153
1283133783265497090
1283133751829004288
1283133741674704900
1283133368750628864
1283133179503796226
1283132970312835072
1283132834559991808
1283132811302633472
1283132781577437184
1283132674593497091
1283132549359861762
1283132362293837827
1283131981916708864
1283131888853561348
1283131853436747777
1283131714714443777
1283131665615712256
1283131343703023618
1283131268998279170
1283131262543073280
1283131152912592902
1283130981516480514
1283130654989922309
1283130597175521280
1283130479785336832
1283130409472139268
1283130373413773313
1283130307986821123
1283130242744430597
1283130144261980162
1283129903420968960
1283129824152899585
1283129821556547592
1283129639930605569
1283129633534345217
1283129443498721281
1283129223725510656
1283129143266344963
1283129139755511808
1283129138761498624
1283129104980676608
1283128986403508225
1283128909677166593
1283128902496509952
1283128761781825541
1283128720732151814
1283128716017770496
1283128458621706241
1283128430972764169
1283128367663980546
1283082622638403584
1283082453570158594
1283082438965628930
1283082339661213699
1283082300528504833
1283082288159481858
1283082221621071873
1283082213114834944
1283082164964331520
1283082150632468480
1283082055132360704
1283081944260116483
1283081773564465156
1283081454549905408
1283081428490686464
1283081338325622785
1283081322806890498
1283081291211169793
1283081222936240129
1283081205467029504
1283080974570524674
1283080930035458049
1283080895973543937
1283080894241296386
1283080840763801600
1283080836951285763
1283080797306707970
1283080778784669697
1283080713466593281
1283080674942083090
1283080611146719239
1283080568952041473
1283080533623410688
1283080512790319104
1283080500727427072
1283080455735046144
1283080454942281728
1283080441457762307
1283080403620900868
1283080392573095937
1283080359543017472
1283080347131899904
1283080215732920331
1283080207633543169
1283080114528493568
1283080101496856576
1283080060916895744
1283079799674744841
1283079737712222208
1283079618040406016
1283079485219373057
1283079484124454914
1283079442089287683
1283079320953593856
1283079276674330625
1283079185649393664
1283079173867806732
1283079119190863881
1283079052761407491
1283078995953815552
1283078960138649600
1283078945156616192
1283078916840681473
1283078838889648130
1283078833386782724
1283078760804356107
1283078755309821954
1283078433241694209
1283078394188529664
1283078383971311616
1283078293219090432
1283078181151543296
1283078169831133184
1283078155696209922
1283078052386344960
1283078021000441859
1283077883175604226
1283077871897059328
1283077821661736960
1283077587846287362
1283077470758080513
1283077469487202306
1283077465393500164
1283077320387907584
1283077274259066880
1283077234262183938
1283077216948178945
1283077145565241345
1283076884948029445
1283076792115433475
1283076787900166145
1283076654986858497
1283076578004611074
1283076576301768706
1283076540255703040
1283076532697804800
1283076428259524608
1283076327793463297
1283076238186291200
1283075864549298177
1283075857553268737
1283075844961968130
1283075819301072897
1283075686677262338
1283075621195845633
1283075440270286851
1283075431063711745
1283075330962608130
1283075286729478144
1283075118193934339
1283074931882889221
1283074928137379841
1283074911112749056
1283074907853721601
1283074875247267842
1283074826740039686
1283074690802647041
1283074674063286272
1283074649933389826
1283074567452397569
1283074565816700928
1283074503497703426
1283074471608426497
1283074462775156745
1283074456009703426
1283074417199845377
1283074294193545216
1283074255018762241
1283074251126452226
1283074240808394762
1283074228930011137
1283074208738750464
1283074204699709447
1283074187205267456
1283074180288786436
1283074087594741766
1283074042761601025
1283073974423949314
1283073927527489537
1283073880752623617
1283073779086827520
1283073605698543620
1283073511758667777
1283073485808578560
1283073418854899713
1283073403486904328
1283073293768167427
1283073268623134720
1283073255268655104
1283073229444325378
1283073203947143168
1283073199517859842
1283073181826383873
1283073169147023362
1283073124402159616
1283073018558914561
1283072813943881728
1283072750404476934
1283072737557307392
1283072692233568257
1283072517121466370
1283072405955440641
1283072387756564480
1283072339241033730
1283072132759670789
1283072126803746823
1283072094171955200
1283072044997980162
1283071996398575623
1283071894099550217
1283071689820168196
1283071519653081090
1283071458516836352
1283071443555815429
1283071270138126337
1283071170586316801
1283071066211004416
1283070962817282048
1283070864892858368
1283070682310598656
1283070665998950400
1283070582423257088
1283070570590953473
1283070493742989320
1283070482833707020
1283070475820847105
1283070462914891776
1283070451133054976
1283070429981270019
1283070355012308993
1283070334313398272
1283070333461958657
1283070313383821312
1283070270392213505
1283070249902813184
1283070242944622593
1283070118067613703
1283070009175085057
1283069909312909312
1283069896277069824
1283069767155437569
1283069578294243330
1283069522484707329
1283069516285714432
1283069463076708352
1283069424803745799
1283069412749332481
1283069332264755201
1283069330175995904
1283069310752227330
1283069147015000064
1283069133844865025
1283069121614229504
1283069020510593025
1283069004387618818
1283068973404348418
1283068828872843264
1283068794202664966
1283068788146008067
1283068778998304772
1283068773763776514
1283068773256364033
1283068573552971776
1283068547669819394
1283068515117936644
1283068465088208897
1283068366320816129
1283068324897861632
1283068194610184197
1283068180026531840
1283068168236347393
1283068101597310983
1283068088854949893
1283068057318035456
1283067900807520258
1283067886446288902
1283067815747084289
1283067632908984320
1283189443055190016
1283188997343326209
1283188906247110656
1283188808377421826
1283188539312820225
1283188346135760896
1283188322035101696
1283188168259510275
1283187961975017472
1283187862217699329
1283187707443806209
1283187399342862337
1283187379629514754
1283186946332717056
1283186844084113408
1283186749875859457
1283186300582010885
1283186270311796736
1283186150404796416
1283185897786114048
1283185810062245888
1283185766823272448
1283185692441407489
1283185466003476481
1283185420784881664
1283185416057708544
1283185338186375169
1283185319656009729
1283185222985617412
1283185107231178754
1283185084896407553
1283184795946713101
1283184507202543617
1283184501548433409
1283183997284040704
1283183753062309889
1283183578637987840
1283183558073421839
1283183410156990464
1283183067180367872
1283183020288217088
1283182500001374209
1283182263442853889
1283182198099718149
1283181934462541825
1283181692040228867
1283181600214261762
1283181455192055812
1283180650451763200
1283180621809029120
1283180575382175755
1283180565437399040
1283180559494197249
1283180279381790720
1283180140244197377
1283179995376959489
1283179702480510977
1283179682288959488
1283179594498158593
1283179557802188804
1283179515917799426
1283179233510952960
1283178931659714562
1283178799077765121
1283178578620739585
1283178278644256768
1283178233316413441
1283177430245613571
1283177412809891846
1283177392836616194
1283177222967263238
1283177199881736192
1283177042301915144
1283176956557762562
1283176952078229504
1283176951734251522
1283176669394632706
1283176650864234499
1283176647580094466
1283176614445092864
1283176429966876672
1283176424229072899
1283176408399974405
1283176395632513030
1283176303936573440
1283176256222240770
1283176116996509703
1283175539059154945
1283175452002017281
1283175439746433024
1283175396419211267
1283174760545951751
1283174643340279808
1283174609836285952
1283174524503101441
1283174482849538048
1283174438905827330
1283174363957792775
1282975924334583809
1282975396829560835
1282974089192210433
1282973878893993986
1282973293645983745
1282973292580597761
1282973261844938754
1282972676022169600
1282972450314059776
1282971950437072901
1282971917897674753
1282971551273451520
1282970750635388928
1282970593281880065
1282970196555247617
1282969624120721410
1282969477798408192
1282969127968141313
1282969032157609984
1282968911869169664
1282968645270769665
1282968603667697664
1282968398012411905
1282968346950987776
1282968268836188161
1282967993048129537
1282967952929615872
1282967873661460480
1282967652642615296
1282967545688068096
1282967545633366016
1282967462984605698
1282967400913096706
1282967304913825792
1282967257602076672
1282967002676486144
1282966894396485632
1282966659431424000
1282966353645838336
1282965947133726720
1282965844083933184
1282965380634480643
1282965357183922176
1282965191290830848
1282965072051089410
1282964687240466432
1282964409971769344
1282964336642797568
1282964046581571585
1282963994597195777
1282963941518389249
1282963751474364416
1282963549791367168
1282963549598486529
1282963484158971904
1282963207724896256
1282962825632260097
1282962365173112832
1282962311297282048
1282961809952169984
1282961787651072000
1282961714531704832
1282961661066969088
1282961651528904704
1282961609447669761
1282961565466210304
1282961179267280897
1282960884827140096
1283006754012504070
1283006474675945473
1283006387451133954
1283006091115155456
1283006063185403912
1283005786990481410
1283005660892987393
1283005637941538816
1283005520949977088
1283005513370931202
1283005334303498240
1283004936259854337
1283004877829021696
1283004559862816768
1283004269453545474
1283004030176747520
1283003940527845376
1283003834730549248
1283003723770400769
1283003532858318849
1283003501845643269
1283003449316192256
1283003427392544769
1283003317535342592
1283003290058403841
1283003153286299648
1283003080657694720
1283003026274488321
1283002838084276224
1283002771076243460
1283002722485248001
1283002324252844032
1283002207097544709
1283002128559218693
1283001909306105857
1283001869569318912
1283001795997032449
1283001794101153793
1283001725130018816
1283001688228458499
1283001445789376512
1283001340067807232
1283001336167051266
1283001291275476994
1283001084294901768
1283000959153692673
1283000875401859072
1283000718639673344
1283000562523484161
1283000425168252928
1283000340326035458
1283000292078952448
1283000274723000320
1283000129478369286
1283000003619966976
1282999955347693570
1282999886212927493
1282999882211643394
1282999695061778432
1282999674983649280
1282999534264766466
1282999450475073541
1282999256496902146
1282999213899612162
1282998539199578112
1282998396597477377
1282998279375028227
1282998080229580800
1282997977913724928
1282997711034355712
1282997446986076160
1282997024938266630
1282996901474902016
1282996818616483840
1282996695601750018
1282996569722236936
1282996524121759747
1282996263802359809
1282996054875668482
1282995871135694853
1282995378531397633
1282995359107567616
1282995190576357376
1282995115758428161
1282995100230901761
1282995098465169409
1282995075665072130
1282995056128008194
1282995036817326080
1282994970174074883
1282994859104772096
1282994839173435392
1282994538567602179
1282994400143069185
1282994233553702918
1282993967139823616
1282993962354081793
1282993947590004743
1282993933790978048
1282993896964984832
1282993833995886592
1282993817810075650
1282993762814156802
1282993703100055553
1282993643515711489
1282993614298198017
1282993532769316864
1282993420613681152
1282993213440237568
1282993039053643778
1282992737998893058
1282992600325271555
1282992294162046977
1282992269793153024
1282991767302930434
1282991696649826306
1282945352375697409
1282944914041344000
1282944909419450368
1282944512780902400
1282944322602754048
1282944306571907072
1282944286468837376
1282944121498472448
1282944031702626304
1282943979236073472
1282943823505526784
1282943784549060608
1282943455287750656
1282942734706278401
1282942569383628800
1282942378039480321
1282942349295915008
1282942211861225473
1282940642939867141
1282940175199293440
1282940172384919552
1282940105859174401
1282939312980611072
1282939062412808192
1282938832837652480
1282938651781943296
1282938519187488768
1282938205440966657
1282938020140929024
1282937281284845569
1282936299947728896
1282935396108775424
1282934942780055553
1282934938573115394
1282934862505287680
1282934800442175488
1282934675250376709
1282934124206895105
1282933844992294913
1282933502976176128
1282933472886226945
1282933382083760131
1282933364983398401
1282933362563244032
1282933030580092928
1282932999202304000
1282932844986130433
1282932750627024896
1282932213433143296
1282932193187307521
1282931704089530368
1282931054895128577
1282930716511281152
1282930591650856960
1282930462621601794
1282930453142544384
1283037231578521601
1283037034563633152
1283036948811198465
1283036889105276929
1283036736986255363
1283036563505582081
1283036491355246595
1283036407905357826
1283036380894027783
1283036371750453248
1283036090350415881
1283035864323575819
1283035858187309056
1283035794735796227
1283035602812841989
1283035580146814979
1283035253603471365
1283035253297356800
1283035173022466051
1283035107834630144
1283034831148986368
1283034822001283072
1283034813046325256
1283034564114423808
1283034437098377216
1283034431503118336
1283034406744137731
1283034008440504320
1283033667644907522
1283033661873418240
1283033622048583681
1283033518617104385
1283033506638000128
1283032748551282694
1283032720583598084
1283032430425907200
1283032007560364033
1283031940304642051
1283031755872546816
1283031695218946049
1283031402657853440
1283031231064690690
1283031174835769345
1283031045827366917
1283030900696023043
1283030829007089666
1283030826213662721
1283030823176986625
1283030753824198656
1283030717195321357
1283030575117475840
1283030563570495489
1283030427456995334
1283030149441761281
1283029982449676288
1283029972500639744
1283029944650661893
1283029844129976321
1283029676705947651
1283029356525297664
1283029316247248897
1283029214896312321
1283029192771342337
1283028928492437504
1283028921257275392
1283028590259511297
1283028504976789504
1283028445732069377
1283028280455630848
1283028244254474240
1283027896177766400
1283027615037698048
1283027422988861441
1283027421659377665
1283027409068056576
1283027269968179200
1283027245645299715
1283027209930907648
1283027197763166208
1283027105127649280
1283026862973886464
1283026794594140163
1283026441873969154
1283026435259670532
1283026080178278401
1283026075375800321
1283026027527249921
1283026012549373952
1283025967976288257
1283025946648481792
1283025945755033600
1283025635561152514
1283025592720388098
1283025529243828224
1283025521308241923
1283025514806964226
1283025509220319235
1283025289786920962
1283025143124692992
1283025026573373440
1283024968079609856
1283024936702009344
1283024902849794048
1283023737433010179
1283023595539660804
1283023576170364929
1283023473040908289
1283023225656619008
1283022996790284292
1283022729319456769
1283022687183544321
1283022571860930560
1283022478869254151
1283022468521721858
1283022413568061440
1283022336489390080
1283022328419450882
1283022228934860802
1283022206889422853
