1301200615620653056
1301200116099973121
1301200095963209728
1301199644748328960
1301199100730380288
1301199043247378434
1301199014650671106
1301198854105096194
1301198346036576261
1301198223726596096
1301197758783787008
1301197240774656001
1301197178350768128
1301196240873558018
1301195695777550339
1301195682611695617
1301194350341357568
1301194233290907650
1301193810211491841
1301193795971801088
1301193149088440320
1301192869332553730
1301192073094344704
1301191907138248705
1301191653697499137
1301191032348971008
1301190943865999360
1301190222865223680
1301190073493401600
1301189894493138944
1301189624153473028
1301188336053374979
1301188178892611586
1301188134609145856
1301187716156194816
1301187113875111938
1301186866021126145
1301186569668308992
1301185811602382850
1300994406351351810
1300993950464069634
1300993528693170181
1300992205809745928
1300992085584228353
1300992028138967041
1300991943330201601
1300991681060392962
1300991386393735173
1300990832925986818
1300989595413295104
1300988865969303553
1300988548477145088
1300988003406483456
1300987951074086913
1300987607371874306
1300987275413778433
1300986190837899264
1300986150115516417
1300985586539470855
1300985328820539393
1300984353019826177
1300982898997198850
1300982421404307456
1300981718992728070
1300981321045553153
1300980631489384450
1300980043670224896
1300979119405051910
1300978031389863936
1300977405742342145
1300976830514630658
1300976676902297606
1300975912176046080
1300975176406896641
1300974267794743296
1300974240041115648
1300973361196015617
1300971490872098817
1300970081535422465
1300969809291677696
1300968109315174402
1300966996662562816
1300966672765865984
1300966432549867525
1300966188336459776
1300965791123161088
1300964835430141954
1300964587060236291
1301277409463930885
1301277379202101248
1301277293805879296
1301277025320292354
1301276594590355459
1301276289769193473
1301276274770563072
1301276122085163008
1301276021275209728
1301275910780354562
1301275622224916482
1301275536380121093
1301275160696303616
1301274333130698752
1301273986056232960
1301273950182350849
1301273805466341376
1301271702735904774
1301271429909024774
1301271190674255873
1301269753634447360
1301268921249603584
1301268548329897985
1301268379706294273
1301267647682748416
1301267317217779713
1301266495276806144
1301266217601306624
1301266175683371008
1301265830961983488
1301265654738227217
1301265647624581120
1301264924807704577
1301264048856719368
1301263472269889536
1301262666510602242
1301247103700733953
1301247003427389441
1301246510475042816
1301246487922343938
1301246216437727237
1301246191766831105
1301245867312271364
1301245860089663490
1301245661468295173
1301245535320502273
1301245368861175808
1301245141395615744
1301244914353598466
1301244585302089728
1301244392494239744
1301244245127299072
1301244194804117504
1301243662207193088
1301243496846643200
1301243010987036680
1301242794493775872
1301242547575181312
1301242501827682304
1301242233228652544
1301241858748813318
1301241555475263489
1301241487431213056
1301241122027692036
1301240467091226624
1301240415136301056
1301240353861713920
1301240333259493376
1301239987028070401
1301239421090566149
1301238590685376512
1301238529616482306
1301238463635709952
1301238364465762307
1301237896507138049
1301237780421500928
1301237358789095424
1301236626576859140
1301236320463982598
1301236109268127746
1301235485734514688
1301235399373787136
1301234587478233088
1301234436521046016
1301234042470359045
1301233857241341952
1301169483814334465
1301168244863238144
1301167951945629697
1301167747821260801
1301167104364740612
1301166992502661120
1301166702777053185
1301166362614738946
1301166183274741760
1301166125254762497
1301166021902917633
1301165930412679173
1301165796320661504
1301165660672753664
1301165505408053251
1301165443013435392
1301165388529623041
1301165144823803904
1301165098191343616
1301164988619464705
1301164944340254722
1301164606551764992
1301164192406274048
1301163763031330817
1301163335401041921
1301163091233779713
1301162710529441792
1301162487539146753
1301162246106615812
1301162164607164420
1301162122215391236
1301161899438956545
1301161861220626435
1301160892214775809
1301160630414643201
1301159972244463617
1301159782326456320
1301159780829089792
1301159375785132037
1301159284324134914
1301159135468228614
1301158925371428865
1301158902827020288
1301158746563936256
1301158394632568837
1301158259651489798
1301157934475423754
1301157933279973377
1301157890091253766
1301157337504321536
1301156999816777729
1301156867159154688
1301156396067684352
1301156367529631745
1301156106648072194
1301155228247564288
1301155207448072192
1301155057128275968
1301025281373855746
1301025276881702912
1301025243109224448
1301025221332271104
1301025195931516930
1301025122833387521
1301024914967797760
1301024889730523136
1301024474003767297
1301024370450669576
1301024218759430144
1301022859284815873
1301022252717060097
1301021643410636800
1301021293865775104
1301020819955617792
1301019819282628608
1301019566940725248
1301018896615354368
1301018815023767552
1301018570873212929
1301018317675573248
1301017572029140992
1301017477510463488
1301016494772547585
1301016038784602112
1301015536529104896
1301015440840372224
1301015004557135873
1301013641739862019
1301011883659534336
1301010354403766273
1301104967290204160
1301104778089582594
1301104700205350913
1301104346365558785
1301104208897245186
1301104184586981379
1301103688023375872
1301102848109957120
1301102794833887237
1301102463311900676
1301101949098450945
1301101760572948481
1301101557027688448
1301101136477392896
1301101048363462658
1301100873213505537
1301099938504351745
1301099524505645056
1301098802603003909
1301098544368160774
1301098059103952896
1301097058921672705
1301096919524151296
1301096552493064193
1301095747903864832
1301095090547556352
1301093864195883008
1301092682098520064
1301092530369556480
1301092527794204672
1301092256225599488
1301091573690773504
1301091012081786881
1301089986947751936
1301136039034212352
1301135695973699586
1301135013912616960
1301134543349403649
1301134053953998848
1301133423730454531
1301132974944124930
1301132596164919296
1301132433816006657
1301132365432008707
1301132333668499457
1301132287602577408
1301132231235248128
1301132126180569093
1301132039287115781
1301131979597983746
1301131454387294208
1301130817297625090
1301130491953807361
1301129271356911618
1301128963473969154
1301128689661423616
1301128507339104256
1301127857675161600
1301126483495325696
1301125631682506752
1301125453449748480
1301125428338470913
1301124933209055234
1301124398804594688
1301124086714650629
1301123962144010241
1301123347984584704
1301123222558191616
1301123149686337538
1301123030685560832
1301122901991657473
1301122727663685632
1301122477117054976
1301121963113377794
1301072937169178624
1301072889735716864
1301072505591955456
1301072050333921291
1301069854871560192
1301068234842546176
1301068227460521986
1301067740493479939
1301067308467707905
1301066963519549448
1301066546022735874
1301066374849077249
1301065936678473739
1301065155233505285
1301064191500070912
1301064153596133376
1301058407370293249
1301058097121824769
1301009833156587520
1301009707260411905
1301009704701886464
1301009495024254976
1301009053443936256
1301008690678566912
1301008361228365824
1301008360070811648
1301008236003295233
1301008115203145730
1301007997439803399
1301007992712761345
1301007987373350912
1301007837200437248
1301007829780901892
1301007790845165568
1301007327747698688
1301007081894412288
1301006425624252417
1301005966691962884
1301004507820830720
1301003543806124033
1301003499421999105
1301002742467624961
1301002362782392320
1301000060755423237
1300999759885471745
1300999387011743747
1300998994261209088
1300998931627888641
1300998801759633411
1300998399286677505
1300997828198752256
1300997099404824576
1300996883926716416
1300996528857907201
1300996444187435008
1301185224395517955
1301184368786968577
1301183716337676289
1301183105315856390
1301182972394168320
1301181513350950914
1301181102355349511
1301181093706694657
1301180834150572034
1301179228600365056
1301178795714646022
1301177989762228224
1301177970317381632
1301177687164121095
1301177060648341505
1301176845170163713
1301176567431790593
1301176061317713920
1301175833051029511
1301175476040286209
1301175431765331970
1301174735699685377
1301174528580624384
1301174219082932225
1301173280636895233
1301173251947683842
1301173102664200199
1301172877039820800
1301172849886011393
1301172293348003840
1301172203870969858
1301172006054891521
1301171806276071426
1301171767960989698
1301171497814429698
1301171268578734080
1301170860259246080
1301170834900426754
1301170625961226241
1301170297937129474
1300948120168263680
1300948087486152705
1300947035647078400
1300946608843100161
1300946559710965761
1301151316497096710
1301150813419692032
1301149951699963905
1301149470063759360
1301149154614407169
1301148956253196289
1301148873268830210
1301148086253883392
1301147565942018054
1301147458282684420
1301147311645626370
1301147306129981440
1301147101116628992
1301146468988923905
1301146266232070145
1301145669063913472
1301145386384527360
1301145244067651584
1301144958699794438
1301144876822794246
1301144467563577344
1301144139094990849
1301143954172399618
1301143455310254081
1301142939704463361
1301142265432354817
1301141870391824384
1301141842654765056
1301141124707307521
1301140833459007488
1301140832150585344
1301140571378114560
1301140491539492866
1301140096280793088
1301139262075801606
1301138881719361536
1301138640781729794
1301138355057561605
1301138195124334593
1301137936881037312
1301137849065050114
1301137447951106050
1301137170711810051
1301136656351801346
1301136642007207936
1301292529355235328
1301292526721171457
1301292523416150016
1301292076605288450
1301291402916179971
1301290944122281984
1301290638206537728
1301290537467678726
1301289441689042946
1301287375344226304
1301287118279528449
1301286980987375616
1301286907662553090
1301286609288130560
1301285230607626240
1301285124827492358
1301284305524723714
1301283373428682753
1301281896337256448
1301281388650475521
1301281171775655937
1301278790933454848
1301278605461401606
1301277772023771137
1301231732721623040
1301231646465761280
1301231475254153216
1301231060601253889
1301230953227001863
1301230456122281986
1301230149250289675
1301229990743138304
1301229990315470848
1301229797125677056
1301229150171271168
1301228649060790273
1301228397708836865
1301228196977758208
1301227773755830273
1301227448835674120
1301227046190735361
1301226903760637952
1301226583110242304
1301226506325233664
1301226017441288192
1301225888349122566
1301225132845719552
1301225071583752192
1301224792218099713
1301224516656549888
1301224378026221568
1301223583138619394
1301223543141621760
1301223456172920837
1301222979200839680
1301222735343955980
1301222350256472072
1301222331218452480
1301222110132662272
1301221296022396930
1301220951422652417
1301219847465054209
1301219538462277633
1301218735198482432
1301218656454615040
1301218337087610882
1301217632071430144
1301217072702132224
1301262299475443712
1301262157754118149
1301262094776508417
1301261997481365504
1301261635948953601
1301261344394616833
1301260414966280193
1301260065383608322
1301259924945526784
1301259762814922752
1301259528831479808
1301259387252748288
1301259363114508288
1301258770929065985
1301258517643513856
1301258395765399553
1301257827231567873
1301257490613460992
1301256557703892993
1301256333530992641
1301256200789647360
1301256082342330368
1301255192776712193
1301255096093814784
1301254485482717185
1301253967008002048
1301253682126827527
1301253679324905473
1301253509057142784
1301253258976153601
1301253143930396673
1301252999864410113
1301252966855237634
1301252946370363392
1301252887566192641
1301252853290299392
1301252162035441664
1301251827510501378
1301251827451617280
1301251689609977857
1301251667778850821
1301250221683269632
1301250076808019969
1301249850378457094
1301249693654175751
1301249331798749184
1301248205892595716
1301247802425704452
1301247720007643144
1301247543284817922
1301247430713921539
1301088468731273217
1301086968164552705
1301086168877092864
1301084926767321098
1301083713095098370
1301083445234339840
1301083311360618496
1301082397782339584
1301081763335168002
1301080868837101570
1301079551645155329
1301079206064009216
1301078534169849856
1301077757930156032
1301076848240136193
1301075813337571329
1301075559989030913
1301075016910594049
1301074887482761216
1301074887365267457
1301074316054933504
1301073988186189825
1301057622620147713
1301056276181520386
1301056261941850112
1301054593305059329
1301053267321946112
1301053150732996610
1301052769625833474
1301049446772465664
1301048363383533568
1301047116836425728
1301046904084729856
1301046037474283521
1301045298329014272
1301045141377957894
1301120217674846208
1301119026941300736
1301118951221596162
1301118199640002561
1301116721646821376
1301116574980624385
1301115593479856128
1301115443982282754
1301115056810205186
1301114976598470656
1301114788098052103
1301114547747553282
1301111682115174400
1301111183668178944
1301110713268699136
1301110102708105216
1301109167453765632
1301107872697208832
1301107313940389889
1301107200149147648
1301106769440186371
1301106611025588224
1301106354602405888
1301105680099680257
1301105679713710081
1301105171385245697
1300963590153924608
1300962831618236416
1300961616662597632
1300961166466801665
1300960680082845696
1300959968825192449
1300959938420727808
1300959465798156288
1300959215780073480
1300959163888160774
1300959133391138816
1300957784188399616
1300957111921389575
1300955991224119296
1300955740576706560
1300955187016859655
1300955060898336770
1300954600724484096
1300954394444337153
1300954090168410112
1300953706184179712
1300952552310267905
1300952032485019649
1300951760966750208
1300951211848294405
1300951102213574657
1300950343732408327
1300949729531043840
1301216361285390339
1301215222099841029
1301214642912604161
1301214299193585670
1301212697762111490
1301211757122326529
1301211485209755648
1301210870048063490
1301210553726185473
1301210506825478144
1301209841713717250
1301209691603820545
1301209073321480196
1301207970819252225
1301207733199282178
1301207650164715522
1301207176166465537
1301207145208328197
1301206915054096384
1301206372814520320
1301205507844177920
1301205361668632576
1301204751128829952
1301204551006068736
1301203915237658624
1301203713890103299
1301202150664663041
1301201694320144386
1301308332989460488
1301308144556150784
1301307668968112129
1301307322908790790
1301307271331434497
1301306911275573250
1301306809077112832
1301306136067559425
1301305588320743425
1301304740500865029
1301304717654536192
1301304523550527492
1301304183522549761
1301304078480355328
1301303342812065792
1301303054340370438
1301302752832876544
1301302215081164801
1301302191479836674
1301302187230928898
1301301858452082690
1301301484374700032
1301300929690468354
1301300419986153472
1301299931295039490
1301299437696954368
1301298872006905857
1301298700707217408
1301298443160367104
1301298380761686017
1301297775607459842
1301297720272003081
1301297414830280706
1301297288480948224
1301297029667323911
1301296856497041409
1301296605111480321
1301296302605643777
1301296266115256320
1301296233617612801
1301294651186409472
1301294088138952704
1301293850024202241
1301293812220919809
1301293506808483841
1301042174281355264
1301040149824897024
1301039276751167488
1301038693659144192
1301038151516000256
1301037720131821568
1301037085336326144
1301036633282600960
1301035593267212289
1301035281764605953
1301034634579521536
1301034382275178498
1301033604911378432
1301033354972876802
1301032778532757509
1301032567244640256
1301030865858953216
1301030862939512835
1301030738603569152
1301030596882427904
