1226279292134416384
1226279154808573952
1226278978702512128
1226278948394303489
1226278910821834752
1226278684555796481
1226278664779829249
1226278619485540352
1226278536455081990
1226278372319342594
1226278108128522247
1226278106618454017
1226278103321890816
1226278056232411136
1226277940305985537
1226277933217648642
1226277791789965317
1226277789059485697
1226277526940483585
1226277412750733313
1226277341564952578
1226277279904432128
1226277190347710464
1226277118784524288
1226277005815054336
1226276885245480960
1226276749908094976
1226276745348861953
1226276710687137798
1226276670384037891
1226276563592851456
1226276321367592961
1226276226161139713
1226276217961275392
1226276215666900992
1226276166161641474
1226276055008325633
1226275853857935360
1226275827396087810
1226275798228713472
1226275733183455232
1226275732206149632
1226275658831020032
1226275521396445186
1226275520914116608
1226275506246410241
1226275501116993536
1226275482280189952
1226275479965126656
1226275454438518784
1226275412751396864
1226275400793325575
1226275258811838465
1226275123826745349
1226275087181111296
1226275019761864710
1226274992184332289
1226274892972060673
1226274786789052416
1226274660045729792
1226274521188945920
1226274432525783041
1226274329719123968
1226274314862911491
1226274242662223873
1226274227608621057
1226274223359844352
1226274176119517184
1226274156322402304
1226274032611405825
1226274024818380800
1226274001422618624
1226273979737894912
1226273843171315712
1226273824586575875
1226273819117203460
1226273722321055745
1226273648945881089
1226273497481125888
1226273476308238341
1226273339100082176
1226273287132647435
1226273126406852608
1226273119855398925
1226273118731296769
1226272938724397058
1226272881014906880
1226272860022464512
1226272854783688704
1226272609769181184
1226272592404701184
1226272386569396229
1226272193820143616
1226272181358940161
1226272172320018432
1226272101457330183
1226272027792695296
1226271666289819648
1226271348059758595
1226271343303413762
1226271257051660288
1226271253075570688
1226271045620883456
1226271003917144064
1226270906529570827
1226270800354979842
1226270785674735616
1226270724031119360
1226270600815153152
1226270593928105984
1226270586659393546
1226270405242933248
1226270315195453440
1226270192415711237
1226270166734036995
1226270128175632384
1226269981064736768
1226269917818900483
1226269865792737281
1226269788302794752
1226269692802871296
1226269480243720192
1226269455371636737
1226269339663376387
1226269310059995137
1226269271350599680
1226269213964132352
1226269202392088576
1226269119055613954
1226268656331563008
1226268497484886016
1226268239115714560
1226267979576311808
1226267975491227651
1226267898521497602
1226267848265175043
1226267789356347397
1226267751372615680
1226267714492207116
1226267641129488385
1226267586716938241
1226267585077010432
1226267573345497090
1226267526700642304
1226267388624109568
1226267379644215296
1226267329559961600
1226267247053869060
1226267185430970368
1226267158331764736
1226266938097184769
1226266848691441666
1226266746086096897
1226266578699902976
1226266573691932673
1226266415314792449
1226266305411633157
1226266293902376964
1226266277922168833
1226266239200301058
1226266205587001344
1226266181365116930
1226266160649379845
1226266142462877697
1226266137345875970
1226266108627259393
1226266093825581056
1226266025257242625
1226265837901733889
1226265743316148226
1226265720863981569
1226265655806058496
1226265567465758721
1226265395247689731
1226265277454745600
1226265224510046208
1226265041298771968
1226265015000403975
1226264879797063681
1226264487470260226
1226264441286746116
1226218511992639494
1226218467591778304
1226218373907910656
1226218232555675649
1226218037533138944
1226218023188664320
1226218009586479104
1226217955135909888
1226217930347700225
1226217679004020736
1226217465010671616
1226217395561172992
1226217034943533060
1226217016756973574
1226216923429527558
1226216583665614849
1226216466845859841
1226216185513025536
1226216172103839745
1226215859200385025
1226215487098511367
1226215414549680131
1226215292260495360
1226215289085448198
1226215226208473088
1226214996738297856
1226214887476604929
1226214842962448384
1226214719633014784
1226214674078801920
1226214647008649216
1226214588527644683
1226214408474578944
1226214398034894848
1226214218325790720
1226214172104458240
1226214136025100289
1226214010929836032
1226213899965517824
1226213615386218504
1226213392257626112
1226213370925371393
1226213181845983232
1226213142264524801
1226212779607986177
1226212758431158272
1226212744392781824
1226212659298787329
1226212587592806405
1226212573672071168
1226212552826327040
1226212467778433024
1226212392989872133
1226212363549978629
1226212335682977792
1226212242313662470
1226212197929369600
1226211932258152449
1226211893444009984
1226211733204865024
1226211679790342149
1226211377221718016
1226211248846639109
1226211180680818689
1226211134463762435
1226211051294928896
1226210868603637760
1226210867357921282
1226210847074197504
1226210450934726656
1226210176757186560
1226210127382040576
1226209843981189120
1226209809139191808
1226209674015465472
1226209505353949184
1226209409224699904
1226209233215086595
1226209193104773121
1226209058740371457
1226208779026305025
1226208700186136579
1226208541272354819
1226208293623824384
1226208022323769345
1226207943558881280
1226207814856716288
1226207730400141313
1226207523327352832
1226207160700289024
1226207055507271680
1226206924217225216
1226206578778361856
1226206489729216514
1226206483655864321
1226206377036656640
1226206362889281538
1226206318614237186
1226206253569003520
1226205984328232962
1226205983082450944
1226205876479983616
1226205716320530434
1226205567645028352
1226205529908879362
1226205491006709760
1226205466142724096
1226205418487197697
1226205361205645312
1226205236966150145
1226205234915160064
1226205211192066049
1226205174961713157
1226205159556108289
1226205122189053957
1226205095903158272
1226205060742270976
1226205052781711361
1226205034540605442
1226204911076929536
1226204887567994880
1226204883830919173
1226204860950835200
1226204848812707840
1226204720844374017
1226204571489337344
1226204400659484672
1226204296880033796
1226204243931078656
1226204222426951682
1226204101823909888
1226204047914553345
1226204024107667456
1226203950283730944
1226203835573710849
1226203722839134208
1226203658020212736
1226203582501814272
1226203573618462721
1226203538327396352
1226203456026955777
1226127428705300480
1226127349818777601
1226127269527269376
1226127156385865729
1226127145149370368
1226126997232943104
1226126670563827713
1226126364744540160
1226125963030908928
1226125935365234688
1226125615507673090
1226125303795404800
1226125280038793216
1226125145988718594
1226125050136449026
1226124961527537664
1226124690202267648
1226124211883782144
1226124167327748097
1226123565457641473
1226123272770723840
1226122973410668544
1226122806271692802
1226122690618175493
1226122481272020994
1226122369774866444
1226122232067309568
1226122086231375872
1226121925602271233
1226121786431066117
1226121750540218368
1226121108430168064
1226120691487068161
1226120641335656450
1226120633651691521
1226120599547723777
1226120573862006790
1226120523203203072
1226120317581643776
1226120214342963200
1226120206646464513
1226120066586042368
1226119874050695169
1226119779624329218
1226119725492641792
1226119381945638913
1226119210922803200
1226118769912766464
1226118608079724544
1226118450088726529
1226118335609225222
1226117913855152128
1226117778555277312
1226117383812595714
1226117192569294850
1226117188534382592
1226117185183133697
1226116699608506369
1226116574328872961
1226116525204967425
1226116348662689793
1226116256358715393
1226116053882855424
1226115961423585281
1226115835800018944
1226115749791531008
1226115719483600897
1226115670477328385
1226115630652383234
1226115584720539648
1226115029835112449
1226114913153822721
1226114897639092225
1226114441298706439
1226114415763783681
1226114356372557826
1226114245282189314
1226113855849451520
1226113799259713537
1226113598331719680
1226113253912305666
1226113212623605760
1226113083795558400
1226113007920590850
1226112683466002432
1226112659101245441
1226112352749309953
1226203304201457667
1226203300061560832
1226203182394724354
1226203106964385792
1226203018275614720
1226202869516439552
1226202861220114432
1226202785013616640
1226202777547935746
1226202771696869381
1226202663987089408
1226202628130050050
1226202429756145664
1226202419505266689
1226202413708840960
1226202408293928962
1226202351389814784
1226202245705822208
1226202229495025665
1226202101853741057
1226201933100113920
1226201907141730304
1226201773590765568
1226201689088196608
1226201640904151041
1226201631647092736
1226201597228863488
1226201529100537856
1226201486184501248
1226201327316791298
1226201282895110144
1226201075436392449
1226201045212258304
1226200845731188737
1226200799019241473
1226200664180699136
1226200568982577152
1226199623678746624
1226199549468905472
1226199422041718784
1226199384527982593
1226199278852304896
1226199247583924224
1226198992377217026
1226198832586907654
1226198809769848834
1226198541086973953
1226198435583451136
1226198370177421312
1226198352926142464
1226198288086523906
1226198222474903552
1226198214757490691
1226198168150388736
1226198136848293898
1226198060373598209
1226198009626664962
1226197963858378752
1226197669976080384
1226197654608195584
1226197180895002624
1226196945359773697
1226196889542045696
1226196754602905602
1226196672226701315
1226196651041345542
1226196427707121666
1226196350850621441
1226196287504240641
1226196242914566146
1226196101549588480
1226195960981684226
1226195848666570754
1226195787706703872
1226195644165042182
1226195364983779328
1226195244066144256
1226195183936692225
1226195130971049984
1226195096263184387
1226194937663959041
1226194404890697728
1226194191509794817
1226194163990966274
1226194091270197248
1226194017760706578
1226193903289864192
1226193882599157761
1226193796511170565
1226193604982517760
1226193549206618112
1226193483112816640
1226193019759734785
1226192944190967810
1226192889136525312
1226192802171752449
1226192445433688065
1226192407936544774
1226192221344555008
1226192200075272195
1226192179254702083
1226192101030805504
1226191993929375747
1226191936572346368
1226191828573093890
1226191754195431424
1226191692644147203
1226191653637152770
1226191515556417537
1226191448984477696
1226191386149560321
1226191327467122689
1226191285851213824
1226191142699569152
1226190901711638528
1226190819125796866
1226190722816040960
1226190716428312577
1226190639513030659
1226190439679582208
1226190376391847937
1226190346046124032
1226190286474432512
1226190214454022145
1226190210251227136
1226190039731724288
1226190021629112321
1226189953459261443
1226189944277721088
1226189917090394118
1226189891907866626
1226189880600006656
1226189510679109632
1226189493444759552
1226189458321657861
1226189402021515270
1226189387051958272
1226189356706258945
1226189349731143681
1226189233225969664
1226189110248984578
1226189067949355008
1226188974848270342
1226188764680261633
1226188688943730692
1226188617049047040
1226188586397159424
1226188338643820549
1226294584294158336
1226294465876246528
1226294388210327559
1226294355205509130
1226294300641619970
1226294258937843714
1226294110748893186
1226294084156956672
1226293973242843136
1226293764911702017
1226293375235543040
1226293350325784576
1226293292507238401
1226292934963859457
1226292874255323136
1226292599973175296
1226291911926763520
1226291781018488832
1226291722684129282
1226291668015632384
1226291507788947460
1226291300959498240
1226291282877800448
1226291268348792832
1226291211452977153
1226291038916050944
1226290931961344008
1226290642852229126
1226290522282774529
1226290516750458881
1226290511583031296
1226290203201036288
1226290187002695680
1226290152395419651
1226289938183938049
1226289920978845701
1226289908429524992
1226289552677122048
1226289404718862343
1226289364235440128
1226289205485109248
1226289066360131587
1226288786033823744
1226288699551309824
1226288655809028096
1226288590419787776
1226288369233055744
1226288293278633986
1226287896480624640
1226287568939032577
1226287354152996865
1226287300776099841
1226287287756980224
1226286921959268361
1226286850119208964
1226286669726392327
1226286473097498625
1226286462091616257
1226286242435928065
1226286033278365701
1226285723785011201
1226285720974831617
1226285586081894400
1226285480142147584
1226285315859648513
1226285298268737542
1226285235471634432
1226285180991598599
1226285091405598726
1226285006747832320
1226284973352800257
1226284954725818369
1226284657655865344
1226284566664617987
1226284450713042944
1226284376771657734
1226283886826618880
1226283796296761344
1226283647260602368
1226283599697022976
1226283451080462338
1226283239066697744
1226283049912066051
1226282980395622402
1226282546520039424
1226282333222752257
1226282305230000128
1226282288700416000
1226282277803421696
1226282160849608710
1226282036547198976
1226281913163272192
1226281856062173184
1226281842782814208
1226281832255066112
1226281750889811968
1226281716538585088
1226281605121048577
1226281602885529605
1226281426909184000
1226281375411601408
1226281338497617927
1226281120469331968
1226281109056638976
1226281087891988480
1226281016060329984
1226280908942184449
1226280837911584768
1226280798732447745
1226280777056432128
1226280727731294213
1226280201048510466
1226280162586759169
1226280162523860993
1226280020940709888
1226279873074941953
1226279838941696000
1226279594258464769
1226279567997816832
1226279542467317761
1226279499446341632
1226049812233105408
1226049158655741953
1226048596363161600
1226048471976701952
1226048344075751424
1226047842227294208
1226047827333304320
1226047814053974016
1226047793879539713
1226047652128796672
1226047604812898306
1226047563796709376
1226047325203619843
1226047252097126400
1226047241196101632
1226047154122182656
1226047129199808512
1226047061218381824
1226046541909106688
1226046347100340224
1226045988508487681
1226045659842781185
1226045332947111936
1226045293000642560
1226044881644244993
1226044280684339201
1226043649995096064
1226043627517820928
1226043575630213120
1226043534270238722
1226043281240469506
1226042967871369216
1226042474268807170
1226042393729929222
1226042272984240128
1226041464251199489
1226041145819615232
1226040968559779840
1226040776943120387
1226040445962055681
1226039980822126593
1226039863562113025
1226039844859674625
1226038878747996160
1226182559559815170
1226182280504336385
1226182178746355712
1226182112924954625
1226182109095657472
1226181859010371588
1226181836713234434
1226181817285455872
1226181592013512704
1226181418306301953
1226181414204461056
1226181199560925185
1226181109760684034
1226181017767235584
1226180997684846593
1226180982191149059
1226180894920249344
1226180739286302726
1226180653269434369
1226180596097044480
1226180553801551874
1226180467331928067
1226180459723448320
1226180412038316033
1226180409643368448
1226180388235681792
1226180243431575558
1226180232383778818
1226180222426337280
1226180198481170433
1226180187483705344
1226180179195678720
1226180076661698561
1226179963541475330
1226179869169651713
1226179810168315905
1226179767419826176
1226179372261859329
1226179292901539841
1226179164853690368
1226179120259792896
1226178984406388738
1226178975262625795
1226178744219467776
1226178736791474177
1226178729996623874
1226178483514216449
1226178380300783619
1226178374835539968
1226178341562130434
1226178320863244288
1226178258384846849
1226178174888894464
1226178148066365442
1226178124423090178
1226177437869932545
1226176982716518400
1226176973958893569
1226176973850005504
1226176892493029376
1226176850369622016
1226176789418041345
1226176787438239744
1226176535754878976
1226176216782299136
1226176148926713856
1226175897109221378
1226175861415665665
1226175688908189696
1226175658771939329
1226175595920285696
1226175475946381312
1226175445567180800
1226175320853602306
1226175216168075264
1226175194437496832
1226175191388213248
1226175142633623553
1226174496777867264
1226174435717271552
1226174346776858625
1226174121798664193
1226173986066903045
1226173969793011712
1226173916831526912
1226173853510045696
1226173844416798721
1226173826469376005
1226173793992937472
1226173723373211648
1226173697612013569
1226173676657217536
1226173655903809536
1226173317725376513
1226173272431235073
1226173233466048512
1226173206643531777
1226157731691859971
1226157678205882373
1226157659340070912
1226157564724994048
1226157500988362753
1226157285694681088
1226157267701129216
1226157096816840704
1226156998649155586
1226156723783647233
1226156722961735682
1226156704804540419
1226156505981952000
1226156474541326337
1226156440131256321
1226156377221091329
1226156359743410177
1226156129031507968
1226156098215956481
1226156018549297153
1226155968943271936
1226155889285046273
1226155810469928961
1226155610087002112
1226155510405193732
1226155475483283457
1226155397855301632
1226155226882859010
1226155138143920128
1226155130380324866
1226155067000152064
1226155027263258624
1226154700988436481
1226154660874027009
1226154615256879104
1226154546700935168
1226154520134246401
1226154451892948997
1226154233239461888
1226154223563350016
1226154066226688000
1226153836231974913
1226153748633980929
1226153284005658625
1226153112777437187
1226153055625895936
1226153007529594881
1226152815472586754
1226152338592862210
1226152328589434880
1226152264340996096
1226152163140931584
1226152106790412293
1226151909179809802
1226151750073298945
1226151748206768128
1226151467217833987
1226151179727577091
1226151157413773312
1226151089021517826
1226151019341545472
1226150973845987329
1226150793981489153
1226150749337530368
1226150722850500609
1226150684963344384
1226150572346236928
1226150537923629056
1226150534052286464
1226150381463515139
1226150366590488576
1226150126676144129
1226150087664926720
1226149929715822592
1226149887219245056
1226149842583420930
1226149777273843712
1226149594360406018
1226149565197410305
1226149459526070272
1226149348746158083
1226149313165889536
1226149298393550850
1226148730295980032
1226148628814868485
1226147748992430085
1226147657984479233
1226147202407575554
1226147117070245893
1226146722721583104
1226146625871106048
1226146563979870215
1226146510167007235
1226146215286497284
1226146086948986880
1226146056003563521
1226145976173367296
1226145675307556864
1226145609519730690
1226145506604220416
1226145351809355776
1226145189040967680
1226144985155661824
1226144977299705859
1226144801575309312
1226144670666936320
1226144395876978693
1226144316705341440
1226144073960108039
1226144063281410048
1226144034877575168
1226144012903559175
1226143875372396546
1226143740714086400
1226143320436506625
1226143104559976449
1226143065825517573
1226142841887481861
1226142657593913344
1226142645229162497
1226079807676526592
1226079750315073536
1226079670103420929
1226079663027449857
1226079584111689729
1226079565149286401
1226079537794076672
1226079133295370241
1226078911370612740
1226078440949829634
1226078371374747649
1226078278286442497
1226078257876959232
1226078192542322688
1226078095020634112
1226077936752758785
1226077865474699264
1226077861884252166
1226077829881790465
1226077617830473728
1226077434614648833
1226077245963472896
1226077219640029184
1226077218746634240
1226077004618858496
1226076911824187393
1226076909446012929
1226076718189801473
1226076582768521216
1226076438136156160
1226076402430205952
1226076260364935169
1226075725108826112
1226075697002799110
1226075309490999296
1226075199277355013
1226074825590026242
1226074766349606912
1226074192803745792
1226074106761601024
1226073487107936256
1226073453498748928
1226073322569576448
1226073116058824737
1226073050099089410
1226072928950738944
1226072724742791169
1226072399130451973
1226072267102179328
1226072125804441600
1226071655216082944
1226071291112906752
1226071081750011904
1226070862551322624
1226070497479127040
1226070303362703360
1226069839808057347
1226069625156227073
1226068493289820160
1226068434464772097
1226068324770910209
1226068275446059008
1226068265232818176
1226068099746717696
1226067717431726081
1226067662435807232
1226067620870443008
1226067490985402368
1226067220171649024
1226067154786631680
1226066974532395009
1226066898132992000
1226066115232763904
1226019196883988480
1226018867396456448
1226018831530782720
1226018771971780608
1226018512541495296
1226018487547678720
1226018349085286400
1226018331548766208
1226018185591369729
1226017985875197952
1226017867826593793
1226017761626935296
1226017657524236291
1226017606328606722
1226017364430340096
1226016877442478080
1226016651591606273
1226016157842407424
1226016047976706049
1226015980981235718
1226015954997407745
1226015880192106496
1226015688130613248
1226015397868134400
1226015364233998337
1226015215554195456
1226015161271701504
1226015156586479616
1226014846937731074
1226014756181426176
1226014526669127685
1226014202252464134
1226014112833892356
1226014068869300224
1226013849180102656
1226013635681701891
1226013623039995905
1226013555096465408
1226013448149987329
1226013314825834497
1226013256566763520
1226013184131321857
1226013041541681153
1226012987544211457
1226012867079626752
1226012775434113026
1226012706492309504
1226012560329076738
1226012420012834816
1226012352262180864
1226012322738642944
1226012295513485312
1226012116521537537
1226011498142732288
1226011448087846923
1226011363882852352
1226011307167580165
1226010846951858177
1226010707667275776
1226010629443608576
1226010430830776320
1226010369837207552
1226010028215357440
1226009953766387712
1226009907603726337
1226009894584770560
1226009801844502528
1226009697406287872
1226008953383006208
1226008827537039360
1226008671685050369
1226008599979331585
1226008593347989504
1226008590202195970
1226008562716950530
1226008294583668738
1226008050210922501
1226007738381025280
1226007710988025857
1226007686702981120
1226007517622423552
1226007064201199619
1226007026691645441
1226006991316934657
1226006623283445760
1226006438863966208
1226006329287946246
1226006170797838336
1226006088119726080
1226005800696500224
1226005494298341377
1226005411754627072
1226005404825591810
1226005137895772166
1226004998888267776
1226004914335293440
1226004681966706688
1226004603054899201
1226004567055196160
1226004520741687297
1226004305519501314
1226004274393600000
1226188106577170438
1226188080538890241
1226188039724130310
1226187962028830725
1226187914385788928
1226187849348927490
1226187753164963841
1226187404018700291
1226187355976949763
1226187301321084928
1226187294480093185
1226187001034166284
1226186969564221441
1226186815138410496
1226186777905520642
1226186509214212102
1226186491447193603
1226186355987886081
1226186296961458178
1226186189490671616
1226186185279787014
1226186071299411969
1226186001116258309
1226185901337989124
1226185802444611584
1226185781875814402
1226185700128763905
1226185562660491264
1226185484981997574
1226185476870000640
1226185474483654658
1226185389012111361
1226185299035901953
1226185064444198913
1226184989932388354
1226184911318548480
1226184823456358401
1226184807337603072
1226184733350035457
1226184674583699458
1226184475383603202
1226184396849336321
1226184372543533056
1226184267962687489
1226184262875045889
1226184115847925760
1226183983215628290
1226183946943320070
1226183798238273537
1226183778348879872
1226183721059045376
1226183605786992640
1226183605656920064
1226183567941816324
1226183512501428225
1226183427852001282
1226183360734777345
1226183309153226754
1226183303176298496
1226183287506440195
1226183221634830338
1226183209861500928
1226183198008365056
1226183196624261124
1226183166031015937
1226183122124824579
1226182950737367040
1226182854360489990
1226182761008029696
1226182697262993410
1226182679655219200
1226182643978555393
1226182628979675147
1226182614131802112
1226247043573788674
1226246620163059718
1226246504962306049
1226246478898880518
1226246290838827013
1226245972763856896
1226245931378581506
1226245753586233344
1226245708682014721
1226245590478204933
1226245539005632513
1226245373641068545
1226245327730171905
1226245135366750208
1226244733447680000
1226244723112734721
1226244656473804802
1226244645296001024
1226244468501696512
1226244362234978310
1226244346661371904
1226244346569060353
1226244346518720512
1226244311970467840
1226244295319019526
1226244291065982981
1226244208039735298
1226244206844370949
1226244176091676675
1226243815054462977
1226243679213572096
1226243607486746625
1226243521662898178
1226242847600467969
1226242766398611457
1226242534415970304
1226242183352770561
1226242118932402177
1226242041094471682
1226242033829871616
1226241912249704453
1226241803105341440
1226241378713251842
1226241276518944768
1226240849740259332
1226240832702840832
1226240828525469697
1226240825799192583
1226240821416091648
1226240618709557249
1226240563227181057
1226240393467039745
1226240222041649153
1226240005082886145
1226239981250736128
1226239932823306240
1226239432975691776
1226239320253751296
1226239295687622656
1226239269208907776
1226239151835680770
1226239002417586176
1226238718614224896
1226238704181751809
1226238520404119552
1226238478767226880
1226238235401244674
1226238234281304071
1226238222105239554
1226237937324609543
1226237868277932042
1226237347974524929
1226237309349175296
1226236992868012032
1226236919035703298
1226236835296403456
1226236787225497600
1226236608653004801
1226236604831936512
1226236310714769410
1226236019684540416
1226235588606644224
1226235572135612417
1226235516598788096
1226235379759501313
1226235267838828545
1226235259794206720
1226235251195707392
1226235207889694721
1226235196200144896
1226234992868630528
1226234903886303233
1226234882151591936
1226234791072280577
1226234732482060289
1226234691688288256
1226234560456818693
1226234549098754049
1226234472124702720
1226234357498687488
1226234297872527361
1226233994414608385
1226233924038381569
1225988757997772801
1225988740092514305
1225988430322008064
1225988407500906496
1225988266354036736
1225988167297372160
1225988115233484803
1225988099811028992
1225987934467379200
1225987929018945538
1225987774710452226
1225987763297804288
1225987542857789441
1225987521315606528
1225987507566907392
1225987406559510528
1225987277320523776
1225987256562987008
1225987205212131329
1225987040476573696
1225987021677699074
1225987000559210496
1225986979994664960
1225986974915420160
1225986933463158785
1225986673390964736
1225986611328012289
1225986585377685504
1225986581506379776
1225986354816806914
1225986331400167425
1225986213087039488
1225986145256951813
1225986057713242112
1225985975505039365
1225985497002106881
1225985409944961024
1225985386704490496
1225985284103458816
1225985246648094720
1225985169892315140
1225985168365715456
1225985079148548096
1225985034483449857
1225985017202929665
1225984929542103040
1225984899557056512
1225984746838061056
1225984736709038080
1225984661693747200
1225984556970455041
1225984507276398592
1225984493225312257
1225984299893248000
1225984129977737216
1225984126349643776
1225983988180738048
1225983972590706689
1225983954911666176
1225983846258180096
1225983765257838592
1225983670101663744
1225983665534128128
1225983660941176832
1225983652061904896
1225983585745682434
1225983553948856321
1225983493722824704
1225983432762806273
1225983138117148672
1225983078205665280
1225982840233496576
1225982664823508992
1225982558153953280
1225982491418189826
1225982272769286145
1225982214187503617
1225982173708197888
1225981890374590464
1225981814776434688
1225981794698264576
1225981792051744770
1225981269286281216
1225981208519069696
1225981196594606080
1225981196078743552
1225981156543336448
1225980972082040832
1225980847028887554
1225980781673119751
1225980680154370049
1225980434137243650
1225980390189330432
1225980349198536710
1225980309533003776
1225980122404139009
1225980029496020992
1225979885732032513
1225979793809825794
1225979769315000321
1225979612112404481
1225979486400847873
1225979391982915585
1225979277532958720
1225979267147796481
1225979191293808643
1225979112357089282
1225979006123724801
1225978822501126144
1225978683220905984
1225978682147266560
1225978444930068480
1225978439448039425
1225978125286174720
1225978064871534592
1225977696611700736
1225977611425386497
1225977477186514944
1225977434803200000
1225977379673251840
1225977256712929285
1225977221883604999
1225977196373848071
1225977184856215552
1225977153898061824
1225977089947389954
1225977059551404039
1225977056577630210
1225976964265267200
1225976870421876738
1225976853363601408
1225976848301031425
1225976819813212160
1225976798493593600
1225976791984152578
1225976732089569280
1225976668822614022
1225976629907873798
1225976557900062720
1225976543836545024
1225976526719442945
1225976506763137024
1225976480737316864
1225976315691622400
1225976289875677184
1225976095331061760
1225975969707679744
1225975951684706307
1225975857300344832
1225975768104218624
1225975626550693888
1225975603595223043
1225975592086048769
1225975555595624448
1225975477141045253
1225975154305425408
1225975121556516870
1225974967113662464
1225974745214148608
1225974534236450816
1225974136297676800
1225974126919196672
1225974123580608512
1225973859381391360
1225973709522919424
1226096573865656320
1226096568400564225
1226096508744814593
1226096005537353728
1226096005231366144
1226095841821126656
1226095754097201153
1226095724187856896
1226095682747916289
1226095680516571137
1226095608034840576
1226095438593433600
1226095393106096128
1226095333941399552
1226095175514099713
1226094769949954048
1226094741978112001
1226094735535886337
1226094574705180672
1226094494443036672
1226094241996210177
1226094236849696768
1226093999821291520
1226093800629645312
1226093679200423936
1226093595104546816
1226093491786264576
1226093447532220418
1226093403076608001
1226093363952332800
1226093241415688192
1226093178442407936
1226093002214531072
1226092594964332544
1226092561279832065
1226092372582268928
1226092198061539328
1226091903202058241
1226091866984271872
1226091864341741568
1226091821727653888
1226091223808495616
1226090790662787072
1226090767581450241
1226090747822256134
1226090648639401984
1226090607870955522
1226090456607535105
1226090276340543489
1226090259429150721
1226090224243048449
1226089934676791296
1226089681579892736
1226089535500701696
1226089490961190913
1226089306948808705
1226089136140013568
1226088937124442112
1226088917402652672
1226088600883879936
1226088443274551296
1226088002759294976
1226087230134943744
1226087002665291776
1226086567992811520
1226086508731473920
1226086412610658304
1226086274391519233
1226086217030291456
1226086185396850688
1226085983826980864
1226085811923439618
1226085325434429445
1226085175492272128
1226085043719876608
1226084854065958912
1226084467376300037
1226084124814786560
1226084004824137728
1226083760111669250
1226083411690950656
1226082981200023553
1226082895527391232
1226082864669786118
1226082781308035073
1226082621551206400
1226082220403777537
1226081983937249281
1226233645003706369
1226233397661425665
1226233343051812864
1226233310952804352
1226233224021463040
1226233048556945408
1226232886564552705
1226232592183238656
1226232558846910466
1226232489418657793
1226232408728625154
1226232335999344640
1226232322548256769
1226232138200211460
1226231903335915520
1226231831571443713
1226231648338923520
1226231621616947200
1226231617460604928
1226231523403161600
1226231518915371008
1226231396508872707
1226231322995068928
1226231318863851520
1226231293031206912
1226231288358526977
1226231268297150466
1226231191243821057
1226231171908079617
1226231141339975682
1226231138277969920
1226231134520070144
1226231089347387392
1226231017566015489
1226230994346348545
1226230951497404421
1226230852457091072
1226230775772852226
1226230765458948103
1226230763877736453
1226230693879013376
1226230564409298946
1226230487779176448
1226230190059077632
1226230117334016000
1226230010651893760
1226229752014479360
1226229596103806977
1226229566143975424
1226229562880688129
1226229535407996928
1226229480949153794
1226229442629885952
1226229323729907714
1226229319606964224
1226229285125574656
1226229249616596993
1226228977309609984
1226228868987719680
1226228580939485184
1226228524811530242
1226228226130878466
1226228117158711302
1226228105993277440
1226228080991244288
1226228021306241024
1226228009864024064
1226227958777602048
1226227675515310080
1226227595156578304
1226227491448160256
1226227489917276161
1226227486968754176
1226227307766939648
1226227284597710853
1226227249566887938
1226227240813416449
1226227187533189120
1226226970846998528
1226226879725785088
1226226865871802368
1226226794346532866
1226226748636962821
1226226746124591105
1226226596442451970
1226226545326534657
1226226503102468098
1226226362421252096
1226225885231112195
1226225596226772993
1226225489590804480
1226225478488514568
1226225456703266817
1226225439263334400
1226225383458168832
1226225359558934529
1226225274452246529
1226225260636315649
1226225253774479360
1226225086266519552
1226224945027522561
1226224705125806080
1226224619146928131
1226224604538195969
1226224453698359296
1226224378645491712
1226224308256681985
1226224240254476288
1226224223544369152
1226224017796927493
1226223584877649921
1226223376278130690
1226223294011015169
1226223077270282240
1226223026225762309
1226222951562915841
1226222861704142848
1226222807132012545
1226222793399971841
1226222784545742853
1226222656912969728
1226222605667094528
1226222568199409665
1226222012990992384
1226221783491190784
1226221713253380102
1226221690105012224
1226221685579190272
1226221370633269248
1226221339175944193
1226221259148660736
1226221052453433345
1226220826774659073
1226220644225966080
1226220536533069824
1226220511790804992
1226220502290763781
1226220252180164608
1226220031639539713
1226219979751743488
1226219877612040193
1226219681230589952
1226219665183191040
1226219329521422336
1226219235921350662
1226219211497889792
1226219178564161539
1225965945606361089
1225965825590358017
1225965792841191424
1225965716106596352
1225965554009174016
1225965443942211584
1225965406080438273
1225965364426620928
1225965033861062657
1225964899718836225
1225964793749573633
1225964764402081792
1225964763307360256
1225964740976840705
1225964711327432704
1225964649012658176
1225964640850632704
1225964606222409728
1225964514237128706
1225964247525576704
1225964156551127041
1225964042348417024
1225963825553231874
1225963732200648705
1225963690744307713
1225963599266381824
1225963574167605248
1225963564499902464
1225963476234973184
1225963191831650305
1225963148953387014
1225963104439169025
1225963080661684229
1225962843087884288
1225962659171856384
1225962557187379201
1225962461347663873
1225962168207781890
1225962146426523648
1225961930222919680
1225961776900182016
1225961739881209856
1225961672126423041
1225961488134950912
1225961467687702528
1225961464416100352
1225961422900752384
1225961318399856640
1225961014744829953
1225960990870622208
1225960795650965505
1225960705205133313
1225960545808834561
1225960507703734272
1225960399578845185
1225960398626676736
1225960334936150022
1225960218443558913
1225959984116195328
1225959874929938432
1225959789630377984
1225959728192180225
1225959606075174913
1225959395965620224
1225959367406735360
1225959364319539201
1225959281268183040
1225959143430860801
1225958910533816323
1225958832502902785
1226112101745332224
1226112067645689857
1226112058460180480
1226111941757808641
1226111678422626305
1226111413275496448
1226111406568804353
1226111228776415232
1226111158668709888
1226110968259923970
1226110905492131841
1226110825938681856
1226110794561183751
1226110722708557825
1226110625115324416
1226109750737113094
1226109714620198912
1226109670886006786
1226109155674673153
1226108955702722561
1226108930104803329
1226108685426069511
1226108543402639360
1226108432102678529
1226108356806561792
1226108334312476673
1226108234336886784
1226107939263569920
1226107864814510080
1226107803053514753
1226107670924550144
1226107654323478529
1226107587893940228
1226107357584711680
1226106893619191808
1226106811679301634
1226106593772630016
1226106494803795968
1226106048093835264
1226106025977225216
1226105960634232838
1226105913523736581
1226105874466230273
1226105529925111809
1226105465861373952
1226105453882400771
1226105279391006722
1226104912586526720
1226104808165322752
1226104754545274880
1226104695724240896
1226104657002389504
1226104543970115584
1226104498873040901
1226104452186173441
1226104202419679236
1226103280356466688
1226103207715332096
1226103184663379972
1226103175540768768
1226102966035374080
1226102954937073664
1226102789945876481
1226102747818164224
1226102606264750081
1226102514606469121
1226102443580116992
1226102248662499328
1226101956684341249
1226101913764159488
1226101797246447616
1226101777298313216
1226101738551357440
1226101610117574656
1226101386422521857
1226101196030525440
1226101163323461633
1226100929553788930
1226100867570388992
1226100681980940293
1226100671365238785
1226100186319130624
1226100109840175104
1226100066768883713
1226099956970401792
1226099951261900800
1226099933251538944
1226099714149568513
1226099317498417153
1226098929709744129
1226098609512382465
1226098222827003904
1226097942035156993
1226097705576845313
1226097562739974144
1226097518758547456
1226097161550680064
1226097049759879168
1226172963587809280
1226172937503416321
1226172932914864128
1226172712718143489
1226172608569335809
1226172460619399168
1226172435529072641
1226172353647927296
1226172327148347393
1226172243035803654
1226171997283061762
1226171962885537803
1226171914797944833
1226171874964582402
1226171802180870145
1226171706261344256
1226171700171010050
1226171679648468992
1226171651701735425
1226171613646856192
1226171542691819522
1226171402161737728
1226171214525353984
1226171048602693632
1226171047524913152
1226171016982007808
1226170728531349505
1226170591964733440
1226170550181154816
1226170334115770368
1226170262128922625
1226170120575344643
1226170012274167808
1226169880547930118
1226169710804336640
1226169700440330241
1226169578792857600
1226169483615752193
1226169348445921282
1226169298445651968
1226169275515191296
1226169145336557570
1226168932450656258
1226168897709182979
1226168887609348096
1226168562147966976
1226168478144565249
1226167710410854400
1226167684410302465
1226167499143684097
1226167450699517953
1226167336849117185
1226167241261146113
1226167144850886656
1226167120234450944
1226167079574867968
1226166998100512772
1226166628267720709
1226166499708227584
1226166471157481472
1226166326034620417
1226166315624419328
1226166205607751680
1226166204970229760
1226166190143307777
1226166184296370176
1226165964661809152
1226165831794675713
1226165643893932032
1226165580928913408
1226165572280471552
1226165567931011072
1226165395301818370
1226165360128380929
1226165080871645187
1226164875069722630
1226248786567192582
1226248742023684097
1226248737154007041
1226248698331648000
1226248672163352576
1226248578387058689
1226248521822670848
1226248504252796930
1226248494333222912
1226248461382832129
1226248395901329408
1226248141411880960
1226248065998376962
1226247972813406208
1226247922024681475
1226247867398021121
1226247602204790785
1226247540892413957
1226247075848912896
1225940168261033985
1225939991261581313
1225939695122755585
1225939630375231490
1225939606669025282
1225939556760899586
1225939401722691584
1225939387722031104
1225939379480354816
1225939362807894016
1225939231421263872
1225939208352567296
1225938896963371011
1225938884560904192
1225938803929513984
1225938800074948608
1225938478199902208
1225938466267172865
1225938231763570691
1225938221223120898
1225938143968464903
1225937870579367936
1225937859812712449
1225937858529308674
1225937839810056193
1225937792078950400
1225937635106910208
1225937626076606464
1225937607080714245
1225937579926867971
1225937362678624256
1225937297985560576
1225937228238663680
1225937116535894021
1225937100819832834
1225937072877383680
1225937037099798529
1225937018062016514
1225936997912469505
1225936961963220997
1225936895781158912
1225936875770327041
1225936864038666241
1225936798880272390
1225936723173150721
1225936436085612549
1225936414837096448
1225936277117263877
1225936137509842944
1225936077388763136
1225936015887564800
1225935923038375936
1225935922954371073
1225935896383455237
1225935880508014595
1225935828041506816
1225935808282144773
1225935533173551112
1225935423312101376
1225935235088441344
1225935223981928449
1225935199948558336
1225935102255026176
1225935051382296577
1225934847165837312
1225934734431264768
1225934723412832256
1225934484458991618
1225934482139533315
1225934377579929600
1225934169999540224
1225933988054872064
1225933840146948096
1225933796027125766
1225933758584344576
1225933749759680512
1225933699784548352
1225933578413867009
1225933415586775051
1225933324197277702
1225933216185450501
1225933096274530307
1225933036224643073
1225932947053776902
1225932861640978432
1225932782486069248
1225932776718979072
1225932705797431299
1225932661962760193
1225932399860748288
1225932336849735682
1225958345888194560
1225958220960800768
1225958178581569536
1225958051724828672
1225958034696003585
1225957376387420160
1225957334683439104
1225957171873165313
1225957097621188608
1225956927802355719
1225956900526645248
1225956846206320642
1225956842850988032
1225956829668225024
1225956824660238336
1225956734260465667
1225956642925109248
1225956337701527559
1225955931302789120
1225955690231017472
1225955436924481541
1225955402367418369
1225955391751753730
1225955271073202177
1225955209098211328
1225955143058968576
1225954992965574656
1225954901022429186
1225954814829498373
1225954669589073922
1225954643932516352
1225954557341159424
1225954555982159872
1225954505272901632
1225954492409155590
1225954285462204418
1225954232198729728
1225954219980677121
1225954168990363648
1225954103605506055
1225953933983649797
1225953846918295552
1225953743058821120
1225953595843076099
1225953446404161536
1225953146163343360
1225953121286991872
1225953115150733312
1225952950608068608
1225952570281095168
1225952535527264257
1225952509564510208
1225952507026907138
1225952497908559873
1225952394497974272
1225952365783613440
1225952297252982784
1225952256148701184
1225952008173211651
1225951968851615745
1225951851704532992
1225951833883058178
1225951682732920840
1225951681344679936
1225951656774234112
1225951634901078019
1225951564906496002
1225951416130457601
1225951337919197184
1225951303173582848
1225950894346338305
1225950886452658178
1225950854878048257
1225950846493560832
1225950740457324546
1225950736439283713
1225950723625672705
1225950638707744768
1225950449997615105
1225950446893793281
1225950357395623936
1225950328161492992
1225950227804426240
1225950200310558720
1225950154928336896
1225950065170243585
1225949961784823808
1225949928008167431
1225949887977676804
1225949874199252992
1225949451149348865
1225949395201470470
1225949223545294856
1225949222526214144
1225949191123288065
1225949142763155457
1225948972440834048
1225948968737099776
1225948908016168960
1225948900479074305
1225948825854103553
1225948580948652032
1225948561088667653
1225948559641473024
1225948434215112704
1225948256204738560
1225948234289418242
1225948004882026497
1225947912930287617
1225947830906388485
1225947682017026049
1225947677818589184
1225947594515460096
1225947511350865921
1225947451439316994
1225947443759587329
1225947420955201542
1225947051692888064
1225947045191704576
1225946945073668103
1225946924039143424
1225946881525608448
1225946729146658817
1225946643826192384
1225946617544691713
1225946570417475586
1225946568022343680
1225946371410276354
1225946277919252480
1225946253969641472
1225946094682693632
1225946089347538944
1225946029813616642
1225945969453256704
1225945861143891968
1225945828789014534
1225945781355646977
1225945694822948864
1225945605962436609
1225945555714662402
1225945206224232449
1225945141120290816
1226219113741258755
1226219108708077569
1226219080342016001
1226219068031528960
1226219018459238400
1226218602518331392
1226065497172709376
1226065373906141189
1226065126949715968
1226064919268859904
1226064832769576960
1226064555580764165
1226064337367781376
1226064243625201664
1226063740224909314
1226063160844533762
1226063133871136768
1226063031261483008
1226062774134018048
1226062455010361344
1226062330334568448
1226061840435818496
1226061803005849607
1226061795476946944
1226061678787223553
1226061574122676224
1226061523946217472
1226061515939352576
1226061507160608768
1226061365858709509
1226061250854936576
1226060941349007365
1226060894691610624
1226060410861817857
1226060088735080448
1226060003515105280
1226059974486286338
1226059962583076865
1226059606776012800
1226059426383220737
1226058485437288448
1226058367543730185
1226058343984222208
1226058155429367809
1226058013611581440
1226058002395828224
1226057903473414144
1226057795906174976
1226057190974382080
1226057000569561088
1226056989676949504
1226056975772979200
1226056945905192965
1226056899704942593
1226056851164237826
1226056400327102464
1226056115890208771
1226055886096957440
1226055815779540993
1226055438459949056
1226055434496364545
1226054163727048705
1226054048400445440
1226053982969356288
1226053907404795904
1226053834708938752
1226052920459845632
1226052888654381056
1226052798338433027
1226052791203966976
1226052643711340544
1226052470725435393
1226052452610433025
1226052267205222400
1226052023390539777
1226051707081306112
1226051532178759681
1226051249230868481
1226050637827334144
1226142619501309952
1226142078998138881
1226141919144742912
1226141802933161995
1226141757471154177
1226141723279134726
1226141660666527749
1226141579884318720
1226141497898090503
1226141166585995265
1226141093370060800
1226141045571739651
1226140992597704705
1226140947160821761
1226140881427869696
1226140848175214594
1226140809172570113
1226140794458783745
1226140782517571586
1226140628205154305
1226140533111885826
1226140503147597824
1226140444251295744
1226140375393259520
1226140336851951617
1226140238147465217
1226139947637334017
1226139608188149761
1226139478353436674
1226139440747184128
1226139258865561602
1226139225436848129
1226139056708284416
1226138944716320768
1226138851443240960
1226138834313908225
1226138704424472579
1226138483430813696
1226138159492165632
1226138079095934976
1226137223957041152
1226137144248406016
1226136833656066048
1226136724692197376
1226136387692453889
1226136314879315968
1226136253244071936
1226136183996133376
1226136102450401286
1226136079453097986
1226135837362003968
1226135703269990402
1226135662442745856
1226135649348202496
1226135618968641537
1226135568230252545
1226135545446912000
1226135323685662720
1226135261416972289
1226135164243398656
1226135131833847813
1226135025462267904
1226134871053082624
1226134796176363521
1226134620938346496
1226134536754466817
1226134341937324032
1226134206725722112
1226134191026397184
1226134163067195393
1226133875958669313
1226133653714952192
1226133324927819778
1226133318502100992
1226133210368626688
1226133189678243841
1226133062565548038
1226132967975579648
1226132811259817984
1226132701931024384
1226132635849809921
1226132482900103168
1226132363643457538
1226132188883800065
1226132125704839169
1226131658576928768
1226131638507245573
1226131628046589958
1226131555736793088
1226131262441570305
1226130978558685184
1226130941250134016
1226130873520738304
1226130779119337472
1226130557144268800
1226130455759671300
1226130389250560001
1226130372112445440
1226130332551974913
1226130317737525248
1226130289635790851
1226129713657188354
1226129373419524096
1226129371901112322
1226129311259774976
1226129192607256591
1226129188777676800
1226129098524758016
1226129009668481025
1226128884627845122
1226128735050575877
1226128203804180480
1226128031342825472
1226127828321697792
1225942816158867457
1225942809502453761
1225942686764539905
1225942579792891904
1225942286212550656
1225941887472799745
1225941735760650245
1225941544911429638
1225941454742122496
1225941416871895047
1225941349465239553
1225941341462581249
1225941249183621120
1225941237833879552
1225941135132151808
1225941075145060352
1225941016592748544
1225940989518471169
1225940964163846145
1225940940109385728
1225940939736338432
1225940909826682889
1225940900184043521
1225940742691905536
1225940718667083776
1225940616112214023
1225940517235515392
1225940487976235008
1225940402039029768
1225940348200837122
1225940282551652354
1225940232765427713
1225940218018136064
1226164768127569920
1226164726603943936
1226164616897626113
1226164591031410689
1226164125895712768
1226164096409702400
1226163999345037312
1226163863177003008
1226163846429147138
1226163764766158849
1226163704120692737
1226163497613971457
1226163379452174338
1226163360984698880
1226163125445107713
1226162932418936832
1226162791062523904
1226162638729687041
1226162593175236609
1226162582500802560
1226162577907912705
1226162478263889921
1226162471905480704
1226162332394557443
1226162163036745730
1226161998246875136
1226161978298728449
1226161890746826754
1226161878096850945
1226161584126513152
1226161519509098496
1226161457353707520
1226161350134681600
1226161198535565313
1226161177501294593
1226161139572191232
1226161011998113792
1226160957530963969
1226160923615879168
1226160647660036096
1226160447482716170
1226160367748993026
1226160358617862144
1226160320424660993
1226160157475901440
1226159987338227713
1226159983605227522
1226159979624710151
1226159864499625987
1226159811471060993
1226159804738965504
1226159349661392896
1226159266962132998
1226159125018509314
1226158956504059906
1226158723527254016
1226158456190582785
1226157869499846656
1226003922030145537
1226003794359508994
1226003779738312705
1226003757579800576
1226003681499320321
1226003662574702592
1226003656509538304
1226003167097315329
1226002859239469056
1226002820265955328
1226002790272716800
1226002752351997953
1226002736941948930
1226002467696984064
1226002411631738880
1226002386944167937
1226002281394470913
1226002092436836352
1226001983846273029
1226001971393548288
1226001969057132544
1226001645152198656
1226001628290940928
1226001570376114176
1226001549937102848
1226001514918899712
1226001435524882433
1226001292964835333
1226001256264585217
1226001049246289921
1226000993663369216
1226000967348445184
1226000727698362368
1226000684371316737
1226000480842719233
1226000463637540864
1226000399527624704
1226000363549077504
1226000285446758400
1226000270267736065
1226000242308472832
1226000199484674048
1226000101161590784
1226000066374037506
1225999990385991680
1225999736752295936
1225999612428914695
1225999585589518336
1225999340541480971
1225999299252637696
1225999212837388288
1225998939276505090
1225998801346928646
1225998290748989440
1225998243898646529
1225998220477624321
1225997964314841089
1225997846626947072
1225997841644081153
1225997719489204225
1225997667760689152
1225997568049467394
1225997530577530885
1225997307633520640
1225997289321308160
1225997237014028312
1225997208207708160
1225997164104409088
1225997090553090054
1225997028859285505
1225996892246441985
1225996845840769024
1225996764806860800
1225996208096702464
1225996156121047040
1225995908434845697
1225995605580713984
1225995453470302208
1225995354967085056
1225995306791325697
1225995189946396673
1225995143624327170
1225994878108262402
1225994761565327360
1225994709035888640
1225994697467928576
1225994686503911425
1225994665117331457
1225994561866096645
1225994535118897154
1225994400213479425
1225994338729066496
1225994335906357249
1225994065776386049
1225993927032889344
1225993858309185537
1225993738125746177
1225993707037634560
1225993291478552578
1225993225250406401
1225992970744324096
1225992969792045057
1225992924887908353
1225992830155247619
1225992794675851264
1225992577381470208
1225992543214690304
1225992542962929664
1225992359634141190
1225992295679328259
1225992239836364801
1225992092624805889
1225991943060103169
1225991795936546816
1225991767314530305
1225991728332558337
1225991710016040960
1225991706601897984
1225991645834825729
1225991633235333120
1225991402653437954
1225991335095787520
1225991323011829760
1225991293651824640
1225991038252261376
1225990997965971457
1225990948544487425
1225990933713342465
1225990901631197185
1225990875236290560
1225990770408054789
1225990596071952384
1225990535153901569
1225990533698293762
1225990252248076289
1225990229862932485
1225990216000737282
1225990209596219392
1225989942465056768
1225989932503588865
1225989891978297344
1225989553510588416
1225989542492229632
1225989504906997760
1225989460615102464
1225989426574168064
1225989096012689408
1225989004522184706
1226080940352389122
1226080846307676161
1226080784177496064
1226080570268160000
1226080556284358656
1226080238263840769
1226080224296800257
1226080140603596800
1226079857387462656
1226079856632500224
1226079839116881924
1226079808913887234
1225945094148112384
1225945046693896193
1225945032903053316
1225944962803650560
1225944957187436545
1225944947020292098
1225944644996956164
1225944490231259136
1225944397545713665
1225944308622053376
1225943979159474176
1225943882673905665
1225943495744966658
1225943453642772480
1226034364250763265
1226034215692705792
1226034157882490881
1226034125125177344
1226034093453926404
1226033994283790336
1226033660203134976
1226033152344326144
1226032906222653440
1226032712114458625
1226032181362880512
1226032120243593216
1226031805851197441
1226031708924973056
1226031661877465090
1226031625219268608
1226031590712774657
1226031546043453440
1226031394830241792
1226031358725718016
1226031115544285184
1226031032652034048
1226031017078788097
1226030834584408064
1226030575779295233
1226030370149171200
1226030179795034113
1226030058046812160
1226029782351130627
1226029328846077953
1226029020808142849
1226028959730556928
1226028816507777025
1226028749218603008
1226028383160528896
1226028353179856896
1226028100632248320
1226028039156293633
1226027741859811328
1226027677221621760
1226026916206931969
1226026848024322048
1226026634903347200
1226026260519886848
1226026252617777152
1226026120845283328
1226025837780230145
1226025821997084672
1226025759296221185
1226025673157988352
1226025582745530369
1226025526554451968
1226025484175265793
1226025454605221888
1226025396631556097
1226025323751497729
1226025047527186433
1226025030129074177
1226025004615307264
1226024811228532736
1226024784586211328
1226024749962125314
1226024711559110657
1226024662334889986
1226024636833566720
1226024629401214976
1226024605346697216
1226024403273601024
1226023856982245376
1226023784294928384
1226023764921651200
1226023741211238400
1226023578635788288
1226023509966516224
1226023427045314562
1226023346950664192
1226022866199678976
1226022695520784384
1226022578583691264
1226022100978327553
1226021875119218688
1226021837672460289
1226021640724787201
1226021527281446912
1226021447669288960
1226021422947913728
1226021306644205568
1226021191988629505
1226021132320403456
1226020977747750912
1226020911540666368
1226020874806939648
1226020704249929729
1226020461290676224
1226020306051092480
1226020180041404417
1226020101683470336
1226019918300139520
1226019815300587520
1226019665056587776
1226019661080354816
1226019301972488193
1226019268996870144
1225973622390444034
1225973603323256839
1225973556795904001
1225973505419816961
1225973449383981056
1225973281368481795
1225973244177592320
1225973239060541442
1225973198681829378
1225972847668912128
1225972845508952065
1225972732388691975
1225972671978012672
1225972669729955842
1225972623634550784
1225972437680082946
1225972310756200449
1225972225926287361
1225972220540833792
1225972035538558976
1225971972024291328
1225971941258874880
1225971892437172226
1225971868689195010
1225971804960894978
1225971731770331136
1225971719644614656
1225971550681260039
1225971470406311937
1225971419265155072
1225971345839644673
1225971245910548480
1225971048119754752
1225970954439802880
1225970841353150464
1225970776991567872
1225970727335190528
1225970563673468929
1225970500397961216
1225970433461190656
1225970360178208770
1225970339710062593
1225970331606822912
1225970107303653377
1225969917377368066
1225969790768074752
1225969707225772032
1225969409380036609
1225969387007598592
1225969383622602752
1225969314253197312
1225969170342404103
1225968956076437504
1225968886597799937
1225968870814625794
1225968348401258499
1225968303874637824
1225968279451308032
1225967877083336704
1225967874176516096
1225967811031445504
1225967717091594241
1225967677329399808
1225967566130208768
1225967423674834949
1225967392049598464
1225967329114312706
1225967194720346112
1225967181508366336
1225967147387518976
1225967093356449797
1225967071483154433
1225967008954667009
1225966854675496960
1225966423790379008
1225966328135196672
1225966233356468224
1225966198531264512
1225965964581384193
1226038801211879424
1226038796925505537
1226038196124839941
1226038193180545024
1226038144493137920
1226038076461518848
1226037736026537984
1226037125461823490
1226037036949200897
1226036922461519873
1226036903956242432
1226036886008815617
1226036873916801025
1226036826881679365
1226036445338533888
1226036400933494784
1226036373297094656
1226036210881191937
1226036143663276034
1226035999446372353
1226035850519007233
1226035837025935360
1226035699884802048
1226035531386982406
1226035469068242944
1226035365565411329
1226035228667514882
1226035054331092992
1226263972573306887
1226263859729780736
1226263814406057984
1226263699536654336
1226263597933789192
1226263390399746049
1226263213190201344
1226262831269601280
1226262610498277376
1226262484232921093
1226262385406681088
1226262346294865920
1226262120192282624
1226262086818390016
1226262004329046016
1226262001451536384
1226261929129324546
1226261773105258496
1226261526631374849
1226261523661762560
1226261506771357704
1226261242781761536
1226261224104636416
1226261180211220481
1226261105678307328
1226260990330720258
1226260966481985538
1226260889541591040
1226260861720752128
1226260312552284160
1226260224010543104
1226260015553634304
1226259878009655296
1226259684446941184
1226259448831758336
1226259439662948352
1226259386680664066
1226259327016558592
1226259301842460674
1226259085659475968
1226258983096397829
1226258951391600645
1226258601653596161
1226258582187868161
1226258511916666880
1226258451069882368
1226258398758539264
1226258387295444992
1226258351039950857
1226258338641522688
1226258286447484928
1226258165236260864
1226257851879837696
1226257834112962562
1226257783361884163
1226257776080343040
1226257561885839360
1226257404985131008
1226257267483271169
1226257080497164288
1226257025631428608
1226256909621252096
1226256880122466304
1226256691689402369
1226256681379733505
1226256586244579330
1226256555395485697
1226256370061758471
1226256307835035649
1226256307675652097
1226256271185207298
1226256176825929737
1226256168064028677
1226256146798956545
1226256131342860289
1226256069019783168
1226255964879425536
1226255927915024385
1226255869370867714
1226255762541940739
1226255725510393856
1226255707969859586
1226255556308078592
1226255498544123904
1226255476926664706
1226255464368873479
1226255415484219398
1226255408169455626
1226255321477283841
1226255253902909440
1226255235326197760
1226255159740829699
1226255035752964096
1226255031441272832
1226254960016252929
1226254813471629325
1226254762963881990
1226254731032637441
1226254594017128448
1226254485716160512
1226254304878776327
1226254240378761217
1226254239858450432
1226254104776691713
1226254051790245890
1226254049697157120
1226254013672427520
1226254002066722816
1226253939177394177
1226253869518393345
1226253781563691008
1226253728669458437
1226253688060235776
1226253605973438466
1226253427950354432
1226253372396752896
1226253322841182213
1226253300598702080
1226253206017204225
1226253173456801795
1226252842547253252
1226252771344646144
1226252613387243520
1226252551298875393
1226252432583294979
1226252381714894848
1226252199170318342
1226252150147354624
1226251881841938434
1226251863617605640
1226251766016204803
1226251742037315584
1226251685703471105
1226251594683109379
1226251579600359424
1226251534129934336
1226251437551714305
1226251265866256384
1226251238158819328
1226251215148847104
1226251152704012289
1226251035196317696
1226250959065665537
1226250945371267074
1226250933538918400
1226250879088635911
1226250818959085570
1226250650830413828
1226250599051780096
1226250549273690114
1226250526355906560
1226250338405113856
1226250290678161411
1226250247556521987
1226250220226457600
1226250035215642630
1226249876645781507
1226249871730126849
1226249850842468352
1226249619014848513
1226249615906869248
1226249487930269698
1226249424931872769
1226249338583748609
1226249276650672128
1226249241632309249
1226249198548529152
1226249152578846720
1226249093879681024
1226249050388881408
1226248966209253384
