1289102368496263168
1289101903369064448
1289101680320090113
1289101582861312001
1289101293374578689
1289101286349185024
1289101216484593665
1289100956735434753
1289099868896722944
1289099645281591296
1289099550460788738
1289099312346075136
1289099307669479424
1289098818064179202
1289098636626780161
1289098621850460162
1289098446851448832
1289097969078337536
1289097370215612422
1289096183806402561
1289095598721957889
1289095564668416000
1289095032738205696
1289094720443027456
1289094062293819393
1289094043062996992
1289094024310206466
1289093576152854531
1289093474558640128
1289092728261939201
1289092383993483265
1289092191520985089
1289091542058115072
1289091363842269185
1289091029954682880
1289090311788957696
1289090029751607296
1289088856315375618
1289088848904028160
1289088558633029632
1289087833823682562
1289242215961829377
1289241687890378759
1289241570244325376
1289241324902703104
1289241271815421957
1289241232405704704
1289241175619039232
1289241103988744193
1289240618179280897
1289240548503687168
1289240488747208704
1289240373496143872
1289240175709581312
1289239916405170183
1289239627392458753
1289239590599983104
1289239559763623944
1289239070464339968
1289238887747817475
1289238556070875144
1289238033246584832
1289237993161519107
1289237736780525569
1289237684272021509
1289237513358344193
1289237409540927488
1289237364133388289
1289237279332999169
1289237119265730560
1289237055013232640
1289236651026202624
1289236478438944770
1289236458453127176
1289236300877271041
1289236098103693312
1289236014603440129
1289235743676612608
1289235655785152513
1289235371532988416
1289235261851865088
1289235174505320448
1289234604159676417
1289234375142526976
1289234134863433729
1289233687263969281
1289233682872426497
1289233152360226817
1289233134278422534
1289232549558931456
1289232118795481088
1289231944023027713
1289231672626405376
1289231251602157568
1289230877650636800
1289230856993742849
1289230739796443136
1289230714345578499
1289230706623655936
1289230695613702144
1289230573920112640
1289230401051877376
1289229689538535425
1289229682861174784
1289229530687664128
1289229104630263808
1289229090705350657
1289228982811009025
1289228978230722561
1289228576399687682
1289228514428743681
1289228502227533825
1289228164502151168
1289227961900519424
1289227940119687169
1289227390413967361
1289227314983624704
1289227225880035328
1289273251303170049
1289272938999377921
1289272585209827329
1289272100969046017
1289270532483895297
1289270485654466560
1289270484966621184
1289270169823375360
1289269105741066240
1289268963290030085
1289268550532620289
1289268532471988226
1289268091768025089
1289267751282814976
1289266447181463553
1289266276548796416
1289265590012538880
1289264949592649731
1289264857972224000
1289264388809953281
1289264095485554688
1289263992603414528
1289263087934042114
1289262966123225090
1289261619965341697
1289261324430536704
1289260512522334208
1289259598973505537
1289259547270422529
1289259488260820993
1289259342504443904
1289259271540977664
1289258357556039682
1288994703044538368
1288994549491097601
1288994000481988610
1288993333222748160
1288992952421724162
1288992805487095808
1288992733491732481
1288992105264709633
1288991756676194313
1288991509707186176
1288990792208527364
1288990742669660166
1288990322597474306
1288988747422248961
1289317801279119362
1289317759973613569
1289316964842614784
1289316126464151552
1289315899498016768
1289315731041955840
1289315523755274240
1289315411184386048
1289313462972084224
1289313446299701250
1289313199188107265
1289312730583769089
1289312518616182784
1289312379701006336
1289311729038450688
1289311509428854784
1289311262631919622
1289311089491087362
1289310820510269441
1289310690461679617
1289310287334703111
1289310164659474432
1289310020438351872
1289309322766356487
1289309243275907072
1289309184421289984
1289308908541157384
1289308322366197761
1289308245123768323
1289307823440986113
1289307687478427649
1289307207255773184
1289307108521852928
1289306972794175489
1289306895388311552
1289306374153756672
1289306072222535682
1289304943237578752
1289304765738803201
1289086835629731840
1289086399895998464
1289086146438483968
1289084218136580096
1289083604304199680
1289083345075281920
1289083325584351233
1289082640696393730
1289082634706939905
1289082561810042880
1289082222021156867
1289081854058954752
1289080240141205504
1289080120980971520
1289079515801686016
1289079447816146944
1289078826941775873
1289078565229572096
1289078499597328384
1289078320328409088
1289078107702517761
1289078013905244160
1289078011321552898
1289078008372961281
1289077799852994560
1289077662837661696
1289077362303406080
1289077297660608518
1289077256975982592
1289077141322321921
1289077022208094208
1289076271465496576
1289076144504016897
1289075291483017216
1289075127070720000
1289075071508602881
1289074738195832832
1289074733569449984
1289074716796497921
1289074708277755904
1289074693165785089
1289074671917371392
1289074408699629574
1289074304034861056
1289073852669100034
1289073610863255553
1289073575576707074
1289073036621017088
1289073024675676160
1289072820249477121
1289072780701339648
1289072513050464259
1289350059394383873
1289349573958225924
1289349560649822213
1289349531461496834
1289348555660857344
1289348065120280579
1289347369058754560
1289347026929324032
1289347007014871045
1289346125179187201
1289345975132151808
1289345833926684672
1289345504866742272
1289345348809490435
1289344998173847552
1289344989982527493
1289344753784373248
1289344423914950657
1289344371876417536
1289344326292525058
1289343770371096577
1289343543140466689
1289343452920967169
1289343320083165184
1289343039744303104
1289342872349802501
1289342249885556737
1289341846078910464
1289341535201312768
1289341306779717633
1289340965707292678
1289340849239646208
1289339878409265152
1289339557696040961
1289339010620375041
1289338847202082816
1289337279027318784
1289335795245920256
1289335685900431360
1289335127848386560
1289335091441721344
1289335038052454407
1289226561804091392
1289226501305507840
1289226432548282369
1289225898260959234
1289225850869579777
1289225777259491331
1289225562611830784
1289224722299777024
1289224603425034240
1289223451434131457
1289223445981605889
1289223398976036865
1289223353643884544
1289223057203253248
1289223021962473472
1289222847710269441
1289222574514282498
1289222525486948355
1289222140013707267
1289222075614363649
1289221968231727104
1289221918302679040
1289221689113370625
1289221339954348037
1289221182869213185
1289220971526668288
1289220747559239680
1289220519040966661
1289219791849365504
1289219787076378630
1289219357134880771
1289218862882283521
1289217773902548992
1289217530561613831
1289216351471468544
1289216129282408453
1289215758178775041
1289215403088961537
1289215087744446464
1289215055448350720
1289214867149164544
1289214516404686849
1289214412830605316
1289214313006333953
1289214307121557505
1289213887833808897
1289213782854709248
1289213589107044352
1289213441433985030
1289213400602431491
1289213274043461632
1289213241063698432
1289212766822129665
1289212036639887362
1289211612771971073
1289211598851018753
1289211541313613824
1289056115913883648
1289055962633048064
1289055686354034689
1289055646575296513
1289055542002868224
1289055406464159744
1289055352944766977
1289055078733811713
1289053934846443521
1289053447170355200
1289053143926484992
1289053124569661441
1289052223243087873
1289051960981819397
1289051921609822208
1289051453789741059
1289051098104213504
1289050337924526080
1289050171784003584
1289049869508698113
1289049275343626240
1289048251270942720
1289047991039467520
1289047611199102976
1289047470555594752
1289047387420401664
1289047289768665088
1289045999512674304
1289045297583267841
1289045206357114881
1289045120071790592
1289044639346032640
1289044537713852417
1289044341625769984
1289044220250972160
1289043740930134016
1289043512550449153
1289043193099628545
1289042827775635457
1289042638600110080
1289041949723369472
1289071393007689732
1289070531451420672
1289070421547999232
1289069379808825344
1289069050925060097
1289068203134660608
1289068110176301056
1289068083349528582
1289068046875684865
1289067562819637248
1289067416526311424
1289066897716080640
1289066591779540994
1289064996257832960
1289064845145518080
1289064522519642112
1289064115911106560
1289062869942833154
1289062664082264065
1289061899640897536
1289061081785106432
1289060652598927360
1289060381126729730
1289059122927644672
1289058280447152133
1289057626186113026
1289056797161066503
1289304222089977856
1289304136412954624
1289303107432718336
1289302026426503168
1289301815146708992
1289301779344048128
1289301714164686850
1289301589413335040
1289301509469949952
1289300982300463104
1289300780495908865
1289300695607386113
1289299949927243781
1289299845426155520
1289299740924891137
1289299600080175106
1289298708467597312
1289298588263002112
1289298298306584577
1289298017997053952
1289297832143278080
1289297786383425536
1289297599392919552
1289297488835497987
1289297104733495296
1289296750004416513
1289296421351559170
1289296419048759297
1289295916122271744
1289295857901174784
1289295246031851520
1289294264208424960
1289294148252495872
1289293389121359873
1289293387124731904
1289293259366260737
1289293159600513024
1289293139761672192
1289292963864932352
1289292241228320768
1289292228720914432
1289292152128720897
1289291996876558336
1289291987141574656
1289291694114889728
1289291633725280256
1289290334174814208
1289289697299030018
1289289542399414273
1289025302895747074
1289025230929887233
1289024740464746499
1289024691840192512
1289024568422731777
1289024243238424582
1289023928443183105
1289023434043744257
1289022603680559104
1289022567630725120
1289022545677750277
1289021517703962626
1289021468773421056
1289021203378831366
1289021201264803840
1289021139839311872
1289021113297584128
1289020650259197952
1289020400907812864
1289020389327278081
1289019920261373955
1289019680427053056
1289019520321978368
1289019062882729984
1289019020205850625
1289018987716546560
1289018538838040576
1289018531212857345
1289018489466847233
1289018473687822336
1289018444885745666
1289018197258260481
1289017007036403715
1289016814916296705
1289016645265088513
1289015789983432705
1289015778654617600
1289015122044698625
1289014796931624961
1289014109694914560
1289013532407689217
1289013318758236160
1289012773364490240
1289012717928488960
1289012458238214144
1289012385693523971
1289011759500558336
1289011693914329095
1289011603170406400
1289011578801512448
1289011198898380800
1289011007680131072
1289010518955630593
1289010277833486345
1289010277187555328
1289040661090533379
1289040419012173824
1289039935844921344
1289039841821327361
1289039298038177792
1289038985189191680
1289038717319917573
1289038661867249664
1289037881059823617
1289037550904938496
1289036572478898177
1289034463893245953
1289033101818187776
1289032988211257347
1289032945156538368
1289031442354274304
1289031329577869313
1289031129392009217
1289030096330739713
1289030076777013249
1289029929519251458
1289028678794399745
1289028218259771392
1289028211100196864
1289028034259976192
1289027929549287425
1289027893054574594
1289027748334374913
1289027565122985984
1289027043523301377
1289026765877370880
1289025735190024194
1289025594861076480
1289179569946103808
1289179503617425409
1289179393147863042
1289179257294340096
1289179242471727105
1289179181134184448
1289179119805063168
1289178916951744512
1289178770088189954
1289178554349924352
1289178331280109568
1289177882443440128
1289176675117182977
1289176578304274432
1289176149973557248
1289175972822933504
1289174136900612099
1289173981807783936
1289173493368594436
1289173203785400320
1289173122403328002
1289172483296260096
1289172174939381760
1289172049693270024
1289171887587618817
1289171483844018176
1289171451078008832
1289170899560624128
1289170294888902656
1289170014722035713
1289169603776491520
1289169101466660865
1289169011553570819
1289168940942458883
1289168379534692352
1289168242213363712
1289167456540401665
1289167422591729664
1289167188037783552
1289167145717264384
1289166961281077249
1289166371100606464
1289165985472290816
1289165409376059394
1289164944454242305
1288988313295233025
1288987758212644864
1289334940086108161
1289334526708199424
1289334400849596417
1289334356230586369
1289334009676181504
1289333078062587904
1289333037092737025
1289332850462822400
1289332250677403648
1289331858161844225
1289330318021922816
1289329946175782912
1289329509804716032
1289329184947372032
1289329147156680704
1289328473530445824
1289328049767321600
1289327847065051136
1289327720061493249
1289327623815012354
1289327551739912192
1289327154279272448
1289327034833895424
1289326685028941824
1289326553646665728
1289326078670987265
1289326021955604480
1289325321120935937
1289325021450637314
1289323603771576321
1289323033983741952
1289322442708733954
1289321672231682049
1289321378122887168
1289320938811478016
1289320720976228353
1289320692736036866
1289320538029072390
1289320268431679488
1289320079419559936
1289320047584768000
1289195785964236806
1289194157844475905
1289193605022666753
1289193549867573250
1289192536783777792
1289191591597441031
1289190848677081088
1289190693475295233
1289190692879847425
1289190592539512832
1289190560654213121
1289190367623909378
1289190248245854212
1289190220139651073
1289190055269916672
1289189877666451456
1289189764697141248
1289189652058918914
1289189371770318849
1289187755444985856
1289187628198305793
1289187058502647810
1289185598993924096
1289185039570415618
1289184901636341760
1289184880505520134
1289184877548466177
1289184624199966720
1289184441529544706
1289184059210358784
1289184046099116032
1289183864569487362
1289183483382779905
1289182864253181952
1289182564058636289
1289182073861754880
1289181745447751680
1289180961607802880
1289257380841168898
1289257220677369857
1289256609151979521
1289256239361175552
1289256151184375814
1289255774024171520
1289255766281482243
1289255700246310912
1289255600962981889
1289255349669650434
1289255199769612293
1289255001584410624
1289254446950563841
1289253975544406018
1289253362660081665
1289253186629332993
1289253091011735553
1289253028755697664
1289252532389203968
1289251800709844992
1289251657662910464
1289251413210460160
1289251357996785664
1289250996892454914
1289250852205551617
1289250752561467394
1289249898315956224
1289249656334155776
1289249245237829632
1289248416292147201
1289248055804403712
1289247270043451393
1289247043395833857
1289246905969471490
1289246689732198402
1289246303780663300
1289245681815756800
1289245319880818690
1289244962983251968
1289244919467409411
1289244724008636417
1289244567347195904
1289244474686746624
1289244363373965312
1289244290577829890
1289244258185039872
1289244002626093056
1289243804348878849
1289243623834308608
1289243375804137472
1289243368963203078
1289243021301579776
1289242703511687168
1289242700386988037
1289242444656082944
1289009883266908161
1289009583613149184
1289009456630476800
1289009429862658050
1289009405183369216
1289009172399366144
1289008864138911744
1289008483401072641
1289008390535024646
1289008263816765441
1289007640807460865
1289007460909371393
1289007153689305088
1289007028472446979
1289006760787730437
1289006603098718209
1289006591505838081
1289006280196186114
1289006093079805953
1289004129738776577
1289004063179366401
1289003896682106883
1289003847017533440
1289003729342083072
1289003557497090058
1289003280085835776
1289001754470887424
1289001609448620033
1289001554553405440
1289001322218389507
1289000655932325888
1288999683390607361
1288999599227666432
1288999536040411137
1288999180837572608
1288999109639016448
1288998834048303106
1288998641047404545
1288998567395328003
1288998152343678976
1288997558488985600
1288996798460125184
1288996729845669889
1288996215758233600
1288996192131506176
1288996081078947840
1288995639791980544
1288995515561123841
1288994986457993216
1288994827485491200
1289211061321658368
1289209884399898629
1289209676907724803
1289209405263601666
1289209316482801664
1289209046826803201
1289208275511066630
1289208016185618432
1289206960529657856
1289205738221395968
1289205722601762817
1289205385392357376
1289204762743717888
1289204513501597696
1289204149532401664
1289204126044356609
1289203794748641280
1289203358289391618
1289202846726893571
1289202332664606720
1289202244529750016
1289202093358645248
1289201946092429312
1289201655590735872
1289201299330863104
1289200831892303872
1289200319281287169
1289200124543922179
1289199761250107392
1289199697526046720
1289199313080299520
1289199135502082048
1289198741883203585
1289198546764218368
1289198509032431616
1289198390648037377
1289198339217489927
1289198167330676736
1289197655642370048
1289197342021713920
1289197228267986946
1289196917386223619
1289196771751559171
1289196706748407809
1289196704114253827
1289148446549716996
1289147952175501314
1289144978770362369
1289144599890530310
1289144574879776768
1289144532202921985
1289144531066269696
1289144370315145216
1289143418870956033
1289143332321411072
1289143169788137472
1289143152167837696
1289142120582873094
1289142036470194176
1289141237723934720
1289141136196427777
1289139444965048327
1289139087455277057
1289139002147106816
1289138668511170562
1289136582684008449
1289134799257505793
1289134690704793601
1289134689924644864
1289134626523373568
1289134374999461888
1289133861440544768
1289133419524431872
1289164441552998400
1289164093530636289
1289163670405054464
1289162995893964801
1289162264726196225
1289162047976964096
1289161871732310016
1289161471469875200
1289161468043091968
1289161396060426240
1289161215126769665
1289160899220013056
1289160876063256576
1289160079271501824
1289159984585080833
1289159895246307329
1289159869010857984
1289159825109053441
1289159307846590464
1289159302968565760
1289158694903713792
1289158539768807425
1289157135574740992
1289156681545297920
1289156602272997376
1289156351873044480
1289155822019162112
1289155730487074818
1289155638996553728
1289154500859531265
1289154136999628803
1289153743234011138
1289152955002662917
1289152844533309440
1289152478819184640
1289152146630414337
1289151838885879809
1289151262026428416
1289150178327433216
1289149965445586945
1289149868158545920
1289149784008220673
1289149606719180801
1289117626673717248
1289117501981446144
1289117493894602753
1289117345550675968
1289116847049043968
1289116659668660224
1289116207505764355
1289115835416498176
1289115729380487168
1289115052663099392
1289114322619305984
1289114203656265728
1289114031454789633
1289113483326427143
1289113195337019397
1289113039313219584
1289112924276101121
1289112623347310597
1289112370070003712
1289112206769033216
1289112174284156928
1289111047547367424
1289111004048240640
1289110762305261570
1289110423061635072
1289109837465427968
1289109318227369986
1289108930304643073
1289108575562928128
1289108504565952512
1289107728405680128
1289107368295399424
1289106606454702080
1289106385444040705
1289106323498586113
1289105734894903297
1289105662836908032
1289104465228955648
1289104387462311936
1289104310425575425
1289104203328229377
1289103612807974912
1289103491978399746
1289103280996585474
1289102603385618433
1289133010655354880
1289132843227131905
1289132021617504257
1289131738640384000
1289131538580463616
1289130496367177728
1289130181282738176
1289129895847763969
1289129862146342917
1289129745481904131
1289129210062278656
1289129099911483392
1289128859275681792
1289128052342104071
1289127442708340738
1289126970186436610
1289126867463675904
1289126679659646977
1289125962454532096
1289124287291576321
1289123781324218368
1289123641867808770
1289123405149515776
1289123208273240066
1289123034515804160
1289122353516027904
1289121931032231936
1289121768137994240
1289120692106035200
1289120575458344961
1289120237594394630
1289120199917146118
1289119271998521344
1289118645210120193
1289118512271826945
1289118189083930624
1289288769087123457
1289288678133518337
1289288554665750529
1289288516438880256
1289288393822674945
1289288232916615169
1289287411147538439
1289287218217881600
1289286507518279682
1289285930558328832
1289285502781108225
1289285352381976578
1289285303119876098
1289285168101023745
1289284939368652805
1289284699693527041
1289284495959441408
1289284068241076224
1289283188498472963
1289282875813052418
1289281887282724864
1289281811021996038
1289281653337026560
1289281614170558464
1289281363112329217
1289281174620246017
1289280934974353409
1289280758545354753
1289280438326845440
1289279873907716096
1289278094885269505
1289277709206478848
1289277675798847488
1289276205284253697
1289275669864517632
1289275495608131593
1289275172902453249
1289319803677638656
1289318978209247232
1289318907208073216
1289318599052734466
1289318189763981312
