1331159300308426753
1331159129902239750
1331158509690494983
1331158458373001217
1331157881606070274
1331157350691037185
1331157307875594245
1331157045542744065
1331156930090381313
1331156505291333632
1331156104093560832
1331155981909319681
1331155710118400001
1331155550143459330
1331155489477038081
1331154886357118976
1331154539781746688
1331154209874399233
1331153488462696448
1331153009884229633
1331152868372525058
1331152628047360003
1331152445754413056
1331152150584569862
1331151676015833091
1331151482956210176
1331151475976900611
1331151370032869377
1331151166433075200
1331150900195336192
1331150644816846850
1331150084520734725
1331150039800967168
1331149496693223426
1331149202093694977
1331148879136497667
1331148439283929088
1331148406589427713
1331148370560225280
1331148325433843712
1331148065235939329
1331147862772764673
1331147827301523457
1331147786046332929
1331147491270594560
1331147398496837632
1331147146305953792
1331147110184579072
1331146819921907712
1331146733754179590
1331146727324147713
1331146473959002114
1331146446003871746
1331146299287113729
1331146255054082050
1331146190390325249
1331146114632921090
1331146070148059137
1331146010840723456
1331145937545293828
1331145877235363841
1331145832708534273
1331145719927824384
1331145702274117632
1331145630069166082
1331145626772357121
1331145591133356033
1331145480672337921
1331145435587768324
1331145318583320577
1331145232826634240
1331145185556762624
1331145053234896898
1331145016585068544
1331144934754295815
1331144901321363456
1331144632449851394
1331144539839533056
1331144461095604224
1331144420570193920
1331387061153136641
1331387040492040194
1331387023467433985
1331387011245236224
1331386885210562568
1331386827408891904
1331386714523361280
1331386707468570633
1331386695649009669
1331386623267909632
1331386582306336768
1331386486793654272
1331386419449917443
1331386392862134273
1331386360695910400
1331386335198736384
1331386304051994624
1331386299241074688
1331386220971225090
1331386096845004800
1331386079526744066
1331386077698019328
1331386050049093632
1331386043875160066
1331385821530886151
1331385810336292864
1331385721979015169
1331385655763591168
1331385562230632452
1331385396169744385
1331385395830026241
1331385304180281350
1331385194406883341
1331385005961076736
1331384916760797184
1331384850855514113
1331384680432754690
1331384679983841281
1331384675747704832
1331384399766536198
1331384370859565057
1331384216974667776
1331384166408196096
1331384099941068800
1331384016843444224
1331383926418337792
1331383852980445186
1331383803013697536
1331383644305436672
1331383613959507968
1331383383721730050
1331383195691077634
1331383156121939968
1331383131757133824
1331383094419410947
1331382991860412423
1331382979487207425
1331382961602629632
1331382834204913664
1331382627417296896
1331382572744585218
1331382513453948929
1331382509104287745
1331382221719146503
1331382125052903424
1331381936519057416
1331381916398989313
1331381834157068290
1331381521190674433
1331381462566899712
1331381453809086465
1331381158840573958
1331381125080608768
1331380965344645121
1331380919253528576
1331380862206689281
1331380718468014081
1331380678181711876
1331380632019214336
1331380590730473475
1331380524724723718
1331380497814056960
1331380437797785602
1331380288077897729
1331380234109784068
1331380224076996608
1331380158897467394
1331380154896158722
1331380091956375552
1331379996011630592
1331379962113298433
1331379925878788097
1331379906463363075
1331379810317250560
1331379804424302594
1331379786778816512
1331379696974622722
1331379652158513152
1331379636647981056
1331379624308301827
1331379531601600512
1331379334062501888
1331379195411357696
1331379121042100224
1331379029060927488
1331379013378596864
1331378967576678402
1331378929194721281
1331378837758898182
1331378817043210241
1331378743726714881
1331378713955545088
1331378694947020801
1331378649879236614
1331378597383204868
1331378550667153408
1331378341195091968
1331378328494804994
1331378187591323648
1331378163948154880
1331378161221824516
1331378153999175680
1331378146109636608
1331378122281930760
1331378023837298690
1331378018980392962
1331377921236365312
1331377826075987969
1331377795931328512
1331377780358066181
1331377763660537856
1331377696295723008
1331377688548880385
1331377645808984064
1331377626422931457
1331377619330232320
1331377619086974976
1331377554763247617
1331377549272748037
1331377535607844865
1331377530268495878
1331377376194940929
1331377338353733638
1331377315268407297
1331377307701932032
1331377289389477888
1331377197404209152
1331377112020869120
1331377097496031233
1331377041132965889
1331376950355615745
1331376908051746816
1331376831094812675
1331376773993549825
1331376597484658689
1331376482170544129
1331376376948154368
1331376162522755072
1331376083065778190
1331376006360408070
1331376005974544385
1331375935690575872
1331375832917565441
1331375782996807680
1331375757759827969
1331375658140831747
1331375627346259969
1331375585747218432
1331375504092434432
1331375472131907593
1331375452754223105
1331375379194540033
1331375319287173121
1331375265365241856
1331375234709118977
1331375142329593863
1331375132695277576
1331375072368594944
1331374853568356354
1331374844009713671
1331374795036954625
1331374764867334150
1331374688543539202
1331374649188491268
1331374506607341570
1331374489372909570
1331374386541174784
1331374353259388932
1331374301312901120
1331374145033134080
1331374041807122434
1331374019380195332
1331373978347335680
1331373965303033857
1331373954515300354
1331373946294464519
1331373823355138050
1331373751775211521
1331373719609106432
1331373714907287553
1331373707051163648
1331373693419859970
1331373601589780480
1331373441560285186
1331373383985074177
1331373225767473155
1331373187867750403
1331373178350919682
1331373116573028355
1331373095207268360
1331373077075255300
1331373035874639872
1331372998100660231
1331372997094072321
1331372989359812611
1331372975195631624
1331372940781346817
1331372939258646529
1331372914059464704
1331372888948170753
1331372722333552641
1331372638866874369
1331372578695499776
1331372551222816769
1331372445262090242
1331372411741147138
1331372160695328768
1331372028734148608
1331372023445073920
1331371977467113474
1331220241360236545
1331220185995415553
1331220150792691714
1331220137341579264
1331219970361966592
1331219961105182722
1331219608200765440
1331219090866720768
1331218986982277120
1331218930560483330
1331218879499137024
1331218877989195779
1331218713555603465
1331218701903912965
1331218605661446147
1331218204027465729
1331218174067552257
1331218091577987072
1331217981595148288
1331217791479902208
1331217636009492480
1331217554333978630
1331217411937349632
1331257750907662337
1331257469495021575
1331257261147164679
1331257252322430979
1331257196013776897
1331257190108291073
1331256840395522050
1331256744958418949
1331256665304424449
1331256636967555078
1331256598560464898
1331256417626574852
1331256193172516869
1331256185333444615
1331256100348436481
1331256053544194062
1331255518296469507
1331255472284971010
1331255367788007424
1331255188728860675
1331255138841989126
1331255121431420938
1331254921979686913
1331254854266843136
1331254803947778048
1331254687744618497
1331254556488052739
1331254491983777796
1331254488972337153
1331254445527724033
1331254093348630528
1331254079088177154
1331253708588539911
1331253663420063746
1331253388282048522
1331253376873533442
1331253277204221953
1331253269256163329
1331253174800445440
1331252971129200643
1331252866787520512
1331252580538871815
1331252578772987910
1331252465174523904
1331252177340391429
1331252130804588544
1331252064354185218
1331252031995207689
1331251967553916931
1331251964412391424
1331251953020653570
1331251878923997185
1331251674128781323
1331251402077859845
1331251138662969365
1331250930977824775
1331250911176499204
1331098202041430016
1331098201558978561
1331097964140523520
1331097730115133440
1331097548623400960
1331097391143874564
1331097261934260227
1331097160297771010
1331097080773947392
1331096776921780225
1331096644956274688
1331096203681964033
1331096149420216321
1331095994293948418
1331095856121057286
1331095659194232833
1331095650180747264
1331095081487458304
1331095054140780544
1331094994803822592
1331094937056800768
1331094763324526592
1331094349032124417
1331093939118600193
1331093859829506048
1331093473135636482
1331093215034880001
1331093119564177409
1331092900629901312
1331092727925235714
1331092598719721479
1331092558261338112
1331092449704480769
1331091978285674496
1331091846190297088
1331091238284648448
1331090957136240640
1331090931169325056
1331090763216777218
1331090728982884352
1331090491463634948
1331090230623961089
1331090057638375429
1331089151303823361
1331089084559855618
1331089075038806016
1331089010463268864
1331088567620268032
1331088369561071616
1331088291245023234
1331088117021990913
1331087666708791296
1331087527311118336
1331087333869969408
1331086751511818242
1331086415732596738
1331085828408438785
1331085313238855680
1331084256169357314
1331084105400934403
1331084099583438849
1331083891747250177
1331083864861790208
1331083633210269696
1331311341554941952
1331311338086391809
1331311176937041929
1331311148923314176
1331311016219729920
1331310980136116224
1331310893871796224
1331310854139154433
1331310831858925568
1331310829598351361
1331310717635416064
1331310618088009735
1331310504040673284
1331310379113340936
1331310308187639813
1331310193649520640
1331310113672613888
1331309963843678213
1331309844960309261
1331309813335273474
1331309766963027968
1331309575811772422
1331309450578292740
1331309440998514690
1331309396429856771
1331309232063442945
1331309112697757696
1331308869298106375
1331308752687992836
1331308715413286916
1331308584706117635
1331308333182148610
1331308276638752769
1331308225870893056
1331308155721158657
1331308127325745157
1331308102747041795
1331307921653821441
1331307902720765955
1331307752707207168
1331307661795729410
1331307657228062720
1331307528018419714
1331307373819023360
1331307217430036480
1331306685848186882
1331306663698182146
1331306549235437569
1331306489051484160
1331306174277431314
1331306119696961537
1331306081742704647
1331306058875334656
1331306018064699401
1331306007717351426
1331305844563177485
1331305792251654146
1331305736488554502
1331305641827332103
1331305636420747265
1331305469185495042
1331305435421405189
1331305350037983234
1331305285802188800
1331305101852598277
1331304986320515072
1331304597311381506
1331304392163725322
1331304275243364356
1331304227264720897
1331304218121166853
1331304191608950792
1331303293822373891
1331303284225748992
1331303158627381251
1331303076972597250
1331302880754733057
1331302843458924545
1331302365752745984
1331302111510859776
1331302053793116160
1331302048130879493
1331301997727932418
1331301710158065664
1331301545959247874
1331301536534843392
1331301485452398592
1331301443609845761
1331301346222493703
1331301258628501504
1331301220993159172
1331301117075001344
1331301106522132481
1331300941476343809
1331300856931774464
1331300694456938496
1331300655043063808
1331300551561277442
1331300444182818816
1331300161629335558
1331300093438390273
1331300040736976898
1331300026279194625
1331299958046257154
1331299933761261569
1331299826668081156
1331299808062140416
1331299790785753100
1331299600687374338
1331299545620176896
1331299445175066626
1331299213737664513
1331028053582106626
1331027872379777025
1331027802058002439
1331027761196978176
1331027658591842304
1331027542543765504
1331027493147398146
1331027313618604032
1331027220710760448
1331027188934533121
1331027175429074947
1331027019094650881
1331027011075248139
1331026953332273154
1331026866698940416
1331026685156679681
1331026532735873024
1331026156628439040
1331025989971808257
1331025946942590977
1331025671041245184
1331025566506520583
1331025554250883073
1331025536634777601
1331025469479718913
1331025012896239618
1331024943543427079
1331024933061881868
1331024930591404033
1331024845480488961
1331024819987484672
1331024736625729536
1331144055648993280
1331143981619699712
1331143895837642753
1331143852154085377
1331143748261036034
1331143661350948864
1331143593013243904
1331143395390103558
1331143270819274752
1331142458013609984
1331141736345657344
1331141532443762689
1331141489536143360
1331141143036358663
1331141135037853697
1331141119237820416
1331140957174165506
1331140864098279426
1331140616386998272
1331140613203431424
1331140094275715075
1331139680142692352
1331139327796113410
1331139323354259462
1331138749934211073
1331138689418752002
1331138622960017408
1331138374761996288
1331138363680808960
1331138150660390912
1331138033542893570
1331137577030742017
1331136937512611840
1331136933146226689
1331135962810822656
1331134959487213569
1331134780130390016
1331134717807243264
1331134391595175936
1331133937360523268
1331133627766337536
1331133231777927169
1331132440279191552
1331132172670001153
1331132008295231488
1331131986099007490
1331131900065312769
1331131707639037952
1331130724582305793
1331130157726306307
1331130072334479360
1331129720730095619
1331129338054512641
1331129315585613824
1331129274464673793
1331129201907412992
1331174520670072832
1331174228125569025
1331174065466449920
1331173864257228801
1331173706236788736
1331173675647836163
1331173515538489348
1331173382721736704
1331173307845062657
1331173171710529537
1331172994203443200
1331172990495633414
1331172938993766403
1331172899563114497
1331172869573726208
1331172863513038848
1331172793233276934
1331172373245153281
1331172294694146048
1331172034596966400
1331171635878047745
1331171358265511936
1331171346114617345
1331171257702887424
1331171055625531392
1331169536758984704
1331169028082196484
1331168709134708736
1331168585327243264
1331168518784634881
1331168271605899265
1331168254442823684
1331168099048026112
1331167593022058497
1331167585229017088
1331167517323239426
1331167380811227136
1331167377405329409
1331166814856998914
1331166627593924610
1331166531854749697
1331166384613707777
1331166262437744644
1331166260911087618
1331166067285250053
1331166063082446848
1331166014759985152
1331165968161095680
1331165938276773889
1331165483228405760
1331165384947462149
1331165257168015360
1331165144953593858
1331164945476677634
1331164848948977664
1331164840623104000
1331164045420818434
1331163888927322113
1331163846396919808
1331163797994803201
1331163423976124422
1331163410374008834
1331163362349248513
1331163007984943104
1331162623300157440
1331162616606167040
1331162221938839555
1331162165592592384
1331162119438557185
1331161624145780738
1331161545871593473
1331161391412219905
1331161207001075718
1331160962137804801
1331160637490290693
1331159717775892480
1331159601048293377
1331265869813432321
1331265766356750336
1331265714649350145
1331265672442245122
1331265613508063233
1331265558260506625
1331265552510193664
1331265231096602624
1331265157897523202
1331265128927428611
1331265120576671744
1331264873586692097
1331264689909723136
1331264684423475200
1331264653234724867
1331264531327295488
1331264357314031626
1331264209594839043
1331264073476972546
1331263957319999489
1331263830647779328
1331263768882384896
1331263646966624258
1331263642067734528
1331263443811381256
1331263276974477316
1331263263783399424
1331263079049465864
1331262386200850438
1331262377904451585
1331262372879732737
1331262370874863616
1331262364809879559
1331262317892399109
1331262243313430530
1331262168164134912
1331262147515465729
1331261975582580736
1331261868418211841
1331261710397792260
1331261686129553412
1331261503102709760
1331261452666216448
1331260945419612161
1331260939056734208
1331260819452129281
1331260638765735937
1331260555517161472
1331260460402843649
1331260404018896897
1331260152541028354
1331260141606367233
1331260044835479560
1331259761996689410
1331259665288744962
1331259322546970629
1331259308466724879
1331259299394359296
1331258964277923842
1331258870149181440
1331258674870968324
1331258584324313091
1331258361673904128
1331258244501811200
1331257945938665472
1331257861708648448
1331257841282322433
1331217250221756417
1331217051315286016
1331216764563316736
1331216610921734144
1331216513974620162
1331216504818462721
1331216450447544322
1331216269547368448
1331216266321940480
1331216181882130432
1331215631857954816
1331215618910121986
1331215590556635138
1331215464794558465
1331214803289985025
1331214690442227713
1331214641859612677
1331214520111542272
1331214154573627395
1331213868379512834
1331213756001447937
1331213649982214144
1331213614699732994
1331213220795871234
1331213144123957248
1331212846525505536
1331212733849677824
1331212346338009091
1331212323005095938
1331212066544361475
1331211964471709698
1331211962039099392
1331211765896634370
1331211673215115267
1331211654189756416
1331211643351691266
1331211637647413248
1331211610350825474
1331211493011034114
1331211095923691524
1331210609401212929
1331210513515237376
1331210503146835970
1331209328573952008
1331209162336964611
1331208870820253696
1331208382703955972
1331208110359392259
1331207771891527680
1331207675703660546
1331207153386864640
1331206856719601670
1331206813941841923
1331206803888234497
1331206750503055362
1331206672711225346
1331206670215737346
1331206643699343361
1331206522769186817
1331206427642191873
1331206195999248384
1331235556127363074
1331235036222398467
1331234856848814087
1331234760044253185
1331234047226507265
1331234008408141824
1331233713653489668
1331233612251820032
1331233452725661696
1331233452344168449
1331233066547875843
1331232905767637003
1331232384545656835
1331232231491244039
1331232206245699587
1331232026368892932
1331231961495564295
1331231722281836544
1331231643391156227
1331231605973782528
1331231124144721921
1331230974882025472
1331230293198594048
1331230036020633602
1331229935248297984
1331229814959861760
1331229696671969283
1331229649465208833
1331229567269429248
1331229458158800896
1331229405444775936
1331229118210351106
1331229117493235713
1331228838412640256
1331228836550356998
1331228835107442688
1331228610410262536
1331227983470862342
1331227703308070912
1331227630599868416
1331227619333910528
1331227522562891778
1331227441713483776
1331227393663651843
1331226986115723264
1331226950753341441
1331226318218924032
1331226225373659136
1331226161683247106
1331225753212612609
1331225735218925569
1331225613475016706
1331225552175452162
1331225479123263488
1331225467551174657
1331225138994569217
1331225096070033410
1331224980349136900
1331224443201282050
1331224371218833408
1331224369507471362
1331224121871642625
1331223922596073487
1331223914656243714
1331223914018709508
1331223579304681472
1331223533272375298
1331223528948035586
1331223482483568642
1331223426241970176
1331223192501882883
1331223020044632064
1331222870098399233
1331222338357125121
1331222337925033986
1331221982826934274
1331221735383986179
1331221628559224834
1331221359926665218
1331221357808521218
1331221349419937794
1331221339814899713
1331220966194745351
1331220553752072199
1331220521908797442
1331220477994471425
1331205044398551044
1331204983539326977
1331204945090064384
1331204882389405700
1331204795441446917
1331204717796528129
1331204558953988096
1331204319916535810
1331204280691290114
1331202940799946752
1331202905022599168
1331202606463676416
1331202212677242883
1331202096901873667
1331201875161407488
1331201695611752448
1331201656671842305
1331201624161869825
1331201613386706944
1331201458528808960
1331201199870185472
1331200816435261440
1331200428080574464
1331200031408484353
1331199696291983363
1331199689002283008
1331199402845773825
1331199076440940544
1331198597245841417
1331198268471054338
1331198263106498562
1331198206533722112
1331198129773965318
1331198005442195458
1331197829767806977
1331197771114811394
1331197743960875017
1331197741360353285
1331197696443625480
1331197461419855879
1331197227981737985
1331197221920968707
1331196756894359552
1331196753115291649
1331196120643538948
1331195762584260608
1331195577300729856
1331195266981097474
1331195026836250629
1331194909030694919
1331194841573822464
1331194804198379522
1331194341381996545
1331193890796412928
1331193743408582657
1331193317980311553
1331192959610589184
1331192593569476610
1331192465391554560
1331192408743178241
1331191743631433730
1331191618259595265
1331191397219786753
1331191305871839233
1331191286951514112
1331191163936796676
1331190331132428289
1331371855337443332
1331299097479843841
1331299072804859909
1331299038545600519
1331298844156551168
1331298822635593729
1331298537666195467
1331298532008005632
1331298061507825664
1331297974710886402
1331297869521952773
1331297479195844608
1331297425085112321
1331297398858059778
1331297275369435139
1331297053360664577
1331297041239171076
1331296994145546244
1331296859441176578
1331296749185617927
1331296614107860993
1331296476664897540
1331341607669522439
1331341568918368257
1331341533296078850
1331341527168200704
1331341468989009925
1331341351556947969
1331341351296884739
1331341270254542857
1331341115291697152
1331341089157083142
1331340841139527690
1331340828510449664
1331340816204304386
1331340783916445701
1331340769416851456
1331340750920028160
1331340742539825157
1331340688114454529
1331340671022739456
1331340666560012288
1331340590022320132
1331340588109733890
1331340494450913284
1331340402402729984
1331340381745598467
1331340218088235009
1331340200224714752
1331340170428358664
1331340080414339075
1331340048059543555
1331340028044308489
1331339970750148608
1331339953402363905
1331339886876651520
1331339865565249536
1331339816382947328
1331339701308026884
1331339691975733252
1331339684367175680
1331339471938269184
1331339379600732161
1331339076398698498
1331338997021376512
1331338737930866689
1331338687309770752
1331338486725545985
1331338341242040320
1331338226620051457
1331337941118046217
1331337860981682177
1331337799799365633
1331337479417425923
1331337418776190977
1331337345405161491
1331337329332596736
1331337328808382464
1331337191356850178
1331337128459071491
1331336977828999170
1331336940369678351
1331336924016095234
1331336921344258055
1331336797524267008
1331336716481912840
1331336639931703302
1331336618645409792
1331336580032835587
1331336564312563713
1331336536365948930
1331336473665277954
1331336443449516034
1331336373555458048
1331336299693924353
1331336248296878087
1331336247541960706
1331336210594361351
1331336184296075270
1331335987365093376
1331335987318943746
1331335877960880130
1331335799904772096
1331335730682060803
1331335622305468419
1331335622263513091
1331335613556154368
1331335550754828293
1331335520224473095
1331335419460513793
1331335398665166852
1331335321854881797
1331335238241366016
1331335209413996551
1331334930924711938
1331334921403715584
1331334880655859712
1331334799286530050
1331334769750253568
1331334649306550272
1331334611910189057
1331334502023634944
1331334291519926273
1331334206845317122
1331334199274561539
1331333880943575040
1331333877009436672
1331333827147440128
1331333745870315524
1331333742539939840
1331333679113760768
1331333432178302979
1331333422971838464
1331333241039675393
1331333174006308864
1331333098240356353
1331332776885448704
1331332582198407170
1331332509704081408
1331332270142189569
1331331937521311746
1331331712589115399
1331331689117782017
1331331622721908736
1331331466765209602
1331331326541258752
1331331278126329858
1331331212284190721
1331331149046702080
1331331027873107969
1331330501135585280
1331330389391024130
1331330349184540684
1331330244964397058
1331330242028466177
1331330013027856384
1331329940168511488
1331329612559884288
1331329510109634560
1331329499632332800
1331329376613507073
1331329310695825411
1331329304609886208
1331329299727720451
1331329004041768961
1331328739439886337
1331328667830595584
1331328558573219840
1331328495788707844
1331328434862129154
1331328330239537152
1331328288317468672
1331328196378324992
1331328151394398211
1331328116007055361
1331327947505020933
1331327890659676170
1331327620827365377
1331327514615099399
1331327457031450626
1331327419349798912
1331327308452466692
1331327242320760832
1331327114017185792
1331327048615424004
1331326971180093440
1331326907535732736
1331326841639096328
1331326829228142592
1331326662638759938
1331326573656629250
1331326527728967685
1331326522519646209
1331189880496459776
1331189679929110530
1331189608047063045
1331189469387624450
1331188972589092866
1331188913210159104
1331188633542553604
1331188564697243648
1331188146608988160
1331187748988968963
1331187529249329159
1331187525264654338
1331187074192596993
1331186815966060547
1331186068058566656
1331185914614308865
1331185620123836416
1331185432911089664
1331250739231006721
1331250557781241859
1331250228616441858
1331250043093970959
1331249826722410502
1331249811174158342
1331249718710726660
1331249583062659073
1331249437881065482
1331249369341943814
1331249342590693379
1331249339629514755
1331249279416012800
1331249272436690948
1331249209249570818
1331249203448786949
1331248884283289602
1331248762459656192
1331248761780232196
1331248628803964931
1331248527163396097
1331248314499665930
1331248110346137611
1331248032919281664
1331247867021889537
1331247695999213573
1331247618165452802
1331247562737782788
1331247535026020360
1331247368520478722
1331247148760002565
1331247037417926659
1331246499326349312
1331246361044525068
1331246335203434500
1331246130403946505
1331245966645719044
1331245883061661696
1331245765390438400
1331245686814339072
1331245567238877185
1331244724880072710
1331244671125872641
1331244347988340738
1331244173345828868
1331244171437375488
1331243948644372480
1331243898702794752
1331243843694567426
1331243684445057025
1331243522234736645
1331243460301647872
1331243349572014080
1331243309050843145
1331243299118739459
1331243250951327751
1331243107283836930
1331242884226560002
1331242813179260938
1331242783080927233
1331242412740648963
1331242399742517251
1331242068803346433
1331242048305958913
1331241796303728648
1331241386042077198
1331241132106403845
1331241015362072577
1331240352532017154
1331240231660625939
1331240197611261954
1331240039653789698
1331239961987862535
1331239743426875395
1331239568625053696
1331239482478252034
1331239443114708992
1331239439889207300
1331239127073878016
1331239073210454023
1331238966000050181
1331238884622077952
1331238816531812352
1331238710063534080
1331238557047001094
1331238462188470273
1331238439396597760
1331238362494111744
1331238128724692992
1331237989436022785
1331237943982366720
1331237855516037121
1331237667779063810
1331237657419059202
1331237641778499591
1331237543648616448
1331237463361261570
1331237450908364803
1331237377168322563
1331237363062886409
1331237349875912706
1331237140458590209
1331237105318715392
1331237043867889665
1331237032618766336
1331237020874764303
1331237010808442884
1331236791362465796
1331236781140942848
1331236767706570756
1331236753341026305
1331236664048553987
1331236652036091905
1331236409995390977
1331236396166733826
1331236328470614027
1331236242567159813
1331236144139341825
1331235934688391170
1331235924915621889
1331235903268941826
1331235812764160001
1331235665330245632
1331235658749206529
1331185265784856577
1331184978454061058
1331184968106590208
1331184942198317058
1331184723469737984
1331184622085021697
1331184463427088384
1331183896436875264
1331183842414178304
1331183726760521728
1331183376133468160
1331182954123579393
1331182924545179648
1331182552925736960
1331182471262703617
1331182192664436736
1331182147290476544
1331181895485333505
1331181716237651969
1331181438004170754
1331181410208653312
1331181172890734593
1331181030846283776
1331180876441456640
1331180867809579009
1331180528586788866
1331180496064303104
1331180330292834304
1331179916470136833
1331179712073379842
1331179652937728001
1331179621719678981
1331179554057043969
1331179000912351234
1331178641682731009
1331178635366117376
1331178471926730755
1331178113938706433
1331177966869557251
1331177911446085632
1331177820974952448
1331177791442857986
1331177715190411265
1331177611582697474
1331177470389866499
1331177431579803648
1331177199291031557
1331176812345520134
1331176765386055681
1331176411445436416
1331176345578172416
1331175945709907970
1331175868350279683
1331175809453842434
1331175549885091840
1331175072711766016
1331356739590123520
1331356664436559875
1331356521192706048
1331356314811830274
1331356265507934215
1331356259019345925
1331356255965884425
1331356127397900301
1331356082577534976
1331356026172477444
1331355878826536960
1331355825588334602
1331355779916591104
1331355767052623873
1331355483156983809
1331355477310103555
1331355436965126150
1331355426429018115
1331355401191903232
1331355313048604672
1331355221818298372
1331355135902162947
1331355113827360769
1331355042394279941
1331354897493716994
1331354886781464583
1331354814496845825
1331354406089076740
1331354391882952705
1331354345825325064
1331354324337876992
1331354265772810242
1331354254204936198
1331354232281325570
1331354190862553088
1331354044464574465
1331353967025156097
1331353879468904448
1331353697075548168
1331353676120723460
1331353557430382593
1331353434595987458
1331353243583123460
1331352987348787200
1331352942889340930
1331352913038422018
1331352885473533954
1331352826178637826
1331352637367869443
1331352570359652354
1331352555599892480
1331352522049679362
1331352502319673345
1331352485693448194
1331352462297534467
1331352424888627206
1331352391015411712
1331352370022932480
1331352338544685056
1331352332949450752
1331352254402670594
1331352190540189700
1331352096743059456
1331352069257785345
1331352017122566147
1331351991700901893
1331351988748095489
1331351923237195783
1331351577953767430
1331351522375069709
1331351495292432386
1331351443735982084
1331351429513162753
1331351426761678853
1331351297350578177
1331351238898757637
1331351211799351302
1331351187745071104
1331351152353488896
1331351146292711425
1331351128366321670
1331351090676207616
1331351087878729729
1331351068974993414
1331351006718742528
1331350938238537730
1331350905279684608
1331350853819768835
1331350818495340549
1331350765898752003
1331350732897968131
1331350660835549184
1331350644020621313
1331350536969457666
1331350492396580866
1331350400855797760
1331350384774877190
1331350300154793986
1331350280621883392
1331350227534581761
1331350167371464705
1331350026132606990
1331349926438178823
1331349910336249862
1331349864492396544
1331349740315840513
1331349539362508802
1331349380834742273
1331349378494312449
1331349370881576960
1331349322026389511
1331349170611863552
1331349164375109639
1331349057328058370
1331349016823652354
1331348981415284740
1331348585183633408
1331348557488480257
1331348343814049795
1331348238520250368
1331348148153880576
1331348109650239495
1331348104977805313
1331347996223688711
1331347801310113792
1331347762366083072
1331347753235075072
1331347748092850176
1331347609781489665
1331347607847833601
1331347523303321600
1331347499840380931
1331347465681952771
1331347463500943366
1331347404327628809
1331347327437574144
1331347304532553728
1331347301009297409
1331347287327576065
1331347190380437505
1331347185707921414
1331347160441434112
1331347154728853506
1331347144045944840
1331347133363081217
1331347087821299715
1331347026748051456
1331346995827650564
1331346971135799304
1331346961396535303
1331346951196078081
1331346931650588676
1331346904844734466
1331346890709938177
1331346862415069184
1331346737974435842
1331346565764681728
1331346528582164493
1331346479110377476
1331346413154922498
1331346394423193601
1331346368158441472
1331346367252402178
1331346339049910276
1331346331189862401
1331346328434188289
1331346275346878464
1331346253356036096
1331346245739294722
1331346189573353472
1331346148821495819
1331346060891934721
1331346003258200068
1331345984002125831
1331345978780246020
1331345958962143242
1331345935176232964
1331345875319336961
1331345762769379330
1331345716426534914
1331345603054415873
1331345599040528385
1331345489036517382
1331345473551151105
1331345462180372487
1331345423521501192
1331345422707777536
1331345406274449410
1331345388037677058
1331345332773429248
1331345269267587074
1331345251622154248
1331345249306890240
1331345216218001411
1331345184198692865
1331345165018128384
1331345141911707648
1331345108168486917
1331345089252225026
1331345047967698949
1331345025733709827
1331345020733902849
1331345015210201091
1331345009342369802
1331344990535036929
1331344948730466307
1331344821856989188
1331344781901905920
1331344767872065537
1331344708795310087
1331344623709671434
1331344606353641475
1331344593607155712
1331344541496971266
1331344517535051776
1331344512497684482
1331344496139919361
1331344447020396546
1331344343412649988
1331344295438282753
1331344250500509697
1331344242187378693
1331344242011156497
1331344236038545415
1331344182296932355
1331344175887912961
1331344126726508545
1331344098578624513
1331344096250777607
1331344045298343941
1331344040973963271
1331344029351628805
1331343995167936513
1331343962758664199
1331343954759929857
1331343935810252801
1331343930324037637
1331343885889626116
1331343685888380934
1331343684948910084
1331343627172405248
1331343313362956289
1331343282044014592
1331343213764874241
1331343210048860162
1331343060731645952
1331343040951193601
1331342923363827713
1331342867017719809
1331342844557221889
1331342684133470218
1331342591573553153
1331342564830699523
1331342240724230149
1331342230292889601
1331342152413052934
1331342102324596738
1331342064441810944
1331341911542669312
1331341848644886532
1331341825911754758
1331341738221383683
1331341696571936770
1331341688464400391
1331082639160139777
1331082252835577859
1331081003444613121
1331080588485423108
1331080587839467521
1331080418486063105
1331080140269510656
1331080071025627136
1331079760202633220
1331079205702995968
1331079130587258883
1331079039164051457
1331079034332016640
1331078511424016384
1331078388778352642
1331078254372007936
1331077730423754753
1331077485325414400
1331077436147068928
1331077107984830465
1331076917768949766
1331076912131809281
1331076873988829184
1331076377030795271
1331076367975235585
1331076239226925058
1331076007047008256
1331075955691978752
1331075642742485004
1331075435619348485
1331074955279208448
1331074841663795208
1331074740266569728
1331074655743041539
1331074600784912386
1331074588894236672
1331074479104122880
1331074317606596611
1331074312086818819
1331073901208584192
1331073871940886529
1331073671276838912
1331073655489454083
1331073422751911949
1331073118367064064
1331072967296487424
1331072819824881664
1331072386037329920
1331072294744158209
1331072245167509504
1331072103857139713
1331071425239789568
1331071025539215363
1331070356573073408
1331070344023527425
1331069856951758848
1331069827612545024
1331069754870730752
1331069730107641858
1331069708926332928
1331069456597053441
1331069354813784064
1331068998713188352
1331068852160098304
1331068704788910082
1331068628620496898
1331068476774100993
1331068451352440832
1331067929304080385
1331067923482484742
1331067895405809666
1331067774077202432
1331371818486214656
1331371791982362624
1331371714802978816
1331371692199915523
1331371610255704066
1331371601837830146
1331371590836097025
1331371556099002368
1331371532044693506
1331371515485564930
1331371462045933569
1331371154943176707
1331371141890527238
1331371115449520131
1331371085598744577
1331370984629284868
1331370972272726017
1331370939192369154
1331370910088130560
1331370790974009352
1331370786523914243
1331370536174284803
1331370336294744064
1331370313796497413
1331370241880895496
1331370230191427584
1331370178467205123
1331370140407980032
1331370078445694979
1331369868688494598
1331369792582901770
1331369600416702465
1331369406371418113
1331369218193969152
1331369159599517696
1331369036618326017
1331369033078247424
1331368895190544384
1331368545251364865
1331368410077388801
1331368367786254338
1331368263973036032
1331368138412355586
1331368039602905099
1331367835499630596
1331367652200165376
1331367574785974273
1331367509816119296
1331367392815972353
1331367367088234499
1331367176746496001
1331367053148758018
1331366804661415936
1331366785216548869
1331366468001337347
1331366335247478793
1331366198739656707
1331366172881788932
1331366054287773697
1331366030187376644
1331365986180739082
1331365946481659905
1331365701320228864
1331365030017847297
1331364880755122178
1331364794637627394
1331364648529039360
1331364539573661698
1331364516588892162
1331364483789361155
1331364478835802112
1331364312619704322
1331364197255491589
1331364114946547713
1331364094209896457
1331363978640044039
1331363471087243270
1331363448849006592
1331363230644658183
1331363078810849280
1331362902218076160
1331362808026558465
1331362783263215617
1331362781392740354
1331362719476428802
1331362474327588865
1331362472117284870
1331362438722228235
1331362393813889026
1331362340953010183
1331362315573239809
1331362304936583168
1331362230172958721
1331362217393082368
1331362208719249414
1331361840803311616
1331361812047147010
1331361737304649729
1331361476314009601
1331361441505533960
1331361416494919682
1331361178514317316
1331360905892859904
1331360899932823552
1331360556847132676
1331360500102418437
1331360323559944193
1331360238793089026
1331360080613163009
1331360075009691650
1331360054877036545
1331359959590854656
1331359751855333377
1331359688898777089
1331359566379048967
1331359344542232580
1331359231144935425
1331359191898984449
1331359143580594177
1331358933815078913
1331358561495117825
1331358331181654024
1331358289414803466
1331358280246042626
1331358266954313734
1331358198054400002
1331358176403484673
1331358164802007040
1331358091577872388
1331358009562435590
1331357947381899265
1331357917870755842
1331357652182511617
1331357555256414208
1331357422804480007
1331357158118727682
1331357003193741312
1331356942040784905
1331356882594918400
1331051491897970688
1331051320048898051
1331051282681872385
1331051156840345601
1331051086577209346
1331050977680506880
1331050890849972225
1331050781093466112
1331050719584071680
1331050670590488576
1331050662562570242
1331050645516820480
1331050565489491969
1331050426020605953
1331050119718985729
1331049820992237568
1331049725731041281
1331049481555439616
1331049417877508096
1331049285920509953
1331048560230600704
1331048423139680257
1331048330676211714
1331047979533307905
1331047941692264450
1331047866186428416
1331047858980663297
1331047760276033536
1331047645784236038
1331047531749519365
1331047485616386054
1331047377440894976
1331047304367927297
1331047261225234433
1331047251205042178
1331047224793575426
1331047093339754497
1331047092958146561
1331046619698114560
1331046582192656384
1331046505331916806
1331046468535271425
1331046154683891712
1331046143577497600
1331046066217631744
1331045836931915777
1331045470643359744
1331045390687277059
1331045239130210304
1331045184360968192
1331045111875112960
1331044916424634370
1331044680335822849
1331044634508754944
1331044632797429762
1331044584974127106
1331044570042404868
1331044497447297024
1331044384469499907
1331044265993134080
1331044166978060290
1331043953227907074
1331043856935047171
1331043715008237569
1331043700886081536
1331043651594567680
1331043590517174273
1331043473974243328
1331042875262476288
1331042657758535682
1331042462081703940
1331042454783602688
1331042352895430656
1331042144585281536
1331041937990815754
1331041834911621121
1331041746348720128
1331041527372648450
1331041329984512002
1331041166947651584
1331041112035831808
1331041098412724225
1331040995740319744
1331040769482891265
1331040471603359744
1331040149824802819
1331040001132539907
1331039028142100486
1331038715280568320
1331038574658035713
1331038031160225792
1331037908506185731
1331037907721838592
1331037809969299458
1331037635666644995
1331037352370843650
1331037241645346816
1331037223861542913
1331036881845424135
1331036748789518336
1331036531826429953
1331036489317298177
1331036421998608385
1331108835092803587
1331108667379298305
1331108570407063553
1331108039781457920
1331107907782500352
1331107768951074816
1331107249822031873
1331107096192974850
1331106705099264001
1331106092294795265
1331105879416918017
1331105876321525766
1331105787947724800
1331105716367552512
1331105067630432256
1331104676947824646
1331104451399016448
1331104232359882752
1331103823356710912
1331103753982894081
1331103508171350016
1331103404714729473
1331103214092001280
1331102534509871104
1331102226945740803
1331101887748210688
1331101461212753927
1331101420796469248
1331101249102639105
1331100931166007297
1331100804955123712
1331100507289501696
1331100356143575040
1331100324979994625
1331100291547099136
1331100103642378241
1331100093718564864
1331099853083070464
1331099605640105987
1331099112058580993
1331098684902178818
1331098593999155202
1331128811207884800
1331128634380267521
1331128608593752064
1331128472765308928
1331128386593427456
1331128345006927873
1331128003649097728
1331127788430970881
1331127236485804033
1331127049453522944
1331126570782691329
1331126547390943232
1331126495952199684
1331126153889910784
1331125964475146240
1331125750154616833
1331125450379321344
1331125142223777793
1331124713519673344
1331124555167854592
1331124374758371330
1331124304981893120
1331123963859148805
1331123718702166016
1331123621872463872
1331123298378280960
1331123135924613121
1331122686420873216
1331122520855093249
1331122343242997762
1331121992536367104
1331121945438416896
1331121581318303746
1331121335850987520
1331120788339105793
1331120497107472385
1331120399766138882
1331119380562898946
1331119200887320576
1331119189017452545
1331118988676526080
1331118695284944897
1331118376597549060
1331118101312704512
1331117057941917703
1331116933635182592
1331116900940738560
1331116775816134656
1331116377709613056
1331116359476940800
1331116188571758592
1331115919385325571
1331115833448271872
1331115756684238848
1331115685494333440
1331115619371114499
1331115332275232770
1331115325996326912
1331115034039169029
1331114056648896513
1331113832249495555
1331326497961828353
1331326476306694144
1331326412280782853
1331326411857158145
1331326410120699904
1331326336590372864
1331326322992410624
1331326269997379588
1331326172588806148
1331326130608082945
1331325937569460224
1331325883815235588
1331325841922375681
1331325802227634177
1331325784427016195
1331325739283738624
1331325672313286662
1331325589790355461
1331325456814137344
1331325289285218305
1331325272117846016
1331325166735986688
1331325121701797890
1331325090890444800
1331324983939801088
1331324712396484611
1331324698131632131
1331324489724989442
1331324485530742792
1331324357885505536
1331324297336528897
1331324277937885185
1331324196157177856
1331324079429836802
1331324040452182026
1331324002434953218
1331323975331442691
1331323785023262720
1331323749518479364
1331323728542781441
1331323543183785984
1331323412850020353
1331323214228713478
1331322937916461060
1331322847030108160
1331322828293955584
1331322816143167491
1331322701722640386
1331322642985521152
1331322401938923521
1331322241565470723
1331322188931141632
1331322132534611971
1331322017837182976
1331321991865925632
1331321968377933826
1331321811171160068
1331321799116779522
1331321671429533699
1331321651481387013
1331321646410567682
1331321593201647623
1331321191341109251
1331320839044796418
1331320766542000128
1331320725995663366
1331320611206017025
1331320407060779009
1331320337141821441
1331320250533494784
1331319968818925569
1331319910266531843
1331319898858020869
1331319853777608707
1331319698634452994
1331319678006947842
1331319461245317121
1331319422611566592
1331319407243452416
1331319352411312128
1331319281024319488
1331319260933722113
1331319251983097859
1331319207611539458
1331319186958790664
1331319184962301952
1331319155291807744
1331318965579116545
1331318931273879553
1331318746561044482
1331318684325998597
1331318458210979846
1331318440116842498
1331318434303500288
1331318316653228040
1331318162005045249
1331318103553282048
1331317722962071556
1331317572491497477
1331317422490578946
1331317385958219776
1331317344623341569
1331317312033472512
1331317158282924035
1331317157649657856
1331317056101376005
1331317011109060609
1331316993832710146
1331316978091438084
1331316941512990728
1331316874026606592
1331316778794950657
1331316699396763648
1331316622158667778
1331316550389862402
1331316486833659904
1331316399466307597
1331316394944819201
1331316319178907652
1331316274270511106
1331316228875448320
1331316194364755971
1331316165025669122
1331316131991175169
1331315970326073345
1331315866433171456
1331315821453389825
1331315804378451970
1331315800884584448
1331315741170171906
1331315706886049794
1331315660127932419
1331315559955378180
1331315402211815425
1331315021566136324
1331314600281858054
1331314209179770880
1331314137411051520
1331313827510677504
1331313799903776768
1331313769440546818
1331313586224984068
1331313509850882048
1331313507028119564
1331313495061786625
1331313471288381440
1331313276471414788
1331313239360147459
1331313131730120712
1331312877773402115
1331312856973910022
1331312794873057280
1331312747875872770
1331312303183171585
1331312237118693378
1331312189223936007
1331312117438300160
1331312091861557248
1331311874508550145
1331311821035335681
1331311676730142721
1331311626503458823
1331311542466441218
1331311497444798469
1331311461650587655
1331311439689248769
1331296189099241472
1331296128642519049
1331296112385404930
1331296053090545669
1331295994756009986
1331295497433337858
1331295496367955975
1331295435403661312
1331295229303984141
1331295194810118144
1331294841368678402
1331294823425462272
1331294820032196609
1331294790525329414
1331294776696692740
1331294569732902916
1331294509913812995
1331294204983701509
1331294147228160002
1331293770776711169
1331293667378794502
1331293644700086273
1331293570427359232
1331293563578167309
1331293379532107777
1331293305867530241
1331293233952010242
1331293192440918016
1331293120642813952
1331293090070589440
1331292668660305926
1331292554948653056
1331292477358268416
1331291626933784576
1331291188368875522
1331291181540667405
1331291135894036483
1331290952258957314
1331290851356463104
1331290588717719559
1331290435055198210
1331290077490765825
1331290050152247296
1331290013171142660
1331289917322825728
1331289858137088000
1331289696933191680
1331289676582428683
1331289414115450880
1331289251745570816
1331289149983387657
1331289136586776583
1331289007255392260
1331288572935204864
1331288504232419331
1331288433403301892
1331288429028667392
1331288396405174274
1331288356236521473
1331288352956567554
1331288044591312903
1331288015386324997
1331287935874965504
1331287916186906624
1331287899724279817
1331287879595798530
1331287817809514498
1331287778525548544
1331287695855923202
1331287393756991493
1331287290006691847
1331287140026765314
1331287092383592450
1331286848149315589
1331286801177341957
1331286719933648897
1331286361261764610
1331286259080323072
1331286186544009219
1331285897120264200
1331285762441097216
1331285704626888712
1331285591649001474
1331285193907376133
1331285135589855234
1331284981356716032
1331284910863233036
1331284857289388032
1331284801219805188
1331284312327524352
1331284020265619456
1331283969413931014
1331283821254291460
1331283814862221312
1331283496531341313
1331283364431749129
1331283058201399297
1331282999141425153
1331282960092454914
1331282813513986050
1331282805159030786
1331282675630477313
1331282385158213634
1331282350890692608
1331282275284242433
1331282093519884289
1331282025207259139
1331281997839392772
1331281878154842113
1331281859678965762
1331281823742169088
1331281765701464065
1331281738727911435
1331281696814026752
1331281572650217478
1331281515280556035
1331281267757903872
1331281095963369474
1331036326465069062
1331036193178275841
1331036078883676163
1331035969135394817
1331035869109739520
1331035795851972609
1331035407811743746
1331035246821847041
1331035071441092608
1331034909620649984
1331034660432822272
1331034378718253059
1331033795345125376
1331033693335465984
1331033272827207681
1331033039556763648
1331032881414729732
1331032575582760960
1331032409467465733
1331032407332556802
1331032404186853376
1331032242144022529
1331032137143779328
1331031964602667011
1331031838257803266
1331031343065567232
1331031276032196608
1331030574136512514
1331030328128000001
1331030285899747331
1331029981070323713
1331029733664976898
1331028879235026944
1331028707960442883
1331028623990681606
1331028622363209731
1331028545401917443
1331028496756264961
1331028412555673600
1331028285497757706
1331028132023951361
1331144396323102723
1331144227917422592
1331066847576301570
1331066515551039488
1331066489877696512
1331065992521412609
1331065946753150976
1331065885050761217
1331065764044935168
1331065752879771648
1331065028120817665
1331064902849540096
1331064714252546049
1331064353143943168
1331064340967944192
1331064061878931457
1331063947030536192
1331063922972106755
1331063661176164352
1331063145629184002
1331062528638521344
1331062260656115724
1331062220634136578
1331061839111671808
1331061739077644290
1331061474991755265
1331060971687743488
1331060847637106688
1331060817417134080
1331060583471443971
1331060451132764161
1331060004758106112
1331059916983951360
1331059784036929536
1331059541497303042
1331059380771500038
1331058915975557121
1331058428878446597
1331058426588356608
1331058394267086851
1331058288637710336
1331058057829380097
1331057949205274624
1331057797518286851
1331057736059150340
1331057583487119361
1331057570031824896
1331057196260610049
1331057095156899840
1331056753027538945
1331056513952194560
1331056444268015616
1331055849628868609
1331055587799437312
1331055091890065408
1331055044905603075
1331054910461263872
1331054840487690240
1331054821017677825
1331054734581653505
1331054717959503879
1331054672690302976
1331054663357980672
1331054515479408640
1331054435263537155
1331054418414895105
1331054346843262976
1331054248075943937
1331054125375578112
1331053983776043009
1331053813281730563
1331053689608482817
1331053299282419713
1331053253048590337
1331053183607693312
1331053093941862401
1331052895064649730
1331052758883917827
1331052549416185857
1331052446764789761
1331052399344152577
1331052358864781313
1331052297648893952
1331052212097744896
1331051968186474497
1331280975217758213
1331280931244544000
1331280885077987329
1331280750004609029
1331280724486463490
1331280515681439752
1331280332449062912
1331280234277203971
1331280181781278723
1331280152878321666
1331280124789084163
1331280023785975820
1331279584122245121
1331279581400207361
1331279158614380547
1331279002447859718
1331278677880025089
1331278464868114435
1331278130024042497
1331278110357073929
1331278099284176903
1331278033488023555
1331278015720878080
1331277998373433347
1331277974688182275
1331277773839626240
1331277526400983041
1331277355835293696
1331277257437024256
1331277165032255488
1331277054856335362
1331277018118443014
1331276986552029184
1331276930721714188
1331276887977549834
1331276833971638280
1331276827701153793
1331276793706328064
1331276737305571329
1331276617671446528
1331276527489622017
1331275958477795329
1331275806992023554
1331275471774998536
1331275402745171983
1331275238403928067
1331275093507518464
1331275078139523073
1331274980525449216
1331274710152167424
1331274684600627203
1331274666590220294
1331274645035773970
1331274543722344454
1331274246400708608
1331274233226391558
1331274145125048321
1331273886059651072
1331273866283528192
1331273514356264960
1331273495037304833
1331273470399942658
1331273386140585988
1331273200534253571
1331273018425872387
1331272967259504641
1331272963610583048
1331272957872762883
1331272868563464194
1331272726099734531
1331272416643964930
1331272405214433281
1331272229108199426
1331272221705207809
1331272103325261824
1331272090637447175
1331272016045989892
1331271751607709696
1331271420798771200
1331271331137118210
1331271194876780546
1331271153189609477
1331270992950415367
1331270949237354497
1331270933865263107
1331270927867281408
1331270866060124160
1331270841951285253
1331270837010370565
1331270722203881479
1331270631539707904
1331270294313578512
1331270234578300941
1331269857732595713
1331269738585067526
1331269641717510144
1331269554442547202
1331269497106223104
1331269274699243526
1331269168969248768
1331269143480430598
1331269068851195909
1331268997275332610
1331268793709043715
1331268767423336448
1331268646308630528
1331268490708324352
1331268424912179200
1331268201049624578
1331268184570257413
1331268064009195521
1331267967313711111
1331267712182579201
1331267687633326082
1331267591961251844
1331266955706204160
1331266801892794370
1331266698352193536
1331266525089701889
1331266340481425410
1331266261200715780
1331266178245922821
1331266158616514563
1331265910259261444
1331113598379315201
1331112662751735808
1331111408906489857
1331110833821282306
1331110538886176775
1331109265986236422
1331109223443394560
1331109039649026069
1331108942081105920
1331108861491687425
