1293966231708602373
1293966124070113282
1293965771379539971
1293965641532076033
1293965588801499137
1293964755493892097
1293964693271347204
1293964608517083137
1293963292990464000
1293963025830092801
1293962570366361602
1293962383032045568
1293961750191235072
1293960858897469444
1293960754173943808
1293960609239900168
1293960143370166274
1293959958975971328
1293959451867832320
1293958850165579778
1293958740023156741
1293958628337049600
1293958290926456833
1293956770134622209
1293956243296530433
1293955590780313600
1293955286542290945
1293955257643331584
1293955025690132483
1293954981926600707
1293954103039729665
1293953871153229831
1293953799413829633
1293953390318358528
1293953308378443778
1293953081001103360
1293952903196160000
1293952885940772865
1293952878386831360
1293952805036859394
1293952292920623104
1293951959624486912
1293888919243816960
1293888915720593415
1293886220754456576
1293885414709886977
1293885197369434112
1293884155076452353
1293883529701593090
1293883524592934912
1293883261731532801
1293881834556862464
1293880815491919872
1293880509823619072
1293878645161963521
1293878555995189249
1293878368786677762
1293877913725485056
1293877736918974464
1293876874037415939
1293876666591215617
1293876478765961216
1293876471115603969
1293876336466055168
1293875467876020224
1293875213868961792
1293874992917016578
1293874939007660038
1293874898545254400
1293874842760962049
1293874768878297094
1293874728608731137
1293874688389603330
1293874615576440835
1293809903912574976
1293809410456743936
1293808587177971712
1293808500678619136
1293808048688029697
1293807143402037249
1293806802581291010
1293806291949846529
1293806030435028993
1293805680504328192
1293805204975030272
1293804822177525760
1293803742966378497
1293802698379268097
1293802639814262784
1293801276262809600
1293800314768826368
1293800125882609664
1293799989756469250
1293799945850372096
1293799617050664961
1293799052115574785
1293799015620853763
1293797622914912256
1293796657704861696
1293796517694693377
1293796375277314048
1293796306591375361
1293796296969424896
1293795114372956161
1293701602231095296
1293701150131335170
1293701040554930176
1293700290810716160
1293699833941749761
1293699153936044032
1293794486519246848
1293793928098058241
1293793886293438464
1293793883151720448
1293793833025712128
1293793742168752130
1293793676737511424
1293793468880486400
1293793406070775809
1293792745539215360
1293792698118307840
1293792695194914816
1293792110244769792
1293790690502225920
1293790640661127168
1293790499137097728
1293790230110068736
1293789925750390786
1293789395259023361
1293788117938438144
1293787705235648513
1293787490852040704
1293787175985778690
1293786713983082496
1293786507539615749
1293786159659843585
1293785423416897536
1293785252075393024
1293784416779743232
1293784301373460483
1293784066542710785
1293782525563686914
1293781490459844608
1293780543281168384
1294044934744485895
1294044400520245249
1294044153064632323
1294042669723811843
1294042535766011905
1294042086388334592
1294040863899869190
1294040624191033344
1294040421165944840
1294039458925420556
1294039045631291397
1294038287435337730
1294037389871124481
1294037342265569280
1294036614268833804
1294036606324633600
1294036425176997888
1294036008011534339
1294035814645739520
1294032906088783872
1294032517121679365
1294032408824561664
1294032380378791936
1294032178439958528
1294031914844782600
1294029854275522568
1293732688688537601
1293732152668979201
1293732006174568454
1293731836246581249
1293731641890951168
1293730558137294848
1293730441627709441
1293729966962741250
1293729475843129344
1293729442716692481
1293728722944696320
1293728693802549250
1293728667093340169
1293728144881602560
1293728072374595585
1293728014832939010
1293727808800333824
1293727416544788480
1293726372238688256
1293726362361049089
1293726355666997248
1293726259290177537
1293726129552068608
1293725700990484480
1293724735465852928
1293724461552881667
1293724322859819010
1293720094779088897
1293720094149947393
1293719037831262208
1293778674995597313
1293778370606452736
1293777974634917893
1293777830644334593
1293777810344103936
1293777650117476353
1293777530512715779
1293777208847339521
1293777058607140866
1293776455613079552
1293776257642094593
1293775530303479808
1293774731871739905
1293773571773337602
1293773072668000256
1293772857445556225
1293772463977967616
1293772463025745921
1293772206997217283
1293772010519060480
1293770457330704385
1293769350265020416
1293769262650163200
1293768527120412675
1293767825501241345
1293767638905061376
1293767439071825922
1293767191972610049
1293766915756904454
1293766002832838657
1293763684666400768
1293763401768792064
1293763254016081925
1293762785289990144
1293762283689119744
1293762075680894976
1293761797493727235
1293761723300806657
1293761591893098497
1293761369150558208
1293761180599635968
1293761058851762182
1293760966266630144
1293760921156780032
1293760702725926912
1293760413117452295
1293760127439269888
1293760083243995143
1293759828737822720
1293759626123661312
1293759456531030019
1293759339065475072
1293759272237428736
1293758716005642240
1293758381111545856
1293758378674663424
1293758344415662080
1293757903288049664
1293757866223034369
1293757863760805890
1293757511376556033
1293757394040717312
1293757274801020933
1293757243557634055
1293757180089442304
1293757060883066880
1293757004205391872
1293756300094926853
1293756069622116352
1293755992971280384
1293755911186522112
1293755590209142784
1293755321563754497
1293755247412813826
1293755245059813380
1293754839013494790
1293754797766713345
1293754680145661952
1293753738025287680
1293753568730783744
1293752881909305346
1293752639298195457
1293752551444287493
1293752503150968832
1293752315099447296
1293751805445394439
1293751715347550211
1293751706690486272
1293751676688568320
1293750972452306949
1293750850775441409
1293750585108307969
1293750527805726720
1293749786064179206
1293748566767304705
1293981497439981571
1293981177259458560
1293980922233028609
1293980334682505227
1293980286968123393
1293979913456820224
1293979692169601026
1293978911173308416
1293978625658613760
1293978264566992896
1293978189887397894
1293977888086089729
1293977849209200641
1293977306885758978
1293976222515560451
1293976090533191680
1293976080643170304
1293975901693046784
1293974634182905857
1293973239627210753
1293972940938252288
1293972042044313600
1293971932837285888
1293971019003297792
1293970392223305729
1293969914294870016
1293969461578326016
1293969374261518337
1293969098829955073
1293968396418154496
1293968233071022080
1293967944683151360
1293967525722693633
1293967239004160001
1293967076613390337
1293967031067463682
1293966992286912515
1293966788745662470
1294029319778578439
1294028682860867591
1294028506326802433
1294028108207730689
1294027902691016704
1294025064950759427
1294025020172369920
1294024954598567936
1294022608858488832
1294022411357245441
1294021688238235648
1294021489277259776
1294021200474071040
1294021123110244352
1294018733808246784
1294018644830302209
1294017507917996035
1294016803203624960
1294015917823680512
1293950979021447169
1293950966404993025
1293950742722744320
1293950182246232064
1293949386427371521
1293949181682311170
1293948601413046273
1293948449268862978
1293948210420080642
1293947920694358016
1293947589314908162
1293947332128628738
1293946572603101184
1293944551426658304
1293944440931979267
1293944220202545152
1293944208026488832
1293944118385803265
1293943659784798214
1293942340982374400
1293942069678014465
1293940902998585344
1293939822478860288
1293938948155289601
1293938795361062918
1293938607435071488
1293938204559564803
1293938019490299904
1293937753034559489
1293937504949854210
1293937390797627394
1293937118776090631
1293937013385768962
1293936979592318977
1293936607767269377
1293936550850355200
1293936152102211586
1293841043637428224
1293840726892015616
1293840453926678529
1293840401925898242
1293840379264077824
1293839992398024706
1293839598502776833
1293839504525033472
1293839367115386880
1293837937080115202
1293836992070004737
1293836962709856256
1293836488728358912
1293835437283389440
1293834970964860928
1293834966174900224
1293834550813106177
1293834383598575616
1293833905968017411
1293833798027603969
1293833385744297984
1293833379964649472
1293832909158330369
1293832802958360576
1293832436921430016
1293832377139998721
1293831025030623232
1293829826818834432
1293828891002445824
1293828874879418368
1293828745707560960
1293827453564129280
1293827109228609538
1293717586560126976
1293717213006966784
1293716431897493514
1293716139902550017
1293715523843178496
1293715238479712263
1293709482271244288
1293708468776513536
1293708174667767809
1293707251967025153
1293706481032998916
1293705087039176707
1293703144602505216
1293935045175136257
1293934896470265858
1293934373570478080
1293933325057290241
1293932192389836800
1293932145958957061
1293931639236710400
1293931521368186880
1293931439428272134
1293931391130963969
1293931151984340993
1293931147219673090
1293930942743162881
1293930702254354433
1293930575573770240
1293930130738380801
1293930128230285313
1293929232905756673
1293929224919818242
1293929140291346432
1293928981058781185
1293928541600571393
1293928432670130176
1293928132177801216
1293927779856257025
1293927495872520193
1293926256048771072
1293925796667629576
1293925534775246849
1293925215844438017
1293925026119454721
1293923847096459264
1293923695631597568
1293923583438106625
1293923305632567298
1293923118675787776
1293922867659313162
1293922738072096768
1293922392109133826
1293922189272666112
1293922134352306176
1293921869997854720
1293921602648911875
1293921588321161218
1293921568221880321
1293920756414504960
1293920423839584257
1293920309276315648
1293920003310456833
1293873043001839617
1293872407615115265
1293872374203297793
1293872291139395585
1293872181185638400
1293872129432141826
1293872105235210240
1293871464052031488
1293871401229680640
1293869711537639426
1293869625763983360
1293869124242767877
1293868915215544320
1293868631051231232
1293868545835536384
1293868498205044736
1293868460523454470
1293868334090293248
1293868244990713858
1293868210115063813
1293868110932578306
1293868098571907073
1293868090875244549
1293868002010570752
1293867953402728448
1293867903620530176
1293867846783492099
1293867844719894528
1293866954214608896
1293866720558329856
1293866516727959554
1293865033965993984
1293864474911354880
1293863392340574209
1293861396552331264
1293861301559554050
1293861282689568768
1293861199000424449
1293860875099504640
1293860856892207104
1293858784603828224
1293856147846451201
1293856073523200001
1293855690822488064
1293855436618248193
1293855216484352000
1293854273734762496
1293854059913502725
1293853793671618561
1293853750784917504
1293853392742150144
1293853181990932482
1293852889807327232
1293852849726791681
1293852683724562432
1293850784015278080
1293850763127656453
1293850225161801728
1293850061852553216
1293850051182301184
1293850019284619265
1293849737209221121
1293849469495185408
1293849127256821760
1293848920615870465
1293848817465348097
1293848640994205697
1293848582810939393
1293848517388259328
1293848313070882818
1293847749755121665
1293847407856361473
1293847078934896640
1293846824151908353
1293846110537162753
1293846040525697024
1293845892827623424
1293845662262538242
1293845444435619841
1293845100515061766
1293844165499920384
1293843475524227072
1293842753814532097
1293842691671769088
1293842514168840195
1293842418400288768
1293842281871671296
1293842170932154375
1293841891545485315
1293841836654485505
1293841820871516160
1293841775124082689
1293841430834601984
1293841091444084736
1293997410809606144
1293995935316443139
1293995022245928963
1293994188623810560
1293994073062334464
1293993840567713792
1293993625412440064
1293992485857955840
1293992458775220225
1293992167204061187
1293991967622344710
1293990986981482498
1293990494004031500
1293990485233733642
1293990366639722503
1293990363036823552
1293990071578877953
1293989953458888704
1293989336699023363
1293989043936649216
1293987752778895360
1293986855994753025
1293986766026706944
1293986528197312513
1293986344574820354
1293985330283122691
1293984767185227776
1293984657420292096
1293984094372728832
1293983825719173121
1293983770907938817
1294013921070731265
1294012739011190786
1294012600884355073
1294009835512627202
1294008619202035713
1294008322291449857
1294007789979918339
1294007558714384385
1294006870877671424
1294005960990572544
1294005354121101313
1294005318939115520
1294004463322030080
1294004010492428293
1294003181979017217
1294002795234828293
1294002694659559425
1294002533824778240
1294002157541351426
1294002106580586497
1294001741885734924
1294000231907041282
1293999551615864832
1293999070005080064
1293998952069685249
1294060288858357760
1294060125540425728
1294058920844169216
1294058598054522880
1294057913523159041
1294057572517834752
1294057301649702912
1294057017716416514
1294056727156006913
1294056576412606464
1294056168252420097
1294055209161785344
1294054641962037250
1294054270287802368
1294054021574152193
1294053353664765953
1294053292750901249
1294052263493763072
1294052243088572416
1294051995741913088
1294051639075233795
1294051160916140034
1294050263251275776
1294049954705661953
1294049720931880968
1294049348943261696
1294048223213039618
1294047202860511237
1293825852421988353
1293824292757659648
1293823209943388161
1293822800155746304
1293822254711812100
1293822210830893056
1293821838687121410
1293820154053197825
1293819241553186816
1293818769983381505
1293818515539951616
1293818348908752898
1293817940358332416
1293817030827806720
1293816851026325504
1293816329322016771
1293815724767674369
1293814627625648128
1293814100162576384
1293812883453870081
1293812522278178817
1293812029908606976
1293811056721240064
1293810897161510912
1293747935205826562
1293747897805295616
1293747883695583236
1293747801961009153
1293747568959086594
1293747462910418946
1293747356437970951
1293747321331564545
1293747246891175937
1293746970272702467
1293746927562088449
1293746911732695042
1293746590381793286
1293746558907887621
1293746360642985984
1293746302472212480
1293746046720303104
1293745705560014848
1293745704716967937
1293745014057709570
1293744894180233216
1293744577682309120
1293743683272146950
1293743311627280389
1293743299996655616
1293742866934779904
1293742243560460289
1293742130385608705
1293741857218990085
1293741529505370112
1293740728565157888
1293739976392241153
1293739606538686465
1293739181815083008
1293739133622300673
1293739072255598592
1293738918807052288
1293738885550227457
1293738535531548673
1293738286238724096
1293738112204574720
1293738041308147712
1293737751439785986
1293737605570469888
1293737468378808321
1293737446077800448
1293737366616772608
1293737233908989958
1293736661566849024
1293736198482071553
1293735872081399809
1293735379560873984
1293734935770148864
1293734731343892480
1293734449784422400
1293734408088821761
1293733904575324160
1293733599980802053
1293733173034131459
1293733068717428736
1293732917009477633
1293904360104235008
1293904197578973187
1293903403509137408
1293903117872803842
1293902845981241346
1293902253078740992
1293901840132661249
1293901793819111426
1293901596892385281
1293901520627474434
1293901300812242946
1293901277483511811
1293901166850371584
1293900546340864006
1293900167670792192
1293900064180461570
1293899649883897856
1293899609513824258
1293899440206393344
1293898830770049024
1293898782707314690
1293898154119770112
1293898142052573184
1293897962343419905
1293897708206305280
1293897613943681032
1293897547749171200
1293897450995015682
1293897291925868544
1293897015265505285
1293896933371547650
1293896685576425475
1293896663971627011
1293895940185579520
1293895722895638528
1293895433136218112
1293895297127636992
1293895175136137220
1293894896462508036
1293894829517176833
1293894759308644352
1293893380225761280
1293893166244872192
1293892863940423682
1293891324819775489
1293890278386958338
1293889814039859200
1293889764521902082
1293889469431439360
1293889293673328641
1293919601013604352
1293919563327971329
1293919453634162690
1293919356812816384
1293919196531830786
1293918980386611203
1293918695224250368
1293918321390186496
1293917522962644993
1293917473327050752
1293917462946168834
1293917413067460608
1293917327264645123
1293917030274314242
1293916970971144195
1293916749151088643
1293916650782093318
1293916334120554500
1293916046055706631
1293915890191224833
1293915877750878210
1293915781286121473
1293915614575116290
1293915454860230660
1293913831857504258
1293913650193821696
1293913130192343049
1293913020888883203
1293912685331877889
1293912604964827136
1293911850132725761
1293911618384834566
1293911448914018304
1293911141890940929
1293910489236291584
1293909690691158016
1293908161305423872
1293907427629371392
1293907160422690817
1293906495239647232
1293905821269725187
1293905520135290882
1293905055775686657
