1299949903242690560
1299949618420039681
1299949383782285312
1299946294455267330
1299946046798389248
1299943394119159808
1299942477969985539
1299942010611171329
1299936339408764928
1299935711056072705
1300063410625941508
1300063280585682945
1300063234200924163
1300062848903778305
1300062774450503680
1300062699276177408
1300061970977021952
1300061898654789633
1300061572455215104
1300061056379678721
1300060459911884804
1300060443491405826
1300060029760929794
1300059999885037569
1300059677250658305
1300059506970439680
1300059457225994241
1300059395171258372
1300059071932841992
1300058145272684550
1300057861846958081
1300057510724825094
1300055874761678849
1300054398022881280
1300054129918738433
1300053485098921985
1300052571793633281
1300052093043056640
1300050336095318020
1300048567340498944
1300048506954985472
1300048316328181765
1300109821555994625
1300109709752578050
1300109603728961537
1300109521466122240
1300109490474250240
1300109187784081410
1300109106267787269
1300109104535556097
1300108985975046145
1300108557602508810
1300108394825748480
1300108374252675073
1300108373548040193
1300108361359392768
1300108314236186624
1300107987810480128
1300107356076994561
1300107327274651648
1300107220491939840
1300106698137522178
1300106006836531200
1300105488688910337
1300104139452579840
1300101281621708800
1300101166035070976
1300099950165008387
1300099292175249410
1300099290673688577
1300099017964126209
1300098826494189568
1300098601641807879
1300098585153863681
1300098507643052032
1300098381763825664
1300098278462312448
1300097609944555520
1300097270193553409
1300097047823962118
1300096943834763271
1299966002088882177
1299964249901465600
1299963560458694656
1299962131371175936
1299956930165735426
1299956422042619905
1299953616091049984
1299952623609667584
1299952161967804416
1299984348226244608
1299984280882499585
1299982826562031616
1299981517108772866
1299981254570508289
1299981247465349120
1299980585541218304
1299980250424553473
1299980154685599746
1299976303882502144
1299975128588136448
1299974439560413184
1299972662085722114
1299970125857198085
1299969871896350720
1299969554416836609
1300171896563142660
1300171863214170114
1300171293896175617
1300171097736966146
1300171006858780672
1300170646438240257
1300170361573650432
1300170095549915136
1300166798113996801
1300166497491472385
1300165452518354945
1300163355215147008
1300162979770572801
1300162135763419136
1300162076221079555
1300161714856525830
1300160960313716736
1300160958996783104
1300160957792964608
1300160956522143744
1300160955163095042
1300160953783218176
1300160952621391873
1300160951379873792
1300160950096416769
1300160947437232129
1300160945952444416
1300160882270298112
1300160175664492545
1300159705806000128
1300157595106209793
1300205212817268736
1300204492101693445
1300204324597821441
1300203917712785413
1300201890551128066
1300201877620043782
1300201583289028613
1300201515978760193
1300201249594200066
1300200947495456769
1300200612131467264
1300200458812760064
1300199497000259593
1300199293886836736
1300198938427842560
1300198402559545348
1300198313451544577
1300198022664593408
1300197827239436288
1300197230616489985
1300196848800497667
1300196807859933188
1300195885826088960
1300195599858499586
1300195258186321922
1300193952960782342
1300190156507488259
1299882918400135169
1299879965224251393
1299879128812978181
1299879124308299776
1299879111847030788
1299879063960592384
1299878832715915264
1299876447759339521
1299874234706010112
1299873045755158528
1299872723854917633
1299872317099581440
1299871141041905664
1299870107435401217
1299869666643513346
1299913319256473601
1299912826232819717
1299911846825275392
1299909277130412034
1299909114265559041
1299908636144214017
1299908600668667904
1299907395238293505
1299905423680483328
1299905042754002945
1299904801430548480
1299903516077514756
1299902018539020290
1299901931377192960
1299901075273797632
1299900585894871040
1299900277320044549
1299899317776388097
1300141124124839936
1300140884168761356
1300140605612453888
1300140512511483904
1300140315903512577
1300139919780777992
1300139596832010241
1300139348688592896
1300138327685775361
1300138200011354112
1300138028011323392
1300137908729458691
1300137848738394112
1300136270698606597
1300136087067725832
1300135442491334658
1300135061350686720
1300134836632530944
1300133746843234305
1300133136924372994
1300132922561712128
1300132669708173312
1300132351469477888
1300132221416878080
1300132118580822017
1300131711989276672
1300131466005721088
1300131369889136641
1300130990384324608
1300130866853638144
1300130212257107975
1300130160549609472
1300129196522508292
1300128718556409856
1300128617008160770
1300128286694137856
1300126616509730817
1299934389078503427
1299932141048954880
1299931938925535232
1299931706212773888
1299930089170165761
1299930047613034500
1299928672606978048
1299923524266713089
1299923485461032960
1299923325573947392
1299922178595414016
1299919485835644928
1300045329711075328
1300045011598430209
1300044666423791616
1300044522668339200
1300042833026576385
1300042702504026113
1300041963329257473
1300041897378021377
1300041501737705473
1300040762755895296
1300040339898671109
1300040259493715969
1300038974350798849
1300038029030166530
1300037444386119680
1300036599632330752
1300035595511762945
1300035506626068480
1300033625329668097
1300033133371224064
1300156623432736768
1300156400979640320
1300155464014073856
1300154829705293825
1300153865040429058
1300153015882612742
1300151982393454592
1300150788090593280
1300150580107767808
1300150433592336387
1300149982981357568
1300149479061049347
1300149382227079169
1300148094487670789
1300147765071302656
1300147381040803844
1300147039213203456
1300146056995504134
1300145832394719235
1300144662548606977
1300144573637890050
1300143133083066369
1300143109087600641
1300142771605508096
1300142770703732737
1300142580546502656
1300142249968193536
1300141731917238273
1300141650447130625
1300141533082025988
1299898068691816458
1299897538212962304
1299897485985341440
1299897480692334593
1299897165033201664
1299895952048713728
1299895182306029569
1299894365620506625
1299894173399683074
1299892873165516802
1299891790120714244
1299891687955849216
1299891342852595712
1299889578950750208
1299887564103364608
1299886776480301056
1299885964073013248
1299885927817293824
1299885527483789315
1299883844972228608
1299882981398511617
1300094478737444869
1300093145632387075
1300092357040201728
1300091859306504193
1300091184858136578
1300090604035207169
1300090563300073475
1300090220021506048
1300089592075358208
1300086885272879106
1300085257207795713
1300084155678707713
1300083790442762240
1300083185426989060
1300082298906390528
1300082276496101378
1300081649900818434
1300081630426443779
1300081617336250369
1300081477913382918
1300080835853393921
1300080811132116993
1300079645287747587
1299999679271374850
1299999220762636288
1299998732201549824
1299998599317786625
1299997596082221057
1299996777102356480
1299995922441658368
1299995479682560001
1299995326988812288
1299995107291062272
1299994498643173376
1299992772523552769
1299991756533047296
1299991303762186240
1299989048258433024
1300014911725211649
1300014378520113157
1300014091839221761
1300013816772665344
1300013745960230914
1300012929979494402
1300012346652405760
1300011331098161157
1300010874212618241
1300010617236008961
1300010084613971968
1300009750768357382
1300008707078709248
1300007064173977602
1300005987852713985
1300003494167015427
1300003202167910401
1300002496191049728
1300001724812337153
1300000157623345152
1300000135246536705
1300125686120800257
1300125253092274181
1300124973747580931
1300124526223581185
1300124305498480641
1300123232461352963
1300123191873024006
1300122234745356288
1300121557914677248
1300121113125584897
1300120776574513152
1300120523926454272
1300120314886656003
1300119944143745025
1300119287894626305
1300119258026749953
1300117751051157504
1300117233545310208
1300117160040099845
1300116835627458561
1300116752672587776
1300116515937595392
1300115374424428544
1300115315972624385
1300114916767084550
1300114831987691523
1300114447357349889
1300113747785072643
1300113651177791488
1300113314672816128
1300112716049178625
1300111725744844800
1300111213762879488
1300030073702166529
1300029782575341569
1300029338876882946
1300029174447570944
1300028773404901377
1300028387516448768
1300027897613295616
1300027696127209473
1300027368308965377
1300027320321929216
1300026835426779137
1300026741608443904
1300026600319340546
1300024696990101505
1300024559744233472
1300023978107392000
1300023875695185920
1300023859995967488
1300023352996909056
1300022885298434049
1300022457177452544
1300022196115443713
1300020829565059072
1300020625357131776
1300020267633315840
1300020186406440960
1300020068806471680
1300019230503571457
1300018083285745664
1300016882037252098
1300016764370268160
1300016194183811072
1300078776475320323
1300077674543669248
1300076563732606978
1300076545210548225
1300076029772525568
1300074913039036418
1300074819262742530
1300073875485741058
1300073035140083715
1300072356900204545
1300071584678506496
1300071444043444225
1300069891203047426
1300068310508343298
1300068012704305152
1300067841400504320
1300066105919074304
1300065883092520960
1300065736275025920
1300065511481384961
1300065266387181569
1300064988841689089
1300064809334042624
1300064741386145795
1300064130582286336
1300063967201562624
1300063930157543425
1300063830962327552
1300063734388330497
1300220766143700993
1300219110299783174
1300218983665332227
1300218504067522560
1300218228086575105
1300218162831527936
1300216769345449986
1300216147699093506
1300215878454190080
1300215393131196416
1300215173399982080
1300214349974310912
1300214040459767809
1300213801279655936
1300213737429766145
1300212470775250948
1300212369209978880
1300211788139634688
1300211451248943106
1300210807377027072
1300210780864946176
1300210280614572034
1300210169771683840
1300209355510427648
1300209320592801793
1300209162916368386
1300208455035174912
1300208117830103041
1300207937756049410
1300206638381633537
1299867304709120000
1299866636107870209
1299866098922213376
1299865542090788864
1299865508439875585
1299865324163039232
1299865002686414848
1299861656638377984
1299861396419686402
1299860171666137089
1300189138478661632
1300188876045156355
1300187761996173313
1300187055507595269
1300186694768091136
1300186240105545732
1300185603628322817
1300185263117946884
1300184906962796547
1300184338127106048
1300183445277212672
1300179883381972993
1300178282504019969
1300178137804951555
1300178120922861575
1300176778900770817
1300176651754631170
1300176347264811008
1300175079167471616
1300174877903773698
1300174431298433024
1300174383554547712
