1314544128403804161
1314543985805983744
1314543716430868481
1314543442236641280
1314543100363182081
1314543065260990464
1314542410240684032
1314541169850818562
1314540586146258949
1314540535307210753
1314540244885139456
1314539984456736769
1314539945327902721
1314539731296808967
1314539657930182657
1314539417172754432
1314539036418203650
1314538986963038208
1314538827126636544
1314538566656102400
1314537801900347399
1314537667543986178
1314536549204201472
1314536277782429696
1314535379534372868
1314534952470343680
1314534793577717761
1314534723335737345
1314534647532064768
1314534486529384450
1314534455764307971
1314534277556568065
1314534077547057152
1314533268654559237
1314532978257727488
1314531755777425408
1314531588781289472
1314531406387703808
1314530899602571265
1314530865595047936
1314530177582538752
1314529216222965760
1314480592646533120
1314480234780073984
1314480080333271040
1314479435689664512
1314479343645724674
1314479176427110403
1314478365718523904
1314478183010504705
1314478144641019906
1314477615844151296
1314477402450427905
1314475908355502080
1314474573182558211
1314473945203118081
1314473736020557824
1314473456394592256
1314473282691756032
1314470538841030656
1314467797276209152
1314467405930926080
1314467227207434248
1314466923485241346
1314466324853252097
1314466060700184581
1314466051195895808
1314652955623251968
1314652739503259653
1314652699632205825
1314652287210586112
1314651983475863554
1314651917969227788
1314651767448240129
1314651414216544263
1314650690053197824
1314650244840390656
1314650026304471040
1314649646887768064
1314649351327637504
1314649052127072256
1314648938620882947
1314648750573391872
1314648208488960001
1314648014900920320
1314647737258905606
1314646696232652801
1314646406947368962
1314645438834900994
1314644741414440967
1314643548608888835
1314643391397933059
1314643340076384257
1314643053177638914
1314642860977815553
1314642045827506176
1314640459302498304
1314640183543951360
1314640114916691969
1314640091839631360
1314638597698596865
1314638286678372352
1314638065634357250
1314527410273038338
1314527042822529025
1314526703843119105
1314526483038306305
1314525685407526913
1314525404372271104
1314524916780281856
1314524760802435072
1314524521995657219
1314524408095141889
1314524108361805824
1314522442984050689
1314522119619768320
1314522058286493697
1314520991222169602
1314520847684526080
1314520261438439424
1314520229096153090
1314519836379185153
1314519120751325186
1314518853586616321
1314518008463843328
1314517930277769216
1314517252671180801
1314515506884354048
1314515424822865920
1314514398262722562
1314513862675312643
1314513600497815554
1314513038578528258
1314512867652141057
1314575203880570881
1314574982542954496
1314573898604740617
1314573823988162568
1314573623664029697
1314573186240057345
1314572839085912071
1314572774531366913
1314572065123467273
1314571623698182145
1314571551132602372
1314571463022833666
1314571272920223744
1314570490099511297
1314570313548562432
1314570066424365058
1314569859515076609
1314568328363552768
1314568283350155264
1314567942487433218
1314567915082076165
1314567378970177537
1314566711430066176
1314565648761024512
1314565644084535297
1314565081984888832
1314564854653620227
1314564663082840064
1314564572167073792
1314564302704013313
1314564177009078273
1314564099422916610
1314563738410704896
1314562731345928194
1314562671807614977
1314562466286759936
1314562297973547008
1314562226808709121
1314562070310981632
1314561936499994624
1314561674364383237
1314685584733020165
1314685450133688320
1314685379774230528
1314685324547756032
1314685242054242304
1314684558483181568
1314683550361243648
1314682955353272322
1314682891956178945
1314682162080362497
1314682127905107980
1314682069532975104
1314682002931679233
1314681960330137602
1314681479818096640
1314681470804529155
1314681431008960513
1314681411383652352
1314681201404280836
1314681180483129344
1314677313867481088
1314676366017794049
1314675608014786561
1314675549298552833
1314675457737060353
1314674138896838662
1314673653448093698
1314636644977385474
1314636618188419072
1314636406149578761
1314636216940158977
1314636145062543360
1314635871199678464
1314635083970740229
1314634750406074370
1314634271873794055
1314633980298309635
1314633177999212550
1314632263003443200
1314630272823029762
1314630081168498691
1314629731770392578
1314628952762146816
1314628857329311744
1314628726051799040
1314626884416790530
1314626695849226240
1314626499547463680
1314626289941336064
1314625957269893121
1314625784678670337
1314625294947491840
1314625248076214272
1314625188546347008
1314625183089487873
1314625165389594626
1314624975828119559
1314624817480585216
1314624759594971142
1314624225290969090
1314623788722655232
1314623403370913794
1314623203587895297
1314622730315202565
1314622709834358785
1314621859145678848
1314561567615340545
1314561558266155009
1314561379232288768
1314561121811079172
1314366522823974913
1314365106281742337
1314363193972543488
1314362782708625409
1314362375462584320
1314362371033329665
1314362062160752642
1314361917301907456
1314361347950309376
1314361182640275456
1314360955694841856
1314360059120414721
1314359538045386752
1314358177857765377
1314357987155357698
1314357724239597569
1314357464515534849
1314357307443093505
1314356702024798210
1314355868117479426
1314355756385226752
1314355738769190913
1314354917642043392
1314397894930202624
1314395759958138880
1314394576992468992
1314393549924859904
1314392784384786432
1314392412412813314
1314391446502342656
1314390991227490304
1314390480566837250
1314390356667052034
1314389989506064384
1314389973588537344
1314389252231184384
1314389192378548225
1314388814606016518
1314388760440627200
1314385576364257285
1314383815867920384
1314383724713316352
1314383621730394112
1314383563807100928
1314605547312750604
1314605338834825216
1314602286535053312
1314600276691750912
1314599566004674560
1314597487232135177
1314597052534456321
1314596589483241472
1314596208116142081
1314595120986062848
1314594715191390209
1314594568667648001
1314591839249367041
1314591704507351045
1314620727165964289
1314620102101303297
1314619989870206977
1314619774895259650
1314619695551537153
1314619076929613826
1314619043840765952
1314618557586644993
1314618244276391937
1314618240677666823
1314618162302853129
1314617738179084290
1314617624458915842
1314617044034367489
1314617034857091074
1314616218788270080
1314615759566446604
1314615320343187456
1314615233869217796
1314615024787296256
1314614719135842306
1314614561501261825
1314614498486034432
1314614095723847680
1314613659050668032
1314613341478891522
1314612966088757251
1314612410804830216
1314611847924940800
1314611693264072711
1314611379895238657
1314610120626667525
1314610019904741377
1314609639959539720
1314609103004667905
1314608931814223872
1314608755590541318
1314608110892462082
1314607647925178368
1314590394525589504
1314589673717673985
1314588663263703042
1314587572174159872
1314587400174272514
1314586636580249601
1314586467742568448
1314586128402575365
1314584972641153026
1314583769135951874
1314583421864247296
1314583165151965185
1314582893772013568
1314582623398883329
1314582414971281408
1314582135844593666
1314582094346022912
1314582019398078469
1314581564576149509
1314581537124495362
1314581442710691841
1314581406022950914
1314581384023941124
1314581343213420546
1314581242617171976
1314581219821133825
1314581054519480325
1314580922985975809
1314580808829669378
1314580777921896448
1314580658145177604
1314580205177012225
1314579974880481280
1314579880525410304
1314579805619322881
1314578762353311744
1314578453971324928
1314578171874824192
1314577305939869696
1314576196433309696
1314575402623365120
1314382552317091842
1314382342941675521
1314381797497532416
1314381463970893826
1314381271737405440
1314381029352898561
1314379891450744832
1314379178129711104
1314379073607532544
1314378579086651392
1314376587916308480
1314376113456513025
1314376093642690560
1314375903347171329
1314375401179942913
1314374423613448192
1314373360814567425
1314372833296998400
1314372634587672578
1314372392727326720
1314371823254077440
1314371787308687360
1314371700381880320
1314371311100137478
1314371173669457923
1314370482838306816
1314370121507450883
1314369379484807168
1314369232445018118
1314369216171171840
1314368908669915137
1314368314714583041
1314716390637539333
1314715986780721153
1314714824509714434
1314713707390341120
1314713688650264581
1314713613597388800
1314713087006605313
1314711973750280197
1314711065113100288
1314709433306370048
1314709324728594432
1314709096537436162
1314708983400345605
1314708935635427329
1314708661399220224
1314708022657122304
1314707691265314820
1314707585568632832
1314707042305802240
1314706854434410496
1314705571493425154
1314705462282125318
1314704892137672704
1314704410975576065
1314704407704023041
1314704403832635393
1314704396211687424
1314704392789131264
1314704388582248449
1314704381221240833
1314704370492153856
1314704363986845700
1314704355753418752
1314703948549255168
1314703838201470976
1314702135741870083
1314414282319163392
1314413654649995264
1314412912614797312
1314412242645864448
1314412179802775552
1314411554205433857
1314410946035556353
1314410767052136448
1314410033422258176
1314409010142023681
1314407174387511303
1314405636889808896
1314404994934886400
1314404927838527490
1314404347300675585
1314403092490784768
1314402307476516864
1314402039577948160
1314400806511218694
1314400513404948480
1314400172894498816
1314399708195049474
1314399507442958336
1314399412865568774
1314496908262596610
1314495412254904321
1314495298337681408
1314494011701329920
1314493878863425536
1314493624609058818
1314493256651202560
1314493224204013569
1314492776671858690
1314492384131141635
1314492365713833985
1314490987469852673
1314490754492960768
1314490633562796032
1314490463076995072
1314490229491994624
1314490205672411136
1314489784132349952
1314489737965637632
1314489645909106689
1314489341411045380
1314488683811094528
1314488307280158720
1314488067261116416
1314486972984029185
1314486110546993152
1314485455493255170
1314485435624820737
1314484736899739649
1314483832985276417
1314483052370784257
1314482703216054273
1314482596546576384
1314482502417948672
1314430650993254405
1314430197870063619
1314429806193389568
1314427776137596929
1314425522655387648
1314420409308254209
1314418334948098048
1314417781237067776
1314417721904431104
1314701238223556608
1314700921046212608
1314700230286245888
1314700062312853509
1314699951730053123
1314699345418223617
1314698303511162880
1314698037466406912
1314697648910274560
1314697390255816704
1314697079290241025
1314696986776473600
1314696902462431232
1314696831171997696
1314696784631881728
1314696596945137664
1314696367659343872
1314696337674379264
1314695871401844736
1314695201827454976
1314695129509236736
1314695015101353985
1314694361301614597
1314694277344133126
1314693017958141952
1314692672741797893
1314692323637424128
1314690649606717442
1314689855595708418
1314689258502778880
1314689202265698310
1314688798836563968
1314688390948950016
1314688083166724096
1314688079127486464
1314688072425132032
1314688068029501443
1314688061721251840
1314688057736597505
1314688054582554627
1314688049553584128
1314688041827655682
1314688035758452736
1314688031555813382
1314688021070000130
1314688010433310727
1314688006259970048
1314688002476699650
1314687991080771585
1314687341588631552
1314686968907866112
1314686916923588609
1314686400181067776
1314686259105853440
1314445914342404098
1314445604861349888
1314444660853673984
1314443761582108672
1314443671891185665
1314443509877878787
1314443483806081024
1314443436775350285
1314442198843363328
1314441891115659264
1314441554438881280
1314441125558652929
1314440464859234304
1314440183450947584
1314434449170468865
1314461825224699904
1314461064440901633
1314459817969295360
1314459357929771013
1314458322674700288
1314457733479817217
1314456801090256902
1314456440128577536
1314455973470273536
1314455549505806338
1314455337391579136
1314454652214181888
1314453975400316929
1314453236527628288
1314448726308589573
1314448699620163584
1314448418362855424
1314668282893471745
1314667825966051328
1314667151219924996
1314666908269064192
1314666194457288704
1314665017455804417
1314664822370439168
1314663179776122880
1314663005980971008
1314662873973616643
1314662499556311040
1314662358825013250
1314662244576309248
1314660182354358272
1314660020752199681
1314659871023869952
1314659818842464257
1314659644376190977
1314659499353931776
1314659316557725696
1314659281707261952
1314658975296745473
1314658782434140160
1314658530280960002
1314657665788768257
1314657617604567040
1314657570515288066
1314657510545149952
1314655127006044164
1314655065974755330
1314655064867438593
1314655062250065920
1314654809992159239
1314654257342148608
1314654233531232256
1314654199288926211
1314654092963262464
1314654019642589184
1314653681585799168
1314559269778456576
1314556047449874435
1314555795619688451
1314555757774467072
1314554156556922880
1314553196115714049
1314552927365861376
1314552782175703040
1314552327731322883
1314552118838136834
1314551487700389890
1314551149991616512
1314550990570356736
1314550752069578754
1314550648944365575
1314550644720635904
1314550358765576192
1314548538400010240
1314548352332201987
1314548347286556677
1314548327007084546
1314547937549066240
1314547437881757696
1314546283198119936
1314545652341387264
1314545339769257984
1314545325068087299
1314545127092674560
1314545113612378113
1314544704478875649
1314544457916841989
1314512061674795013
1314511739476561920
1314511042458738688
1314509841130491904
1314509535973978112
1314509258466029568
1314508532998451202
1314508039127478272
1314506873136181248
1314505819103268866
1314505816171401217
1314505083552440322
1314503843913269248
1314503660634869760
1314503489100353536
1314502701074591744
1314502439635165185
1314502413294985216
1314502314200244224
1314501944573005827
1314501024086974465
1314501001173319681
1314500489967534081
1314500421130444800
1314500104745820160
1314500003084214273
1314499914597048321
1314686130609164290
1314686016112951298
1314685937008422915
1314685816338296839
1314685619361251329
