1339309129643380736
1339309126665515008
1339309125432389639
1339309019593404416
1339308952920715266
1339308947761582080
1339308911598460939
1339308885736189952
1339308875057688577
1339308862424354818
1339308768010657793
1339308732690427905
1339308673089286150
1339308610833281026
1339308575622107136
1339308545863540737
1339308524233502722
1339308508962058242
1339308322671841281
1339308176047562754
1339308171282755584
1339308154895515648
1339308034900824064
1339307960875405313
1339307920526364680
1339307844932423682
1339307793799634953
1339307721867268096
1339307703429181446
1339307675121836033
1339307634516783108
1339307539901546496
1339307528492965888
1339307513309749250
1339307421043396608
1339307398423429120
1339307362092544008
1339307236439560192
1339307147763585027
1339307124195778561
1339307089424838657
1339307045690826752
1339307038128680965
1339306986471641092
1339306909153759233
1339306904640757765
1339306803570597888
1339306782796091393
1339306732514897920
1339306656597946371
1339306603296796672
1339306583310946304
1339306558308671493
1339306447381860358
1339306332826943489
1339306270063550469
1339306257430155264
1339306192645083140
1339306110898098183
1339306108037582848
1339305925144838144
1339305871407521802
1339305790889455624
1339305725609250817
1339305656252248066
1339305523154448384
1339305445324976128
1339305380938211330
1339305341390114820
1339305309274320900
1339305268446949376
1339305191066234883
1339305183671676929
1339305107511517187
1339305107192754179
1339305103841501200
1339304987898343428
1339304702492684289
1339304687313575939
1339304673174376450
1339304662189608965
1339304474414821379
1339304455225843712
1339304185003708419
1339304015792893954
1339303977633128453
1339303921592963072
1339303892824166400
1339303761018318849
1339303591627124742
1339303484894621698
1339303429085274118
1339303370444722176
1339303357605941249
1339303246532235264
1339303239490088966
1339303231684444161
1339303229545385993
1339303096426622977
1339303039656714244
1339302972409393156
1339302841131950085
1339302706163445760
1339302678405521411
1339302610860298241
1339302590711017474
1339302538860965898
1339302493910675459
1339302466572181506
1339302422368432128
1339302388344098816
1339302374746116096
1339302342726987782
1339302323949096966
1339302258790510595
1339302253010751489
1339302067899420672
1339302037910028288
1339302019673178112
1339301996751429635
1339301992884174848
1339301971690450945
1339301852190371840
1339301710506958851
1339301704202915841
1339301701333954562
1339301690508410880
1339301614801330181
1339301543657533445
1339301481472725000
1339301476858990602
1339301290254368768
1339301246188961792
1339301242632286212
1339301240291864576
1339301237410435072
1339301206397771778
1339301087673602048
1339301066043654145
1339301060515667969
1339300978177306635
1339300949710483459
1339300923877650433
1339300699235037184
1339300569748566019
1339300560697176065
1339300415901458438
1339300393990332416
1339300362667188226
1339300337534918656
1339300329960124416
1339300207746543617
1339300156072751108
1339300044567179266
1339300033859112970
1339299964959207425
1339299961704472577
1339299952409927680
1339299944851787781
1339299912786223104
1339299879370317826
1339299823917428738
1339299787120799749
1339299669583736832
1339299666261929990
1339299658187894788
1339299638654984193
1339299562809413642
1339299436078505990
1339299320135290892
1339299158298136576
1339299127167840256
1339100490886307841
1339100346724085760
1339100197503311872
1339099489211199489
1339099461440692225
1339099213142102016
1339099182963908608
1339099107143585793
1339099006798991364
1339098956643577856
1339098855636410368
1339098817204006914
1339098765001707520
1339098631886884864
1339098610219233281
1339098559883448321
1339098277724237824
1339098185831239681
1339097678077104128
1339097667809341441
1339097641821605890
1339097600490954753
1339097565829140482
1339097565514530816
1339097196545892355
1339097177579249666
1339097037661409280
1339096819964530688
1339096741455532032
1339095857140920320
1339095845166227456
1339095825251774467
1339095809405706243
1339095751750717441
1339095593298194433
1339095575078178822
1339095572859371520
1339095563984195587
1339095554102415360
1339095548830208000
1339095413236899847
1339095307431374850
1339094948793077761
1339094825975623682
1339094664004038657
1339094499574878208
1339094275552731137
1339094106098692097
1339094047256809477
1339094013673009152
1339093988607868928
1339093953224744961
1339093901337038848
1339093811775959040
1339093790716518406
1339093786425745409
1339093517843361794
1339093404127551488
1339093088338386946
1339093026988146688
1339092651786661888
1339091714179354624
1339091326776860672
1339090738382979077
1339090106624446467
1339089815753682952
1339089647637581824
1339089359094620161
1339088666858283008
1339088535354290176
1339088499513970688
1339088068620349440
1339087188571643909
1339086989526769664
1339086647493877760
1339085910336565248
1339085910118457345
1339085508039806984
1339085505695264770
1339054705234726912
1339054423033720832
1339054365991084033
1339054218578173952
1339054093688516609
1339053977455955968
1339053965233807360
1339053858576687104
1339053658877685763
1339053634076749824
1339053394259046400
1339053066998456321
1339052890883645440
1339052881618423809
1339052364116836353
1339051606164303872
1339051564154011648
1339051484093296640
1339051394209361920
1339051160779546629
1339050564928360449
1339050528161017856
1339050357054431232
1339050224699002880
1339050217275072512
1339050093962391553
1339050039453347843
1339049694044033028
1339049430767419392
1339049419677655042
1339049286609358849
1339049251905671170
1339049018781929472
1339048999886712832
1339048893699530758
1339048633082273792
1339048618322366465
1339048143418236930
1339047472329592832
1339047364980428801
1339046633338769408
1339046592796524545
1339046350495821825
1339046118383095808
1339045991727718401
1339045942931189760
1339045734834909184
1339045359708819457
1339045211348066312
1339045100551278593
1339044783667388417
1339044759881588738
1339044232384950273
1339044124515840003
1339043969477431297
1339043764690694144
1339043400063049728
1339043246845079553
1339043186065494027
1339043024517652480
1339042813141463041
1339042768681885697
1339042704223834119
1339042624020295681
1339042353395490818
1339042125640511488
1339041728968478722
1339041695867015171
1339041648605597697
1339041538870009857
1339041259638415361
1339041135109541890
1339041019908730881
1339040956063027203
1339040745768960001
1339040558891851777
1339040540726349825
1339040489371209730
1339040285137965057
1339040211729264640
1339040041952309252
1339039999812128769
1339039897785610240
1339039817557037062
1339039723776577536
1339039619468431361
1339039617518104578
1339039608198270976
1339009064362131457
1339008059394371585
1339008022174109696
1339007915588341761
1339007718540054535
1339007333859553280
1339007331187609600
1339006969814913024
1339006745893613568
1339006722233552896
1339006622761439233
1339006236419874818
1339006059034370053
1339005476697149441
1339005372133122049
1339004995509874689
1339004577358680064
1339004550250962944
1339004229986422784
1339003941506445314
1339003936603312136
1339003295239696385
1339003154747240448
1339003077509181447
1339003054931251201
1339003020000935936
1339002952539901953
1339002868544761856
1339002813876092932
1339002763758473218
1339002418525216768
1339002392348528641
1339002041461518336
1339001895910854658
1339001791048986627
1339001395358347265
1339000815348957185
1339000784185413633
1339000441280016385
1339000279631589377
1339000130775646210
1339000025343528960
1338999852357791745
1338999798700134402
1338999773903384576
1338999659713286144
1338999626683191296
1338999549730443265
1338998949601021954
1338998943791853568
1338998603583467521
1338998367184150530
1338998340852326400
1338998239601827842
1338998230688944128
1338998064997085186
1338997982809763842
1338997765448208384
1338997751636324353
1338997641468923905
1338997589597937666
1338997333040779271
1338997271937966080
1339024315459760128
1339024206550491137
1339023754941198336
1339023044870873094
1339022798728163329
1339022687146893312
1339022619954307074
1339022016888918018
1339021970386653185
1339021754732142593
1339021702504849409
1339020915531771904
1339020837530169344
1339020704109514753
1339020683561627650
1339020415440654336
1339019997134221312
1339019980101341184
1339019754217103361
1339019637216964610
1339019625900761094
1339019460368326656
1339019381716758528
1339019235553652737
1339019131031523328
1339019125134422019
1339019123783831553
1339018889108262913
1339018449037766656
1339018219105837056
1339018146557136896
1339017877781803009
1339017782529286146
1339017661154435072
1339017401426472962
1339017357172338695
1339016925981106179
1339016708653264898
1339016305089912833
1339015896308834304
1339015637000212480
1339015526102626304
1339015458998009856
1339015427423399936
1339015352173424641
1339015334846738433
1339015275283238913
1339015224234414086
1339015142198095879
1339014945430757377
1339014938816286722
1339014891974352902
1339014425865453568
1339014312375984128
1339013959031156736
1339013918971195392
1339013795616878592
1339013566989553664
1339013533929975808
1339013475931045888
1339013070237134849
1339013004294316034
1339012941912403968
1339012875432718342
1339012748710191104
1339012717395333121
1339012638991331328
1339012586927427585
1339012405951664128
1339012363517898752
1339324880504950791
1339324871881478145
1339324864293908481
1339324809977737221
1339324769146167297
1339324744093605892
1339324640552873985
1339324634819416065
1339324625046614022
1339324506733596679
1339324454699233281
1339324440660897793
1339324428883275777
1339324354648297472
1339324297727381504
1339324114251616257
1339324106169344001
1339324079720067077
1339323985721495553
1339323958122917896
1339323937403101195
1339323913189400577
1339323860429266944
1339323779026128897
1339323763234582529
1339323750253211651
1339323711149772801
1339323644082872320
1339323575799582720
1339323459353063431
1339323402725765120
1339323368122802181
1339323354357112832
1339323317078155265
1339323294768656384
1339323256965357568
1339323239722602499
1339323201986375685
1339323194654810113
1339323143073058816
1339323070922846211
1339322991474163713
1339322945475407873
1339322508189839361
1339322485444063236
1339322452799856641
1339322369886842881
1339322358478286850
1339322316313006080
1339322310138982401
1339322258884595714
1339322250932183040
1339322223790788609
1339322177393332226
1339322105679106049
1339322042169102347
1339322017447882757
1339321997021634562
1339321962066305026
1339321953342124034
1339321951832125445
1339321867295805440
1339321861394534403
1339321849633763331
1339321787994099713
1339321637653655553
1339321616463872000
1339321569047433221
1339321523627286536
1339321517444915200
1339321475623481345
1339321419981787149
1339321365887856642
1339321241489068032
1339321148559986689
1339321143778553856
1339321120567271430
1339321015592235008
1339321010252812288
1339320987154870274
1339320969677185033
1339320913339310081
1339320796196593664
1339320480927506432
1339320450443251716
1339320441350053888
1339320381677727745
1339320317345484808
1339320216099098624
1339320206775087105
1339320202866126856
1339320125435031555
1339320000625184772
1339319954961784832
1339319899605381120
1339319889903972353
1339319835822600198
1339319790016589829
1339319746232258562
1339319741320671234
1339319706038263811
1339319639453601792
1339319506989101058
1339319498265006080
1339319445962027009
1339319432536072196
1339319375325696014
1339319304626515972
1339319234837491712
1339319179195912193
1339318829151883266
1339318826933112833
1339318817118416904
1339318782259462144
1339318721194598400
1339318684335169542
1339318597412397064
1339318537287069711
1339318448988573700
1339318379967107075
1339318374980050949
1339318107744120835
1339318056045211651
1339318001800273920
1339317980942004224
1339317978731589635
1339317765702905860
1339317700103815169
1339317672815841282
1339317613109841921
1339317449636737025
1339317396155338753
1339317374034513923
1339317313321897984
1339317157302317059
1339317126285373440
1339317125127671809
1339317054218891273
1339317019053854724
1339316908693352450
1339316864908869633
1339316842641444864
1339316831815938048
1339316668531679232
1339316613875687429
1339316599245991937
1339316573270585349
1339316530824294402
1339316447848378369
1339316384681979904
1339316370354425859
1339316229941710848
1339316223759171585
1339316012412506113
1339315987880038410
1339315922453073921
1339315744895590403
1339315734099456000
1339315619754369027
1339315568726306816
1339315518478508033
1339315473934995458
1339315452384845825
1339315393719103492
1339315338517884931
1339315310336339969
1339315193344475141
1339315070015328263
1339315038113427461
1339314807925829635
1339314656897327109
1339314577025142788
1339314565729935360
1339314559262355456
1339314525636595715
1339314480031932419
1339314420053397512
1339314402168803343
1339314373924368384
1339314352499920904
1339177547515514881
1339177517022900224
1339177076641951749
1339176960430403584
1339176235763642369
1339176155908337666
1339175750574993408
1339175590176370689
1339174947579564033
1339174896593743872
1339174773478322177
1339174738074116102
1339174690833772551
1339174650300026880
1339174408880001027
1339174077022547969
1339173776924303362
1339173677192065024
1339173406973915136
1339172847915323394
1339172716247539712
1339172408121503748
1339171169648455680
1339170976433659904
1339170948264636417
1339170890001637376
1339170888533598208
1339170870208720903
1339170862231146500
1339170631909306369
1339170528486072321
1339170463340244995
1339170344326868993
1339170064516472833
1339169664350515200
1339169493189275651
1339011981055909888
1339011975070838784
1339011934432190465
1339011667720630274
1339011310344921092
1339010853203533824
1339010823910526982
1339010822652256258
1339010743807700999
1339010518707826693
1339010502173843457
1339010461803704322
1339010446012059649
1339010093355032577
1339010045770674183
1339009737040519168
1339009467178864640
1339192717235134466
1339192256717336576
1339192119987200000
1339192057085177857
1339191923836260354
1339191887161417729
1339191689810993152
1339191526648385540
1339191215682686978
1339191129116463105
1339190992600256514
1339190694347419650
1339190256885764104
1339190136903503872
1339190129609490434
1339189815389130753
1339189322516287490
1339188910715510784
1339188295910256640
1339188201953652737
1339188048161099778
1339187123921031168
1339186853581348864
1339186608260648962
1339186601059094532
1339186532566044673
1339186435501461504
1339185399571288065
1339183516324597760
1339183376314589185
1339182597813854209
1339182480927170560
1339182459544625153
1339182454372933632
1339182005314088962
1339181867103293441
1339181857330655232
1339181748064714753
1339181434343469058
1339181221532880896
1339181000144936961
1339180726403608576
1339180620828848135
1339180358647111681
1339179543509266433
1339179388127080448
1339179356753686531
1339179318690234369
1339178947095842822
1339178851373445120
1339178722289733633
1339178707039088644
1339178648520290312
1339178476562128897
1339178460384727044
1339178381292802048
1339177628863893504
1339116173187833857
1339116051221581824
1339115698304540673
1339115632739065857
1339115433287409664
1339114314070958080
1339113929667047425
1339113770212265985
1339113767343415301
1339113145432883200
1339113032237060100
1339112885771964418
1339112726346539008
1339112105593671681
1339111890824409088
1339111609461948417
1339111378653745152
1339111203487035393
1339110849462603776
1339110639323803648
1339110417587728384
1339110320971915266
1339110201392308225
1339110104763932672
1339109951558602752
1339109937117585409
1339109166074433536
1339108835106070530
1339108322096635904
1339108158468366336
1339107932156407809
1339107920248594432
1339107916595429376
1339107891387613184
1339107634989948928
1339106980766498817
1339106803003568128
1339106646283309056
1339106508387315716
1339106444499685376
1339106393538899968
1339105968123080704
1339105861021687808
1339105853635350529
1339105715818909699
1339105648403828736
1339105423631081472
1339105347403911170
1339105286380929025
1339105221809725440
1339105196480233472
1339105063399112714
1339104650767699968
1339104645390667779
1339104610578026500
1339104582144827392
1339104535017648128
1339104469980749825
1339104444995284993
1339104416138489856
1339104405845549056
1339104389538193408
1339104338615160838
1339104175955861504
1339104070615900166
1339104034934976512
1339103906597642240
1339103885798105089
1339103853833175048
1339103802645950464
1339103673998340096
1339103614128820224
1339103570914930696
1339103515306766337
1339103462353723392
1339103377649700867
1339103331751497730
1339103272368533505
1339103165082464256
1339103113530191873
1339102970324148226
1339102883829194754
1339102881429917696
1339102874618519553
1339102406592909313
1339101754944704512
1339101660350705664
1339101481149063169
1339101428028219392
1339101346306293760
1339101091045257217
1339162209663016961
1339161950765268992
1339161593238708225
1339161515291774977
1339161467401232385
1339161306499342343
1339161121224151041
1339161038726574081
1339160944392474624
1339160788494397442
1339160627772854273
1339160601818324993
1339160226629607424
1339160143855017984
1339159552068038656
1339159215420661760
1339159023992647680
1339158821705572352
1339158734161858560
1339158662909190144
1339158333287063552
1339158268812333056
1339158138998587393
1339158046983991297
1339157997847711745
1339157890708496386
1339157863873327105
1339157640656670721
1339157627830476800
1339157422557044737
1339157375907979266
1339157182269579268
1339156984038211584
1339156960386707456
1339156938366484483
1339156881324072961
1339156727783108609
1339156714885701632
1339156541342183425
1339156454985621504
1339156228530900994
1339155908958498818
1339155847612563456
1339155730381774853
1339155647313694722
1339155576870367232
1339155325035823104
1339154922370195459
1339154558795313152
1339153764649996288
1339153428728131585
1339299101368782850
1339299075590656011
1339299041805545476
1339299003079462915
1339298862486401025
1339298748506267648
1339298687659421697
1339298676276137986
1339298561717112833
1339298528741511169
1339298447095173123
1339298436743655430
1339298264168820737
1339298231105282051
1339298178256998406
1339298162276769796
1339298147110105089
1339298075135930368
1339297985549787137
1339297825377693700
1339297563812524033
1339297556497485824
1339297451702956033
1339297316365348865
1339297294613680131
1339297254310613001
1339297246190456832
1339297237491441665
1339297165261365248
1339297077558296576
1339297046164099072
1339297038328975360
1339297027071635457
1339297020876644359
1339296940199202817
1339296853314166789
1339296810439884800
1339296755217739777
1339296711748046849
1339296700591181824
1339296683532963840
1339296619506794496
1339296569770856448
1339296564452454403
1339296516301856773
1339296431685967872
1339296421661601800
1339296404326510592
1339296384726544387
1339296325184184322
1339296250693361665
1339296159827943429
1339296148549496833
1339296132648853512
1339296051132502018
1339296039967330306
1339295952314699776
1339295913542561796
1339295872375533569
1339295825567027200
1339295706331287552
1339295700635557891
1339295685422747648
1339295669450903554
1339295599754006528
1339295519911325700
1339295336892862466
1339295159209619457
1339295101047148545
1339294972843937792
1339294892120559622
1339294879206273028
1339294825384996867
1339294804249878528
1339294765830049800
1339294726848208904
1339294686209576964
1339294639875088389
1339294614675664896
1339294594106871809
1339294535390797829
1339294443229286400
1339294430134738945
1339294281329045505
1339294229177233410
1339294192451907584
1339294174433173505
1339294150848557057
1339294052886470657
1339294030811836434
1339293994216386561
1339293610378932225
1339293579655737344
1339293551956516871
1339293491130757131
1339293380719890432
1339293335236866049
1339293249064882178
1339293190034251776
1339293183751155712
1339293122338189314
1339293107519713282
1339293010757115909
1339292995707940872
1339292989198307329
1339292984140050434
1339292940582219777
1339292925159755783
1339292794075017218
1339292743974182912
1339292706753884167
1339292585563725824
1339292539086663683
1339292390432108548
1339292354965069827
1339292310350258185
1339292228913524736
1339292219786862593
1339292197095534592
1339292178967834624
1339292025397645317
1339291943021457410
1339291807906226177
1339291708543164416
1339291672711221253
1339291659549487112
1339291632659800068
1339291627307798542
1339291621083508738
1339291579337601028
1339291569837535234
1339291457585295361
1339291280602488836
1339291276303343618
1339291171286298631
1339291158007214080
1339291088109101065
1339291078588059649
1339291073689038849
1339291033528643587
1339291032844980228
1339291014801055747
1339290977450815488
1339290967065563137
1339290930420047873
1339290898539180039
1339290864489799685
1339290839923691520
1339290808655155201
1339290797737390082
1339290764522696704
1339290588848549889
1339290552706224137
1339290518082232329
1339290506732457984
1339290498670923777
1339290469684158469
1339290302251667457
1339290299026337792
1339290292047007744
1339290252184350723
1339290234564042758
1339290205405274115
1339290191463391233
1339290189420752897
1339290125294039041
1339290102942535685
1339290050174054404
1339290015923396614
1339289966283776001
1339289899267223552
1339289862088904704
1339289836231004161
1339289798427758595
1339289701530931202
1339289682178416647
1339289648531697666
1339289598921306112
1339289588565762051
1339289529757396992
1339289483859152902
1339289433317781506
1339289314543472641
1339289296721809409
1339289229721997312
1339289219936755713
1339289206124896258
1339289171773579265
1339289157114466312
1339289153540861952
1339289123560034304
1339289075052929036
1339289049434120194
1339289032564600832
1339289018241064960
1339289004815110145
1339288974469328902
1339288901848993792
1339288850645049344
1339288830885687297
1339288790154817536
1339288660789907458
1339288598881906690
1339288588316364800
1339288531815059469
1339169207808757762
1339169143141130240
1339168858641412098
1339168773358710784
1339168742098554881
1339168691863302147
1339168629154201601
1339167989564895238
1339167889119711232
1339167720265437185
1339167132148518914
1339166904242626562
1339166856922329089
1339166714727165953
1339166571823058945
1339166448753799168
1339166413408309248
1339165904215494656
1339165593069563904
1339165306644787201
1339165074448142337
1339165037785657344
1339164843295842305
1339164832986263553
1339164805891035136
1339164500050776066
1339164454995582977
1339164239869698048
1339163815993167873
1339163604403314688
1339163423456829442
1339163306087624705
1339162851244707841
1339162796177694721
1339162757493649408
1339162524458037250
1339162482510852096
1339147028857819137
1339146483485073408
1339146050125389825
1339145956143616000
1339145933242699778
1339145413992083457
1339145251118706688
1339145014115508225
1339144812277194753
1339144804425404416
1339144759684833282
1339144728290283520
1339144724691759106
1339144618487783424
1339144581808607232
1339144534014513154
1339144471959650304
1339144179889430528
1339144160666931200
1339143603864657923
1339143245650157568
1339142859614789632
1339142493594660867
1339142433708249090
1339142362673639424
1339142293480239110
1339142278145826816
1339142212748193793
1339141892399828993
1339141470889144322
1339141274679447553
1339140297813528577
1339140102992191488
1339139807591718913
1339138317393293317
1339138215610097665
1339137889402236934
1339137744312930308
1339137579896238082
1339137566684143616
1339137168086769665
1339136831254896641
1339136736882905088
1339136700279361536
1339136464198758400
1339135823376072704
1339135784344035328
1339135716006256640
1339135670544072704
1339135651053268993
1339135540420075521
1339135483226419200
1339135390440181761
1339135334488150017
1339135310006022146
1339135211121074176
1339135036432367616
1339134985593188352
1339134445257814016
1339134343512535040
1339134111647223809
1339134033016598529
1339133655181111296
1339133507373817860
1339133471785185284
1339133298564603906
1339133042317778944
1339132952140279809
1339132950353506309
1339132850055081985
1339132799375196160
1339132680638771200
1339132608848990208
1339132375217868800
1339132035353415681
1339314220505190400
1339314043346153473
1339313892317667330
1339313805583671299
1339313747437948934
1339313701275512836
1339313697290903555
1339313531301154817
1339313444080803850
1339313426347253764
1339313391010258944
1339313309863063561
1339313186118524932
1339313102089834497
1339313091947933698
1339312966383128577
1339312961777766400
1339312944744706051
1339312923206828032
1339312730164047873
1339312703526023175
1339312694646759424
1339312683234029571
1339312572764364800
1339312482603708419
1339312429285711874
1339312421618511884
1339312326495903744
1339312322041552898
1339312302521257987
1339312299341910019
1339312247575879680
1339312182698385411
1339312086866866179
1339312066025414656
1339311984513343488
1339311961713086472
1339311834805964803
1339311833493221376
1339311701540290562
1339311480517353480
1339311461131153410
1339311405615493123
1339311390318845952
1339311262837174274
1339310945181593604
1339310907114074112
1339310547708370948
1339310501700853760
1339310484005261313
1339310452048883714
1339310411171192840
1339310339654098950
1339310284318666752
1339310242346094592
1339310219017457664
1339310166823620611
1339310043024461826
1339309996513878016
1339309973642371079
1339309968332296192
1339309912602578954
1339309874845523968
1339309711745802246
1339309699087429632
1339309615561859072
1339309566320922624
1339309538856591360
1339309502437470211
1339309439300612096
1339309438390448129
1339309354760212485
1339309319494496263
1339309207875678216
1339309180809834498
1339123726332334080
1339123591535878146
1339123457389424640
1339123003863388161
1339122863027183621
1339122544192843777
1339122196803948545
1339122175454941184
1339122079669608449
1339121959226003456
1339121958496026624
1339121635480113153
1339121605574848517
1339121072654999553
1339121065830727680
1339120759684423680
1339120709071728641
1339120706865381376
1339120534026506240
1339120409199841281
1339120356250931201
1339120298533203969
1339119935008681987
1339119919607189508
1339119908806742016
1339119457499664385
1339119376809725952
1339119163198107652
1339119125495500800
1339118890362621952
1339118821777530880
1339118795579928576
1339117899647246337
1339117572990484481
1339117482423029760
1339117410985541635
1339116723853807616
1339253462320754692
1339253192203362305
1339253010543890432
1339252870043082753
1339252802279890946
1339252541587140609
1339252507630034947
1339252348200382464
1339251903599788033
1339251901947383809
1339251892245958656
1339251589899542528
1339251573449486337
1339251565710852096
1339251263578451972
1339251259484856327
1339251255059902465
1339251237410271239
1339250737709248512
1339250701646647307
1339250486164262913
1339250250649726977
1339250136816422912
1339250068856172546
1339249927461990401
1339249917882036225
1339249813284646912
1339249654945492996
1339249622905016320
1339249572686819329
1339249230372876288
1339248951308988421
1339248811772792832
1339248451352195073
1339248171327873025
1339248161953640448
1339247746662928384
1339247674126643200
1339247602785804288
1339247380600766465
1339247264993325056
1339247113306320898
1339246717821194241
1339246604122025985
1339246091997507586
1339246026264338432
1339245950687035392
1339245917279383552
1339245849336025090
1339245804264042498
1339245782751469568
1339245765659648004
1339245352067559424
1339245337370894342
1339245170525675523
1339244927411249154
1339244852479995906
1339244815662329858
1339244801917644806
1339244711907905543
1339244573567180807
1339244031407091717
1339244024490766338
1339244021215059969
1339243971155996672
1339243195088171012
1339243150532087811
1339243098375921664
1339242953605328899
1339242637346398208
1339242466822803458
1339242301210636289
1339241886561800192
1339241612208185345
1339241316509773824
1339241298998538240
1339241093720809473
1339240927336939520
1339240891991683074
1339240568497479680
1339240427451543554
1339240317162319873
1339239873165791236
1339239137803722755
1339239066752126977
1339238830159912961
1339238745346879489
1339238672621654017
1339238593844432897
1339329366262734852
1339329319542247424
1339329053338312705
1339329024817041408
1339328987504447488
1339328971461152768
1339328577733586946
1339328483856625666
1339328480874520578
1339328411643375626
1339328303904133120
1339328123058458631
1339327965033742338
1339327946205536258
1339327942896328711
1339327937632473098
1339327922474283008
1339327897849507842
1339327834704105478
1339327685110206469
1339327682228727808
1339327535939719168
1339327387591471106
1339327297132879885
1339327216904232960
1339327113795670024
1339327069516406785
1339327030018584583
1339326994178334724
1339326971529076737
1339326943964098562
1339326941183287297
1339326861537648641
1339326580456378378
1339326556553027590
1339326388814438404
1339326288692178950
1339326239161479168
1339326209407246351
1339326184270729217
1339326168382705664
1339326160375726080
1339326145783742466
1339326113164607489
1339326102909620227
1339326037239291905
1339325947049353216
1339325935628247044
1339325867630223364
1339325861716242437
1339325834549735424
1339325702554800128
1339325650684043264
1339325614449455110
1339325546119966722
1339325531851010051
1339325507670773765
1339325429551915008
1339325420722937857
1339325388217077761
1339325343899987969
1339325336387981313
1339325279035002881
1339325220633579525
1339324981252067329
1339324956577050630
1339324925547433984
1339288496750686209
1339288487372222464
1339288464773296128
1339288396775165953
1339288369461923846
1339288276448980993
1339288221235126272
1339288162468847621
1339288160530878464
1339288034412552192
1339287954259210240
1339287943576494092
1339287928305033218
1339287879554637844
1339287851683471361
1339287832905588737
1339287770062344194
1339287767021465606
1339287563329277955
1339287558744903681
1339287557406937090
1339287355069509633
1339287294285590529
1339287251830919170
1339287228086771712
1339287166195740680
1339287139134148610
1339287028547121170
1339286983399665664
1339286957365620751
1339286854680580098
1339286751609638912
1339286424894517254
1339286382758518789
1339286226239713283
1339286103048794113
1339285951022034945
1339285776044077056
1339285725272039430
1339285684478222344
1339285649728290818
1339285603372965888
1339285520992628737
1339285207002869762
1339285150744662018
1339285070360834048
1339285041587884034
1339285024223285249
1339284904929062917
1339284735302963203
1339284687538311173
1339284670085693440
1339284576972247040
1339284548492943360
1339284464367783938
1339284422697299971
1339284419648004097
1339284353013133314
1339284231709728769
1339284215804821504
1339070085965746180
1339070060514529280
1339069766531600385
1339069657836380160
1339069041932181506
1339068730072920064
1339068114504388608
1339067905976266754
1339067758823297024
1339067347408023552
1339066960848490497
1339066802496737283
1339066795106336769
1339066663606644736
1339066614751375360
1339066510757793792
1339066500272025605
1339066256843005954
1339066199850831879
1339066165256093697
1339065920312889344
1339065864738500608
1339065824930357250
1339065784262225920
1339065279612133378
1339065225673228289
1339064817789751296
1339064800999981057
1339064214535618563
1339064049208799232
1339063988097699841
1339063969626001408
1339063947152986112
1339063944355454979
1339063938433110016
1339063914848403457
1339063841745903616
1339063363586957313
1339063303876665347
1339063250533670912
1339062635296399361
1339062617822785537
1339062578060742658
1339062538248605696
1339062298397175808
1339061978908618754
1339061951205429249
1339061438724247553
1339061227813621761
1339061079993827329
1339061060003897347
1339060985923977216
1339060902738288640
1339060538005987332
1339060416274518016
1339060381747011585
1339060223168876551
1339059828669345794
1339059799732850688
1339059756951080960
1339059320307277836
1339059140023386112
1339059030602391553
1339058839870722052
1339058594935869449
1339058583720214528
1339057784726331396
1339057672537186305
1339057671723368451
1339057445180747778
1339057413433987073
1339056898218180613
1339056671864320000
1339056597360914432
1339055886061408259
1339055885872664577
1339055709162442752
1339055461845254145
1339131746139467776
1339131658537070592
1339131654082764801
1339131601599557632
1339131446989090817
1339131361269977089
1339131090661863424
1339131051222962178
1339130691913736194
1339130646736855047
1339130554910957568
1339130205152145408
1339130199846346752
1339129891879579650
1339129737353043969
1339129503847575553
1339129484444745728
1339129451603505152
1339128986878808064
1339128626122526725
1339128324329779200
1339127984968568839
1339127088528248833
1339126997621108737
1339126926250815489
1339126823230316544
1339126794054733824
1339126683522232321
1339126621345886208
1339126616325312512
1339126605189361665
1339126602614132738
1339126599761932288
1339126085921943552
1339125707100844032
1339125612955529223
1339125371309076481
1339125222411280385
1339125090231996417
1339124934514155522
1339124701847699457
1339124568519303168
1339124221805531137
1339124175856918533
1339124131397169152
1339124121892958216
1339329383530688519
1339224020525334534
1339223839721590788
1339223569180581888
1339223561953832961
1339223290531999745
1339283904679866369
1339283888506605572
1339283877173465088
1339283791815176192
1339283748672696323
1339283731354411010
1339283666392977409
1339283615218327553
1339283613418999809
1339283560411377664
1339283532842151937
1339283522222239744
1339283455075606528
1339283411924471808
1339283362222141448
1339283309059211264
1339283192222789633
1339283132583907332
1339283085712642049
1339282953222950914
1339282886705381376
1339282880929951747
1339282835451109378
1339282748339486720
1339282347796164611
1339282337293484033
1339282257782190082
1339282245329297412
1339282112889819137
1339282031990218753
1339282009340801024
1339282008695058432
1339281937295405056
1339281861676204033
1339281847600230401
1339281795838337025
1339281665470984200
1339281658684444675
1339281533430083587
1339281472671408131
1339281430577344517
1339281404522340353
1339281395743600641
1339281326378262536
1339281264201895936
1339281246187364356
1339281239497453586
1339281201245409280
1339281190809980929
1339281122069504000
1339280990280298496
1339280942880309248
1339280888803196928
1339280761686536194
1339280716346036226
1339280708733382656
1339280671714529288
1339280605226393601
1339280541208743937
1339280538947919872
1339280509000675333
1339280504697327623
1339280487127396359
1339280432014241792
1339280233988419589
1339280188782374914
1339280014844497924
1339279941465206789
1339279853850415105
1339279838549512194
1339279552921575424
1339279472491716608
1339279423342862338
1339279224176304129
1339279068148068354
1339278982387277824
1339278834118615041
1339278797380661259
1339278787599482881
1339278729693040641
1339278672046514176
1339278550034239488
1339278448179732481
1339278366948679682
1339278366181109760
1339278353866645506
1339278251408072704
1339278066120601601
1339277689857961993
1339277689274986499
1339277683495202816
1339277605963522049
1339277430914232322
1339277363314642944
1339277337964240897
1339277306033037313
1339277277604040704
1339277259321077762
1339277242279587840
1339277198071619588
1339276996795219973
1339276951811481603
1339276934992326664
1339276869972209666
1339276795644882944
1339276784362196997
1339276579223064578
1339276499178958851
1339276470506713090
1339276239073382403
1339275940149547008
1339275916367761409
1339275748012666881
1339275744992747522
1339275574926258176
1339275534677708808
1339275503178539009
1339275497524563972
1339275424413736960
1339275218985037824
1339275095412502529
1339274946925776896
1339274943708753922
1339274902780727298
1339274723520339969
1339274611838480384
1339274526849437696
1339274374491348992
1339274373174341640
1339274329947836422
1339274249933086722
1339274083087904773
1339274009901473793
1339273765344178184
1339273381812776961
1339273306910781440
1339273171313319937
1339273045005881344
1339273010461745157
1339272973371514882
1339272898918428672
1339272838423797762
1339272803883884544
1339272716466188288
1339272625391083523
1339272522236309507
1339272354120265729
1339272350966018048
1339272234276433929
1339271992764227592
1339271747871199232
1339271704456081413
1339271642095251457
1339271605076291584
1339271573698732037
1339271382656495617
1339271266088448000
1339271143270854667
1339271103286534144
1339271083543900160
1339271041168846850
1339270843478790147
1339270501949206538
1339270475806109701
1339270034225508357
1339269753840472068
1339269661398102022
1339269471790190593
1339269397303554048
1339269378664263682
1339269270929346560
1339269207419219973
1339268878799663104
1339223106922147840
1339223006615384064
1339222987720024066
1339222233609170944
1339222134397218816
1339222085177061379
1339221896043368450
1339221869283643395
1339221481792925696
1339221447462498305
1339221291166035968
1339221267170332672
1339221156751138816
1339220988622462976
1339220808103817218
1339220795625758720
1339220551676686338
1339220529337798662
1339220518155776001
1339220166165618689
1339220136675454978
1339220048058212354
1339219993800663040
1339219958593695745
1339219949714350083
1339219856164581376
1339219730176020480
1339219698211295241
1339219433097555968
1339219296182996992
1339218730258210817
1339218659013701634
1339218647739404289
1339218536531714049
1339218357158096896
1339218334672359430
1339218216418152451
1339218009739694086
1339217994585616385
1339217993117655048
1339217895532982273
1339217848623886343
1339217825530081280
1339217802167803906
1339217536861286419
1339217495748714501
1339217381567164419
1339217013068054529
1339216974346412033
1339216819769536512
1339216634624397313
1339216335268622340
1339216241391710208
1339216208592314373
1339216194474270722
1339216192372879360
1339216177919299585
1339216155307896833
1339216096159731712
1339215883986558985
1339215873761042432
1339215732282974210
1339215709721813010
1339215674112086018
1339215112943652864
1339215043100102656
1339214987022249987
1339214727394832389
1339214717852786689
1339214679378448385
1339214668825505804
1339214665394642945
1339214642116235264
1339214495995092994
1339214126376169476
1339213721407787010
1339213667120934915
1339213631427383296
1339213466297655297
1339213363063230470
1339213274374492160
1339213208553480193
1339212943221731335
1339212792801456129
1339212664837292032
1339212050665517061
1339211235397611521
1339211181056266243
1339210980014878720
1339210876600143875
1339210852432408584
1339210827535175681
1339210809214308354
1339210530448416768
1339210511221714947
1339210191292702727
1339209813310496768
1339209808931655681
1339209383792799747
1339209059371790336
1339208995245072384
1339208987099672577
1339208918761938944
1339208645180092416
1339208034074169347
1339344468076617732
1339344329341624322
1339344262568304652
1339344250715168768
1339343946292416512
1339343431878004736
1339342863843401728
1339342740937715715
1339342665712799745
1339342605491056643
1339342602772967424
1339342600885723140
1339342502193745922
1339342493515718657
1339342309700194305
1339342253450555394
1339342228813197312
1339342188438843396
1339341838709379072
1339341685176856584
1339341630755762179
1339341203742011392
1339341201313464321
1339341113723777024
1339341020471947264
1339340943431000067
1339340906009305088
1339340803093766145
1339340689792880646
1339340676366909440
1339340672315387912
1339340629000654849
1339340584465518593
1339340584301969408
1339340559329189897
1339340450726023170
1339340262905159680
1339340131531173889
1339340060366413827
1339340013868376066
1339339689564794890
1339339592500178944
1339339512053284864
1339339506315632642
1339339428351840256
1339339422005776384
1339339379056099329
1339339278816514048
1339338938994003969
1339338847499513856
1339338823382126593
1339338762116091908
1339338760941613058
1339338722987274240
1339338640527388680
1339338359366422528
1339338164758986752
1339338077475581953
1339337634888429574
1339337603334557696
1339337541212889089
1339337494144356353
1339337422686072843
1339337371612016641
1339337291786022912
1339337278376857601
1339337250711212033
1339337108222316545
1339337034268352512
1339336879221649409
1339336791363608577
1339336610417160192
1339336375087325192
1339336342141014017
1339336283697672195
1339336260092121089
1339336095729938437
1339335788006412289
1339335763356495873
1339335720159371266
1339335541955964940
1339335420610572293
1339335372161961984
1339335348275572737
1339335339790528519
1339335178431426561
1339335089910583298
1339335051415343105
1339335037150486538
1339334976739926019
1339334934742372359
1339334873333592064
1339334868828766208
1339334861308317696
1339334859014156289
1339334769516158984
1339334721000644608
1339334696396869633
1339334678709481483
1339334652759339020
1339334641506000896
1339334524845617153
1339334421598572547
1339334417546940416
1339334296796946433
1339334243571408897
1339334214441979907
1339334173610434563
1339334137900097538
1339334098180075525
1339334067053940736
1339334050830540800
1339333953715572745
1339333939077451781
1339333938905559041
1339333916424069125
1339333813017698308
1339333752854605824
1339333696369909760
1339333670717566976
1339333575519440898
1339333561665642497
1339333500965687297
1339333432783024128
1339333374415167493
1339333365292359681
1339333345906479105
1339333321881477124
1339333318404259841
1339333302021357568
1339333291913129984
1339333285630111749
1339333233507520513
1339333220211548164
1339333196417216520
1339333195972681731
1339333195955920900
1339333130877087745
1339333115592970240
1339333068839145472
1339333013767933953
1339332978162290688
1339332952912760833
1339332952170311680
1339332930053804034
1339332846612217856
1339332826110496771
1339332768375910401
1339332581117079552
1339332377898864644
1339332364057653248
1339332361973063680
1339332344667394053
1339332336375226371
1339332328783572998
1339332188316327938
1339332114433650688
1339332093881450498
1339332062147448833
1339332054488666113
1339332004517531648
1339331970854232064
1339331536395640838
1339331454426370050
1339331428962734082
1339331289460203534
1339331288080076800
1339331284326342656
1339331084744613894
1339330989076656128
1339330932977922048
1339330908063666177
1339330894482481154
1339330877449367552
1339330823871373313
1339330726123204610
1339330715649978368
1339330684289216518
1339330664546656256
1339330595718094848
1339330338296901639
1339330254461165570
1339330215760162818
1339330155102265344
1339329880807387140
1339329852596350976
1339329701391847428
1339329679803756557
1339329554947723271
1339329510861377543
1339329499754868736
1339329470793207809
1339329455496384512
1339329441122693123
1339153382850883586
1339153284356038656
1339153265989136386
1339153197156487170
1339153194635694082
1339153130055876610
1339152872802414592
1339152360430514178
1339152320857174017
1339152070352494595
1339151710296608770
1339151536237187072
1339151205386350593
1339151203893178370
1339151096615407616
1339151079624290305
1339150773259821056
1339150602698436608
1339150435945488384
1339150300196769798
1339150032000389120
1339149975129894913
1339149847362859008
1339149837988634624
1339149776965799936
1339149609713754113
1339149504839372800
1339149216694870017
1339149201851244546
1339149184038035457
1339149174739177475
1339149136931811328
1339149134784319488
1339148887458770945
1339148884258512897
1339148452731572230
1339148201471971328
1339147991937126401
1339147734461374465
1339147623207378945
1339147231790817280
1339147158977572864
1339147144490438657
1339207991195807744
1339207697212858369
1339207262297059333
1339207210866515974
1339207105291620352
1339206999909797888
1339206928690524161
1339206521369063424
1339205995051032576
1339205888666636288
1339205678007783426
1339205581622525953
1339205486151950336
1339205446729658368
1339205250872352768
1339205171092590593
1339205104142934023
1339205096224092161
1339204985305903104
1339204953630498817
1339204848806481922
1339204544685862914
1339204470077583371
1339204464536903680
1339204324258406400
1339204097799491586
1339204095350026252
1339204074802192385
1339203909961781249
1339203759491039232
1339203703119687683
1339203699101609986
1339203670869602304
1339203460043059201
1339203310104899586
1339203138562240513
1339203041615106048
1339203041468280840
1339203039203364865
1339202986468229121
1339202470497705984
1339202429217337344
1339202298468249601
1339202275802308611
1339202180947972096
1339202078791651329
1339201952933142528
1339201616210235393
1339201214337200132
1339201141234688000
1339201023072722947
1339200270308347904
1339200093644333058
1339199846067146753
1339199770607431680
1339199664793530371
1339199414301298688
1339199220012683264
1339198958263037954
1339198858815946761
1339198845788491779
1339198841443192832
1339198825186160642
1339198694726529024
1339198674908442625
1339198566670217216
1339198427599687680
1339198402870059010
1339198398424027141
1339198053836869632
1339197469184417792
1339197177046986752
1339197150165655552
1339196914064109570
1339196477420265472
1339196477311250434
1339196396256305152
1339196346423783425
1339196340774064128
1339196305269198855
1339196283735715841
1339196224151416833
1339195919368073216
1339195752237715456
1339195228918607878
1339195109343162368
1339195094507905026
1339194991269339137
1339194874235674626
1339194505661198337
1339193741471604743
1339193705844985859
1339193158715002882
1339193053660078080
1339359637875924995
1339359528954044417
1339359364935774208
1339359313718960128
1339359159075127296
1339359157368066051
1339359090074669059
1339359043933011969
1339359018666569728
1339358974429327360
1339358776323956741
1339358732241780739
1339358718203445249
1339358439617699840
1339358284827021318
1339358231240601601
1339358165037580288
1339358155374014465
1339358124441014273
1339358112734711808
1339358020820742149
1339357851257606148
1339357848464080898
1339357703190290433
1339357602833154048
1339357342870118402
1339357339913216002
1339357224368439297
1339357194186321922
1339356972311842817
1339356917353783296
1339356683810836481
1339356654069043200
1339356571575476224
1339356213746778114
1339356145568407553
1339356134734319618
1339356103725953025
1339356099674316804
1339356085879226377
1339356024319438850
1339355971181809671
1339355914999115778
1339355875853692929
1339355631950716928
1339355580595662849
1339355489524715520
1339355082157158400
1339354982311731200
1339354951722672129
1339354909515403264
1339354902460571648
1339354755940925442
1339354733509816320
1339354610750910464
1339354557919469568
1339354524482478082
1339354519604441089
1339354501678043137
1339354492677070849
1339354110051684352
1339353882930102276
1339353814424576001
1339353670987735042
1339353650393694210
1339353644123172867
1339353434328317952
1339353179557830657
1339353065372209154
1339353051476451331
1339353012456873988
1339352849185005570
1339352823960637441
1339352816922456066
1339352813634109442
1339352745317416967
1339352558356336640
1339352187873456128
1339352035901239299
1339351989663256576
1339351962039435264
1339351871442604032
1339351827301732353
1339351808448339968
1339351756661284864
1339351651828711428
1339351604647104519
1339351559906283520
1339351421326602242
1339351418923315202
1339351374866341890
1339351194330931202
1339351191134871553
1339351047983271938
1339350982300450819
1339350924305678336
1339350703400169473
1339350638979911691
1339350501637443584
1339350391914426368
1339350261802954754
1339349855282606081
1339349526642126849
1339349473936375808
1339349398115893248
1339349161876086786
1339349159023837185
1339349023648591875
1339348987619454978
1339348694492016640
1339348687273811970
1339348654491119624
1339348616398295041
1339348450907971584
1339348375251136512
1339348369915994112
1339348356343148549
1339348283840487427
1339348260792709121
1339348197538488321
1339348185312063489
1339347902309797892
1339347776748965890
1339347708985946115
1339347640077733888
1339347373206589441
1339347370706829313
1339347144948527105
1339347079408345089
1339346952174129152
1339346939062738945
1339346916061052929
1339346803406360579
1339346799383998470
1339346796481536001
1339346763556286471
1339346732438712322
1339346622283567104
1339346417127714817
1339346287100125184
1339346227654242304
1339346211283869703
1339346187829252096
1339346062226710528
1339345981431799808
1339345938226221059
1339345918353682432
1339345610307059714
1339345578145312769
1339345532993609730
1339345514744205312
1339345411409141764
1339345356790722561
1339345333877309440
1339344867051204609
1339344691112849409
1339344660024668161
1339344620355022849
1339344570006433792
1339039522584203265
1339039267297914882
1339038433281531905
1339038309943799808
1339038221196550144
1339038213395132417
1339038062790270977
1339037914085396481
1339037909085609984
1339037865796390912
1339037864298913792
1339037158737408003
1339037125413629952
1339036862237839360
1339036822891081731
1339036207657988097
1339036085071077376
1339035825305161728
1339035287805161472
1339035060301750273
1339035001149648896
1339034915283857409
1339034739664105474
1339034599763140612
1339034595208163329
1339034591328350208
1339034483765342208
1339034193725157376
1339033953706123265
1339033942192574465
1339033873091420163
1339033273234763776
1339033206054653952
1339032614255140871
1339032515848376320
1339032380858720257
1339032186998013952
1339032039669047296
1339031900602703872
1339031810437771264
1339031803756118018
1339031593432780800
1339031558548819973
1339031502160601089
1339031389040238595
1339031338725253122
1339031031870083072
1339030913351643138
1339030881470705667
1339030732715376642
1339030632735911937
1339030350736003074
1339030182368309250
1339030174432694275
1339030086545264643
1339029951270576129
1339029713017335809
1339029020139282432
1339028767046578179
1339027939531354115
1339026895657164800
1339026418186022913
1339025967281541120
1339025703430328320
1339025523838693377
1339025358495100929
1339025228471521280
1339024954839478272
1339024573988270080
1339085310550937600
1339085240988540929
1339084879234002945
1339084734698229762
1339084711772233729
1339083525438517248
1339083426205290498
1339083292956532738
1339082893864398848
1339082616843202561
1339082560975024128
1339082133558734850
1339082039992201216
1339081913928052742
1339081609883119617
1339081469935947776
1339081468706951168
1339081103446077440
1339080784897060864
1339080698720886785
1339080486778449920
1339080316447830016
1339080231357976578
1339080073740234754
1339079884057038849
1339079571887501314
1339078740186284033
1339078611828137984
1339078564239405056
1339078357145714694
1339077909735067648
1339077849869901828
1339077834657021952
1339077651533877250
1339077636526493699
1339077601831374851
1339077570961215488
1339077548005879808
1339077537314471936
1339077442565070848
1339077434692358144
1339077231570718721
1339077192207241218
1339076690086006784
1339076245359898626
1339076242935574528
1339076045190930432
1339076007148576768
1339075724456693760
1339075301528236032
1339075182581837825
1339074391989125120
1339074324691636229
1339074282551468033
1339074266206236675
1339074108261273601
1339073770519228416
1339073739523289091
1339073588649840640
1339073493657210880
1339073458429423616
1339073421364383750
1339073270251999233
1339073174571388929
1339073056480710656
1339072666746171394
1339072630993735681
1339072595015192576
1339072521606459393
1339072221071945729
1339072067057147904
1339071669974036480
1339071363198410752
1339071119991726080
1339071020196646913
1339070832027594754
1339070823806722050
1339070570676314112
1339070561805283334
1339070285962596353
1339070212591726592
1339268805248262146
1339268771605848065
1339268460916977666
1339268218339405829
1339268124017897473
1339267688942727169
1339267591328686080
1339267221571264513
1339267146216566795
1339266989223792640
1339266916402151426
1339266855417090048
1339266853496033280
1339266720947638304
1339266643197915137
1339266593864507399
1339266579926802432
1339266564667940864
1339266497835839490
1339266446052888578
1339266365711118339
1339266228641259520
1339265881671667712
1339265863531200512
1339265671893553155
1339265624611188744
1339265276920139779
1339265262701469698
1339265144027815943
1339265142358413340
1339265104597176323
1339265089837428741
1339265020916625408
1339264963131662336
1339264715910828032
1339264645597716491
1339264547463393280
1339264441225973760
1339264407797436417
1339264388453310468
1339264367284641794
1339264163542142988
1339264052405657600
1339263998823452672
1339263951935315969
1339263777993273348
1339263680421240834
1339263387029663751
1339263299456786435
1339263290996887555
1339263279718301697
1339263010347470849
1339261756934393861
1339261359024910339
1339261291035316227
1339261275512123396
1339261180154687489
1339260864113864706
1339260746211975171
1339260744110628867
1339260705787289601
1339260699873214466
1339260435913117696
1339260431534338048
1339260421182803970
1339260345077141504
1339260278043717639
1339260149840670723
1339259849511739393
1339259823142162432
1339259707240943616
1339259491976622083
1339258939825934336
1339258887166423041
1339258865049874433
1339258755020677124
1339258681570025476
1339258511310475264
1339258413704855552
1339258240392105988
1339257957897428993
1339257749633445891
1339257519831650304
1339257259289960452
1339257232425431041
1339257173642272771
1339257087071760386
1339256828090265603
1339256743122100225
1339256676642402311
1339256612599566338
1339256127767281665
1339255815333670913
1339255585427099652
1339255534386622464
1339255487255228420
1339255383160864768
1339255180668362760
1339255139731992579
1339255124032712704
1339255019757957120
1339255009742118914
1339254894511988738
1339254668929748992
1339254666920669187
1339254377538793473
1339254209598918658
1339254173863440390
1339254113830395906
1339254034826485760
1339253937799634947
1339253793431711747
1339253793402351616
1339253768844668929
1339253756333068296
1339238303040753664
1339238056616931331
1339237399843495939
1339237214199435270
1339237199578079232
1339236673771745280
1339236412378533888
1339236243155062784
1339235935305789442
1339235931644157952
1339235676496269312
1339235008930836480
1339234993189482496
1339234687357775879
1339234668227551233
1339234571259244544
1339234296133980160
1339234289729191937
1339234285694431247
1339234270951350272
1339234207235641345
1339234165821042688
1339234052956680192
1339233788514197504
1339233581319720961
1339233544900665345
1339233531801858052
1339233493403000834
1339233482850136068
1339233222119596032
1339232518239707136
1339232196075417613
1339232032803729409
1339231955494313986
1339231815375056904
1339231798899974145
1339231763621687297
1339231614858108929
1339231608285646849
1339231593257455621
1339231533769641986
1339231197822668808
1339231131250651136
1339231042750668800
1339230967249199104
1339230871065387008
1339230816514224138
1339230506500698113
1339230330516070401
1339230208608534529
1339230054522494983
1339230004987703297
1339230000755642368
1339229858409422850
1339229664355758081
1339229628267900933
1339229433941540864
1339229343747198978
1339228710529011713
1339228670058237954
1339228253597392898
1339228103428739075
1339227996201357315
1339227981814718471
1339227838441021440
1339227553966530560
1339226901970374668
1339226452668067841
1339226296140881921
1339226157888233473
1339226059397541891
1339225599362084864
1339225491367194624
1339225387495264256
1339225364334260224
1339225317987155968
1339225202195107840
1339225184558084099
1339225134566137856
1339224918651789314
1339224821100650501
1339224693774163968
1339224519626600451
1339224139794690048
1339224047499022343
