1294310522867916807
1294309776432791552
1294309353084858368
1294309144778944514
1294309068681678848
1294308628392968193
1294308537158393856
1294308498357002240
1294308375333867521
1294308289811902465
1294307968897257473
1294307911825362945
1294307349209976835
1294307080631812097
1294307028383531009
1294306761344573442
1294306501390143488
1294306435921113090
1294306006705479682
1294305823380955137
1294305357846605824
1294304900462055425
1294304561990111232
1294304265326952451
1294304193080107015
1294303218239971328
1294303032100913152
1294303009099350017
1294302905269473282
1294302864861310976
1294302164014125061
1294302109223890954
1294301676212346881
1294301597531549699
1294301183297953795
1294300955064897537
1294300901897842688
1294300435076001792
1294300286505439232
1294298840342892544
1294298793190371328
1294298772546224128
1294344453608546305
1294344402672943113
1294343943224807424
1294342839216885760
1294342764268683264
1294342038880649218
1294341861537087489
1294340645289590786
1294340314333761537
1294339642301374472
1294339160346681345
1294338238115721216
1294337897848422405
1294337853992755200
1294333480671813633
1294333293912088577
1294332677395488770
1294331089008418825
1294330276139728896
1294282923357552641
1294282748346146817
1294282602480795655
1294282384989401088
1294282082387218432
1294281495780237313
1294281395414728706
1294281002022469638
1294280848397803522
1294280658081198080
1294280492578213888
1294279659337723910
1294279517976924160
1294279164636405762
1294278268464427009
1294276921929404419
1294276910608986112
1294276767453270017
1294276585521065984
1294275929011879940
1294275801278447617
1294275784794935296
1294275339883917312
1294274625023750145
1294274318692687873
1294274250967330816
1294274008494608384
1294273892647940097
1294273420637515776
1294273122733105152
1294273104718581760
1294273098859020295
1294272551196090368
1294272218273390592
1294272205954494465
1294272038618750982
1294271891583033344
1294271847106842625
1294271556252766208
1294271503874183169
1294271460144484354
1294270966953058306
1294270712606273537
1294270518758117379
1294270498239647747
1294270184434339841
1294270135323238400
1294270023247245312
1294269941051322368
1294269615732920320
1294269383007711238
1294269226279038979
1294269023300059138
1294268987442855936
1294268838993747968
1294268761147609088
1294268454913048576
1294268370817363968
1294268345340981248
1294268157209739264
1294268149911769092
1294267986128384001
1294267864354979841
1294159885416968192
1294159499469578240
1294159195772772352
1294158286271504384
1294158197490626560
1294157604831125505
1294157218343002112
1294156519739740160
1294156218211004421
1294156211076595712
1294156089513172992
1294155775888125957
1294155072679612416
1294154689915871232
1294154215036727296
1294154090856022016
1294153880087846912
1294153500147032064
1294153305816473602
1294152971777978369
1294152872507187205
1294152495015567360
1294150689321635842
1294150538238603265
1294150355379523584
1294150328137416704
1294149992987242498
1294149203170598913
1294148762827448320
1294148302745874434
1294148127839199232
1294147915162750976
1294147657506492416
1294147445392195586
1294147391629733888
1294147295747899392
1294147092449865729
1294146178938998784
1294145717095682048
1294145403550486528
1294145364153466881
1294206356413648896
1294205995669843968
1294205772134400000
1294205575992168448
1294205457100345346
1294204714062618624
1294202861568458758
1294202759869280256
1294202542377893889
1294201721783234560
1294201304013852674
1294200872428163073
1294200830338502658
1294200755268849665
1294199344795713538
1294199026494181376
1294198670577922048
1294198026769063937
1294197766395252742
1294197457102962688
1294197224130465794
1294197086246907905
1294196503418994688
1294195816379363328
1294195715724410880
1294195034082824193
1294194873634099201
1294194694369484801
1294194423660601344
1294193284747845632
1294193216779169792
1294192862163275779
1294192486068305920
1294192311316996097
1294192258804256768
1294192250822459394
1294192212427800578
1294191776346013704
1294252573072003072
1294252223984214016
1294252116635197440
1294252066345558016
1294252020673781761
1294251467730235392
1294251157003673601
1294250454663090176
1294249699516518402
1294249697738199042
1294249356988747777
1294249136867483648
1294249007225741321
1294248528844333057
1294248519553949697
1294248021757132802
1294246689683976192
1294245272818601984
1294245171790516224
1294244888968605696
1294244822933557249
1294244792235446277
1294244492158083072
1294243225247547392
1294241690446958592
1294241534754398208
1294241479704141825
1294239413669638144
1294239277296029696
1294238198277832711
1294267791122423808
1294267624835211265
1294266716965543937
1294265908576362497
1294265844915154946
1294265628438732800
1294265560436334594
1294265215211765760
1294265070843764736
1294264565128200193
1294263527079911424
1294263479227035649
1294263051412213761
1294262979333107712
1294262881748385796
1294262601816383489
1294262526037852162
1294262386778689536
1294261936406831105
1294261560504975361
1294261257361436674
1294261145964933122
1294261114285576193
1294260847301267456
1294260649871249410
1294260486180134923
1294260479360028672
1294259785651703817
1294259587630034945
1294259375842844673
1294259375113199617
1294259273829101577
1294258891887390726
1294258672940527616
1294258142344368128
1294257734544764932
1294257596950630401
1294257341794312194
1294257271015387136
1294257114098085888
1294256828889669640
1294256702787919874
1294256617186299904
1294256320955256836
1294255957179064321
1294255356378525702
1294255318034198529
1294255246886293504
1294254723743219712
1294254705795911681
1294254618621497344
1294254429353345025
1294254351914065921
1294254274977959936
1294253873591390208
1294253495529476096
1294253450620997632
1294253347516698624
1294237288512225281
1294236572833939456
1294235615530299392
1294233998261182465
1294232394564874242
1294231865495298048
1294231846981574657
1294230708278439936
1294230545862463489
1294230479722471425
1294230345118711809
1294229961977540611
1294229592505569282
1294229099544752129
1294228459460452353
1294228293932154880
1294227836698529793
1294227256194338818
1294226852517740545
1294226793633730561
1294225656834928640
1294225434419363841
1294224748516319233
1294224744758345728
1294224630060912641
1294224496291909632
1294224444198547456
1294224331480932354
1294224061661208576
1294223825630969856
1294223705715937285
1294223593069375488
1294223582516707332
1294223360428134400
1294222358010462210
1294175145334988800
1294174801213480960
1294174617322496003
1294173863983677441
1294173760807940098
1294173146388594693
1294172814967099392
1294172152191766528
1294171983123341312
1294171003686252548
1294170978940051457
1294170925869305858
1294170406211862532
1294170147653967873
1294169630974472195
1294169346814758912
1294169274047578115
1294169220272533504
1294169215608512512
1294168410503315459
1294167847820603393
1294167732376805376
1294167434161659905
1294167343761723393
1294167182360944646
1294166925900238848
1294166823676424192
1294166634173612032
1294166475973025792
1294166366656712705
1294165721975533569
1294165574306725888
1294164837002608640
1294163924133138433
1294163406941896704
1294163028238360576
1294162497231097864
1294162354004000768
1294162046179848192
1294096793886752768
1294096677813530626
1294096613183545345
1294095987695210497
1294095924399087616
1294095514103951360
1294095505899880450
1294094710886326273
1294093995220643841
1294093612754653185
1294093448677654528
1294093086461575168
1294092048836984832
1294090225841582086
1294089502856810497
1294088960323522562
1294088892396769285
1294088220754546690
1294085411866845188
1294084182734340096
1294084134164291584
1294083986151608322
1294081788051103744
1294190874155462656
1294190870074396672
1294190504075120640
1294190361670164480
1294190121219219456
1294189687188455425
1294189256974438403
1294189197746556928
1294188674934960134
1294188616512614400
1294188303390928901
1294188194456653824
1294188095705878528
1294187970333999110
1294187354299588608
1294187257985994754
1294187200079433729
1294186899255394304
1294186077876563969
1294185716503674886
1294185648186826752
1294185443014189056
1294185119603818497
1294184193233227776
1294184145376161793
1294183964543000577
1294183795642564609
1294183600301248512
1294183172117274624
1294182298225651713
1294179296240635908
1294178673709346817
1294178554893148160
1294178520978128897
1294178463994134528
1294178381416878081
1294178250781069313
1294177658595491840
1294176965323132928
1294176697907122176
1294176511549816832
1294176481602670594
1294176092379648000
1294065606187245568
1294065477929463808
1294063185041989632
1294061978001059846
1294061925396090880
1294061181905317891
1294407392260526080
1294407141625933826
1294406924088336386
1294405967296126978
1294405294412435456
1294403864595243014
1294402373746675720
1294400478311337985
1294400403988250631
1294400387236212741
1294400145119940609
1294399690981679109
1294399261271089153
1294399069612367872
1294398453221593089
1294397058938540033
1294396863836123136
1294396738829090816
1294396389678555136
1294396321407938569
1294396262465314823
1294396036610494470
1294395232499519489
1294395180573917186
1294395113049853953
1294395080028102658
1294395070226014215
1294394726230220800
1294394643526963200
1294394543387836416
1294394462379085824
1294394453772378114
1294393888069820416
1294393647300059138
1294392884930711553
1294392841800691712
1294391353917485057
1294390797924814850
1294390659542142983
1294390630295142400
1294390293677080578
1294388162182217728
1294387471019642881
1294384811927392260
1294384467528818691
1294384247122333697
1294384019296198657
1294383853528743936
1294383420324233216
1294383339852500992
1294382719938564098
1294382553760247809
1294382483409174528
1294380322969325569
1294380286118178817
1294380029703532550
1294378841700368384
1294378048469569536
1294128760388608001
1294128425347637249
1294127800442671106
1294127583555133442
1294127041759965184
1294126966703042560
1294125584533131266
1294125533874343941
1294124062382399488
1294123528946692097
1294122025418665984
1294121883223326727
1294121704952705026
1294121636992634880
1294121454951251968
1294121241620561920
1294120733585674240
1294119730832384001
1294119018576482304
1294118073776123904
1294117509151576064
1294117034436055040
1294116829925797890
1294116745364385792
1294116659351793665
1294116066549993472
1294116006340616192
1294115639783821313
1294115100698251264
1294114879062802433
1294114721503875072
1294113939966570497
1294298356898988032
1294297883634806791
1294297561700933632
1294296700778098690
1294296488378392579
1294296407457882113
1294296116893233154
1294295932117430272
1294295566344695811
1294294516283912192
1294294323941474304
1294293636595752963
1294293432588857345
1294292889154080770
1294292820388454402
1294292474287009793
1294291929694314496
1294291253950140416
1294290798117302275
1294290766697619458
1294290736112754689
1294290380523835394
1294290308247633923
1294290195609800707
1294290104916291584
1294290025811595266
1294289907649830912
1294289310380773376
1294288979341332480
1294288933082275840
1294288849343074304
1294288658812542978
1294288213364932609
1294288211213090821
1294287800393592834
1294287671469187075
1294287288755564544
1294287082903478275
1294287082026872833
1294286404843757569
1294286288976306176
1294286244915163136
1294285137883140097
1294284922744602635
1294283600309784577
1294359678487539720
1294358164943654914
1294357780388810754
1294356865166516224
1294356703769763841
1294356543861919745
1294356203586424833
1294356016705011714
1294355770688102400
1294355374905032711
1294354730718642177
1294354192337965057
1294353396133240833
1294353258929102849
1294353163370233859
1294352798113566723
1294352561227669513
1294352426913456128
1294352056321441796
1294351991846526976
1294351907444621313
1294351536047390721
1294351481311657984
1294350514256322563
1294350431565611011
1294350094515539970
1294349682479697927
1294349508323586048
1294349041359364101
1294348822248919046
1294348521513132032
1294348332408672259
1294348020352536576
1294347994104553474
1294347324186140673
1294346497337720832
1294345971074301952
1294345534900232192
1294345519695720448
1294345506915672065
1294144482502496256
1294143609466314752
1294142989883719686
1294141345792004097
1294141245124538369
1294141050466885633
1294139861926965248
1294139379024195584
1294138828924399616
1294136998563680256
1294136213494853633
1294135490673664001
1294135356892176384
1294134289240453121
1294133567362961413
1294133055104282625
1294132724853178369
1294132361257316352
1294131585843728384
1294131221077745665
1294131082128916482
1294131058275807233
1294375140118142986
1294373194200227840
1294372943082983425
1294372580640657409
1294372108773007360
1294371977633775616
1294371676373778437
1294371473419907073
1294371033172992000
1294368911618711553
1294367397261049858
1294366941029765121
1294366469329911809
1294365989568749571
1294365069317480448
1294364622539984896
1294363165359251456
1294362650797891584
1294361735814500352
1294361380615684096
1294360746806202370
1294360489024249870
1294360278528692229
1294329068503080961
1294328644723044352
1294327046496296961
1294326992792412166
1294326829189406721
1294326786961154048
1294326767537152000
1294326745995280384
1294325988634042375
1294325153262964738
1294324749003358213
1294324615888674819
1294323061559353344
1294323047210471430
1294322516459163649
1294322414080290816
1294321523956895744
1294320782911447041
1294320118202327041
1294320014766596098
1294319962467770368
1294319729931427840
1294319353282920448
1294319286786416645
1294318810502225920
1294318676485632003
1294317524272795651
1294317495034183680
1294317476659044352
1294316981999603721
1294316387268046850
1294315801667866624
1294315729416867840
1294315659342512132
1294314860264685568
1294314610560917505
1294314384303554561
1294314340535992321
1294314314145423362
1294113044465934336
1294112827754663942
1294112773841051648
1294112046188048384
1294111550438027267
1294111449602826246
1294111183377764353
1294111168664154113
1294110924966465536
1294110834902413320
1294109965381062657
1294109919256469506
1294109592138391553
1294109520839417857
1294109030940631040
1294108718506733568
1294108166171455488
1294106704108552193
1294106555902820353
1294106045053153280
1294104914025754627
1294104874590834688
1294104029270642690
1294103679537016832
1294103650319638534
1294102928748240897
1294102517786140672
1294102100339617792
1294101368169537536
1294101122253291520
1294100966103486468
1294100759991050240
1294100598506299392
1294100568449916929
1294100314388234241
1294099912808775681
1294099457366163456
1294099424055107589
1294098052458795009
1294098013372272640
1294221781314740225
1294221717859172353
1294221400253829121
1294221166123646976
1294220627109269504
1294220367263752197
1294220136526893058
1294220124661125120
1294219430516457472
1294219350690406406
1294218518582439937
1294218382003363841
1294217320231911424
1294216769306066945
1294216635990134784
1294216619556769793
1294216495598383105
1294215696360992769
1294214363964944384
1294213412206116864
1294213153065037826
1294212858138550273
1294212477190897664
1294212313202008066
1294211594906251264
1294210790006894592
1294210650995122177
1294209992271200257
1294209263653588992
1294208883452452864
1294208756373479424
1294208163982565378
1294207701711552518
1294207491044081664
1294207311725105153
1294207288345993217
1294206975153246209
1294081167386443777
1294080762728325120
1294080716049809408
1294079143739498496
1294078008031141895
1294077843169857536
1294077463660834817
1294076441655615489
1294073853577175040
1294073352013991937
1294073180789800961
1294073179951042560
1294072864631590913
1294072337461993472
1294071445077798912
1294069255315632140
1294422707405291524
1294422236108132352
1294420804717948934
1294420743778959366
1294420345563291653
1294419832021176320
1294419607076442125
1294417682624851969
1294416113225392130
1294415874053611520
1294415661624471552
1294415169859268608
1294413816932044800
1294412105475657728
1294411500258557952
1294411367936430080
1294411235220426752
1294411186281287688
1294410622705205248
1294410509555585032
1294409899087212544
1294409823656660992
1294409474082344960
1294409182192586754
1294408205288779776
1294408145637453831
1294408084027330560
1294313770102267904
1294313270451605505
1294312850614300672
1294312845354696706
1294311163614961669
1294310707878658050
