1335735574674726916
1335735566676193281
1335735566449700866
1335735548242169858
1335735507519729665
1335735004614299648
1335734760971317249
1335734660651892737
1335734542502567937
1335734446851411968
1335734321521561602
1335734171214491649
1335733932860510208
1335733880075120640
1335733838719430657
1335733811972354050
1335733555381624832
1335733335247745029
1335733316914470912
1335733301328408576
1335733174832422923
1335733145761579008
1335732976185987076
1335732335031939072
1335732196338896896
1335732057918427136
1335731895540183042
1335731711850782720
1335731455826268161
1335731372217032704
1335731283733979138
1335731072114495488
1335730226945351682
1335730223728377856
1335730044447166464
1335729826460803075
1335729738711789568
1335729712975536129
1335729612186271745
1335729603764219904
1335729513443954689
1335729439989231619
1335729303653392388
1335728898970165253
1335728607155662852
1335728577812295681
1335728576520462339
1335727777652350986
1335727582357069824
1335727360465833985
1335726655587880962
1335726473131409410
1335726125767647239
1335725783432630272
1335725551185780738
1335725191733899264
1335724885914628096
1335724363870396418
1335724035729104896
1335723981522038789
1335723970067386373
1335723744526929920
1335723662213861376
1335723524393144323
1335723151997616128
1335722574903353346
1335722246892097541
1335722148648849408
1335722113156730881
1335722102649880576
1335722049608822787
1335721960274354177
1335721724621492226
1335721622393810946
1335721514260422657
1335721415304220672
1335721386371932163
1335721301810569218
1335721184219066368
1335721151637696514
1335720921051639812
1335720878483488769
1335720859588317184
1335720858506162181
1335720832925097989
1335720633020391425
1335720583556976640
1335720540728750080
1335583628915429378
1335583077012303872
1335582646043369476
1335582569799311360
1335582310280933384
1335582293134635008
1335581181484666891
1335581154473336835
1335580950235901953
1335580906816475136
1335580767271849985
1335580591731986433
1335579673368141824
1335579447546814464
1335579412314591232
1335579317611466752
1335579206382587904
1335579033321566208
1335579031421345797
1335578755763466240
1335578696174931968
1335578570442280962
1335577333919604742
1335577165996453889
1335576735182622721
1335576572233981954
1335576215151849472
1335575959257436160
1335575467433357312
1335575405806415879
1335575087450349568
1335574943254376448
1335574877470748672
1335574873893183493
1335574816556949504
1335574673640263680
1335574546426937350
1335574036743598085
1335573921647775744
1335573654730657793
1335573254870880256
1335572506757873664
1335572399421607938
1335572308530958337
1335572200410271744
1335572015097520129
1335571466511917061
1335570791711338501
1335570050074501121
1335569742883598337
1335569470568296450
1335569207321391104
1335569192402214912
1335569071933362176
1335568651517308929
1335412561211232257
1335412476721053698
1335412200022786048
1335411988797616135
1335411888138706944
1335411675239997442
1335411588463960065
1335410814644326405
1335410511358279682
1335410153605238784
1335410103151955969
1335409950630227969
1335409839795826688
1335409820925480960
1335409733306560513
1335409218430464002
1335409050947764224
1335409021273124864
1335408960015376385
1335408826665852929
1335408723121086465
1335408717462982656
1335408481818447878
1335407976207634432
1335407767536844800
1335407566961045506
1335406930961915906
1335406807477493762
1335406520914341890
1335406145662382080
1335405994806046720
1335405830875750404
1335405681097129985
1335405376389279745
1335405217727254528
1335404895709450240
1335404365381681152
1335404216337248257
1335404162532642816
1335403692179087364
1335403352889257984
1335403073875800064
1335402245639163905
1335401943758483457
1335401814221615104
1335401563284770816
1335401538110377985
1335401465079328771
1335401456594268161
1335401270438285312
1335401210250223617
1335400874651217922
1335400772473745409
1335400639090880514
1335400545339715584
1335400323649843201
1335400207735955456
1335400182108876803
1335399331646488577
1335399010140614656
1335398829605195781
1335398787448066048
1335398690853425152
1335398655109554178
1335398206331449344
1335397899824316421
1335397467689512962
1335443472686321667
1335442686514515968
1335442407027056640
1335442179301515264
1335442074838175745
1335442026796621826
1335441539036819458
1335441361189814273
1335441164674224128
1335441144549928960
1335440355437711361
1335440293911412738
1335440281378955267
1335440055675084801
1335439762593894400
1335439581546680326
1335439061331349506
1335439046319906818
1335438287239081989
1335438215294185472
1335438123426312192
1335437901572812800
1335436618447028226
1335435987770613761
1335435844811956224
1335435452719845382
1335435072250449920
1335434974804258816
1335434326608146432
1335433562401755137
1335433356222271489
1335433026440982530
1335432909088387072
1335432530758152193
1335432256735895558
1335432146006097921
1335431517988933632
1335430478296358913
1335430365318672384
1335430321341272066
1335430311988125697
1335430267394207744
1335429984865955840
1335429858474790912
1335429530962567169
1335429288909099008
1335429124907814918
1335428470311186432
1335397356167159808
1335397304233299975
1335396826736898050
1335396806822420485
1335396618971975681
1335396491725332480
1335396241237270530
1335396027441041410
1335395969811304448
1335395804362772481
1335395736377315328
1335395657662812160
1335395626327154688
1335395587588558848
1335395488011411458
1335394994136477697
1335394430270914560
1335394316152229888
1335394037503832064
1335393611958128640
1335393370814951425
1335393344764190720
1335393076030869505
1335392573066792960
1335391908307333123
1335391802388586498
1335391668066017280
1335391308932911104
1335390997304410114
1335390803485728769
1335390264899350528
1335390140865392643
1335389747133476864
1335389213643051010
1335388874068041728
1335388596686245895
1335388147987976193
1335387953376284672
1335387677101879297
1335387615953031168
1335387334330572804
1335387073075941377
1335386924652040193
1335386708666425345
1335386233355325441
1335386141575397378
1335385977448243201
1335385863728078848
1335385801945874433
1335385539256537088
1335385073407942656
1335384899835060224
1335384805672955906
1335384273583534081
1335384265027153922
1335383974298984448
1335383960201752577
1335383570207092737
1335383014008709121
1335382660131250177
1335382554099257344
1335382384737275904
1335382212787773441
1335382158370877440
1335382040657551362
1335381547415953408
1335381502725656584
1335381323222032385
1335381041238958081
1335380652116430848
1335380494347800577
1335380355822592000
1335380077668921352
1335380017505832961
1335379854221570049
1335379698902134788
1335379411697344512
1335379207560433665
1335379072046796800
1335378697562562560
1335378622790549504
1335378609771606016
1335378525319262208
1335378342791417856
1335378016759898113
1335377833380679680
1335377832290242560
1335377725536825345
1335377563993006082
1335377139261030401
1335376693255692288
1335376545150472193
1335376538909331457
1335376162219061249
1335376041607630850
1335375926876647424
1335375820207034368
1335375799181053953
1335375650375557124
1335375562601340929
1335375471173840896
1335375332141101059
1335375303246553088
1335375163421024258
1335374907119554564
1335374887771365383
1335374684557369344
1335374215915184128
1335373878898556928
1335373825194782720
1335373497896415234
1335373387108126727
1335521653883891713
1335521607331229696
1335521464368427009
1335521329710313473
1335521184096587778
1335521040798199808
1335520392119783424
1335520209285881857
1335519817068056576
1335519754921062400
1335519530257436673
1335519051859308544
1335519021668700167
1335518740876840963
1335518141900795905
1335517833841807360
1335517498662408192
1335515236946898944
1335515142612803584
1335514611865497600
1335514272642834433
1335514073413332992
1335513988197740545
1335513450651402240
1335513353276493825
1335513290106150912
1335513284888457217
1335512965290876928
1335512606086459392
1335512532560322560
1335512346593148928
1335511746564517888
1335511719980896258
1335511355642810371
1335511299493568512
1335510760865361920
1335510551322128384
1335510460095926272
1335510388801093632
1335510290046205957
1335509923283820545
1335509374375243777
1335509365789503490
1335509169181495297
1335509103691575297
1335509004643147784
1335508811768074244
1335508694260396034
1335508666968059904
1335508162976362499
1335508044596137985
1335507949574385665
1335507345443418115
1335567693840310272
1335567377338146819
1335567260740673537
1335567200787312643
1335566595704369152
1335566491106701312
1335566395480944645
1335566279697117184
1335565471282851840
1335564884306747393
1335564567586418688
1335564503711436800
1335564096540971009
1335563937719390208
1335563677873958913
1335563656545902593
1335563276827168769
1335562939865174016
1335562902863048706
1335562792020156417
1335562611950284800
1335562598322905091
1335562503577858051
1335562375446077440
1335561915117019138
1335561896024563712
1335561714369224706
1335561637911212034
1335561612300791810
1335561603618639872
1335561449222057985
1335561117993758720
1335561113161900032
1335561076180705280
1335560395600388096
1335560237781114881
1335560227815632897
1335560047494041601
1335559884566384641
1335559813984641024
1335559341995413504
1335559179231236098
1335559175779344390
1335558962192785408
1335558473824735233
1335558212238630912
1335558179661492229
1335558107406209024
1335557786126741506
1335557720712359937
1335557366566281216
1335557264304971777
1335557225742524421
1335557014676795392
1335556935832248323
1335556850583023617
1335556736946761731
1335556709692092419
1335556391000530944
1335556369462779905
1335556322000064514
1335556107075465216
1335555969858859010
1335555865760288771
1335555189567352832
1335555169313042437
1335555150283464704
1335554907143856134
1335554837501665282
1335554291151593472
1335553442492928001
1335553438051131394
1335553400751079426
1335553062908403725
1335552938350161920
1335552836126511104
1335552617276207104
1335536756716867585
1335535314006315008
1335535254506008576
1335534924724572165
1335534684248317957
1335534535711354880
1335534289384075269
1335533373943590912
1335533272626065416
1335533099581583361
1335532965955309568
1335532688330076160
1335532638472458241
1335532359425421313
1335532328370790402
1335532222502359042
1335532124686979072
1335531744519467008
1335531619474665472
1335531032448282626
1335531018485444611
1335530291256045568
1335530288806498305
1335529844608823296
1335529311541972992
1335527939916656640
1335527903937773569
1335527862351372288
1335527542036500480
1335527469609316353
1335526784843083777
1335526586813132801
1335526047824179200
1335525845230817282
1335525663210680325
1335525326600986624
1335524319493935104
1335523990371094530
1335522832999206913
1335522802217209856
1335522583266156546
1335522473316642816
1335522098098413568
1335659674859933696
1335659626210193417
1335659484224483330
1335659324312522752
1335659309758361600
1335658987572797440
1335658578519203842
1335658556008390660
1335658526119694336
1335658274964840450
1335658206799011842
1335658187064659969
1335657844801146883
1335657674885779457
1335657670137835523
1335657636616933377
1335657319284289544
1335657316058730498
1335657264028520449
1335657020301643778
1335656849450954752
1335656759940222980
1335656109940633602
1335655974074454020
1335655614350053376
1335655318265626624
1335654841297874944
1335654782346944512
1335654407858315265
1335654329819279366
1335654313679593472
1335654258545479683
1335654100642488324
1335654068337963015
1335654005117218816
1335653994321104897
1335653920933294080
1335653770210979853
1335653681358909441
1335653652867010563
1335653593530167297
1335653593123332097
1335653513196695553
1335653335379144704
1335653155883913217
1335652909875343374
1335652909204131840
1335652831035011072
1335652799837839365
1335652774604890112
1335652614743220224
1335651982133096448
1335651939909062658
1335651759239335939
1335651753254072323
1335651657707884545
1335651563453509633
1335651480968323075
1335651325288321028
1335651270816899075
1335651068328497152
1335651057909850112
1335651040545353729
1335650970919907337
1335650801851785216
1335650450465492992
1335650276049608704
1335650267287736322
1335650043181867011
1335650009715445760
1335649977163517957
1335649834641076224
1335649803334791168
1335649703153848322
1335649688146546690
1335649583448412163
1335649580315185152
1335649560262291456
1335649523046240258
1335649462434189313
1335649370230775815
1335649319668609030
1335649243831422985
1335648890566172672
1335648684801855490
1335648380421332992
1335648348406157315
1335648164435681282
1335647851502653440
1335647848931667970
1335647812537749507
1335647672074727425
1335647391542734848
1335647375566630913
1335647318037684225
1335647218418642946
1335647029922586624
1335646974092201987
1335646944610422791
1335646357059760131
1335645805319950338
1335645745513451524
1335645689842458624
1335645596825350146
1335645461835870211
1335645330176663552
1335644904979099656
1335644776377450497
1335644731423023107
1335644678461542405
1335458704590688258
1335456848611164160
1335456036732321797
1335454197819592705
1335454006500528130
1335453500004818944
1335453316159918081
1335453048706125824
1335452414145687554
1335452165687676928
1335451643886899200
1335451454988050432
1335451161177026560
1335450850022453248
1335450340209041410
1335449464513900550
1335448922177892353
1335448697837064193
1335448169056878592
1335448061900771339
1335447953276719105
1335447289574244354
1335446954508242944
1335446337530290177
1335445223783149568
1335444986242846721
1335444212301574145
1335444134723727361
1335629166050484226
1335629143766151185
1335629107653193729
1335629033225195522
1335628996667731968
1335628938102657028
1335628893810814977
1335628810746728460
1335628613375451138
1335628234248089606
1335628192657399820
1335628158045974535
1335628106967769090
1335628073887260675
1335628029742243842
1335627986012430337
1335627883402780673
1335627815169961984
1335627551058894849
1335627540174614529
1335627489985646599
1335627390110724097
1335627302286319617
1335627255750545410
1335627245927477248
1335627210884079617
1335627055128567810
1335627051966091265
1335626947691470848
1335626728606150658
1335626558816608256
1335626557403041793
1335626448820969472
1335626349239820291
1335626114786594817
1335625986596069381
1335625971567824896
1335625900579229696
1335625737366331405
1335625736087085057
1335625522882220032
1335625513222737923
1335625358880673795
1335625202105978882
1335625106207383552
1335625064918749185
1335625054953086984
1335625012494163969
1335624950674296832
1335624880432275457
1335624772919693313
1335624725926711296
1335624684747055108
1335624663117000705
1335624528559370242
1335624344354041857
1335624148685565954
1335623863523110912
1335623684736868358
1335623598522810368
1335623445976068096
1335623439386816512
1335622697448050693
1335622659024039938
1335622570884808709
1335622183142510594
1335622060756897796
1335621960752123904
1335621791092510722
1335621691251179520
1335621506693558274
1335621431300743169
1335621332671885315
1335621265789476865
1335621161254875137
1335620982434918401
1335620560118800384
1335620558579490817
1335620423292235780
1335619831815614465
1335619704417779713
1335619673082179585
1335619522703679488
1335619471285817348
1335619222240522242
1335619144696389633
1335618778047148037
1335618755687309315
1335618742294900742
1335618647839154181
1335618211052740609
1335618174432268290
1335618163539632129
1335617928700588033
1335617784823369731
1335617690979983361
1335617380278386690
1335617137931653123
1335617078443839489
1335616988828332036
1335616489219444736
1335616258537115654
1335616144812683269
1335616137602613249
1335616043683897344
1335616026810200066
1335615784383631362
1335615688703139840
1335615435404763139
1335615337866407942
1335614950891532292
1335614818947043329
1335614675547992067
1335614318596026368
1335614231224442881
1335614143513169926
1335690106318024707
1335689849458855936
1335689779057483784
1335689697830572033
1335689516858929152
1335689511137841156
1335689394729213954
1335689268929458176
1335688792758337536
1335688444408901633
1335688298421919745
1335688245850513408
1335687734976000003
1335687592147357696
1335687438153474051
1335687323065982976
1335687300798238721
1335687143730110464
1335686939798859778
1335686642820993024
1335686438348681217
1335686397240422401
1335686147813462016
1335686008495550466
1335685942372229122
1335685488649367552
1335685330859663360
1335685147576823808
1335685007474647040
1335684888746344448
1335684264390606853
1335683913176510467
1335683532644102146
1335683452771971073
1335683272148455427
1335682930430140416
1335682478221221889
1335682306745446400
1335682102969380869
1335682053581529088
1335681045677694986
1335680799581102082
1335680772997599237
1335680730668687361
1335680694996045835
1335680501084991490
1335679792692211724
1335679456149692417
1335679455092682752
1335679431478812672
1335679352294567941
1335679306853388291
1335679240700907520
1335679194508963842
1335679169124962304
1335679087386484737
1335679014405632000
1335678999008337924
1335678902409293825
1335678703368593414
1335678614726127616
1335678528797339649
1335678394802040835
1335678321007407108
1335678131345166337
1335677931117481984
1335677823130988545
1335677792705523712
1335677583762059269
1335677380950716417
1335677080709820416
1335676715469840388
1335676674164264962
1335676305833152517
1335676208844075008
1335676048684421120
1335676014203113474
1335676001012092933
1335675988005404672
1335675908615790592
1335675905021272064
1335675889535881218
1335675846502256645
1335675584467394567
1335675576934408194
1335675361905020928
1335675243067703301
1335675215636992004
1335675185635205122
1335675119352623105
1335675070631587841
1335644398198140931
1335644319567532049
1335644163212148737
1335644068236451843
1335643850220720128
1335643707073310721
1335643648546005002
1335643510591156224
1335643471546380296
1335643236187201536
1335643142066999303
1335643114309087239
1335643029693026304
1335642994440089603
1335642709089013760
1335642703640596482
1335642700490674177
1335642649387294722
1335642638247227394
1335642624452161538
1335642563408171011
1335642490762899457
1335642260684361735
1335642184595476483
1335642067305820160
1335642041921966082
1335642002214559744
1335641995696607237
1335641987198889991
1335641875760308226
1335641865627045893
1335641858840514560
1335641547417690112
1335641535531114497
1335641463527501825
1335641192835522560
1335641164146487298
1335641156860821504
1335641008449736712
1335640926027456515
1335640617653837824
1335640388544192518
1335640195899609091
1335640119089442818
1335639891586105350
1335639842248675330
1335639661058920448
1335639603957686275
1335639573221814273
1335639511422939137
1335639495144845325
1335639488580694024
1335639368208318464
1335639352605552641
1335639132606001153
1335639076310048773
1335638953492418560
1335638847426879491
1335638674084663298
1335638466516938760
1335638321687629826
1335638276263333890
1335638103764168705
1335637885471494145
1335637873555595265
1335637791523414018
1335637638536114176
1335637233978798082
1335637118723502093
1335636945427255296
1335636913525428224
1335636656775434241
1335636434233933827
1335636287907389441
1335636172056489986
1335636148270608385
1335636135360393216
1335636002254319616
1335635991655313408
1335635843973861386
1335635687694020612
1335635576226107393
1335635497968939010
1335635460454957056
1335635225611735042
1335635147249561601
1335635066005950468
1335635061618532357
1335634834174005249
1335634788099772416
1335634716440076288
1335634595388252161
1335634386029522947
1335634333827260416
1335634329737850881
1335634305230532625
1335634287559839747
1335634209701064710
1335634175576064000
1335634169804824576
1335634071154724864
1335633962073460744
1335633951491317762
1335633927948668929
1335633736998805507
1335633611207348229
1335633474804281344
1335633441208098826
1335633318293987332
1335633166028197891
1335633108113100801
1335632963841605632
1335632912537051141
1335632910318178308
1335632753530957825
1335632673100980225
1335632606461825029
1335632590309523457
1335632578561404930
1335632552443449344
1335632529114730496
1335632466384723971
1335632453172686854
1335632437804752896
1335632413456658432
1335632388395679745
1335632354304528387
1335632300193800193
1335632292144963585
1335632120346185735
1335632025122967560
1335631941266190338
1335631896160645120
1335631784806146049
1335631555021180928
1335631514717962240
1335631359046529026
1335631323051028483
1335631156826476551
1335631150476300290
1335631099905646594
1335630984377720832
1335630820397211653
1335630700578541569
1335630691267129344
1335630532063850496
1335630505866366976
1335630427441258500
1335630132241788928
1335630117616414721
1335630083994873856
1335630037802999810
1335629762174349322
1335629754398101509
1335629521945587712
1335629473476128771
1335629440508981255
1335629432560750594
1335629417419304963
1335629402001059843
1335705245838696452
1335705115009794052
1335705097297297408
1335705026103218178
1335704876345647107
1335704507691491333
1335703967192518656
1335703963845398528
1335703950079758341
1335703833553592320
1335703706218717185
1335703692188774400
1335703346540376069
1335703229439602689
1335702893064806400
1335702673899839489
1335702323327344640
1335701850331500544
1335701623822307331
1335701606650753026
1335701021897723904
1335700927034970112
1335700869359267849
1335700754099822592
1335700691524980742
1335700671388143616
1335700369612165130
1335700191853219841
1335699580566958080
1335699431333588992
1335699123727716362
1335699118371561482
1335698987966291969
1335698972669849601
1335698396452167685
1335698394564632576
1335698392161390597
1335698362906144768
1335698351409475585
1335698348653879296
1335698185436717057
1335698030037774343
1335697675027689472
1335697509054877698
1335697187754430471
1335697166443016192
1335697135862489090
1335696911785975811
1335696767736836097
1335696682865094657
1335696390228504577
1335696378517925890
1335696178168680449
1335696009255677961
1335695886240911360
1335695225121959936
1335695004543688705
1335694797202403328
1335694734304702467
1335694166861471749
1335694145495642114
1335694019763052545
1335693972753309699
1335693528140312576
1335693475195604992
1335693214192431109
1335693207997468676
1335692940488937476
1335692885900058627
1335692701279408130
1335692601622720516
1335692508282695681
1335692303793438720
1335692260214759425
1335692206548672514
1335692140161089536
1335691729534676998
1335691720412061701
1335691638782500866
1335691604506578945
1335691231930675200
1335691092461666304
1335690978527686669
1335690950463598593
1335690795773358082
1335690606106927104
1335690516801916929
1335690462011805701
1335690226350567430
1335690170604134409
1335690160604852224
1335614019785420802
1335613786577833984
1335613768525631495
1335613569564631040
1335613354774310912
1335612959058489346
1335612934593003521
1335612767122939904
1335612567729938432
1335612416437186562
1335612410313445379
1335612387018334213
1335612382387822593
1335612078162325505
1335611981756325888
1335611932225757185
1335611796120592385
1335611704974209025
1335611557888348161
1335610987043581954
1335610930001047562
1335610080121683973
1335609913062674433
1335609867277504513
1335609780958863361
1335609733462585348
1335609586448027661
1335609454901907458
1335609378754490368
1335609036096614401
1335608630121533441
1335608619669331968
1335608198972252163
1335608163643645952
1335608033070768129
1335607937314779137
1335607856243019779
1335607724437016576
1335607685648166915
1335607630794956800
1335607416235372545
1335607241299423232
1335607198261637120
1335607177512448001
1335607033513582592
1335606918627332099
1335606906614910983
1335606842383339520
1335606801631424512
1335606801165918209
1335606714410864647
1335606644089229312
1335606613084934144
1335606397548060672
1335606235274461185
1335606095902019584
1335606001656016903
1335605838589865984
1335605789852114946
1335605390906707968
1335605208173457408
1335604862877388800
1335604820254842887
1335604556990910467
1335604297288069121
1335604272252248065
1335604039019606018
1335604030182068225
1335604008526999553
1335603620499365889
1335603268945403911
1335602513798696963
1335602482823786497
1335602352447959046
1335602132645523464
1335602118120640513
1335602096696160258
1335602060314677248
1335601830135521281
1335601690666479616
1335601556415152129
1335601361883422720
1335600882902294528
1335600673656811521
1335600567498977284
1335600397805826048
1335599667267112962
1335599636137078786
1335599584060583938
1335599475184857094
1335599019972644866
1335599017372348422
1335552309506392070
1335552038944583681
1335551105791569925
1335550824450146306
1335550815994601472
1335550509307006976
1335550470052601856
1335550180372975616
1335550056796196871
1335550028904062976
1335549564758142976
1335549248721612802
1335549246897090569
1335549093498728449
1335549077208133632
1335548659539333120
1335546978806231040
1335546893783404545
1335546875827662850
1335546546331348998
1335546283839418369
1335545905873874947
1335545751607316480
1335545139146747905
1335545084993961984
1335544254337327106
1335544083058552833
1335544053727977472
1335543650428702721
1335543449483956225
1335543438469689344
1335543063733805059
1335542908053827584
1335542882028179461
1335542862520442880
1335541542761590784
1335540573147639809
1335539715718729729
1335539691844739075
1335539578342617090
1335539276524769282
1335539269125906436
1335539068323684355
1335539047234760704
1335538476100497408
1335538121245663232
1335537335061057537
1335674890066792450
1335674654850224133
1335674565490601984
1335674447366402048
1335674335315566595
1335674326486540290
1335674318425100292
1335674318202818560
1335674296329527306
1335674215127769089
1335674080272543750
1335674013994119168
1335674013226586114
1335673812130656259
1335673713841213441
1335673706975289350
1335673213020475394
1335673161271095299
1335672915786936324
1335672822430130183
1335672732772671490
1335672726934216704
1335672631371177984
1335672489628889092
1335672471689818112
1335672236070502400
1335671928858824706
1335671834780585987
1335671425248731136
1335671422614695939
1335671393250398210
1335671226619060227
1335671084155359239
1335671076152627200
1335671068820955144
1335671013846216705
1335670981088559106
1335670781255315463
1335670725944872960
1335670574476111878
1335670532033949696
1335670456129646593
1335670163832705024
1335669994777088006
1335669959049977856
1335669955090653184
1335669871812734976
1335669800756981760
1335669563632082944
1335669444119588865
1335669158000930816
1335669150937722881
1335669122349273088
1335669027037974529
1335668913124859908
1335668373582094336
1335668055783976961
1335667892889784320
1335667851034832896
1335667749939535872
1335667042008109060
1335666782619787265
1335666328292691968
1335666123547750400
1335666094875488261
1335666076365942784
1335665892194127873
1335665693707149317
1335665689068265481
1335665545832697863
1335665535426637830
1335665286440046592
1335665105871187970
1335664915756032001
1335664877717893124
1335664424502226944
1335664367698911236
1335664234890362880
1335664203433189376
1335664179357777920
1335664114350387207
1335663651726954499
1335663351972630542
1335663156379586560
1335663032362536961
1335662687863365632
1335662413727870979
1335662272836997123
1335662238888161280
1335662171255169024
1335661973036470273
1335661790080987138
1335661659562631168
1335661606651514882
1335661467228659714
1335661122360389633
1335661076604710912
1335661074453032962
1335660953233469446
1335660856231645184
1335660845850832898
1335660821649756160
1335660807460368394
1335660718058778624
1335660712962580481
1335660704909697034
1335660699469705217
1335660653072171009
1335660589272666112
1335660558788546560
1335660456661364739
1335660217154088961
1335660141669199883
1335660032705302534
1335659943479881730
1335659844813156353
1335659835971481601
1335659799502053378
1335659796670808064
1335720411158503432
1335720239837962240
1335719889605066752
1335719640433975299
1335719244139536384
1335719056217878529
1335718962831757312
1335718930720153604
1335718780136284162
1335718736792174594
1335718093230907394
1335717392790392833
1335717102099988480
1335717090179878920
1335716677976289281
1335716502503350272
1335716468558860290
1335716171337895940
1335716156246777859
1335716077754601475
1335715743376281600
1335715638275411968
1335715607401132034
1335715431659794433
1335714933292462082
1335714765558013952
1335714410707480578
1335713697680019458
1335713575906627584
1335713562728296450
1335713176076177408
1335712936694849544
1335712916566396934
1335712777906876416
1335712632976846848
1335711768363085825
1335711755671101440
1335711456747261954
1335711217038602243
1335711094338322432
1335710685406375941
1335710436608643074
1335710353154584580
1335710313736531977
1335710050954977282
1335709907987914758
1335709566269415425
1335709476960268290
1335708782639390721
1335708354191241221
1335708057700077568
1335707851952537600
1335707778162315264
1335707533621809154
1335707454659829760
1335707354835259392
1335707183691010054
1335707073250779144
1335706962592317443
1335706577177866240
1335706551064072193
1335706477814800385
1335706250995175427
1335706158477307907
1335706025077432321
1335705788174663680
1335705749725581319
1335705715189690375
1335705619576147972
1335427682042081280
1335427453234372614
1335427395201822722
1335427194697310211
1335427031480246274
1335426963641675776
1335426884998492172
1335426615795470336
1335426515518042112
1335426442788671489
1335426383120642048
1335425930702036992
1335425869788147713
1335425690628358144
1335425325350662144
1335425180718387200
1335424490310811648
1335423667765878791
1335423092449968130
1335422942688251904
1335422263953403905
1335421942455820288
1335421812600164352
1335421806606512130
1335421793306365958
1335421708350603265
1335421496882130944
1335421422890573824
1335420922480607232
1335420876095954947
1335420802037133313
1335420498394505220
1335420154876932096
1335420124770275333
1335420111382048769
1335420086098808832
1335419953097293824
1335419699115532288
1335419656551665665
1335419206364323843
1335419082401845249
1335418642935279616
1335418302299041792
1335418273102442502
1335418238776164353
1335418209298595840
1335417773409796097
1335417512796725254
1335417442437304320
1335417348769992705
1335417021295521792
1335416732375244800
1335416672182800389
1335416660367327233
1335416446625730560
1335416137249517570
1335416070480359425
1335415905522774018
1335415702098911232
1335415368412782593
1335415286632222722
1335415182923714568
1335415036215377920
1335415019710898177
1335414982348050432
1335414653564829696
1335414585600466946
1335414454348107780
1335414371648880643
1335414016290648065
1335413572965429252
1335412943681245184
1335412839956312069
1335598744935550976
1335598656830005256
1335598597690290177
1335598556581924866
1335598506443235330
1335598335588245505
1335598143417757699
1335597471721009154
1335597346701373442
1335597077217366017
1335596950440325121
1335596004800745474
1335595956851646468
1335595745454354436
1335595545512079365
1335595438217469953
1335595361268887552
1335595046947569667
1335594986209992707
1335594807142576128
1335594391839203331
1335594077346287616
1335594072937881600
1335593966004281344
1335593941941571584
1335593751411105800
1335593485240594432
1335593253932990465
1335593123226005504
1335592912600653837
1335592785622265856
1335592614091837440
1335592542956556290
1335592541308276736
1335592239121108993
1335592082401071104
1335591933025026051
1335591775797440513
1335591735230083072
1335591372200538113
1335591241946370053
1335591160186875911
1335591008927670274
1335590963675328513
1335590676143239171
1335590530634440705
1335590388875321346
1335590149477068803
1335590145886547969
1335589747192946689
1335589375669907459
1335589367730085891
1335588780070363138
1335588692963037184
1335588242737999876
1335588111833837573
1335588038353809417
1335587851241549825
1335587516615897089
1335586343699681281
1335586172035338241
1335585909975244803
1335585811740372996
1335585646224814083
1335585107361423361
1335585061878571008
1335584839463038979
1335584799302373377
1335584698437931017
1335584581676802052
1335584385345662982
1335584267187916805
1335583966489948160
1335583821849370626
1335583768053166081
1335505873322569728
1335505216901410816
1335504734229319685
1335504597394272256
1335503782252322816
1335503769107386369
1335503555436793857
1335503548935712770
1335503516790611970
1335503447014174720
1335503375371276288
1335502995136589824
1335502962186137602
1335502837267238912
1335502494068318208
1335502472778014722
1335502430713249792
1335502350237241352
1335501429977587712
1335500232839233536
1335499929842712577
1335499572462768128
1335498780267872256
1335498109619757056
1335497850369658880
1335497460630781952
1335496330672812034
1335496041001406466
1335496011909894144
1335495991290544128
1335495888735776768
1335493912899751937
1335493794016456710
1335493776752717824
1335493670187962369
1335493014349737985
1335492810145898497
1335492714146783232
1335492250101485568
1335491446036697088
1335491339862020096
1335490631079059456
1335490624062164992
1335490416469299200
1335489501850791936
1335489331301998598
1335488581733810178
1335487660945641472
1335487540049162240
1335487458138615808
1335487345387253760
1335487165703335937
1335487157188759552
1335487038817177605
1335486864782835712
1335486634549276672
1335486467418755072
1335486465845891072
1335486428998877185
1335486286199730176
1335486089218371584
1335485897035411457
1335485533716246528
1335485181113733122
1335483462061580288
1335482587997904897
1335482254479380480
1335481933422268417
1335481859724124161
1335481538692087808
1335481495721394176
1335481172869193728
1335480778789031936
1335480383006097409
1335479372241887232
1335479083577257985
1335478606395559939
1335476879118241792
1335476760302002176
1335475692214030336
1335474276896362497
1335474214523039745
1335474034071359489
1335473382117273600
1335473371023200256
1335472968059666434
1335472954004688896
1335472782499442689
1335472752556449792
1335472677369233409
1335472335873306624
1335471810893262848
1335471768685998081
1335470264998633472
1335469311792562176
1335468913379962880
1335468774875598849
1335468730453651459
1335467225629790208
1335467185700036613
1335466767670501381
1335466442968461313
1335465827546640384
1335465761658298368
1335465464802258946
1335464707902369792
1335464499449565184
1335464473478328321
1335464150827474944
1335463890851794946
1335463722605715457
1335462721047810048
1335462335595634688
1335462140052815872
1335461671360409605
1335461094102622208
1335460896550789121
1335460475996237824
1335460343460540417
1335459902752317442
1335459423788048384
