1278742241943617541
1278741978977533957
1278741901697585152
1278741847536517120
1278741398045569025
1278741372326031363
1278741112405065729
1278739657279197185
1278739107909373952
1278738508379815936
1278736447491592193
1278736441812701184
1278736315329032193
1278735949682393088
1278735843084115969
1278735710216957953
1278735604478509056
1278735533280120833
1278734722601046018
1278734668788088835
1278734137868857345
1278734038270803968
1278733558006394880
1278733255454449665
1278733188123295745
1278733071655800833
1278733035656097793
1278732855737225216
1278732577680089094
1278732506603433986
1278732160464281601
1278732026334588930
1278670104176275457
1278669697018482688
1278669690349457408
1278669347695792131
1278668977619730434
1278668812532023298
1278668539684098049
1278668511942832129
1278667891014017024
1278667526357032960
1278667430911508485
1278667157128318976
1278666810808811522
1278666422487564290
1278666345278615553
1278666094958587906
1278666086838415361
1278666002419666945
1278665582884327425
1278665172756897792
1278665028103700481
1278664803712749571
1278664802206875655
1278664706417463296
1278664704429350912
1278664596715421696
1278664545058328576
1278664517602459650
1278664201288986624
1278664113263165444
1278663985479454721
1278663945251848192
1278663733859037184
1278663429117575170
1278663280739975169
1278663252730413056
1278663094064025602
1278663042096680961
1278662779097022467
1278662754170294275
1278662742656921603
1278662666924548096
1278662648817745920
1278662647710433280
1278662580270034945
1278662551014912006
1278662413936734208
1278662332261052421
1278662318403002368
1278662314288386048
1278662143769018368
1278662042673610752
1278661285022961665
1278661131230298113
1278660776358744069
1278660310921068545
1278660285935411200
1278659964370923521
1278659926760534016
1278659787832594432
1278659418897428480
1278659054328479744
1278658796148060160
1278658765118754816
1278658734907109377
1278658650341441537
1278658398024798208
1278658301014745091
1278658263622565893
1278658213093638144
1278658186132807682
1278658136463851522
1278658016594837504
1278657981438210048
1278657884251992068
1278657832477491202
1278656917951311872
1278656066188959745
1278655859799650306
1278655283900940288
1278646423295270912
1278646375840915456
1278646174615048194
1278646067890925570
1278645722716557312
1278645654886191104
1278645318402310144
1278645025799315458
1278645022867558402
1278644785390157824
1278644600203366401
1278644553973710848
1278644473690501120
1278644277262893056
1278643981535055873
1278643676344987649
1278643645218992130
1278643595306766336
1278643590726660096
1278643246760185856
1278643115398778885
1278643113565749248
1278643027670695937
1278642808774156289
1278642644495880192
1278642587813855232
1278642568646066176
1278642559213096962
1278642487851171841
1278642462442098688
1278642300898496513
1278642242585079810
1278642160200531968
1278642048325898240
1278641949767942144
1278641688190365699
1278641579490713600
1278641417599045632
1278641402759376896
1278641348220989441
1278641301722935298
1278641297809604609
1278641260153245696
1278640907735175169
1278640547356381184
1278640539307593733
1278640504146624513
1278640478766931968
1278640113451319296
1278639815316176899
1278840594576613376
1278840549265432577
1278840478889197568
1278839622374764545
1278839464400470017
1278838949952315393
1278838247960035328
1278838112588890114
1278837354074120193
1278835618911383552
1278835304271679488
1278835014340431873
1278834595472052226
1278834322967900162
1278834276075618306
1278833079868690433
1278833029008539648
1278832670831775746
1278832034228563969
1278831435755876352
1278830914596933639
1278829568908918784
1278829059057778688
1278827172120211457
1278810334904680448
1278809700260339713
1278809085715058689
1278808713256734720
1278807546510245888
1278806985618661378
1278806635696267264
1278806363729096704
1278806209999458305
1278805385307185152
1278805011099725824
1278804266615025664
1278804153314054144
1278803649670643712
1278802856494145537
1278801633812582400
1278801584433049601
1278801389133557760
1278800082750640139
1278799899396648960
1278799191477805057
1278798592396984321
1278798492295671808
1278798401795219456
1278797404435873799
1278797343442087936
1278796752288722950
1278796142831165443
1278796111784873985
1278796043883339781
1278716140605366272
1278715512743215105
1278714532710539264
1278713458922418176
1278711771159822339
1278710814497746944
1278710616480505857
1278710111377162240
1278709157026123776
1278709127989075974
1278709106157785088
1278708486847766530
1278708396598968322
1278708229275635712
1278708226675146752
1278708149793497089
1278707342280921088
1278705871518928896
1278705699661451264
1278705187729924102
1278705110428856321
1278704853750108160
1278704687353442305
1278704563286151169
1278704504091766787
1278704445820452864
1278704245659897858
1278703772529819655
1278703770499776514
1278703469558403077
1278702972080455685
1278702630844485632
1278702513038987271
1278702390024310784
1278702363977625600
1278702263566032903
1278701841706967040
1278701679907688454
1278701648139911168
1278701632000339971
1278701474399297536
1278701408624263169
1278701221247885314
1278639500097445889
1278639254206394369
1278639086908182530
1278638930057850880
1278638749686157319
1278638313184858114
1278638027837931521
1278637997764771840
1278637526996135936
1278637196736593920
1278637012304760834
1278636932357111811
1278636903701585920
1278636837263810561
1278636733853315072
1278636732834107392
1278636293526863873
1278636255543205888
1278635924851757056
1278635775291273216
1278635549256024064
1278635387687186432
1278635290572308481
1278635033419489280
1278634659451207680
1278634466009853955
1278634215471538177
1278634157359247360
1278633973783068677
1278633813426528257
1278633531837538304
1278633222323220482
1278633179226783744
1278633042098216960
1278632918647222274
1278632893871542272
1278632667622379522
1278632011381395458
1278632006692323328
1278631770704023552
1278631748038004736
1278631706572894210
1278631691993710592
1278631553875222529
1278631492776873986
1278631388145745921
1278631213415219200
1278630791636017154
1278630325980143616
1278630260464996352
1278630110170689536
1278629871502032896
1278629158730547200
1278628912487112705
1278628257173250051
1278628005854707712
1278627089105723393
1278625885801701376
1278625782013796355
1278625341922177025
1278625295688491008
1278625198485495808
1278624955719180288
1278624915265146881
1278624797614899202
1278747114995175425
1278746504325468161
1278746276302118912
1278745351462289410
1278745270927400961
1278744889811968000
1278743773678354433
1278742784837513217
1278742481862000640
1278794059562319875
1278793221695590400
1278793181564411906
1278792648879472647
1278792485419048960
1278792325838364681
1278791606850772992
1278790816505487394
1278789579219369984
1278788386581602325
1278787775127367680
1278786980424364039
1278786859016040448
1278786382450659328
1278785787140755456
1278784588446343169
1278784016225886215
1278783016119263234
1278554681799667713
1278553595193982987
1278553297993883648
1278553155274444800
1278551240184492032
1278551189471277064
1278548744036913153
1278547686413623296
1278545695050522626
1278545110460841985
1278544633858048000
1278685439789076480
1278685252060352519
1278685021155602434
1278684290260389888
1278683685009666050
1278683563219542016
1278683556592533505
1278682921058971649
1278682671795843072
1278682648714436610
1278682616296849408
1278682463707881472
1278681712852074505
1278681396412911616
1278680752394297344
1278679886564032513
1278679739918581763
1278678581883830272
1278678149241417728
1278678092035350530
1278677759896817664
1278677444711649283
1278677142998564864
1278677046936264707
1278676778987503617
1278676485201674241
1278676269429919745
1278676227222577154
1278676006438658048
1278675915451641856
1278675487829553152
1278674226577170434
1278672944575721473
1278672527896784896
1278672227957948422
1278672124786487309
1278672098299449344
1278672005160714240
1278671915423596546
1278671529828659200
1278671300320473094
1278670900712407055
1278670887034781697
1278670441436110850
1278778672615432193
1278778650956095491
1278777996925644803
1278777727546425344
1278777227539296256
1278776667905851393
1278776557595754496
1278776308818984962
1278775893822001152
1278775527810256897
1278774578576330752
1278774148278423554
1278773980200042497
1278773902580363264
1278773881596071936
1278773844933775360
1278773556583768064
1278772205413896209
1278771999624646656
1278771721508663302
1278771660364136452
1278771129579008000
1278770187890651136
1278769520765632512
1278769480621940741
1278769303802740738
1278768770429771776
1278768197928443907
1278767539850489863
1278766803045552129
1278766700972978179
1278765780784623616
1278765303875411968
1278765224405991426
1278764947179286533
1278764770154479623
1278764610355634176
1278763919905943553
1278522654878846976
1278521443748282368
1278521099614068736
1278520648537686018
1278519737065054208
1278516450630737921
1278516230148837376
1278515718955253760
1278515507331837953
1278513499447025665
1278512401638359041
1278511736593809408
1278624298085822465
1278624048256299008
1278620854792921088
1278619604869398528
1278619219559677952
1278617329086201856
1278616111593017344
1278615947834687490
1278615433013321728
1278615184773468161
1278614137082269697
1278610562285436928
1278609442813235201
1278609306254966784
1278491688969920516
1278488244368392192
1278485601327579136
1278485399569141761
1278484023820648450
1278482905170313216
1278481141981491205
1278481139510857728
1278480874573611008
1278480844877938695
1278480444158283776
1278480073386049537
1278762319582048256
1278761465068093447
1278761388714811397
1278761206539595780
1278761080857247751
1278760843925000192
1278760766787723264
1278760355682873344
1278758080633692160
1278757880615669760
1278757846864351236
1278757792271282177
1278757394814840834
1278756840436895749
1278756755548385285
1278756517731336192
1278756366950313991
1278755359998595073
1278754950298972161
1278752715536039939
1278751617593028608
1278751187706228739
1278750709668773890
1278750506236739588
1278749876390629376
1278749763140280321
1278749037517299718
1278749008291401735
1278748813155540993
1278748690832928769
1278748583693557761
1278748278369275904
1278747435691642880
1278747367848771585
1278747272025694210
1278747226437824519
1278654711525191680
1278654685566701568
1278654615043682305
1278654605270925313
1278654525079982080
1278654260427751426
1278654181683929088
1278654072145534978
1278653853249015809
1278653806499241984
1278653799725441032
1278653708159647746
1278653683920748546
1278653513585889284
1278653447810830338
1278653376084017154
1278653163176898561
1278652908402356226
1278651995788914689
1278651818038476801
1278650880200282113
1278650669474308096
1278650433934778368
1278650346529751046
1278650115943813121
1278649932010979336
1278649890336276481
1278649432263852032
1278649180605448192
1278649111378567168
1278649089886953472
1278648948933230592
1278648669923876865
1278648451908206592
1278648401031245824
1278648057660420096
1278647906879315976
1278647678453321729
1278647652960407552
1278647618416136193
1278647448852979720
1278647428212637696
1278647421845766146
1278647155528474625
1278647004902707207
1278646785695723520
1278646555323568128
1278646467574542336
1278782742986141701
1278781024231620609
1278780940739895308
1278780521888317440
1278779576903258112
1278506807653208065
1278506048454897665
1278504721821523968
1278504712225112067
1278504157830397952
1278502972318781445
1278502147550777349
1278501739256307713
1278501167857905665
1278500077158510592
1278499757678346243
1278499524529598464
1278499219477876737
1278499194551050245
1278496892977123330
1278496328859910150
1278496113528582144
1278495352564391936
1278494889643249664
1278493670262689792
1278492806252654592
1278492762900316162
1278593695399530496
1278593236462952450
1278592815388377094
1278592648476065795
1278590068194762753
1278587653877833729
1278586478507917312
1278584302171754501
1278584277387456514
1278583574871126016
1278583137094610946
1278582701856034816
1278580193070682112
1278580106089373696
1278700665561329664
1278699736564928512
1278699133809942533
1278698497500471296
1278697892610486278
1278695979416502272
1278695973670334464
1278694215619411969
1278694193276346369
1278694049898102785
1278693554848702464
1278693477614784512
1278693117361823750
1278692561327058946
1278692232116256774
1278691442110738432
1278691228020813824
1278691217438650369
1278691208085360647
1278691188032274433
1278691161406869506
1278690990602272771
1278690164341182466
1278689564488597510
1278689490018668544
1278689370946580480
1278689129052680198
1278688950291435520
1278688697488216064
1278688563815755777
1278687487305670658
1278687411816497160
1278687195998507008
1278686905937399815
1278686679407235072
1278686426545217536
1278685839476826114
1278685803057762304
1278825449620201477
1278824567075516419
1278824099905777665
1278823958499020800
1278823251502915586
1278821424560472065
1278820663965425664
1278820369365860355
1278819602944765952
1278818264777359361
1278818013094064129
1278817492362833923
1278816813510545408
1278816642299056130
1278815725512261637
1278815657665101833
1278815018675507202
1278815009531924480
1278814900404576257
1278812541867757569
1278812265156939777
1278812114661117952
1278811496198307841
1278811176227483649
1278810891929165824
1278574470362521600
1278574374648455168
1278573790008692743
1278573584865267713
1278572752417566720
1278571736490020864
1278571719771512832
1278571162327347200
1278570633421557760
1278570138313334784
1278569691594833921
1278569674326892545
1278567244570791936
1278564117167534081
1278563827471319041
1278559661390729217
1278609056979009536
1278608271704838146
1278607312098377738
1278607114202746880
1278605823636377601
1278605421452943364
1278603405397811200
1278603139378286593
1278602722053423104
1278602216975171604
1278601566434574341
1278601351367479296
1278601140817420288
1278599738166841345
1278598976669974528
1278598622582657026
1278596779500539904
1278595938660028416
1278595698901037056
1278595326811811840
1278594605748027394
1278594500529549312
1278539968810549248
1278538559914459136
1278536961498714113
1278534518241218561
1278533234326999041
1278532890729594880
1278532050090409985
1278530804902027264
1278530146589380608
1278526729989079040
1278731713829576704
1278731013963857923
1278730554020691968
1278730395455049728
1278730344770961409
1278730047726276611
1278729693475241984
1278729466186027009
1278729405456580609
1278729279199739904
1278728899736862721
1278727935143239681
1278726631658606594
1278726309569536000
1278726212920188929
1278725679417196544
1278725236276502531
1278725131318239232
1278724808944095232
1278724735380205568
1278724224337805315
1278723750381400064
1278723269391245312
1278723132602318848
1278722996107165696
1278722874640039941
1278722688442421253
1278722189005664256
1278722168545837056
1278722000383553537
1278721865318629378
1278721802018131971
1278721634803818496
1278721602637697024
1278721456050929666
1278721385645445121
1278721337142530049
1278721304993181696
1278721279261134850
1278721175041032196
1278721050306641923
1278720984913240065
1278720377200525314
1278719577971703808
1278719330440458240
1278718854970179584
1278718761735008257
1278718636409184260
1278718309202944000
1278557483536199681
1278556975610114048
1278556663486668802
1278555974010392576
1278555762705514497
1278555740605607936
