1280802609591455744
1280802520974143488
1280802515018297345
1280802361380921344
1280802333446885377
1280802069151133696
1280801960443228160
1280801880306847744
1280801814913462272
1280801797137989632
1280801771624050689
1280801738379923456
1280801729139798017
1280801602144800768
1280801580959358976
1280801579810074624
1280801524894117888
1280801285898416128
1280801197771960320
1280801171041587200
1280801118876884992
1280801096781479936
1280800940988043264
1280800934705065984
1280800919651864578
1280800897891696641
1280800767578984448
1280800756917063680
1280800511755771904
1280800486569005061
1280800400728350720
1280800323540566016
1280800277474484225
1280800135530889216
1280800102257496064
1280800069852237824
1280800028743864320
1280799919742357506
1280799826813292544
1280799813320224774
1280799812259020801
1280799783989530626
1280799752301445120
1280799672454578176
1280799626606587906
1280799526421434369
1280799448721952768
1280799415704317954
1280799310922362880
1280799307780820992
1280799191627857920
1280799114041724929
1280799100888367105
1280798981858234368
1280798972236398592
1280798787263438850
1280798787108139008
1280798755302920192
1280798578252943362
1280798529863266304
1280798149544534016
1280798081424990208
1280798059530801154
1280798017461923840
1280797923278761984
1280797914831433728
1280797817519460352
1280797747227000832
1280797623650320385
1280797581841362945
1280797527080656896
1280797489738797056
1280797399510913024
1280797374202462208
1280797370624679937
1280797362244460545
1280797280891797505
1280797174075404293
1280796847838199808
1280796779529687040
1280796730360049664
1280796616379727872
1280796530379763713
1280796346719571969
1280796297620893697
1280796294420840449
1280796243569115137
1280796127495950338
1280796123242860544
1280796082264371201
1280795953629466625
1280795907416563712
1280795887053266947
1280795843281420288
1280795771579912193
1280795742014144512
1280795671872888832
1280795528159084544
1280795471624036353
1280795461805387777
1280795459007795201
1280795441702096897
1280795422433447936
1280795407258353664
1280795373985021952
1280795304028188673
1280795303487160320
1280795300567953411
1280795169961291777
1280795133336846338
1280795129058648064
1280795091985207296
1280795046321827840
1280794926339354624
1280794821842677761
1280794804566347778
1280794799717732354
1280794694407028737
1280794666993156098
1280794600588873729
1280794569425121281
1280794563804827648
1280794495605526528
1280794463137341441
1280794274162974722
1280794156248506368
1280794089617842177
1280794085289156608
1280794026380312576
1280794023314194438
1280793638759473152
1280793462317645824
1280793392734179328
1280793368554082305
1280793348677218304
1280793341484044288
1280793251423928320
1280792960301436937
1280792943817822209
1280792939795537921
1280792864428118016
1280792635742044160
1280792584433086464
1280792525662564353
1280792513721352192
1280792501482336256
1280792475641286656
1280792450576105472
1280792438068699136
1280792437506674689
1280792427465506817
1280792372926795776
1280792263812145154
1280792237148901376
1280792230404534273
1280792210833801216
1280792135751663617
1280792067002765313
1280792056596697088
1280792024447365120
1280792015953952772
1280792000577617920
1280791971620163584
1280791968914771968
1280791849913987072
1280791846973837315
1280791788907835392
1280791658448277504
1280791601212805122
1280791559181611009
1280791471805861889
1280791383020834818
1280791269749346307
1280791236803100672
1280791188044419075
1280791114904150016
1280791109170597893
1280790836586909696
1280790655145476096
1280790620194258944
1280790593128370177
1280790588636499968
1280790583401799680
1280790554582962176
1280790538208321536
1280790418674745350
1280790295681077249
1280790216542953473
1280790197983236096
1280790111907532807
1280790111802646528
1280790033251926017
1280790030307508224
1280790025387544584
1280789884551258112
1280789838938030081
1280789768310099970
1280789659786842112
1280789638592987138
1280789637343121408
1280789623518703616
1280789569294778371
1280789539745927170
1280789530761670657
1280789489464406016
1280789481847652356
1280789437249581056
1280789257729310721
1280789246144626688
1280789241379926018
1280789153769238528
1280789041319903233
1280788988463321089
1280788986756243459
1280788948189667329
1280788924571561986
1280788913750237186
1280788901871878144
1280788729515307008
1280788671575121920
1280788650414858240
1280788585436807170
1280788575097929729
1280788537210740736
1280788225536282624
1280788098570489856
1280788094531371008
1280788071517052928
1280787911231897600
1280787683967676418
1280787664648777729
1280666261639364613
1280666240374243331
1280666140537171970
1280666086355226624
1280665959863328769
1280665717373730816
1280665589585977344
1280665553628286976
1280665365396230144
1280665271691292673
1280665260152754176
1280665259238256640
1280665228825550849
1280665152367583232
1280664962407501828
1280664868086075398
1280664667745026048
1280664473880182784
1280664447464464385
1280664442364100609
1280664283232309249
1280664222993612801
1280664182040346624
1280663824920653825
1280663824148967431
1280663778464415745
1280663670574288896
1280663634948116480
1280663561778409473
1280663347558584321
1280663323575324672
1280662982721261569
1280662681704415235
1280662654751666176
1280662620509319169
1280662597738434561
1280662548854050819
1280662547809447936
1280662437537161216
1280662388187041792
1280662387780136963
1280662266132574208
1280662225879855104
1280661790121062405
1280661513255227400
1280661415225786368
1280661315590262784
1280661178440716288
1280661085964644352
1280660891625648128
1280660870733889538
1280660676512546816
1280660260303273984
1280660074365456384
1280660037325774849
1280659780726435840
1280659511833882627
1280659506159144961
1280659448151683073
1280659362646601728
1280659360864038912
1280659346842628097
1280659265578033152
1280659244656852993
1280659187350016006
1280659117099683840
1280659106399846400
1280659010824409088
1280658777973362690
1280658762957651968
1280658760390914053
1280658751910010880
1280658584385327105
1280658420694204418
1280658420064874497
1280658328109146114
1280658155958161409
1280658097212719105
1280658048160317441
1280658040560254978
1280657998512377868
1280657992338178048
1280657776793059328
1280657757952020480
1280657538640482306
1280657325204934656
1280657319601242112
1280657291533058055
1280657271773634562
1280657221416710144
1280657193872822272
1280657173262073856
1280657131465834496
1280656746239987716
1280656728795668481
1280656385143955457
1280655871907975169
1280655663081893888
1280655592185565194
1280655531007455232
1280655476955340800
1280655429148737537
1280655345912856577
1280655206913474560
1280655175930298369
1280655088470626304
1280655009890267137
1280654854713675776
1280654720630128646
1280654685372727296
1280654547879428096
1280654419202375681
1280654245369446406
1280654184300154887
1280654112204353536
1280654040376852481
1280654034945421312
1280653965177360384
1280653927227068416
1280653811955064832
1280653743608827904
1280653663694802944
1280653602122391552
1280653516353093632
1280653368684187649
1280653319069790208
1280653226602348544
1280653197925691392
1280653107437932545
1280653078660694016
1280653008552906753
1280653005952434176
1280652931063255042
1280652849874173952
1280652822594215936
1280652819469565954
1280652819448467457
1280984725197332485
1280984642858840065
1280984567772520451
1280984435702276096
1280984359617662977
1280984345155698693
1280984160958648325
1280984079396155394
1280984032042418186
1280983816270725130
1280983716047831042
1280983713635950593
1280983674322731008
1280983601652342784
1280983429165854721
1280982966622175235
1280982718428467200
1280982549288718337
1280982505286483978
1280982343763795974
1280982338919260160
1280982009561546753
1280981868926480385
1280981858319249408
1280981854946902016
1280981835737116674
1280981819072983041
1280981791726321665
1280981757509029888
1280981726152384512
1280981694464643072
1280981617847263232
1280981597743767552
1280981461764620294
1280981411135205377
1280981331695013889
1280981246781337602
1280981161905459203
1280981142456299520
1280981098097446917
1280980971479805952
1280980870254321664
1280980609423364104
1280980373233516544
1280980048217100291
1280979867107016704
1280979799650054144
1280979755714691073
1280979694125494273
1280979679281725440
1280979674659725316
1280979629050716161
1280979587451715585
1280979569726676992
1280979029898780672
1280978989310509056
1280978960738914304
1280978960034279424
1280978942535622657
1280978837677932548
1280978819436994562
1280978730551214080
1280978729548812289
1280978717179699200
1280978599869386752
1280978465399779328
1280978426472599556
1280978089439375372
1280978073123319808
1280978051291992065
1280978033701056514
1280978002524987392
1280977933859983361
1280977907179978752
1280977892848078850
1280977790087675905
1280977732692774912
1280977724383858689
1280977705207562240
1280977504598142976
1280977459308105731
1280977458678788096
1280977327933935616
1280977219414867970
1280977122111246337
1280977115303772170
1280977018620915712
1280977013415829506
1280976973238501379
1280976955278532610
1280976904309350408
1280976795186139139
1280976789871964163
1280976771668742144
1280976697706164225
1280976656644149250
1280976637098631169
1280976620476682241
1280976541132959744
1280976532828303360
1280976500800405504
1280976474099466240
1280976456483569667
1280976452159188993
1280976351428620288
1280976327663849475
1280976291727114240
1280976286567985153
1280976272651440128
1280976158511599616
1280976137762541568
1280976113523703808
1280975963661242369
1280975823781036032
1280975777807446017
1280975731888136197
1280975636157419520
1280975517538287617
1280975477398810627
1280975445505175552
1280975416098947073
1280975353729687557
1280975320707817472
1280975179829710850
1280975127220551683
1280975124657668096
1280975052578619393
1280975025680629760
1280974942314442752
1280974821086674946
1280974775733628935
1280974761661784066
1280974755642970112
1280974722818281473
1280974658628718595
1280974646104461313
1280974496871129090
1280974426931113988
1280974355145596930
1280974342361436163
1280974275445473281
1280974090594136067
1280973946909794304
1280973819189100546
1280973683905851393
1280973468012621825
1280973240572182529
1280973147379040257
1280973107717701636
1280973060347133958
1280973051249623040
1280973044941455361
1280973011076681728
1280972964825948160
1280972917602426887
1280972864804524033
1280972703017525249
1280972672571183109
1280972582196477953
1280972525489528837
1280972470699216896
1280972360951234561
1280972210883215365
1280972174027702273
1280972173830549504
1280971939570384897
1280971894649507840
1280971882968363010
1280971872063062018
1280971843265052673
1280971775564820480
1280971739703410689
1280971459041452032
1280971319681548288
1280971243152277506
1280971129973346304
1280971035047837696
1280970964898103297
1280970928088772608
1280970924171431938
1280970898317639680
1280970809775980548
1280970572453703680
1280970558847541249
1280970461405380612
1280970363766296576
1280970301677998080
1280970246849953794
1280970178252148742
1280970177186795521
1280969967672807424
1280969961297645568
1280969946382708736
1280969804698972160
1280681391521497089
1280681386576404480
1280681359288066048
1280681346453700610
1280681314312695808
1280681120435261443
1280680764644962306
1280680715571482624
1280680507072708609
1280680419206234113
1280680140528386049
1280680124850089984
1280680104784310272
1280680086652375040
1280679887314059264
1280679511147851779
1280679493221388289
1280679469263527937
1280679258332020736
1280679136168681474
1280679110537289732
1280679048851701760
1280678995730841600
1280678826305941504
1280678702121172997
1280678672937041920
1280678581115420672
1280678555521695745
1280678446851436544
1280678289791750144
1280678270321799168
1280678158933667842
1280678134182842368
1280678108740440067
1280678081309470720
1280678063479631872
1280678060644327424
1280677858159898624
1280677807962480640
1280677487098331138
1280677472783216646
1280677364821831681
1280677293602594816
1280677264049360896
1280677234920095745
1280677197762584576
1280676296301801474
1280676278673248264
1280676274558636033
1280676203951722496
1280675693974761472
1280675580761878528
1280675504501252096
1280675468736294912
1280675415582019586
1280674960441257985
1280674900441784320
1280674892493606914
1280674786713038848
1280674720212488192
1280674661337088001
1280674577996283905
1280674466985439232
1280674457305178113
1280674370361462784
1280674304108134400
1280674075409551360
1280673975845023744
1280673943066730496
1280673780684279809
1280673647368130561
1280673510151516161
1280673381101244418
1280673314357182464
1280673232266440706
1280673134731902976
1280673057850314752
1280673013675900928
1280672991542640642
1280672959863164929
1280672950778134529
1280672784331522055
1280672341136224256
1280672256507604993
1280672149133459458
1280671758815834114
1280671710166036482
1280671694319804416
1280671610979209217
1280671597649637377
1280671591140073473
1280671583531646976
1280671375858954240
1280671315339251712
1280671149756579840
1280671092751941632
1280671016474247170
1280670956713676800
1280670912753401856
1280670809602826240
1280670766946676738
1280670628304076800
1280670490487476225
1280670432111230979
1280670214456303616
1280670173821714432
1280669995861774336
1280669949514731522
1280669792085524481
1280669786230251521
1280669601546764288
1280669496198352897
1280669369606029313
1280669200873381889
1280669054534062080
1280668940029624320
1280668846806806528
1280668818168320000
1280668809666473985
1280668629214859266
1280668604715929600
1280668466475909120
1280668221163442177
1280668159326982149
1280668116004098049
1280668030532571141
1280667919387525120
1280667747261825028
1280667553522528257
1280667398564204545
1280667112638427140
1280666967007875075
1280666860610965505
1280666740037476353
1280666576971317248
1280939068025720833
1280939061117583360
1280939039852564481
1280938879202320387
1280938774361509888
1280938735442579456
1280938720632336384
1280938665804468231
1280938640265355267
1280938610250964994
1280938592752160768
1280938558707183617
1280938514071187456
1280938472157655040
1280938448053035009
1280938419775049729
1280938346588499968
1280938315521445889
1280937850280783873
1280937822027948032
1280937784979501057
1280937778927239178
1280937766222790656
1280937759495131136
1280937481219735554
1280937386151559168
1280937321995657216
1280937280744628225
1280937235421057025
1280937123160436737
1280937117292642306
1280937088985133056
1280937069716652034
1280937015459098626
1280936967224483840
1280936867966455812
1280936828837564416
1280936759979921408
1280936646251290625
1280936628001878017
1280936383591460867
1280936377971019777
1280936285813833734
1280936210249052160
1280936126690349057
1280936108327485442
1280936073829347328
1280936017986564096
1280935950911246336
1280935926206738432
1280935904970977280
1280935849182593027
1280935789006860288
1280935787442458624
1280935619024138240
1280935547029139457
1280935532600741894
1280935480947691521
1280935467618308097
1280935411637006337
1280935227565780992
1280935194497675264
1280935182560878600
1280935163333996544
1280935150663151621
1280935094144942081
1280935059705520132
1280934928415424516
1280934750555947009
1280934548856070145
1280934259293859846
1280934254642368513
1280934189798473729
1280934079760945153
1280934049142407168
1280933897178697728
1280933884956479488
1280933822780133377
1280933785794641921
1280933463420534785
1280933412950413313
1280933346923569152
1280933328003072000
1280933132712239104
1280933015280025601
1280932971965448192
1280932848497840130
1280932814200934410
1280932760627093505
1280932755308756995
1280932711390236674
1280932636031102976
1280932601390231552
1280932573963792386
1280932446310187011
1280932326080425985
1280932313594036225
1280932192613552128
1280932184090710017
1280932162305474560
1280932057661739008
1280931945271132160
1280931869912174592
1280931854619742208
1280931814127927296
1280931813385519111
1280931767696883713
1280931684498706434
1280931673580896257
1280931651493793792
1280931601854222342
1280931580010270724
1280931577372033025
1280931351252926464
1280931285888835584
1280931272949456897
1280931209816739841
1280931165633839104
1280931033827999749
1280931017168216071
1280931012017557504
1280930797114011648
1280930627345399808
1280930454863073280
1280930223534542849
1280930220212699136
1280930013152514048
1280929988510973953
1280929886031536128
1280929836878290944
1280929813956624384
1280929707584892928
1280929666367447046
1280929643772739586
1280929585899675652
1280929547479728128
1280929516660154368
1280929462058614784
1280929402424037377
1280929394387824640
1280929328252026880
1280929313714515969
1280929247524249606
1280929046071857152
1280928788025655296
1280928745818390535
1280928565169659909
1280928487868641280
1280928447527817217
1280928385447976960
1280928096468770818
1280928086335410177
1280928077535760386
1280928040864882689
1280927831757750272
1280927827458572288
1280927789227663364
1280927666732965888
1280927660961665024
1280927629093158912
1280927521337274368
1280927513259266049
1280927472289226753
1280927383239962624
1280927308430352385
1280927250481844224
1280927237911588864
1280927122823888896
1280927053559332865
1280927026417934336
1280927016439685120
1280926756153651200
1280926708963487745
1280926388753702915
1280926378422984705
1280926286404292608
1280926235904946177
1280926228023857152
1280926163796480001
1280926128492994562
1280926100093313024
1280926027313745920
1280925988403269633
1280925969868632068
1280925939245948928
1280925933788991489
1280925718264852480
1280925701827330050
1280925537326845952
1280925361757446144
1280925360742424581
1280925315812986880
1280925188419452931
1280925180794109953
1280925171700957185
1280925158820253696
1280925108480204800
1280925039987093504
1280924989454192641
1280924889013248000
1280924840803753984
1280924636654403584
1280924616387674112
1280924615641088003
1280924532715540482
1280924492706000898
1280924474473361412
1280924353077575681
1280924333523841027
1280924136051740672
1280924037812826118
1280924032137867266
1280954201506545664
1280954188814594048
1280953783791390720
1280953777563074562
1280953747674238976
1280953584226631680
1280953490379091972
1280953476672036865
1280953465506795520
1280953463157911552
1280953074467602433
1280953037003960320
1280952984827027456
1280952884893450246
1280952870490247171
1280952818162163715
1280952687022899200
1280952676612739073
1280952625983356928
1280952625538760714
1280952612414730240
1280952605204717569
1280952087879266307
1280952066593001472
1280951950834642944
1280951927400882176
1280951879934099457
1280951849739321344
1280951838020448256
1280951679521746944
1280951671326113797
1280951533312540672
1280951519592898561
1280951512445980680
1280951376982360064
1280951248934617101
1280951242341179395
1280951182710714369
1280951171054620672
1280951140214091784
1280951041186504704
1280950977265311757
1280950783635337223
1280950747383898119
1280950523806482433
1280950466449338368
1280950411764076545
1280950408370884611
1280950285607874562
1280950285209346048
1280950050538078211
1280950023270944770
1280949998558076928
1280949938613104640
1280949756454371330
1280949715849396231
1280949599713312768
1280949499632979969
1280949475318562818
1280949470197407752
1280949357806850048
1280949139795214336
1280949117481619456
1280948963999395842
1280948911931371523
1280948766896422914
1280948748378652673
1280948687196348416
1280948591121633280
1280948501443162117
1280948496355536896
1280948458073948160
1280948435986911237
1280948428219056128
1280948312112324609
1280948245418536961
1280947975343218689
1280947930485141506
1280947916086091779
1280947898079940610
1280947833743519744
1280947639798857730
1280947576804646915
1280947569724719104
1280947444768018433
1280947388765667328
1280947371145408513
1280946804306083840
1280946783556952066
1280946757036388352
1280946748257701893
1280946740535967744
1280946649066602498
1280946582008082432
1280946328307187713
1280946319738241025
1280946270761185280
1280946230814822401
1280946165006118914
1280946158731505670
1280946150774890498
1280946126494085125
1280946121469239297
1280945989612965888
1280945980335181824
1280945957803364356
1280945944750587904
1280945932096491520
1280945928854274049
1280945824080498688
1280945586158669826
1280945556622360578
1280945431099383810
1280945425286074369
1280945111971565568
1280945014424637441
1280944975887376385
1280944919616471040
1280944849164873729
1280944746538635266
1280944698014736385
1280944657678172160
1280944561183850496
1280944556289163264
1280944436827115522
1280944326978265091
1280944183793143809
1280944075030626305
1280944049516617728
1280943856889012225
1280943721752809473
1280943588529115141
1280943293535223809
1280943149976780801
1280943125758795778
1280943114870456328
1280942957370187781
1280942824699990016
1280942790613049344
1280942705879797760
1280942393697669122
1280942302043664384
1280942299204194304
1280942284318609408
1280942270145912832
1280942228370792448
1280942181595971586
1280942166278373380
1280942077795131392
1280942075438157824
1280942069859614726
1280942062855053312
1280941925101600768
1280941798534402053
1280941776816214017
1280941756897349632
1280941723154132992
1280941466119032832
1280941446590169088
1280941308077539328
1280941213290397696
1280941212783050754
1280941121896501249
1280941079156711428
1280940964148842498
1280940955894456320
1280940934918701057
1280940924638564356
1280940890484125697
1280940792903864321
1280940722045124608
1280940698112589831
1280940645545398272
1280940597457629190
1280940558551330817
1280940535377809408
1280940389013377028
1280940304724561925
1280940241772326913
1280940231592722441
1280940129264324611
1280940065443721218
1280939902268563458
1280939866872741888
1280939770819067904
1280939722416799746
1280939710098083840
1280939709942960128
1280939709938782212
1280939587142115328
1280939580200562688
1280939553986154498
1280939517810225154
1280939470045528069
1280939428983255040
1280939380425752581
1280939328336801793
1280939268316241921
1280939114339151877
1280726888210554880
1280726778483372033
1280726591480487941
1280726550833270785
1280726463403229185
1280726306561253376
1280726261455872001
1280726080408752131
1280725787214180355
1280725717823762432
1280725415515115520
1280725325043896322
1280725103546970112
1280724996709638144
1280724403798650881
1280724149774815232
1280724080841289728
1280723938708877314
1280723931045994496
1280723875303743488
1280723796601815041
1280723772325031937
1280723677152022530
1280723531458727939
1280723521736331264
1280723429331570689
1280723353515376640
1280723188314451971
1280722706133123073
1280722460183277569
1280722371708620800
1280722068842188800
1280721835496177665
1280721666931191810
1280721561339789312
1280721489470218240
1280721488862228480
1280720801910718472
1280720768813264897
1280720746189254657
1280720637229752321
1280720445843681280
1280720352054829056
1280720339258028034
1280720300838092800
1280719790710181888
1280719760653725696
1280719454763130880
1280719434882170880
1280719318020489217
1280719257022738436
1280719052940378114
1280719050285305856
1280719045654769670
1280718742322724864
1280718656465514496
1280718529205944320
1280718234052784129
1280718200062324737
1280718046387146753
1280717804216258560
1280717791788584960
1280717753083506688
1280717720359747584
1280717717327118336
1280717598481506304
1280717557671120896
1280717363743096833
1280717338522693632
1280716928961544193
1280716887802994692
1280716873341054983
1280716833834729477
1280716714531909637
1280716646584369152
1280716588086329345
1280716397862178816
1280716247244640256
1280716241213231108
1280715985746636802
1280715589695287297
1280715312661508096
1280714751115497472
1280714725920292868
1280714268720021504
1280713893900320768
1280713842801012737
1280713839776956416
1280713483227672576
1280713152456462337
1280712900944883713
1280712895165116416
1280712886613012481
1280712838189744129
1280712405425815559
1280712358642495488
1280712271006703617
1280863212481675265
1280863190251966465
1280863055828697088
1280863034743885825
1280862939432525824
1280862911573954566
1280862907513876480
1280862807429246976
1280862805822967809
1280862745391292423
1280862733471305732
1280862727683158016
1280862717172166661
1280862717113499649
1280862665410097153
1280862579464814592
1280862569100705792
1280862404067225600
1280862386338045953
1280862338816651264
1280862279723028484
1280862217135669248
1280862204028497920
1280862129621536768
1280862089993687041
1280862077553463297
1280862018975776768
1280861949392236544
1280861933416087552
1280861892395892737
1280861868765188096
1280861844731805698
1280861831905660933
1280861806551093249
1280861800964259840
1280861727593238529
1280861663793741827
1280861652716589057
1280861627164667904
1280861618784489472
1280861590460542979
1280861447942258690
1280861424777080844
1280861422335987713
1280861297542864896
1280861286822113287
1280861230060756993
1280861125853184003
1280861019519107072
1280860919057264640
1280860769098203136
1280860757412974592
1280860756741947392
1280860731605430279
1280860631575429121
1280860352754921472
1280860347348500480
1280860244994818054
1280860155111002113
1280859993240199169
1280859958125395968
1280859841561530370
1280859800792977413
1280859733772165125
1280859701488627712
1280859663328841728
1280859608890949633
1280859572492738560
1280859562334195712
1280859552754401281
1280859504452780034
1280859485435842561
1280859417995608070
1280859258691747840
1280859255164342272
1280859185261891584
1280859055037116417
1280859053695041537
1280858934409154562
1280858926632796161
1280858904751222785
1280858803043545089
1280858801982365700
1280858677256294405
1280858584235073536
1280858581743611904
1280858441972621312
1280858396313489410
1280858350176133123
1280858206865166341
1280858198765862913
1280858158265700352
1280858154381819905
1280858085788188676
1280858049888976896
1280857893332451330
1280857839595028481
1280857815331020800
1280857778186321923
1280857612435615745
1280857435230666753
1280857417929146370
1280857416381366273
1280857353152159744
1280857325222445057
1280857258465746944
1280857129650438144
1280857051149864960
1280856958736752640
1280856921545814019
1280856904319799296
1280856767166021639
1280856731678097409
1280856721431367681
1280856663495303177
1280856663050747905
1280856422255857664
1280856355721502725
1280856313392758785
1280856275455221760
1280856175492435968
1280856150712496129
1280856131057979394
1280856053308100609
1280855917475610624
1280855809149132801
1280855694238011392
1280855676835770372
1280855674595901445
1280855670254899201
1280855645097537542
1280855640265687042
1280855632451698688
1280855572477345792
1280855547701604352
1280855534887985152
1280855356307058690
1280855354595819523
1280855175964635137
1280855172353228801
1280855162211500032
1280855161921994753
1280855152988057603
1280855132071174145
1280855030497710080
1280854973362982913
1280854955872616448
1280854890265210880
1280854851065274368
1280854835429019649
1280854780118732800
1280854567299747842
1280854545569120257
1280854498827780097
1280854486014197762
1280854415742767105
1280854391826849792
1280854326248738816
1280854272930914307
1280854227745718272
1280854163983826950
1280854062045507585
1280854054969708546
1280854018391146497
1280853927873789959
1280853921875951616
1280853903437897730
1280853810232123392
1280853700689321984
1280853642472501249
1280853602500857856
1280853528404262912
1280853486960246788
1280853484586369024
1280853420979761153
1280853398166876161
1280853372753580034
1280853338108637186
1280853337953501185
1280853316298301440
1280853310682001408
1280853192310501376
1280853130826207232
1280853055056023553
1280852995064901634
1280852994192482312
1280852957521760263
1280852881328033799
1280852863070191617
1280852860754956290
1280852608966590466
1280852605732884481
1280852561378017288
1280852427797696512
1280852354225582083
1280852312446119939
1280852219341004800
1280852192258375681
1280852131319341057
1280852119491231747
1280852101795663872
1280851972879519744
1280851966759845889
1280851958367244291
1280851944316243968
1280851845100056576
1280851805723922433
1280851759166980096
1280851751051169793
1280851715449933826
1280851701591764992
1280851638022963200
1280851598059724805
1280851537628192771
1280851522201489410
1280851513536139264
1280851499057246208
1280851463191834625
1280851450084630529
1280851421869596672
1280851408724492292
1280851391301459969
1280851367293222912
1280851364910788608
1280851158974619654
1280851016934731777
1280850969576632320
1280850951470014464
1280850946747056129
1280850936961748993
1280850876945633280
1280850828279123968
1280850816866439168
1280850745449951233
1280850696728973313
1280850645646479362
1280850631398436864
1280850530978406401
1280850504428523520
1280850499433050112
1280850481531805696
1280850403450642438
1280850321867247617
1280850303005278210
1280850301201854465
1280850259032367104
1280850204946829315
1280850081135067136
1280850062076043266
1280850032460042241
1280850030157541376
1280849866026094594
1280849817468575744
1280849762804064256
1280849709184229387
1280849704927080448
1280849563377643526
1280849558113865730
1280849450953355264
1280849410709217282
1280849375040729090
1280849291897122816
1280849189266743296
1280849117535547392
1280848982424551425
1280848952884113409
1280848867953528833
1280848800823812096
1280848767386877953
1280848697325228035
1280848625686413314
1280848477862453248
1280848387470852096
1280848355896238081
1280848302741901312
1280848302599294976
1280848226547949568
1280848195283824640
1280969421532643328
1280969169337540609
1280968945575616512
1280968929758924805
1280968880823906307
1280968877648699392
1280968865162448900
1280968688640888839
1280968644336508928
1280968642662993920
1280968634890739712
1280968524299735041
1280968419093995526
1280968388123082752
1280968213636034565
1280967947943624713
1280967814560518145
1280967748575789056
1280967677444608000
1280967672738598912
1280967527355396096
1280967219887968259
1280967209972649985
1280966877120827392
1280966706815516672
1280966540158996480
1280966531707555846
1280966522563854336
1280966513298636800
1280966503626670081
1280966493807816704
1280966483997331458
1280966474451111937
1280966447678787586
1280966431585296384
1280966205134655488
1280966014893727744
1280965784425172993
1280965679626227716
1280965667429072896
1280965614807519243
1280965444237574144
1280965393255931905
1280965305104306182
1280965258065084422
1280965216570757120
1280965133683040256
1280965127487885312
1280965116150898688
1280965103307894787
1280965086459441158
1280964981492723714
1280964524296867846
1280964513739575296
1280964508769542154
1280964415915986946
1280964403152801803
1280964339533479939
1280964160235409411
1280964131043127296
1280963777396183040
1280963691362619392
1280963663378165765
1280963585397661697
1280963463192420353
1280963342039949312
1280963305138524162
1280963302017978371
1280963298389786627
1280963193024598017
1280963166579630080
1280963076121137158
1280962861121122304
1280962804661407744
1280962791617118208
1280962645802184704
1280962616718835713
1280962432987475968
1280962362024001536
1280962180423258117
1280962119324893186
1280961950999085056
1280961906547834882
1280961861937135621
1280961803153891329
1280961758535041036
1280961757129965571
1280961677249384453
1280961649105461248
1280961574497222656
1280961474425389063
1280961416137228291
1280961383920697344
1280961362806673413
1280961261581279233
1280961134774956036
1280961098183827456
1280961064163774476
1280961008819998722
1280960949118275584
1280960837256085505
1280960748559228928
1280960740711489537
1280960658146824198
1280960329070100489
1280960305661689870
1280960291036106755
1280959909518073861
1280959586908987395
1280959498148917248
1280959360382963712
1280959349133905927
1280959189146316800
1280959123400491008
1280959094770327553
1280959089506426880
1280959029129498625
1280958909201690624
1280958894315991041
1280958892386603008
1280958890281062401
1280958888334864384
1280958829228781568
1280958599221706752
1280958589746556928
1280958584537468940
1280958584340148224
1280958380417470465
1280958167522906114
1280958086652592129
1280957978875703298
1280957913121656832
1280957787070136323
1280957698696269824
1280957690433482755
1280957641011924992
1280957614533128192
1280957606379442182
1280957572816801794
1280957560967888911
1280957535869173761
1280957345107808256
1280957324480466945
1280957167760224256
1280957072713146369
1280957032871460870
1280956935894949889
1280956924066963457
1280956916097789958
1280956866818949121
1280956841917382656
1280956752226324480
1280956713869414400
1280956620281917441
1280956590787645446
1280956581853659137
1280956560500539393
1280956333047627786
1280956218157252608
1280956134556422146
1280956050619772929
1280956014167306240
1280955975248248833
1280955861884497920
1280955847200382979
1280955819727691776
1280955777826652160
1280955716476559370
1280955689964273665
1280955623916613634
1280955614584283142
1280955430814937090
1280955386741370880
1280955296555454464
1280955193207726080
1280955135506747399
1280955103483236356
1280955101939728385
1280954988617924611
1280954956749500417
1280954920972226566
1280954883361759232
1280954876051312643
1280954845189603332
1280954840965734400
1280954822427054081
1280954592688254976
1280954520625983488
1280954517840891909
1280954480406732800
1280954373628219396
1280999909752213504
1280999748762206208
1280999666587492352
1280999520990572544
1280999474610032650
1280999388794417152
1280999121801920514
1280998977136144384
1280998976574025728
1280998830067060736
1280998773683040256
1280998641046560768
1280998617843548160
1280998434837757952
1280998034399129602
1280998023171059717
1280997946981482503
1280997928363048961
1280997772431446018
1280997680261496833
1280997633373245441
1280997549634203649
1280997527089807366
1280997470953226241
1280997219466989573
1280997099522359296
1280996977006837761
1280996786484785153
1280996594503032839
1280996569526022144
1280996524340776961
1280996493877485569
1280996408057880579
1280996264549679106
1280996198686621697
1280996021967994887
1280996006667210752
1280995929290682372
1280995502771879936
1280995423784763393
1280995386967175173
1280995338321608709
1280995305622777857
1280995200932904966
1280995091839021056
1280995074734723074
1280995058934743042
1280994955188752385
1280994624908275712
1280994593652314114
1280994475591053312
1280994459417817090
1280994273924702208
1280994267297652737
1280994081666023424
1280993895665537032
1280993859367874560
1280993827730321409
1280993795610423297
1280993643285876738
1280993641331392514
1280993551904583686
1280993545097228288
1280993490214715394
1280993337269465092
1280993334857805831
1280993313726717952
1280993290117152769
1280993233200386049
1280993207828877314
1280993074135654400
1280993073053552644
1280993023913078785
1280992955793395712
1280992629505822720
1280992621897248768
1280992344410554369
1280992272180527104
1280992212868726784
1280992210880790530
1280992110737534976
1280992072410030093
1280992067527868424
1280991979518779392
1280991975647436802
1280991904268771329
1280991840716685313
1280991675935002626
1280991570796466179
1280991520351543296
1280991518313062403
1280991336536125442
1280991235356987397
1280991050866270224
1280991003399331840
1280990999595155456
1280990995887173634
1280990882024620033
1280990745562939393
1280990557393825792
1280990546996137992
1280990314463977487
1280990118417887232
1280990001640214528
1280990000029581313
1280989852197097478
1280989711285334016
1280989599733604358
1280989592783642625
1280989374084263940
1280989311438139392
1280989295130447872
1280989200431579136
1280988927285919746
1280988775359885322
1280988555851042817
1280988524548952064
1280988478835175426
1280988325185073152
1280988266087530496
1280988181547057166
1280988141776769026
1280988107228295171
1280988092762120193
1280988004698464256
1280987873240481792
1280987773369872385
1280987553794056192
1280987546982453248
1280987516561227776
1280987252085133315
1280987163635732480
1280987147894390785
1280987002939346947
1280986980239568897
1280986829106356229
1280986752266756100
1280986714517929992
1280986609777811456
1280986565892812804
1280986480375185414
1280986383616802817
1280986219766218752
1280986211482550272
1280986169178755073
1280985879016869889
1280985868002562048
1280985810767052802
1280985719922704386
1280985573117825027
1280985350072983552
1280985345140690944
1280985332117377025
1280985329755992066
1280985085693562880
1280985046044852232
1280985037798703106
1280984929216520193
1280984890012557324
1280984869078659073
1280984838523273216
1280908641378451457
1280908423530459137
1280908392769282048
1280908383722356738
1280908337434046466
1280908279351111680
1280908108395622409
1280908089273843713
1280908076753829893
1280908027084902403
1280907887124987904
1280907821576597507
1280907773694394369
1280907763942666240
1280907590294286336
1280907485033963521
1280907461730459649
1280907448308641801
1280907423432220674
1280907396873883648
1280907312702590976
1280907226597797889
1280907199280267266
1280906994761662466
1280906630054494210
1280906515948306432
1280906513939382276
1280906499183738880
1280906491227037696
1280906486521171968
1280906472965226498
1280906333747843073
1280906259777150976
1280906142219190276
1280906060044304390
1280905926329974784
1280905912861855744
1280905771056693248
1280905736042827776
1280905701469106178
1280905533558489089
1280905491288223744
1280905428285743109
1280905408769654790
1280905376494424066
1280905324648493057
1280905154233942017
1280905139415658497
1280905014530187270
1280904992250044418
1280904976991170560
1280904873664536581
1280904765552107521
1280904729476730880
1280904701568004097
1280904691610779654
1280904689941467136
1280904652779905024
1280904598002241537
1280904494658793473
1280904477877231616
1280904347262627841
1280904334369271813
1280904310507765760
1280904301997625347
1280904297509785602
1280904289301467137
1280904283194568705
1280904172645351425
1280904170082578434
1280904159231967234
1280904156740493313
1280904153733255168
1280904129049587712
1280904098984996866
1280904091800154118
1280904078336446465
1280904074259562498
1280903996035805184
1280903949021831171
1280903937533579264
1280903902184067078
1280903871838195713
1280903866507124736
1280903853119070208
1280903806218375168
1280903781383917568
1280903693731270657
1280903649934413825
1280903640501420032
1280903600252882950
1280903576131457026
1280903546859253760
1280903487598006273
1280903482904469504
1280903417196576776
1280903374477692928
1280903306676584448
1280903277786419200
1280903273826803713
1280903145724563458
1280903142570438656
1280903135674789889
1280903059305005057
1280902932234244097
1280902919945158658
1280902873883140099
1280902737782284288
1280902677677965316
1280902674796462080
1280902627199418368
1280902600536317957
1280902534119469057
1280902473297821697
1280902465555181569
1280902424438292485
1280902368746442752
1280902335850516482
1280902312383459328
1280902270775898113
1280902250722930688
1280902244469288960
1280901774904299521
1280901738573201410
1280901688317091840
1280901675079938049
1280901494674542603
1280901429104979971
1280901422117261314
1280901405616857089
1280901399195385858
1280901322884231168
1280901304425078788
1280901266516762624
1280901181510946816
1280901151978934278
1280901148044677121
1280901103790456833
1280901096693776384
1280901052901076993
1280901021867409411
1280900938740445184
1280900897527099392
1280900815947956224
1280900792795291648
1280900604085272576
1280900600474075137
1280900588826497026
1280900553107595265
1280900438766862336
1280900382978379776
1280900380545736707
1280900377605521408
1280900377450352643
1280900321376645123
1280900238090424320
1280900115729985536
1280900100068433927
1280900059626762240
1280900058041462784
1280899940940685312
1280899902617182208
1280899845021196292
1280899826281054214
1280899789962596352
1280899770211602432
1280899725059817472
1280899462941028353
1280899403096653826
1280899237312675840
1280899167376769025
1280898977613963265
1280898889487450112
1280898827789230082
1280898772114051074
1280898729898323968
1280898683597275136
1280898657324318721
1280898648633683968
1280898640886759424
1280898599572955137
1280898490072100864
1280898475136290816
1280898186547060736
1280897990807490560
1280897971014565888
1280897959648022529
1280897886876770311
1280897877099806720
1280897821764435968
1280897783277510662
1280897770216476677
1280897730576072711
1280897680105971714
1280897678168207360
1280897630894161922
1280897602263879680
1280897597310251014
1280897596215701511
1280897535855464448
1280897520546316289
1280897511478173697
1280897480226471936
1280897464871129088
1280897449972895744
1280897449083748353
1280897433120018432
1280897415281881089
1280897404926152704
1280897386382979073
1280897277545021441
1280897262856650753
1280897158066122753
1280897117851127808
1280897105368879104
1280897041917493248
1280897041430982656
1280896998414127105
1280896954944442375
1280896873331556352
1280896793971171329
1280896792641646600
1280896706641567756
1280896603226767367
1280896527037169665
1280896521425338368
1280896482896416769
1280896449644036096
1280896443742593024
1280896436834635776
1280896304248426496
1280896262359973888
1280896235306704901
1280896207267565568
1280896123847282693
1280896102242439168
1280896096806621184
1280896081123921921
1280896063789043712
1280896038686068737
1280895994180317184
1280895964249837568
1280895962131705858
1280895961477210113
1280895887791796225
1280895852781793280
1280895790366560257
1280895730761285637
1280895720392818688
1280895717536563200
1280895710934847493
1280895683499876366
1280895683466129408
1280895660141789188
1280895573982396417
1280895540566396928
1280895532400029696
1280895523831058433
1280895460232892417
1280895359108157441
1280895229982388226
1280895210441015296
1280895166799208448
1280895138303217665
1280895093839466498
1280895011840839683
1280894995654946823
1280894882031247361
1280894869481938950
1280894801726988288
1280894795708280834
1280894795288805380
1280894788842082304
1280894743392722944
1280894692184469504
1280894689059565570
1280894637432070149
1280894572319723520
1280894530909114369
1280894515059085314
1280894398218330112
1280894346666131458
1280894248766844929
1280894190814212096
1280894173982396417
1280894117648760834
1280894062120390662
1280893963797508097
1280893952665812997
1280893917668315137
1280893740765372417
1280893559915327488
1280711698899329024
1280711549758275589
1280711519479701505
1280711476768997376
1280711351778684930
1280711297882079233
1280710740794642439
1280710659194474496
1280710572959547397
1280710188190834688
1280709929179983872
1280709775844446209
1280709116101423105
1280709108644089856
1280708786194440193
1280708251034824708
1280708224954642433
1280708203152539653
1280707821563232256
1280707751782612993
1280707093247537152
1280707029699526656
1280706999085301760
1280706687264002048
1280706469252513792
1280706282077356035
1280706156567113733
1280706036769284096
1280705980754427906
1280705729662312448
1280705668630999050
1280705501576204295
1280705495666393091
1280705271740854273
1280705216887820288
1280705185883369474
1280705074247974914
1280704867816943617
1280703918884831233
1280703900258009088
1280703818829828098
1280703811447906305
1280703705512321025
1280703379967262721
1280703236513640449
1280703155588734977
1280703033010159617
1280702782333476864
1280702724355444736
1280702619128696833
1280702602796126208
1280702490200154117
1280702351700103168
1280702152323878912
1280701743626584065
1280701429481529344
1280700848805478400
1280700640902209536
1280700634644152326
1280700499101192193
1280700497687543810
1280700398282530816
1280699896807317506
1280699729991487488
1280699649855115264
1280699386327183365
1280699235722125317
1280699182966341633
1280698800101826561
1280698672737632258
1280698484866367489
1280698468797997056
1280698390628782080
1280698148898377729
1280698121152913411
1280697963518427136
1280697581836865537
1280697369772920833
1280697222212935681
1280697169025040391
1280696904221949954
1280696676622258176
1280817758587011073
1280817733874089986
1280817696171601920
1280817557210087425
1280817555289096194
1280817445620658177
1280817319502057472
1280817288791248901
1280817271926128641
1280817182398611467
1280817124735410180
1280817109472141312
1280817108054609920
1280817093726928896
1280816919906566145
1280816889447559168
1280816872066289664
1280816845411540992
1280816836179718146
1280816823710203907
1280816757121462272
1280816684404822017
1280816608253009920
1280816574866341890
1280816546198237184
1280816444532547584
1280816397648572416
1280816354375983104
1280816124741840896
1280816122414223362
1280816047797309441
1280816032668700674
1280815951097794561
1280815903647522816
1280815794922938371
1280815729693143040
1280815711020089346
1280815562399105024
1280815532015419395
1280815191761080320
1280815149360783360
1280815125474263040
1280814979646619649
1280814973799849985
1280814663010258954
1280814644509147136
1280814640172273664
1280814557896806400
1280814551940939778
1280814494621581312
1280814418985697286
1280814403944882176
1280814398752219137
1280814367488061440
1280814360160399366
1280814325691711489
1280814279856402432
1280814268183728128
1280814261065920512
1280814244070666246
1280814215511580672
1280814192044490759
1280814174801735680
1280814163686760449
1280814077510631424
1280814017003618307
1280813927757238272
1280813904029978624
1280813901009924097
1280813854600110080
1280813825357381633
1280813820244570115
1280813607681495040
1280813499594223616
1280813487632023553
1280813363711414272
1280813348456710144
1280813254353321985
1280813248493826048
1280813111419772930
1280813044470353920
1280812857886568448
1280812829961072640
1280812777360236545
1280812657860399106
1280812656740282369
1280812600398315523
1280812494521602048
1280812481250656257
1280812447209832448
1280812414531969025
1280812376749735941
1280812343153344512
1280812244507463681
1280812215982084096
1280812202119909376
1280812094842114049
1280812092413620224
1280812086570954752
1280811870438346752
1280811729329418241
1280811627378544656
1280811625805684739
1280811499989196801
1280811494137982977
1280811462085218304
1280811447182921729
1280811436755816450
1280811322276446215
1280811320988905472
1280811303146262528
1280811267356270592
1280811172414054402
1280810938019401729
1280810867978907648
1280810844989853698
1280810835850469376
1280810827487096834
1280810550914621443
1280810483470213121
1280810482346201101
1280810481813520386
1280810480853024768
1280810479468908547
1280810448410025986
1280810316406968321
1280810293636014082
1280810284513452032
1280809528007811072
1280809461691699200
1280809447091310593
1280809410726592512
1280809392556957697
1280809321434165250
1280809177607217152
1280808877890641920
1280808825960923137
1280808793484529664
1280808742364250112
1280808665281429505
1280808595257528320
1280808587451871233
1280808577205223424
1280808539464876032
1280808508829634560
1280808451166306309
1280808403334565890
1280808261789323264
1280808158105964544
1280808081832714240
1280808070118100992
1280807986454081537
1280807923321458688
1280807910272929793
1280807867222765570
1280807846431555588
1280807759223705600
1280807720891940866
1280807696204206081
1280807667301142528
1280807446831935488
1280807401529188354
1280807317420867584
1280807260915216384
1280807113514778624
1280807100424355841
1280807014755680256
1280807012297834496
1280806967678603270
1280806886435164163
1280806662819979265
1280806655043739650
1280806554002796544
1280806456686792704
1280806430757380096
1280806430552084482
1280806326046797824
1280806319956639744
1280806255938936832
1280805937578729472
1280805919832621057
1280805840736227329
1280805818548531202
1280805797572808704
1280805628865208320
1280805612989931521
1280805567645302790
1280805324719452160
1280805249125683201
1280805215214632960
1280805107756654593
1280804884640665600
1280804828118212609
1280804659251347456
1280804593035771908
1280804552854450177
1280804552493740032
1280804293105369088
1280804289158549514
1280804277477408769
1280804144475848706
1280804098506293249
1280804063291101185
1280803946270003200
1280803927102033920
1280803882789228544
1280803875692449793
1280803857405222912
1280803844059017218
1280803811402137600
1280803801490956288
1280803793454747648
1280803793450545154
1280803705697132546
1280803663330643968
1280803537484644352
1280803432287395841
1280803175314993154
1280803069429768192
1280802972163768320
1280802948319268865
1280802863648845824
1280802807826833408
1280802752692662272
1280802723932364800
1280802721650675713
1280802693515223040
1280802692487680000
1280802664796745728
1280878316078149633
1280878315755143169
1280878276156801024
1280878246930927617
1280878156426047489
1280878061957898240
1280877945469366273
1280877940062863360
1280877932739780608
1280877898434519042
1280877837759766529
1280877785268002817
1280877611183415296
1280877546817626113
1280877479230668802
1280877439372029952
1280877437488779267
1280877435832025088
1280877335558918144
1280877278235369479
1280877235075981312
1280877210451181574
1280877124145025025
1280877078439776259
1280877027055276032
1280877021741154306
1280876910495576064
1280876832041172993
1280876704593055746
1280876693109067776
1280876684548411393
1280876552029429760
1280876466629218305
1280876400728252417
1280876395758080014
1280876391874072581
1280876350186885121
1280876323569877000
1280876120427171842
1280876034854977537
1280876018878775299
1280875992194658309
1280875933025669120
1280875926125858819
1280875829808050179
1280875825861201920
1280875769644888065
1280875585502416896
1280875551117455360
1280875537456455682
1280875437154095105
1280875425288327168
1280875378215653376
1280875287908098048
1280875212637175816
1280874958814474242
1280874720536264707
1280874693290008578
1280874671110488065
1280874660255731712
1280874597756387333
1280874391971168259
1280874368789348353
1280874242578485249
1280874054577057793
1280874051926441984
1280874008246988800
1280873916110639104
1280873790835175427
1280873709176266753
1280873488971169797
1280873480129515520
1280873380191916032
1280873322134339584
1280873265884356608
1280873203909505024
1280873132920799233
1280873073613262852
1280872912015089665
1280872877022154752
1280872822982705152
1280872767047467008
1280872725125279746
1280872723326144514
1280872635799396352
1280872593990520833
1280872581621563394
1280872580858159111
1280872511064997893
1280872418668617730
1280872208269742082
1280872202246774785
1280872197662412800
1280872118683602945
1280872023846256640
1280871924453654528
1280871907001348099
1280871869718179841
1280871817993949189
1280871816961994755
1280871763350450176
1280871678168440834
1280871666990682117
1280871552419012611
1280871519653113858
1280871514682855425
1280871508563369989
1280871269001359360
1280871124499300355
1280871068937248773
1280870952096669697
1280870948879699968
1280870738250121225
1280870682369417216
1280870642145988612
1280870631819685888
1280870597157847042
1280870579927765003
1280870575825498112
1280870560818438145
1280870544498479109
1280870361983262720
1280870306522030083
1280870154289774594
1280870138565160960
1280870136908521473
1280870078540656642
1280869940308914176
1280869740194512896
1280869728727203840
1280869693625114624
1280869585957388290
1280869564386095105
1280869248324288513
1280869238207635458
1280869151343509504
1280869057315643398
1280869031545696257
1280868746823958528
1280868729006567424
1280868510256766976
1280868509711347713
1280868420590940161
1280868418653007873
1280868239409418240
1280868223924174850
1280868087307386880
1280868081112248320
1280868035675504640
1280867941932826624
1280867927978369030
1280867869811707904
1280867866515046401
1280867798353313804
1280867754942349314
1280867645089353728
1280867611060760577
1280867565343047680
1280867467305324546
1280867422954762242
1280867175549538305
1280867057685409792
1280867021098549254
1280867000840060928
1280866863728082945
1280866765678010368
1280866733033771009
1280866687009656833
1280866669221613570
1280866586895831044
1280866575264944130
1280866543535034368
1280866542079672322
1280866477722218496
1280866439826747393
1280866436391428096
1280866427906424832
1280866423619936257
1280866351859609602
1280866326047842306
1280866238432870400
1280866225979981824
1280866137882988545
1280866137731989505
1280866097076543488
1280866066806210560
1280866021570760704
1280865998753673217
1280865959801171968
1280865943183405073
1280865933020430336
1280865788367339520
1280865772231954437
1280865674957590531
1280865658524164097
1280865608679124992
1280865602035494912
1280865563938562049
1280865425572667392
1280865320673124354
1280865294114869250
1280865278650351621
1280865244844363776
1280865208114860032
1280865187940184069
1280865156457783296
1280865050337726471
1280864944896925698
1280864913599139840
1280864865674878977
1280864802827452419
1280864742966300674
1280864668437938183
1280864667129327616
1280864666156138498
1280864617934323713
1280864449440681985
1280864420491640832
1280864257744293889
1280864236948815874
1280864233962553347
1280864225913602048
1280864218561032192
1280864204971376640
1280864071538139144
1280863949504774145
1280863927732178945
1280863804696465409
1280863691588632576
1280863494741659649
1280863419546173440
1280863409312071680
1280863349098647554
1280863324566171648
1280863311920160768
1280863306849431552
1280863229103812608
1280863222682267648
1280742056651042816
1280742039295057926
1280742038317731841
1280741813834448897
1280741463593291781
1280741122843820033
1280740934326669315
1280740739727720448
1280740573515841537
1280740536677269504
1280740369995403265
1280740205964779523
1280740042961555456
1280739970148433920
1280739945997643777
1280739623447212032
1280739517004165120
1280739369234685953
1280739224925454344
1280738802475110400
1280738716328300545
1280738629430763520
1280738548170309633
1280738192304398336
1280738105931321344
1280737690074390528
1280737654892625920
1280737385383260160
1280737237349662720
1280736528214495232
1280735878634242048
1280735775936610305
1280735651332345858
1280735642628943872
1280735526560153600
1280735419789795330
1280735295613349888
1280735160489644032
1280735081129222150
1280734768724926464
1280734736525275138
1280734455695622144
1280734321846841347
1280734239298924546
1280734116745490432
1280734044892860422
1280733587143262211
1280733485653729281
1280733202143903744
1280732709179056130
1280732677092413440
1280732541239070720
1280732135091912707
1280731974823555074
1280731702105640962
1280731348542656512
1280731073501069312
1280730993251532801
1280730814704160773
1280730374176419841
1280730263803383814
1280729943706664961
1280729544459247616
1280729448892022784
1280729211905458177
1280729008557232128
1280728731255025669
1280728429525176321
1280728355524866048
1280728322096300034
1280728255520178176
1280728103862652929
1280728048476786689
1280728036929761282
1280728016578940961
1280727824039460864
1280727813646102529
1280727716157849600
1280727615767285761
1280727486003904518
1280727188447399936
1280727073179332608
1280726988152430592
1280726981269749765
1280787497128247299
1280787473065541632
1280787034999848960
1280786854493564929
1280786853579427840
1280786844263817216
1280786837443768321
1280786833140584448
1280786828266700801
1280786793475067904
1280786771358420992
1280786689393336322
1280786688575451136
1280786685135974400
1280786646615588864
1280786531637133312
1280786513475878912
1280786497063604224
1280786354218192896
1280786275025502209
1280786260303454208
1280786247825457152
1280786069781467136
1280786054321070080
1280786002257293312
1280785990458605568
1280785942400270336
1280785869096587264
1280785652720812032
1280785471728168960
1280785400718602240
1280785391717621766
1280785293877096448
1280785255054503936
1280785065199521792
1280785059709149185
1280784925722128390
1280784759900319744
1280784608158720000
1280784444425678850
1280784354134892550
1280784128510656513
1280784075234648065
1280784006502445062
1280783844975804416
1280783784363855872
1280783783973847041
1280783629585731584
1280783588850577408
1280783348043046914
1280783208041373696
1280783131025408002
1280783129037303810
1280783054944927745
1280783046074150912
1280782947415724032
1280782908257681408
1280782799901995008
1280782787302260740
1280782600454451202
1280782589431775232
1280782315044524032
1280782097720815618
1280782070843871232
1280781726869004288
1280781638427869185
1280781511952945152
1280781423889145856
1280780882098479104
1280780830038806528
1280780715701858304
1280780571145273344
1280780546281549824
1280780500056051713
1280780456913522688
1280780254337028096
1280780253535842306
1280780120589025280
1280779981262671872
1280779924375248897
1280779905274429440
1280779754912784384
1280779429409685507
1280779369875558400
1280779222181609472
1280779197615570944
1280779082322632704
1280778951707832321
1280778884020133888
1280778576795774982
1280778419001753600
1280778080991113216
1280778007892971521
1280777879006011396
1280777854201016321
1280777766867103745
1280777542958485504
1280777504345796611
1280777481608282114
1280777252670705665
1280777098869825536
1280777070201708544
1280777045614694400
1280776995660578816
1280776962815000576
1280776945471574016
1280776929532997632
1280776928920666112
1280776836730040320
1280776831357067264
1280776796439527424
1280776796431138816
1280776754026524673
1280776735986823168
1280776445610954752
1280776433980198912
1280776407652675585
1280776294066720768
1280776269081305088
1280776190022660101
1280776159022551042
1280776152114761728
1280776010162561026
1280775964532723714
1280775839068688384
1280775740947140609
1280775664447008770
1280775565239345152
1280775513850732544
1280775500609150977
1280775463900766208
1280775302864449537
1280775274330611713
1280775267947085824
1280775216604385281
1280774865230852097
1280774741792632832
1280774722876329984
1280774220037918720
1280774145006014466
1280774096251432960
1280774034112884736
1280774020363890688
1280773912238776320
1280773616381169664
1280773579072843776
1280773449884012544
1280773448969617408
1280773325988532226
1280773023117848582
1280772878993182720
1280772833724022784
1280772748432871424
1280772747665137664
1280772663175081984
1280772614122766336
1280772505985318912
1280772448133115906
1280772327144333312
1280772237231108096
1280772178657505280
1280772152833175554
1280772078900260864
1280771971442257920
1280771949757530112
1280771605564739585
1280771599227109376
1280771541106556929
1280771481253801984
1280771286755672064
1280771252341391360
1280771205021208577
1280771178433589248
1280771061714485249
1280770980546297856
1280770962951192576
1280770938754260993
1280770868310876160
1280770844155883520
1280770818004463616
1280770761528168448
1280770734562951170
1280770720360992769
1280770359118233600
1280770337450471424
1280770218634227713
1280770104611856394
1280770099801198594
1280769857538195456
1280769718002073610
1280769702126587904
1280769674767204352
1280769652264747011
1280769620790726658
1280769358525018117
1280769161501663232
1280769037908180992
1280768988163833857
1280768896035946499
1280768743677681664
1280768679647621120
1280768382200172544
1280768370741317632
1280768356845383680
1280768241049186304
1280768157829836800
1280768102440017920
1280767891537833984
1280767826635231232
1280767655998156804
1280767614948704257
1280767469796249601
1280767273272258561
1280767196684267521
1280767176031510529
1280767141055258629
1280767011480571904
1280766953355870208
1280766640729161728
1280766468964188160
1280766455236014080
1280766397056983040
1280766299774296064
1280766180052123650
1280766178177228801
1280766062922018817
1280765647404896258
1280765542622781440
1280765322157531141
1280765185754632192
1280765175553982464
1280764852663771137
1280764699123027969
1280764563059687426
1280764531203960833
1280764207932162049
1280764032136425480
1280763400297963520
1280763386913894402
1280763355083362304
1280763271562137602
1280763229879382016
1280763155480588288
1280763112229081088
1280763045862674433
1280762874172973056
1280762828526432256
1280762773182570499
1280762672120762370
1280761911613759497
1280761839614414849
1280761686656499723
1280761579617878016
1280761564853948416
1280761501398286336
1280761391075524608
1280761191850299393
1280761188629065728
1280761181565788160
1280761176608124929
1280761074216849411
1280760613216628736
1280760586087866375
1280760468429209600
1280760454395113472
1280760391153233923
1280760299658915841
1280760291559645185
1280760246416232448
1280760173804560384
1280760152807952384
1280760149833994243
1280760092774694918
1280760042174779392
1280760029491101697
1280759542305787904
1280759537037803520
1280759418607546369
1280759309773791232
1280759309526274050
1280758987407777793
1280758982030667781
1280758973814255616
1280758956953161728
1280758951580020742
1280758939756478464
1280758782004301826
1280758753651015682
1280758558699773954
1280758556019613697
1280758522976841730
1280758519147397121
1280758338570129408
1280758193929555969
1280757889297190913
1280757757814075392
1280757752999161857
1280757551345393665
1280757394218221569
1280832892214468609
1280832889207341056
1280832871616389120
1280832843086692352
1280832814037041153
1280832739000885249
1280832736295628800
1280832695426330624
1280832690472677376
1280832617668059138
1280832554686459904
1280832489666170880
1280832445944823808
1280832438030106625
1280832317314011138
1280832229384617984
1280832170391715841
1280832113919623168
1280832101542174727
1280832038690533379
1280831968909963269
1280831920906088448
1280831772343894017
1280831756703170560
1280831577841438727
1280831496899579907
1280831496874528770
1280831417778343938
1280831416494948353
1280831274618253313
1280831240585838597
1280831207299854338
1280831135866642438
1280830777262059522
1280830749743222786
1280830696202940416
1280830663269253121
1280830658529689600
1280830452278996994
1280830379583328256
1280830341868072960
1280829907174555648
1280829802383998976
1280829799565537280
1280829783711125505
1280829732569804801
1280829436816953344
1280829375215263744
1280829254364774407
1280829248010432523
1280829173867540480
1280829017973837824
1280829007358046209
1280828883919441922
1280828851644510209
1280828770287407105
1280828764092600320
1280828716235526144
1280828689245188097
1280828637365837825
1280828453936418821
1280828229905981441
1280828192845070336
1280828011466551298
1280828006957604864
1280827955107762177
1280827904759197698
1280827761641377792
1280827714925142018
1280827610566713346
1280827595450351618
1280827490240475136
1280827460305784832
1280827457239691266
1280827455566159878
1280827362012258304
1280827347847933953
1280827243028025345
1280827201814847489
1280827150153678849
1280827139726680064
1280826918300942336
1280826887372185600
1280826878358622208
1280826876903243777
1280826834100387841
1280826783038943232
1280826737069359104
1280826729943240704
1280826692953616384
1280826521649725440
1280826492881158144
1280826417232699392
1280826389298585601
1280826293727068162
1280826242019844097
1280826183446409217
1280826103138004994
1280825989388533760
1280825918915780608
1280825905804382208
1280825770210930688
1280825765169430528
1280825757267353600
1280825693530664960
1280825595463680000
1280825580439535620
1280825566132830208
1280825564916600832
1280825470284685312
1280825447371214855
1280825356719738882
1280825343906066432
1280825253879582720
1280825246870835202
1280825208312672257
1280825200834117637
1280825198284083201
1280825189249560578
1280825175324233728
1280825161839755265
1280825106693062657
1280825056235589632
1280825009586438144
1280824949184266240
1280824835527016448
1280824629465100290
1280824530836078594
1280824470496784389
1280824450850512897
1280824266594947073
1280824242561527808
1280824157844971526
1280824103981719552
1280824058033115137
1280823850113159169
1280823762464567296
1280823653681246208
1280823509191659520
1280823493488074752
1280823452497313792
1280823441461923840
1280823420972908544
1280823387099549700
1280823333731414016
1280823272054161410
1280823269126541313
1280823222523629568
1280823124938948608
1280823075232194561
1280823001173200896
1280822910056349697
1280822850606284801
1280822787603664899
1280822761431195650
1280822760508358656
1280822689087676416
1280822660818186240
1280822597169676289
1280822595613589509
1280822520514478080
1280822361378480129
1280822319875842050
1280822279992152064
1280822246920126464
1280822242683703298
1280822084558630912
1280822080662130688
1280822048646934528
1280822029986529280
1280821998189453313
1280821978694324224
1280821930157842432
1280821928085708806
1280821913208717313
1280821911396724737
1280821740667465729
1280821735147950080
1280821648585867264
1280821629715709952
1280821518784741376
1280821406486409224
1280821366820831236
1280821302383775747
1280821291839188998
1280821248575057920
1280821229683765248
1280821165930557442
1280821094321135617
1280821079766859778
1280821017250803718
1280821016114102272
1280820996904112128
1280820986078613505
1280820956282290179
1280820904889638912
1280820727877435397
1280820652631633924
1280820589897240576
1280820559534796800
1280820541818052608
1280820503725342721
1280820477922021376
1280820401594138631
1280820378089033728
1280820331507310592
1280820321214509056
1280820319792447494
1280820319012470785
1280820314897698816
1280820312079286272
1280820298774982656
1280820202486325253
1280820060236505090
1280820057149452288
1280820017668526081
1280820007979663362
1280819891461906432
1280819804098699268
1280819792362930177
1280819763061624833
1280819657595912192
1280819656803188737
1280819587907497984
1280819579778891776
1280819558614515712
1280819555368042496
1280819506991030277
1280819468160110592
1280819463537995778
1280819459956056064
1280819390095724544
1280819281157148673
1280819153876799494
1280819081331998720
1280819075153788928
1280819071790002176
1280819058884124673
1280819045365940224
1280818994497323008
1280818921281597440
1280818883918794758
1280818743396966402
1280818730667331584
1280818725105684480
1280818683439448064
1280818629701820416
1280818545262301184
1280818526715027470
1280818417361133568
1280818412843929601
1280818371584561154
1280818317838737413
1280818276927488002
1280818211567648768
1280818131116724224
1280818015613960193
1280817829323866114
1280817812605489153
1280923772103557125
1280923706433380354
1280923683524153344
1280923651450245123
1280923570420486147
1280923560740032512
1280923512178343937
1280923450408947714
1280923182569074688
1280923148595191810
1280923076167942145
1280923026637443072
1280922996199378944
1280922960572878856
1280922870433157123
1280922636982370308
1280922450809815044
1280922227798671360
1280922131258159104
1280922115831558144
1280922010252648455
1280921752810520576
1280921741716590592
1280921590004244485
1280921589362520071
1280921506684514305
1280921481657098246
1280921447179988992
1280921369388220416
1280921369342029825
1280921340820828160
1280921298860900359
1280921293425119234
1280921271774183424
1280921227385847812
1280921203490856960
1280921202891075584
1280921132909105157
1280921087749087233
1280921029666148353
1280920989791072259
1280920868017897473
1280920835675561985
1280920678020141057
1280920591780872192
1280920489343492096
1280920424440901632
1280920138439634948
1280920072400310274
1280920066750664704
1280920011918491648
1280919908184883201
1280919644610662402
1280919590932013057
1280919577430556676
1280919557717311489
1280919545872617483
1280919531939082241
1280919510137090049
1280919168536231937
1280919114647732224
1280919050361724928
1280918993914793988
1280918978701996034
1280918962247696386
1280918795113111552
1280918706835488769
1280918664947077121
1280918582810095617
1280918541865308162
1280918491181260802
1280918405613322240
1280918329650229248
1280918299384197122
1280918261014683651
1280918223769255936
1280918221206454274
1280918006550364165
1280917941647806464
1280917735711674369
1280917715763580929
1280917693693124613
1280917576093249536
1280917560603619328
1280917361642610688
1280917352360615940
1280917349814562818
1280917322946019328
1280917313672241152
1280917266335510529
1280917185590898688
1280917093303664640
1280916959274708992
1280916924902313985
1280916884578336769
1280916860146536450
1280916828701761538
1280916776935620608
1280916736884330499
1280916730248912896
1280916702671273984
1280916670010109952
1280916666440974336
1280916657016320000
1280916637085061120
1280916629338161158
1280916591992070145
1280916580449374210
1280916507887894533
1280916482084368385
1280916463486894082
1280916423074885634
1280916347971670016
1280916208305483779
1280916149094567937
1280916136733876224
1280916120661299200
1280916015937990656
1280915873327460352
1280915843656945664
1280915836744503298
1280915747779346432
1280915655139696642
1280915509400285185
1280915295582986242
1280915285017612289
1280915284497489922
1280915211080384513
1280915182219337729
1280915156046950403
1280915155208019968
1280915123822039045
1280915102959624192
1280914942250622976
1280914933148942339
1280914888001544193
1280914873698918407
1280914773383790592
1280914770972024832
1280914693805289477
1280914457120604163
1280914414242344961
1280914412732284933
1280914114257223683
1280914111333875714
1280914087908642816
1280914049232965639
1280913934199988225
1280913534503849984
1280913504707448833
1280913490987843584
1280913472033873923
1280913442363314176
1280913431034503168
1280913429994364928
1280913297454387200
1280913294082093057
1280913237098270725
1280913106688970752
1280912927650963463
1280912918993747970
1280912850941337603
1280912839138586624
1280912685924835336
1280912671769010177
1280912524569960449
1280912460535521282
1280912381888155653
1280912257552089090
1280912251520778240
1280912214686343171
1280912160701526016
1280912122206195713
1280912063460790273
1280912044968030209
1280912036181037058
1280912030158016512
1280911995101868033
1280911851514101761
1280911627777273856
1280911524505190402
1280911499742056450
1280911497397403651
1280911477596184576
1280911382318366721
1280911305675649024
1280911273484378112
1280911183474761730
1280910859833876481
1280910850807734275
1280910764870688769
1280910742565330945
1280910630007066625
1280910580895842306
1280910492748447748
1280910432237244417
1280910205736402952
1280910142628933633
1280910031345467392
1280909942661304326
1280909931030462466
1280909847001735169
1280909832049102854
1280909770862596102
1280909763212185600
1280909752336134144
1280909578033680389
1280909522811445253
1280909446387044357
1280909383489277952
1280909259329290241
1280909180191281153
1280909171559464966
1280909166731841538
1280909114630119424
1280909072531890182
1280908908656300033
1280908813126770691
1280908764405796864
1280908697502441473
1280893509067735046
1280893491321737217
1280893455443558401
1280893404826738688
1280893355694731265
1280893275470086145
1280893088609832961
1280893062277971968
1280893038768779264
1280893009341698061
1280893007638589445
1280892995785678848
1280892992530853888
1280892979809574912
1280892976206696448
1280892952068395009
1280892910322491392
1280892858136961031
1280892829489823745
1280892792575864833
1280892784224931847
1280892698753486849
1280892690184495107
1280892680512421888
1280892674032033794
1280892673646137344
1280892652494471168
1280892630096699394
1280892609724952577
1280892536689737729
1280892392607014912
1280892293218697217
1280892238306959360
1280892146782924800
1280891917753094144
1280891839520935943
1280891697111556096
1280891680909033472
1280891659073605635
1280891652580601856
1280891523115204609
1280891508850384896
1280891506501574663
1280891477514760192
1280891413278982145
1280891379867148291
1280891345259937797
1280891314779959296
1280891142196740096
1280891138233241600
1280890976987492353
1280890865083469829
1280890840454508544
1280890790072500226
1280890658555740160
1280890658383785984
1280890656861286403
1280890651203088384
1280890636976209920
1280890636917342208
1280890636720193536
1280890535247560707
1280890510400458752
1280890466020532224
1280890464279953408
1280890382235074560
1280890313356214273
1280890235040206848
1280890158183841793
1280890100541460481
1280890044153298944
1280889942848221185
1280889895599382529
1280889769099214848
1280889758080733184
1280889747066544129
1280889704989294600
1280889642171035650
1280889639558090753
1280889472440324097
1280889378735300614
1280889232970711044
1280889063814434816
1280888909401075718
1280888895878692869
1280888858331287553
1280888790039572487
1280888782846332928
1280888710310113281
1280888707386683398
1280888691129532416
1280888651900166144
1280888635697627137
1280888608187125761
1280888590059425794
1280888574984978432
1280888559822495744
1280888542793613314
1280888510241701893
1280888460778356743
1280888422802968577
1280888042111283201
1280887956002275329
1280887922275713025
1280887862628622337
1280887824917684229
1280887781410004992
1280887767145287682
1280887714192265217
1280887628544585734
1280887622714273794
1280887532864057345
1280887466975789058
1280887393575473152
1280887383047766021
1280887232728125440
1280887231180410880
1280887177048719360
1280887104755597318
1280887102633279488
1280887067518603264
1280887056475054080
1280887006982275072
1280886972253339649
1280886954788188162
1280886872990838784
1280886869673291776
1280886862656176128
1280886834508238848
1280886818951569410
1280886623987777537
1280886619575160832
1280886586264018944
1280886531016835073
1280886492429258754
1280886465480843264
1280886405766373376
1280886256835198976
1280886163893616640
1280886154712223744
1280886145858056192
1280886125230514179
1280886122701361152
1280885834279985153
1280885786632769541
1280885786108399616
1280885633842589700
1280885610094485506
1280885404003119111
1280885399028748289
1280885358784401412
1280885337439551488
1280885319278215168
1280885251674460160
1280885246184042497
1280885149073379329
1280885051912343554
1280885008249638912
1280884848652177409
1280884736542429184
1280884695232897024
1280884662420803584
1280884632901189633
1280884599988592640
1280884580640337921
1280884507923689472
1280884436205219842
1280884423706193920
1280884359554310144
1280884345310531585
1280884328902414341
1280884100589654017
1280884071913095173
1280884061368705027
1280884020004429824
1280883951716970497
1280883944653758467
1280883849795235841
1280883824063393794
1280883703326048256
1280883668307849217
1280883657121685506
1280883646975619073
1280883632769556480
1280883543292416000
1280883527945465858
1280883434395545601
1280883384466771969
1280883361599361030
1280883347812757509
1280883338715246595
1280883237527728128
1280883019952209922
1280882904948596736
1280882860472369152
1280882854847746048
1280882846727581697
1280882830499704832
1280882773893558280
1280882771125309444
1280882744344657921
1280882738300583941
1280882732114087937
1280882719094906880
1280882712702857217
1280882705484394497
1280882699515953154
1280882618591064064
1280882524135268352
1280882431990444033
1280882410331279360
1280882387287711744
1280882372087549954
1280882146861776896
1280882093283700743
1280882062849978368
1280882037134692353
1280881984533868546
1280881856062402566
1280881835699056642
1280881666588884992
1280881661765464064
1280881661610283020
1280881637400686592
1280881630413033472
1280881623832166402
1280881615078653952
1280881602978029569
1280881601606451200
1280881559466397698
1280881415404564483
1280881379803348994
1280881337042337793
1280881158104940544
1280881093521158148
1280881084041961482
1280881046951780352
1280881028819795969
1280880970325868544
1280880906069323778
1280880787328430087
1280880775358021633
1280880668940083201
1280880599771774976
1280880525486538767
1280880417286098944
1280880204496408577
1280880096266477570
1280880083415138307
1280879864174776321
1280879812211605505
1280879622528405507
1280879592920793089
1280879549669146625
1280879543599931394
1280879380261199872
1280879362523439107
1280879317921103879
1280879316088348674
1280879312917282818
1280879278171869185
1280879265014259720
1280879250720129025
1280879238384627714
1280879230067150853
1280879198366826501
1280879009971257344
1280878999854612480
1280878972658688001
1280878958091927552
1280878925816758273
1280878867683647488
1280878747151822848
1280878650578042880
1280878641598136320
1280878613496320001
1280878544072081409
1280878538414006272
1280878528372883457
1280878523276840962
1280878469019324417
1280878441445949441
1280696514394771456
1280696151600238597
1280696093513117696
1280695930958893058
1280695800532733954
1280695738410741760
1280695528087486465
1280695390011043841
1280695141515309056
1280695138491289601
1280695098179813377
1280695058421833728
1280693810822098950
1280693514142130176
1280693291634352129
1280692861302968321
1280692804801495041
1280692783024615424
1280692559703166983
1280692508083830785
1280692430258548738
1280692104071655427
1280692100070334464
1280691975281356802
1280691641406255104
1280691083798654976
1280691050659667973
1280690902751567875
1280690809730469888
1280690737940578304
1280690687537799168
1280690659163205632
1280690422713593857
1280690314831781888
1280690301510627329
1280690171688685569
1280689907543965698
1280689501568815108
1280689334878793728
1280689219489366017
1280688863833251845
1280688697848008707
1280688693628375040
1280688502993293312
1280688178672754688
1280686833484079105
1280686703565471744
1280686674821947395
1280686643687624704
1280686428314390530
1280686417161736192
1280686333288202240
1280686300182478848
1280686279391412225
1280686052022325249
1280685600526553088
1280685595791110145
1280685586924269568
1280685409018789889
1280684836131409922
1280684683823472641
1280684680837136385
1280684384585166848
1280684281480704002
1280684164706996225
1280684097174552577
1280684037095505920
1280683738737913857
1280683545099468800
1280683521426829313
1280683295425077248
1280683270418558976
1280683256120107008
1280683256107556865
1280683256082391040
1280683256057217026
1280683256040419339
1280683255998541824
1280683244221054976
1280683182145363969
1280683181126094849
1280683022963130368
1280683019356057600
1280682898304249858
1280682373210832898
1280682265782124544
1280682126430687232
1280682115537997825
1280681902677114880
1280681854262280192
1280681805629329408
1280681797282664448
1280681678437048321
1280681428091572224
1280847994406002689
1280847857642278917
1280847823915880448
1280847793062641665
1280847684014944256
1280847676922306562
1280847366464004096
1280847331349454851
1280847289611948037
1280847156035964929
1280847135760683009
1280847042642731015
1280847038809280513
1280846881053192193
1280846876720410625
1280846848165662720
1280846740371812352
1280846717194244096
1280846601301438464
1280846557068361731
1280846267564818434
1280846139441414145
1280846089059479552
1280845998118580224
1280845973099610120
1280845861665177601
1280845737727844352
1280845707650437121
1280845676906196993
1280845580667936773
1280845514800615424
1280845507603070976
1280845299330813957
1280845155613003776
1280845003061972992
1280844904277688321
1280844883373314048
1280844708642766848
1280844700094623744
1280844654083268608
1280844615839604742
1280844471450636289
1280844371559157762
1280844295336087554
1280844204307025920
1280844178080051200
1280844103022977025
1280844095833980928
1280844032139280387
1280844019287785472
1280844018738507776
1280844001315303424
1280843994600296451
1280843990191964160
1280843984009650178
1280843946269310977
1280843837418733568
1280843754329513987
1280843754224726016
1280843686268600320
1280843576533024768
1280843554659749894
1280843393266933760
1280843241844346885
1280843236186173440
1280843216946954240
1280843022897418240
1280842983903047686
1280842965678788610
1280842959156662272
1280842821876846593
1280842745834323968
1280842711453630466
1280842662132822017
1280842588602368004
1280842480766857222
1280842454367981570
1280842448479162371
1280842362856464384
1280842338437337089
1280842336335872000
1280842203238039552
1280842134791360512
1280842074695192577
1280842025336664064
1280842004600152064
1280841990578585600
1280841763951910912
1280841661698863106
1280841658326802432
1280841535022563329
1280841523647655936
1280841513153581056
1280841449630769153
1280841354843652098
1280841316923047943
1280841295863439362
1280841251957456896
1280841248262303745
1280841238887964674
1280841237105385473
1280841223901712384
1280841209498546176
1280841199629156352
1280841177428889604
1280841158013464577
1280841057954156544
1280841016334049281
1280841006829703169
1280840986688737280
1280840951930540039
1280840933496565761
1280840680051486720
1280840636166529024
1280840560077651968
1280840543837270016
1280840533724758018
1280840486568280065
1280840460605497344
1280840439545896960
1280840392305451008
1280840355647291392
1280840323300757506
1280840320377163776
1280840271962312705
1280840267017453569
1280840263334793217
1280840174021365764
1280840062976974848
1280840058455633921
1280840036242665472
1280839921608130565
1280839867358994433
1280839815286718464
1280839771200389120
1280839768679604231
1280839733527052288
1280839711850987521
1280839604971560962
1280839523883200512
1280839389116018689
1280839304701448198
1280839273521057792
1280839139991138304
1280839046781005825
1280839046751760384
1280838946344312834
1280838940547780609
1280838925519663106
1280838918888460288
1280838890425921536
1280838838714347520
1280838740328488962
1280838619209572352
1280838612695896067
1280838587353874434
1280838551966539776
1280838548833304584
1280838545020764167
1280838517736771585
1280838473763753984
1280838431816507392
1280838404389863424
1280838364435034118
1280838301872685057
1280838202719428608
1280838121974837254
1280838058527657984
1280838022422986752
1280837966173212673
1280837956106928129
1280837902679912453
1280837871017041920
1280837836959363072
1280837828415496194
1280837772329103362
1280837670046822400
1280837470658220032
1280837414307725313
1280837272993218560
1280837231243034630
1280837069103927297
1280837059800756231
1280837033619939329
1280837027190247425
1280836963080134657
1280836915621748736
1280836824412205057
1280836801364623360
1280836757244837888
1280836756640858113
1280836728434184192
1280836683995496448
1280836607722033152
1280836415887204353
1280836287486779392
1280836278548905988
1280836200157401089
1280836131286745090
1280836089213857792
1280836016954314752
1280835983651385346
1280835798774972416
1280835734224752641
1280835703425896449
1280835645112569858
1280835590955716608
1280835525990141952
1280835382184161280
1280835338907217922
1280835239884075012
1280835144711110656
1280835105322422273
1280835055544401920
1280834928431808514
1280834795451416576
1280834781345804289
1280834750643613697
1280834538265104385
1280834504505032704
1280834473161117696
1280834400259842049
1280834369305882624
1280834357285060608
1280834268697104384
1280834253442494465
1280834191509401600
1280834100358787075
1280834080716861441
1280834014950174722
1280833944485801985
1280833827556950017
1280833700331216897
1280833661504573443
1280833551794081793
1280833513458188288
1280833335267397632
1280833270859644928
1280833238425092096
1280832948418248705
1280832937630461952
1281015020235743239
1281014800323981312
1281014755805798400
1281014094716379142
1281014030723805185
1281014006757679105
1281014003091849216
1281014001787338755
1281013943461384193
1281013870371368960
1281013840659075072
1281013802662854657
1281013619325571086
1281013450098053120
1281013340878376963
1281013324822568971
1281013147801923584
1281012976883916800
1281012734419767296
1281012432245309440
1281012405183688711
1281012100215816192
1281012018154217472
1281011931189579778
1281011881507909632
1281011875275300864
1281011848825864192
1281011772242243585
1281011001823948800
1281010967279738881
1281010831489187841
1281010695811633152
1281010591201665027
1281010588617973761
1281010545282420737
1281010190226161670
1281009838751920129
1281009792128032768
1281009770019917824
1281009763585798146
1281009651669176322
1281009631469469696
1281009619092099072
1281009406218551296
1281009347850575873
1281009221543301121
1281009177410838529
1281009173631651840
1281009117088354304
1281008826154733568
1281008635674537985
1281008559388573701
1281008479252230144
1281008441172115462
1281008276331794435
1281008080491249666
1281007944423931904
1281007923808747520
1281007852728004608
1281007700881506305
1281007639342669824
1281007632585760768
1281007570031910913
1281007562159251456
1281007493158596609
1281007314665910273
1281007242037407747
1281007195761577984
1281007152119910401
1281007129592291330
1281007082200842244
1281007021039538179
1281006992685969409
1281006983534055446
1281006947664302082
1281006926248194049
1281006925224783882
1281006916852842496
1281006915884023809
1281006878433185793
1281006814314799111
1281006806983155713
1281006796052799488
1281006723449475074
1281006697474142208
1281006669208715265
1281006566582423552
1281006456112926723
1281006378153377792
1281006234871701504
1281006194212196354
1281005977874112513
1281005863558356999
1281005765147471876
1281005743987134464
1281005741759963137
1281005716162129922
1281005672738492422
1281005547324571650
1281005414348476416
1281005411831877632
1281005180818018306
1281005141143941121
1281004995429699586
1281004874977640454
1281004756077613057
1281004576737497110
1281004255416025089
1281004228220276736
1281004144283783171
1281004034053353473
1281004002965180416
1281003997407698944
1281003951756902403
1281003835956346884
1281003825210576904
1281003655731216384
1281003627654443008
1281003596981645314
1281003511703052297
1281003484301668353
1281003429628960774
1281003394564591617
1281003229615177730
1281003189333110785
1281003091161202690
1281003036211580929
1281002950652026881
1281002932746334208
1281002729209544704
1281002500846469120
1281002499252654087
1281002472249667595
1281002304859262977
1281002171266469889
1281002065960067075
1281001928743321600
1281001920073695235
1281001876310327296
1281001859738632192
1281001835697000450
1281001716377362434
1281001187198685184
1281001121394446342
1281000294046990338
1281000141604913154
1281000127382110208
1281000097011175425
1281000060025802752
1280757202806951937
1280756667001581568
1280756436490956801
1280756403695767553
1280756251065016320
1280756107615576066
1280756088116178952
1280755983770419200
1280755915361304577
1280755632132493312
1280755617850888192
1280755187288702976
1280754879812767745
1280754723394650112
1280754188406980609
1280754169285169153
1280754018810236928
1280753972366569473
1280753948954157056
1280753909825445890
1280753861347561472
1280753641499045888
1280753592425525250
1280753436154306562
1280753337563037697
1280753139029688322
1280753012298985472
1280752899610619904
1280752815367995392
1280752760783204352
1280752663324430336
1280752652293492736
1280752506109190145
1280752452455878656
1280752420901904385
1280752217209929728
1280752187283517440
1280752014213824512
1280751765646868482
1280751728191668224
1280751653927424000
1280751536059019264
1280751484943110144
1280751465598984194
1280751353820635136
1280751304839659520
1280751030540648450
1280750971069640704
1280750916350533632
1280750814106025989
1280750630970241024
1280750528226488321
1280750498912571394
1280750156032421889
1280750126030450689
1280750041242775552
1280749922250358784
1280749831405948930
1280749717572313089
1280749557043924992
1280749271734792193
1280749094449958912
1280749043535282177
1280748968931135493
1280748786390884352
1280748772939661313
1280748672989507584
1280748425051385859
1280748147690504192
1280747738267713536
1280747666016735233
1280747541202563072
1280747522693066758
1280747465537454080
1280747373157920769
1280747241603563520
1280746843983339520
1280746623463821313
1280746528768835590
1280746492324651009
1280746456706670593
1280746373474893825
1280746041621520389
1280745693418631168
1280745358373588997
1280745227620409345
1280745075786555393
1280744958291566595
1280744940289560576
1280744860304236547
1280744772815159296
1280744740405669888
1280744734718332928
1280744490391740416
1280744448280784897
1280744053978644480
1280743814584348675
1280743644501143554
1280743594685460482
1280743565673496580
1280743545943572482
1280743441194983425
1280743416586858501
1280743402821373953
1280743252447158273
1280743191247912960
1280743144439545857
1280743103578746880
1280742926063226880
1280742803044270081
1280742793799852033
1280742673544966146
1280742342551625729
1280742342249664515
1280742288105205765
1280742165144952835
