1328427156519616512
1328426927594594305
1328426789027385346
1328426737877753856
1328426632277864454
1328426615722926081
1328426590569697281
1328426486093684736
1328426440988237829
1328426355466280960
1328426348067622914
1328426291574550528
1328426060120088577
1328425944667840515
1328425927345401858
1328425891613949952
1328425817936900098
1328425817681129473
1328425707849064449
1328425466953404423
1328425402088484864
1328425349512884225
1328425099892912129
1328425081702395906
1328425009543606274
1328424953469919234
1328424916799074305
1328424863699230727
1328424754110488576
1328424725928960000
1328424605397217284
1328424580462096384
1328424570521591808
1328424478636961797
1328424329474936833
1328424116840521734
1328424086637318147
1328423996912775170
1328423965417758722
1328423945570291713
1328423943947104259
1328423848631525376
1328423756897857537
1328423739109806087
1328423683329757186
1328423679152312322
1328423666405826561
1328423635279892481
1328423404383428609
1328423385198637064
1328423360066433025
1328423332602126337
1328423168613126144
1328423139865358336
1328423019186937856
1328422991550701570
1328422970684018690
1328422750759882753
1328422750273368064
1328422609084690434
1328422590151528448
1328422588482195463
1328422570966749185
1328422549039026179
1328422533431963650
1328422359527809028
1328422351286005767
1328422281291452423
1328422270583398400
1328422250668822528
1328422209963110403
1328422202807640068
1328422164706496513
1328422120318140416
1328421773378015233
1328421751877902343
1328421736493281280
1328421724388462592
1328421592645427202
1328421586383364098
1328421531156934658
1328421426613936128
1328421376219373577
1328421353612058624
1328421289527275521
1328421260007776257
1328421223714480134
1328421212150763520
1328421149299105792
1328421106320089088
1328421082462883841
1328421018033999872
1328421005400805376
1328420967350153219
1328420921825136640
1328420860202422274
1328420770230505472
1328420737280057344
1328420732959928321
1328420692346417158
1328420655511916544
1328420571068166151
1328420530643472390
1328420508845674499
1328420459541524480
1328420379589808132
1328420345771143174
1328420289097723905
1328420276741128192
1328420225935675392
1328420185410314243
1328420153785262080
1328420120872542210
1328420092649025539
1328419991851560960
1328419945038962688
1328419944908926977
1328419656294690826
1328419586266566657
1328419420214087683
1328419394121330691
1328419150973317120
1328419135743811593
1328419089828737024
1328418956756086786
1328418792154820608
1328418720927129600
1328418521416667136
1328418505365000192
1328418471064035328
1328418421097304066
1328418322308767744
1328417996700782592
1328417970133954560
1328417913385218056
1328417875015643136
1328417757159940103
1328417522387988480
1328417373364293633
1328417330875953158
1328417326182649858
1328417272847798272
1328417114588377093
1328417050268741635
1328417018048081921
1328416967779360771
1328416921163849730
1328416863072755715
1328416847897763844
1328416759658000386
1328416723763159042
1328416721502232576
1328416696751640578
1328416670826762247
1328416626602110976
1328416538349678595
1328416537947082752
1328416509945896960
1328416392085983233
1328416335114723333
1328416229678256128
1328416186753708032
1328416126171275265
1328416030251773958
1328416015668097029
1328415917152247813
1328415872076177412
1328415848856309760
1328415802236788737
1328415732456169474
1328415731940274176
1328415692933255169
1328415660465152000
1328415590491426816
1328415588616712194
1328415549454495745
1328415533621006338
1328415489807314946
1328415481892642816
1328415472606474246
1328415387709558791
1328415285511122947
1328415250593574917
1328415239419912210
1328415191755857924
1328415185695019008
1328415106460487680
1328415059157069827
1328415043088617472
1328414996762669056
1328414995424686081
1328414952726482944
1328414794186190853
1328414766793101313
1328414638518759424
1328414514522501121
1328414347316535296
1328414168018530304
1328414158203875335
1328414019946950657
1328413930226675714
1328413925579296768
1328413828414115843
1328413769152811010
1328413731819237377
1328413714794622978
1328413712278024224
1328413588659302402
1328413549585195015
1328413531163783169
1328413474435837952
1328413433381969920
1328413412402089985
1328413385000710146
1328413315366785024
1328413208340787205
1328413182776532995
1328413173125427201
1328413159720271872
1328413129039106050
1328413099062390785
1328412993567268866
1328412907076542464
1328412813467865089
1328412727702933505
1328412707221979136
1328412679833346049
1328412649701470209
1328412610610524170
1328412531531132934
1328412387888795653
1328412244867223552
1328412183437389824
1328412115854561282
1328457660107288578
1328457606508261376
1328457571158646784
1328457475306250240
1328457460328374272
1328457449955864584
1328457364249341952
1328457341084311553
1328457237933793283
1328457136272265216
1328457117624397832
1328457049676648450
1328457015551672321
1328457003807748099
1328456979665334273
1328456933913882625
1328456823641415681
1328456812870258693
1328456785582125058
1328456716263055366
1328456705034874880
1328456691768287233
1328456639175946240
1328456622809767937
1328456404391309320
1328456374414667781
1328456350993682441
1328456335449608192
1328456106721628162
1328456082147119105
1328456064115888133
1328456032696340482
1328456030318104576
1328456011225686021
1328455897371308033
1328455888689049600
1328455886176739328
1328455858771152899
1328455838487416833
1328455723303526401
1328455715472683010
1328455623504240640
1328455590780301313
1328455579476496384
1328455506155933696
1328455470479192069
1328455459896926208
1328455389327880198
1328455290144972800
1328455212705705990
1328455201850847233
1328455143591976969
1328455109089632256
1328455064420188160
1328454982966726656
1328454864695930880
1328454771141906432
1328454758731034626
1328454748861829121
1328454585967644675
1328454562391367680
1328454525011693569
1328454457416327168
1328454423388049408
1328454364042825728
1328454342899347464
1328454188347527169
1328454067509751808
1328454045300908035
1328454026883633155
1328454006776225793
1328454005534683137
1328453827595526144
1328453761824649216
1328453673454809095
1328453642047766528
1328453601107333126
1328453590248091648
1328453557201330178
1328453546719764480
1328453482727108608
1328453467334189056
1328453446060695552
1328453084499075083
1328453029377486851
1328453013908951040
1328452933696901121
1328452825265868802
1328452817917513729
1328452816906620928
1328452815711244289
1328452779644497921
1328452674933624836
1328452660694028290
1328452642784358408
1328452472470376455
1328452451939344387
1328452429705318401
1328452404543680513
1328452387728543744
1328452330174488576
1328452315368599555
1328452270313381889
1328452253229879296
1328452242870034435
1328452238247931905
1328452201337982980
1328452164440780801
1328452149836193794
1328452146954706948
1328452103530893312
1328452081464848385
1328451991438290944
1328451890875564032
1328451862132088832
1328451781626654722
1328451617356738560
1328451423005184001
1328451309578706944
1328451303220125698
1328451208437264384
1328451183971807233
1328451172487868416
1328451167702147072
1328451129324220416
1328451114149294081
1328451061921746947
1328451025276186625
1328451022612811782
1328450974890008577
1328450957252960256
1328450941209747456
1328450919751692292
1328450827808227328
1328450679015411718
1328450533686976515
1328450516473569281
1328450433988358145
1328450302232592385
1328450279780605954
1328450253322735616
1328450241868169217
1328450175443013632
1328450124884930560
1328450116747923458
1328450098255130624
1328450083013201921
1328450001207504897
1328449991418015744
1328449945783963650
1328449906009313281
1328449893111914504
1328449880726138882
1328449861893689350
1328449856667488256
1328449849025572866
1328449802510749697
1328449744864210954
1328449547262160909
1328449395373842438
1328449387341737985
1328449212984463360
1328449200225464325
1328449189123133440
1328449184127705093
1328449113759870978
1328448902186590209
1328448772872003585
1328448758112194564
1328448737572757505
1328448670061240329
1328448599554990080
1328448549248438274
1328448433389187074
1328448426703515648
1328448298571730945
1328448275624587264
1328448227788656647
1328448189125496832
1328448164978946049
1328448157638922241
1328448146339483649
1328448062721716224
1328448002655076352
1328447923093344257
1328447848514527234
1328447824636293120
1328447818579718150
1328447793510420485
1328447692205244416
1328447643517931522
1328447627785072640
1328447618981257216
1328447585498107907
1328447573758238726
1328447513419010048
1328447490564173829
1328447484717191168
1328447423144976384
1328447420296990724
1328447383412367362
1328447382099431424
1328447344011075584
1328447282367238145
1328447201585074176
1328447185168510978
1328447164003958784
1328447160317325319
1328447098333827073
1328447060186640388
1328446941043232768
1328446899196624896
1328446846239313920
1328446836131188736
1328446745177694210
1328446709928763398
1328446702940983310
1328446651632070656
1328446570967298049
1328446559378415627
1328446537618350080
1328446527740710912
1328446514369335296
1328446496056852481
1328446479405559810
1328446440432160768
1328446423378108418
1328446412250615809
1328446410254151682
1328446399034368002
1328446376150261760
1328446285767127040
1328446283191869442
1328446151809523712
1328446032494080001
1328446020351643648
1328445988315525121
1328445935244996610
1328445924578910214
1328445923450613769
1328445910184058882
1328445904265900033
1328445885609627649
1328445882153508864
1328445823588462597
1328445805179580420
1328445802486910977
1328445775269998597
1328445760241692672
1328445724166598658
1328445719926218758
1328445636006567937
1328445557883498496
1328445522747670529
1328445496935862273
1328445443458609157
1328445411875573762
1328445369345331206
1328445244522696704
1328445237317033986
1328445236134068224
1328445235756724224
1328445222024478720
1328445195277520896
1328445193494749184
1328445183936126976
1328445063127568389
1328445057091989504
1328445002322767873
1328444950183337988
1328444924971380737
1328444892524269573
1328444889818951683
1328444846713999362
1328444793815408641
1328444735753695238
1328444730720411648
1328444440319549442
1328444399529824256
1328444308152791040
1328444148958060544
1328444144100978694
1328444100425740288
1328444097355526144
1328443901355712512
1328443890777657344
1328443702306611200
1328443645675057154
1328443591421726722
1328443591300145152
1328443579304472576
1328443465328418821
1328443376438534146
1328443365181050881
1328443360797884416
1328443304636264449
1328443287980699654
1328443215532482562
1328443192639942661
1328443115527688192
1328443089522995202
1328442885835026434
1328442873080111108
1328442704984944641
1328442666154160130
1328442642355597318
1328442589528330250
1328442583224381444
1328336326836547596
1328336158175211520
1328336123865731072
1328335823171940353
1328335798052196352
1328335791714693121
1328335740908998656
1328335621019066368
1328335614215917568
1328335497966575616
1328335313631113216
1328335310162432010
1328335230340636674
1328335181372121088
1328335086912212993
1328335027365621766
1328335013054701574
1328334836889649153
1328334656975097859
1328334593498488832
1328334438808182784
1328334413604810755
1328334272592273422
1328334250307952640
1328334167415906304
1328333993780121600
1328333698685612034
1328333578631974913
1328333437309231111
1328333398788739075
1328333257860149248
1328333163366584320
1328333012845682689
1328332996466913285
1328332962472091650
1328332587085955072
1328332565183418373
1328332549005971458
1328332489505583104
1328332461424734213
1328332431330521089
1328332157278973952
1328332061145522181
1328331993680125953
1328331777597911047
1328331700108189697
1328331663001088002
1328331531291664389
1328331311430381568
1328331296792223750
1328331280820412416
1328331211341705224
1328330982299103232
1328330871691243520
1328330861259972608
1328330839457996801
1328330814438957056
1328330731479855104
1328330230658965505
1328330188866764801
1328330104951476224
1328330103978405888
1328330043622367232
1328330032817770503
1328330018100039681
1328330009875009536
1328329919940595713
1328329592621441026
1328329533309808641
1328329490204770306
1328329477307441153
1328329473209470977
1328329423465177088
1328329374354059264
1328329296411316226
1328329259664945153
1328329121928273920
1328329058501988352
1328329030781825024
1328328922451177473
1328328790116888577
1328328724509503490
1328328722466922496
1328328694516027394
1328328692645339137
1328328640912891906
1328328633111470080
1328328520913793027
1328328379028934656
1328328320887484418
1328328196782055425
1328328125684518914
1328327998609780737
1328327902908325890
1328327840455122946
1328327687803383810
1328327631490650112
1328327595742662660
1328327564272807936
1328327556727271430
1328327416415219717
1328327405002485763
1328327346429063169
1328327257153277952
1328327205244592129
1328327185128689664
1328327012151402497
1328326953003311104
1328326922116456449
1328326778822270977
1328326733834182656
1328326706147442688
1328326650744942592
1328326560689119232
1328326555031003143
1328326535573598210
1328326517168943104
1328326401469022209
1328326285337169920
1328326207256080391
1328326160548237313
1328326042814210048
1328326029858009090
1328326021544894465
1328325443389296645
1328325300422406145
1328325290339217409
1328325167857225728
1328325059161845764
1328324962298580992
1328324928899338240
1328324927301226497
1328324799370825729
1328324764847497219
1328324434957135872
1328324282242506752
1328324280187310082
1328324187031822336
1328324156782489600
1328323931875536896
1328323773049794562
1328323701339791368
1328323646717366275
1328323587468619776
1328323539003326464
1328323502529675267
1328323247675478021
1328323174208057347
1328323022365863936
1328322879537221633
1328322835354439680
1328322684804009984
1328322338581057539
1328322227448799236
1328322212051513346
1328322195186135040
1328322172281102337
1328322063082217472
1328321929783037956
1328321929263140864
1328321923546107905
1328321820936658945
1328321721380663297
1328321507051905029
1328321407885991936
1328321270438617088
1328169354517737472
1328169353947344896
1328169322745884673
1328169309546442752
1328169294581145600
1328169279879999488
1328169270501650432
1328169269591486468
1328169257683668992
1328169182886842373
1328169161810464768
1328169097910247424
1328169076850626563
1328169070726836226
1328169033292767233
1328168976753565702
1328168935284498436
1328168925104889862
1328168900769443840
1328168895556022273
1328168848827281409
1328168848823103490
1328168837854924801
1328168819332947973
1328168819265662976
1328168723501494272
1328168688420347908
1328168653003452418
1328168624184549377
1328168577845714948
1328168555049836547
1328168464586993664
1328168392600109056
1328168371079278593
1328168338019717121
1328168264313286657
1328168263436488704
1328168243803123712
1328168143248912385
1328168088886456321
1328168079461928962
1328168052706275329
1328168047065051138
1328168024793370624
1328167978861547523
1328167950264791043
1328167931763597314
1328167892941234176
1328167892114944000
1328167858422116353
1328167815908618242
1328167794244947968
1328167770207371264
1328167755787460610
1328167733582827520
1328167717237633029
1328167670139793411
1328167659670794242
1328167657120665606
1328167640058138624
1328167630239305731
1328167628301627394
1328167614275842049
1328167600916934658
1328167590557081602
1328167573943246849
1328167562987905031
1328167508566749184
1328167481903624194
1328167470654496771
1328167443953545218
1328167431991386114
1328167417550430209
1328167404900405249
1328167395286913024
1328167331403616257
1328167314458636288
1328167300101517312
1328167269898219520
1328167227900764161
1328167178965716992
1328167028906205184
1328167008635138059
1328166951701663744
1328166937717780482
1328166869954654209
1328166842544828421
1328166827550265344
1328166810726883331
1328166792225763330
1328166778393026561
1328166767789813760
1328166731202834434
1328166637397164033
1328166599124262919
1328166570921766915
1328166497353670657
1328166306810646528
1328166215206932481
1328166149733937152
1328166118901633024
1328166083606454272
1328165937766420480
1328165902928334859
1328165876659597312
1328165833957384197
1328165816651624451
1328165781448876032
1328165775455162370
1328165730580303877
1328165564087488514
1328165539508867072
1328165477403795460
1328165461209608193
1328165401998602247
1328165357962489857
1328165246536708097
1328165100071620610
1328165087169789952
1328164983973285889
1328164982400430083
1328164962691375104
1328164871427518465
1328164824354856960
1328164770130915330
1328164729936809984
1328164702740942849
1328164688979439622
1328164590501253120
1328164567944474626
1328164532657692672
1328164392064720897
1328164369004453895
1328164281179836422
1328164280743710721
1328164138409881600
1328164100321341441
1328164064317599744
1328164059028496385
1328163930699681795
1328163769298645000
1328163744539500545
1328163648695455744
1328163579493642240
1328163468164407296
1328163437352865792
1328163340041019393
1328163239562252288
1328163234118062080
1328163208469893120
1328163196021170176
1328163132326330368
1328162981226549248
1328162891535687680
1328162872514449408
1328162858920775682
1328162842223075328
1328162616741605378
1328162612849168384
1328162516636209168
1328162493932376064
1328162458851274752
1328162434616614917
1328162402974773248
1328162326378385408
1328162295764148224
1328162161252732929
1328162123403440131
1328161881773592582
1328161856456957954
1328161710784569346
1328161665704202242
1328161663925760000
1328161622133665795
1328161451467370496
1328161409058783232
1328161257904599040
1328161162761023488
1328161053893595137
1328161016551796738
1328161005428359168
1328160911450894337
1328160855456948226
1328160597951844352
1328160547490193408
1328160535615918080
1328160426371260417
1328160387632689158
1328160342178983936
1328160210461061124
1328160193750970368
1328160010594082816
1328159985302429698
1328159911293964288
1328159872937062400
1328159781694091264
1328159707186536450
1328159645324562438
1328159621576581121
1328159559903571968
1328159493126037504
1328159416252678145
1328159397445472256
1328159347969568775
1328159294378942466
1328159275957424130
1328159205145063426
1328159194172821504
1328159171137720323
1328159144302481409
1328158979156025346
1328158668051902465
1328158588783751173
1328158488875343873
1328158385502642176
1328158375809601538
1328158354146025472
1328158287636828160
1328158273942458368
1328158233345863680
1328158138944647168
1328157869599035393
1328157809570062337
1328157703991160835
1328157667609731072
1328157581345492997
1328157472075509761
1328157388751446017
1328157358774738944
1328157344778358785
1328157321105649664
1328157303204409346
1328157242143645700
1328157124036321280
1328157002661470210
1328156991131365376
1328156983157870592
1328156948567560194
1328156929823223808
1328156865512034305
1328156788890460161
1328156762009001985
1328156758297235460
1328156744309207041
1328156731222929410
1328156696770990080
1328156666265800704
1328156626591899651
1328156534577143808
1328156467174707201
1328156432970051589
1328156431737098248
1328156431237910530
1328156412548173825
1328156395921928195
1328156358529613824
1328156282486919170
1328156198454104064
1328156129461989377
1328156091881054208
1328156017079820288
1328156010444447744
1328155994246033408
1328155984372658179
1328155940558950401
1328155903741358082
1328155749160275968
1328155574098407425
1328155564992507904
1328155549079199744
1328155445542809600
1328155289372209152
1328155260381179905
1328155240831590406
1328155234917638146
1328155185743601664
1328155098896363520
1328155096228753408
1328154970252828672
1328154805953564672
1328154743483482114
1328154706947035141
1328154649640140801
1328154588348821506
1328154551824900096
1328154425601515520
1328154373319487496
1328154285868199943
1328214743006384129
1328214517646467072
1328214317712470017
1328214187349213184
1328214019719667712
1328213679268130821
1328213627887874048
1328213567175348224
1328213492764200960
1328213290732855302
1328213226744635395
1328212842307260416
1328212719313580034
1328212590577770496
1328212476736008196
1328212069548765185
1328211742980190209
1328211723279593472
1328211700374335488
1328211621609615360
1328211605096689664
1328211347323056128
1328211307783446528
1328211266012291072
1328211224874553344
1328211174463303681
1328211167819468800
1328211133447200769
1328211117160673281
1328211096499605504
1328210793599524864
1328210778676219905
1328210685185155072
1328210574589652992
1328210552724877312
1328210540724953090
1328210472252952577
1328210393727111170
1328210392938668032
1328210374001356800
1328210259983392768
1328210225338302466
1328209992655179776
1328209903639547904
1328209859377045504
1328209454123380737
1328209387064754177
1328209342961647616
1328209295012483078
1328209216671281152
1328209071401562114
1328208952790818816
1328208723110727686
1328208542478733313
1328208443019309056
1328208414334398464
1328208332088369157
1328208155927588864
1328208154711060480
1328208057252286467
1328208030593413121
1328207959168528386
1328207950947758080
1328207823411445767
1328207765970546689
1328207579294658562
1328206981207896065
1328206874345316353
1328206256570503169
1328206211666284545
1328206022482284544
1328205916332646401
1328205663131103237
1328205607162109954
1328205555295543297
1328205407278555138
1328205234485792774
1328205198775508992
1328205174070857728
1328205057163096064
1328204974988423168
1328204952133517312
1328204584565628929
1328204540303314944
1328204213868871680
1328204203873984512
1328204035690819586
1328203880971210752
1328203790240141313
1328203548342038529
1328203545795915777
1328203539911421965
1328203487604318209
1328203253625081862
1328203194527338498
1328203091234189313
1328202930130862080
1328202865849098241
1328202827810951168
1328202790238375941
1328202773876277249
1328202754263822336
1328202494883688449
1328202437203673088
1328202365950857222
1328202296438747141
1328202260074131456
1328202111369302017
1328202107229532160
1328202074648088576
1328201787631935488
1328201543913451521
1328201461864534019
1328201372488052736
1328201194108563456
1328201158599602177
1328201118799818752
1328201099312914432
1328200898028441601
1328200814540648449
1328200736396767232
1328200682474770432
1328200615772688386
1328200590267199493
1328200478870691840
1328200354282967040
1328200299341869056
1328200182731780096
1328200152448966656
1328200012375986176
1328199967194935296
1328199810231439361
1328199786793754625
1328199762244296704
1328199748231303168
1328199724613169153
1328199670095556609
1328472774139121665
1328472726957395968
1328472680862019586
1328472671160512516
1328472392927162368
1328472379048259585
1328472347289014273
1328472334378872832
1328472313088585730
1328472250849374214
1328472249431572480
1328472219077500928
1328472135443107844
1328472131743657984
1328471880492343298
1328471854680584193
1328471842114445313
1328471839593680899
1328471813568008192
1328471744374599687
1328471741249753090
1328471684601536512
1328471679241236480
1328471646882160640
1328471633733021697
1328471563830693888
1328471523498266625
1328471507186671616
1328471471891607555
1328471349405372418
1328471293050589185
1328471248108728320
1328471189241556992
1328471121830801409
1328471101572325378
1328471092613292034
1328471049428750337
1328470964804358145
1328470770381680640
1328470758184669184
1328470654501445638
1328470616077459457
1328470605235183617
1328470441342603264
1328470386397253633
1328470159279804417
1328470150836858889
1328470103235588096
1328470097736830976
1328470084642279425
1328469986457874434
1328469933651587072
1328469862776266752
1328469838910484480
1328469826952716289
1328469712116715521
1328469707243085826
1328469653786652673
1328469467593052160
1328469426363097090
1328469413025157121
1328469353185091584
1328469285262536707
1328469253960380424
1328469211589582852
1328469098095927298
1328469092458754049
1328469091934494720
1328469087496921094
1328469068421140481
1328468975924211715
1328468962208714752
1328468949508517888
1328468948103307264
1328468868478722048
1328468773494468609
1328468764233490438
1328468751105351681
1328468744121823235
1328468703734861825
1328468693471404032
1328468682582855680
1328468584448872448
1328468570309758978
1328468555906560001
1328468503846936577
1328468385399771137
1328468377799692289
1328468363442532353
1328468336418697220
1328468323873460233
1328468322917216257
1328468249000939520
1328468209788399618
1328468121431142402
1328468024819478528
1328468016879767553
1328467985191809024
1328467978057375744
1328467971405189122
1328467954258874369
1328467934738518016
1328467930795880449
1328467670489067525
1328467626566316032
1328467605032640513
1328467475596533762
1328467427433324552
1328467248764375041
1328467226207412228
1328467168111915008
1328467068572684288
1328467048268247042
1328467027942490112
1328466906584584194
1328466903849955329
1328466861634285570
1328466837927915521
1328466720965660674
1328466290655207424
1328466249962156034
1328466220778201094
1328466206987333640
1328466032697221121
1328465991509094402
1328465981098905606
1328465978255032320
1328465967601606658
1328465859912871938
1328465753159340032
1328465683928248320
1328465667331383297
1328465620166451201
1328465495230611456
1328465481850826752
1328465443833532419
1328465424241942530
1328465389274193924
1328465384324861954
1328465290557059073
1328465260387459073
1328465207748927489
1328465163415150596
1328465106485846016
1328465106204848129
1328465076928602113
1328465027989458945
1328464876952547328
1328464805993324544
1328464765551828993
1328464744307691522
1328464744299196416
1328464713257107456
1328464707989233665
1328464641769533442
1328464607078277120
1328464592863891456
1328464584307519490
1328464451427831809
1328464388395835392
1328464388248850432
1328464381747802115
1328464362999345153
1328464337661534208
1328464278622449668
1328464274117828611
1328464226189529089
1328464214600671232
1328464090738675712
1328464055972065288
1328464048547975169
1328463968059330561
1328463892943691777
1328463677033500675
1328463642443083783
1328463505171877894
1328463417187905536
1328463187402952708
1328463187293863937
1328463131614605313
1328462961644609536
1328462953864187904
1328462889066266626
1328462885257883649
1328462854870142978
1328462815686955010
1328462794488836097
1328462766924062726
1328462731985506310
1328462692986855426
1328462690474364929
1328462675467231234
1328462548895666182
1328462536363085824
1328462450572857345
1328462307177979905
1328462259778179072
1328462258834341889
1328462145588240386
1328462091204894721
1328462048896774144
1328461999014092800
1328461960803872768
1328461849847758848
1328461765680754688
1328461740946886656
1328461707354791938
1328461701696663554
1328461645937582081
1328461496544882688
1328461311945093122
1328461239672926208
1328461202322837509
1328461107489542145
1328461100879388674
1328461060689465345
1328460945744605184
1328460891545870336
1328460866229071874
1328460845114920962
1328460796528107520
1328460763925598208
1328460757869105153
1328460551350079494
1328460410975096834
1328460362828705795
1328460330155040771
1328460326153674752
1328460280016211968
1328460276912377856
1328460228535472131
1328460152689881088
1328460151880249344
1328460140358545410
1328460139385544704
1328460059332931585
1328459936121184258
1328459907834646528
1328459774787194881
1328459757628383239
1328459738401681408
1328459653533954050
1328459641840349184
1328459622836039680
1328459619149242370
1328459602069950466
1328459504581742592
1328459502136520704
1328459487418535937
1328459471207755776
1328459461040730112
1328459366501150721
1328459332925571073
1328459064095993857
1328459063961776130
1328458972383371265
1328458831245037569
1328458773724217344
1328458767651004418
1328458663460294658
1328458473592549376
1328458449424961536
1328458280105029632
1328458230658457600
1328458174752493569
1328458120121569280
1328458109791178754
1328458043877588993
1328457990521884673
1328457965934940168
1328457909232136193
1328457858191659008
1328457854462746624
1328457820539273217
1328457808677892097
1328457738431594496
1328457708056489986
1328366574164615168
1328366527469514754
1328366476479217667
1328366337073295363
1328366259885498368
1328366192407490560
1328366138858803208
1328366052175015936
1328365939650400256
1328365913847050241
1328365893001342976
1328365850093641728
1328365742346133509
1328365710460981249
1328365679507017733
1328365642785968128
1328365627904442368
1328365464062472193
1328365367564132353
1328365232444600320
1328365211397595138
1328364968870338563
1328364957814108161
1328364923982909443
1328364903686676481
1328364870551687169
1328364788859199490
1328364772279132162
1328364480842125312
1328364411283775488
1328364164792934400
1328364161374560256
1328364129816633345
1328364123625811969
1328364091606511617
1328363986887319554
1328363972744126466
1328363954448560134
1328363897133301765
1328363888472158208
1328363863545311232
1328363827281457152
1328363748399210497
1328363717315219460
1328363509457899520
1328363498385137666
1328363422770192386
1328363334215852034
1328363326884241408
1328363222324359169
1328363066950610945
1328362785009496078
1328362699491831810
1328362695142289409
1328362539068100613
1328362495321501697
1328362436592873473
1328362293382574080
1328362237204062209
1328362204807237634
1328362200185135104
1328362180824227840
1328362167343706112
1328362156216225792
1328362129880182785
1328361982035050502
1328361979183034368
1328361854150782978
1328361845619642370
1328361808902557701
1328361793283035140
1328361688639352835
1328361678417915906
1328361503825690625
1328361473651990528
1328361403422564361
1328361352243580939
1328361326809374721
1328361248912793602
1328361199159955462
1328361180696616960
1328361167073538050
1328361104188334082
1328361072047370240
1328360869630238720
1328360868355010560
1328360859345838085
1328360660674207745
1328360622048808961
1328360588058136576
1328360534840848384
1328360527110803456
1328360500447621121
1328360491576659974
1328360463005069312
1328360458781413378
1328360413566824448
1328360399234887681
1328360356171943937
1328360131961171972
1328360064537735168
1328359996921360384
1328359910330011648
1328359904600608769
1328359849680367616
1328359715944980483
1328359675549593601
1328359545295474688
1328359536240025604
1328359494217240576
1328359456657133568
1328359363237588992
1328359293754732546
1328359210812403713
1328359200246919169
1328359048245354499
1328358994272980996
1328358959774715912
1328358798419963904
1328358777460908032
1328358762814578689
1328358710985564161
1328358595218563073
1328358541300813827
1328358456466706435
1328358218058219520
1328358181723119616
1328358112814886912
1328357969524908036
1328357937920655368
1328357843674796033
1328357754684239873
1328357725261205504
1328357651982508033
1328357647284920321
1328357522584047616
1328357416275238913
1328357368153985027
1328357316601606146
1328357301212884999
1328357114100772866
1328357026364334085
1328356982370177031
1328356870810193921
1328356855979126785
1328356693743448064
1328356671660453890
1328356567020957696
1328356485093421060
1328356440650735616
1328356419746217985
1328356292344369153
1328356221200576513
1328356101973225473
1328356019274194945
1328355986411810820
1328355937686593536
1328355917344202753
1328355881461878785
1328355835312025605
1328355652398440448
1328355597687926784
1328355593757863936
1328355290354487302
1328355281915547649
1328355241822195712
1328355126810189824
1328355094195265536
1328355085127090176
1328354998367956998
1328354857191952386
1328354854604042240
1328354832831406082
1328354763294072833
1328354732436549632
1328354717940985856
1328354709204316160
1328354634902228992
1328354545060155393
1328354530778607617
1328354480866332673
1328354478408478729
1328354354890485760
1328354194449965056
1328354147624751105
1328354081329602561
1328353934466043905
1328353837388861440
1328353722989236231
1328353603673858049
1328353528872538112
1328353487634247681
1328353423457202177
1328353352149655552
1328353301084180480
1328353082393104391
1328353066538635264
1328352975169916928
1328352966840119298
1328352925970800640
1328352798266830848
1328352772304097286
1328352767954481159
1328352713105690624
1328352678754344962
1328352674903957507
1328352572919386112
1328352571170451460
1328352548508536832
1328352464194637826
1328352418929774592
1328352292068679681
1328352197097054209
1328351997020532740
1328351973708615683
1328351854812663809
1328351727997825026
1328351488872116224
1328199633613561857
1328199632669773826
1328199622918098944
1328199563979657216
1328199382617923584
1328199162735845377
1328199008649687042
1328198901900296194
1328198855251333123
1328198795876679680
1328198729736839175
1328198547355938820
1328198159739269121
1328198114663145472
1328198106723315713
1328198093469229056
1328197820608901121
1328197802959261700
1328197763323015169
1328197747875356673
1328197681643184128
1328197594187788288
1328197504521924608
1328197393729261568
1328197042024353794
1328197012446121985
1328196908477796352
1328196808296820742
1328196764634124293
1328196693548957697
1328196544001150982
1328196501625921537
1328196456205987841
1328196446177341440
1328196369933209601
1328196295673180165
1328196214630789121
1328196100981919747
1328196075291701250
1328196015040696320
1328195993368752128
1328195975941222400
1328195788049145856
1328195776674213888
1328195719065460737
1328195668930928640
1328195604841984000
1328195546373382144
1328195511694675968
1328195423161511936
1328195366156582912
1328195358841716739
1328195222078062592
1328195218026315777
1328195177710833664
1328195167870971904
1328195159801044993
1328195137957146624
1328194907790401536
1328194846050365441
1328194769151950849
1328194739737333760
1328194657151377409
1328194592332607490
1328194559252307968
1328194485377855488
1328194425911009281
1328194102593159169
1328193901073723393
1328193793145724929
1328193777173995521
1328193610915999744
1328193595803799553
1328193523355566083
1328193320305115136
1328193270170660866
1328193105854607361
1328193000330063872
1328192962732322817
1328192604484366338
1328192478718140417
1328192390906036224
1328192361315307520
1328192350464700416
1328192258315849728
1328192215450066944
1328192188585369600
1328192151692468224
1328191966610219008
1328191825040060416
1328191728700911622
1328191621196820480
1328191595712278528
1328191405882302466
1328191303323148293
1328191253847142400
1328191041564934144
1328191009298259970
1328190958215770117
1328190908744011776
1328190907594596353
1328190836987850756
1328190680791969794
1328190470607015936
1328190467838767108
1328190336578023424
1328190235558043648
1328190096403800064
1328190065349193729
1328189777120800772
1328189633679794181
1328189542743105537
1328189422735650817
1328189407078191104
1328189336479678466
1328189314937786369
1328189269026869249
1328189266900480012
1328189170523774977
1328189163326251009
1328189076063748096
1328188969524342784
1328188417860014081
1328188246518468609
1328188124812349443
1328188091123838977
1328187803520405504
1328187793978363904
1328187505967919105
1328187478243729408
1328187369833459713
1328187190099271680
1328187188220051458
1328186814448865281
1328186597339172864
1328186539898179585
1328186368732794889
1328186308607569920
1328186126683824129
1328186111173259267
1328186029199683584
1328185966545301504
1328185964951449602
1328185847091503109
1328185707895074816
1328185576852398080
1328185192624910336
1328185059401056257
1328185035371859969
1328184786335059969
1328184699877953536
1328184675609800705
1328321051760099328
1328320973523865600
1328320948420943872
1328320930049908739
1328320843596828672
1328320828304355333
1328320344466317314
1328320254536192005
1328320028933042176
1328319865824940037
1328319819230420995
1328319782152761345
1328319747235012610
1328319743967830016
1328319700665765888
1328319408712912897
1328319378878726145
1328319377121439745
1328319159357288448
1328319045859495939
1328319013441695752
1328318993044738051
1328318533089042432
1328318287780990976
1328318255442915330
1328318248929128450
1328317857697034241
1328317814076272641
1328317780609921024
1328317747084800001
1328317629656920065
1328317629111685122
1328317587776806916
1328317586900180999
1328317537138991105
1328317225195986947
1328316921905897472
1328316883041476608
1328316779203092481
1328316721493540866
1328316642342924288
1328316293414604801
1328316272816381952
1328316039847874561
1328315924198416384
1328315889998049280
1328315778970636288
1328315717532356609
1328315664004681730
1328315483754541056
1328315398807310345
1328315387830702081
1328315286215389184
1328315226350104577
1328314718176616451
1328314553088827392
1328314349103013888
1328314198116462593
1328314174624165889
1328313878678212608
1328313748772311040
1328313676323930112
1328313271997358083
1328313232541560832
1328313224454922240
1328313110218858496
1328312757951795202
1328312648266641408
1328312405307305984
1328312374118346753
1328312315943526400
1328312015115280385
1328311811515486212
1328311783728185344
1328311764124119041
1328311697308864513
1328311694280564737
1328311581894189056
1328311387937009666
1328311316621238272
1328311026341847043
1328310811576725504
1328310618265358336
1328310586556354560
1328310556818890753
1328310405282803714
1328310262693310465
1328309761541083141
1328309605961789440
1328309573367828480
1328309395030224899
1328309322829369344
1328309299819507713
1328309270287441920
1328309196723511297
1328309050514296833
1328309041647509504
1328308941068111872
1328308907916333056
1328308899372441603
1328308803515899907
1328308684112474115
1328308676801736705
1328308556374872065
1328308555070525440
1328308543846572033
1328308495175847937
1328308426821263362
1328308244029321218
1328308223972093952
1328308190170124288
1328308182930878464
1328308174827483137
1328308037292072960
1328307972733341697
1328307970250338304
1328307861651419137
1328307827216179201
1328307805615493120
1328307666175877120
1328307658840006666
1328307345399623680
1328307318723899393
1328307283583897603
1328307266244767746
1328307124313710597
1328307120173965313
1328307033393815553
1328306938975821829
1328306890342756354
1328306878070272000
1328306760193617920
1328306729759731713
1328306660310454273
1328306602097602561
1328306596892569602
1328306575384190977
1328306517758586880
1328306218138546176
1328305995924160512
1328154012789526528
1328154012764483586
1328153942279286784
1328153868249784321
1328153840173113346
1328153802827046912
1328153616444760064
1328153473003646977
1328153255667523584
1328153115720224771
1328153026700447747
1328152966059225089
1328152902309965824
1328152863508467713
1328152836773908481
1328152790796005379
1328152783992795137
1328152758986416132
1328152728502153217
1328152521781731328
1328152511094591488
1328152473165508609
1328152402646753282
1328152401472270338
1328152339736301568
1328152213101965312
1328152191660675072
1328152092939268103
1328152035972313090
1328152011783671816
1328151977105235968
1328151901255380993
1328151704525795329
1328151582668705793
1328151515324936197
1328151486572990466
1328151480147337217
1328151470596907009
1328151428255387648
1328151378129248263
1328151368792588289
1328151222055014400
1328151113779073024
1328151088407654401
1328150966902927364
1328150946539577348
1328150809092235264
1328150780319293440
1328150751944859652
1328150712241582080
1328150700149366784
1328150699536916481
1328150634105892864
1328150523141378048
1328150433798479874
1328150353532030976
1328150312759169026
1328150142944485376
1328150111260602368
1328150005203472386
1328149965403811840
1328149864325279744
1328149711791009800
1328149677640970240
1328149673643827200
1328149555171500037
1328149459994357762
1328149449395351554
1328149438578249729
1328149409813696514
1328149383867666432
1328149347519901697
1328149330402873346
1328149046326947843
1328149024105525256
1328148946003353600
1328148854752104448
1328148839451086848
1328148807868178434
1328148799953403904
1328148747025465344
1328148741040328704
1328148685054763009
1328148684920532993
1328148550342078464
1328148461175369728
1328148382964125702
1328148241792241664
1328148230480211970
1328148179997523971
1328148175560073216
1328148168186368000
1328148146812297217
1328148112955813897
1328148070647869442
1328147937663217664
1328147805861507072
1328147772248383490
1328147759023714306
1328147435911327745
1328147385390931977
1328147343020077057
1328147126304579585
1328146824541200385
1328146690524778496
1328146684975718402
1328146650502717441
1328146633960411136
1328146584807337984
1328146580281679872
1328146570789998593
1328146533716426752
1328146350387687424
1328146308742475776
1328146301532450817
1328146250085015552
1328146190110777347
1328146184255512576
1328146144107655170
1328146045847695360
1328145989853704192
1328145966470471680
1328145946203582466
1328145942827163649
1328145942634225665
1328145892889784327
1328145876720738311
1328145745241923586
1328145712425668608
1328145652623216641
1328145598529335305
1328145576614039552
1328145556959604736
1328145554870730752
1328145548495515650
1328145536361394182
1328145474789003264
1328145399513821184
1328145399417364480
1328145377480957952
1328145327946407942
1328145281905537024
1328145193682481152
1328145179379896321
1328145132047245314
1328145106277441539
1328145052158349315
1328144923149922304
1328144723958239232
1328144623353651200
1328144565551980544
1328144564998254592
1328144530424680455
1328144518202482690
1328144405308579842
1328144398643843075
1328144356533006338
1328144341416742912
1328144316091527169
1328144297997189120
1328144259061608448
1328144210600615942
1328144060176076801
1328143959944781825
1328143853845704704
1328143719443419136
1328143663038423042
1328143383798325249
1328143373673304066
1328143339728875776
1328143281759416320
1328143213501308928
1328143175769354242
1328143110510141446
1328143083830173696
1328143069338865666
1328143031275577345
1328143029077676035
1328142992801222656
1328142969862578181
1328142908881580037
1328142842213134338
1328142831584763905
1328142793869504513
1328142778954633217
1328142708649635842
1328142687707521025
1328142621773099009
1328142600474415109
1328142502734524417
1328142420874235905
1328142409918803969
1328142343938174978
1328142177105534981
1328142150509400070
1328142144490582016
1328141937459785728
1328141901099364352
1328141848385363968
1328141812016566274
1328141768999755777
1328141761940746242
1328141733847293952
1328141722220703745
1328141645762748416
1328141641752993797
1328141606839521281
1328141564690968579
1328141498538463233
1328141488023224323
1328141484797825024
1328141442263502849
1328141190160642050
1328141173890826240
1328141144551792641
1328140978654470145
1328140975236112386
1328140965924704259
1328140964209319941
1328140942495268867
1328140897070956544
1328140739075735553
1328140694251204608
1328140683929137153
1328140661871181824
1328140618892193798
1328140545093480449
1328140541435867137
1328140422233927690
1328140366000889856
1328140313773400065
1328140307360342016
1328140208316047360
1328140207099613187
1328140157539774466
1328140045484781570
1328139938936860673
1328139887313379329
1328139876739534848
1328139841004064771
1328139830929330176
1328139788181008385
1328139769956667392
1328139704538173442
1328139655359946754
1328139579216584706
1328139510669070339
1328139467362856961
1328139422139871233
1328139272872857600
1328139269966270465
1328139206523310082
1328139157101826048
1328139135387906049
1328139089049051138
1328139020426067969
1328138984355213313
1328229907718156288
1328229772346888193
1328229482734370817
1328229476501696512
1328229392431067136
1328229306682679296
1328229285010706432
1328229256615301120
1328229239083184133
1328229136490500096
1328229044538789889
1328228959201370112
1328228917996470275
1328228810760876037
1328228783170707457
1328228659954470913
1328228638597083137
1328228483055710216
1328228448758743040
1328228353040658432
1328228340411617280
1328228286946832386
1328228156344561666
1328228132453715969
1328228075763617792
1328228059061907457
1328227918451970048
1328227880275423232
1328227727212744704
1328227664143011840
1328227530608926720
1328227503295524864
1328227116165468161
1328227113900490753
1328227064751804416
1328227020254404608
1328226902943776770
1328226830164307968
1328226637670965248
1328226613981552640
1328226305842810880
1328226305222041602
1328226270996541440
1328226097620783105
1328226051089117184
1328226044105646082
1328226033632468992
1328225840375717888
1328225758775570432
1328225607793004544
1328225492558893056
1328225397486530561
1328225359339335681
1328225346056052736
1328225188949995520
1328225108805124099
1328225098482892801
1328225041776041984
1328225025183285248
1328225012726321152
1328224868068962310
1328224717808005120
1328224580306079745
1328224574622851072
1328224458943827968
1328224396184522755
1328224382863327232
1328224376630644736
1328224025978441730
1328223857589714946
1328223854653673473
1328223746734387200
1328223669756309505
1328223582485405696
1328223510292877312
1328223364377358337
1328223067336749058
1328223037636820992
1328222890253307906
1328222739791040513
1328222503529897987
1328221988217733120
1328221962821365763
1328221937080864768
1328221899730558976
1328221653008957440
1328221316995026944
1328220921568628736
1328220869299032064
1328220793759678467
1328220573781069825
1328220564713058304
1328220428813348865
1328220036193001472
1328219970405273600
1328219961496530944
1328219894165303297
1328219777492389889
1328219776821334016
1328219585649070081
1328219075219128320
1328219005354696704
1328219000505999360
1328218559860752384
1328218257266855936
1328218106246795264
1328218085959077888
1328217862067122177
1328217699747389441
1328217515122700288
1328217264160649216
1328217181520228353
1328217173400031232
1328217081691725824
1328217030747697156
1328216602077257729
1328216230059253760
1328216138170462208
1328216125864169473
1328215982658232322
1328215677111590914
1328215608979230721
1328215436337483782
1328215377004916736
1328215212902805509
1328215160360751104
1328214986125168641
1328214922673664002
1328184529459290113
1328184287233937412
1328183754301399041
1328183599858929665
1328183564354023426
1328183254923415553
1328183116872073216
1328182949376737283
1328182917139402753
1328182907370958848
1328182854635950081
1328182825724555264
1328182805730390021
1328182735580635136
1328182382608982016
1328182181475147776
1328182128001970181
1328182116178305025
1328182109576507393
1328182068078137344
1328181966102024192
1328181732055654401
1328181641672597506
1328181492833529857
1328181269268746241
1328180947028762625
1328180904322281472
1328180768363999234
1328180597697679361
1328180485235859457
1328180465799475201
1328180363273900032
1328180345557028865
1328180105840111619
1328179994481352704
1328179965544837120
1328179600334131201
1328179577752006657
1328179297945874436
1328179105527861250
1328179087903342592
1328179057373179904
1328179027148869633
1328178954570670080
1328178773108400129
1328178759724388352
1328178757962772483
1328178632414666752
1328178622780366848
1328178600424710146
1328178553410756609
1328178529448693761
1328178379867234304
1328178171036897280
1328177949519048705
1328177946008293376
1328177910369439746
1328177857395380224
1328177662897106944
1328177662607708162
1328177572329398275
1328177553174126592
1328177539764920321
1328177374102491137
1328177335196114944
1328177050448916480
1328177034317631488
1328177000343855109
1328176957209636864
1328176921591513091
1328176915837030400
1328176887844249604
1328176865727623168
1328176770898653184
1328176564584923137
1328176493902647296
1328176377175093253
1328176323253186560
1328176258593787905
1328176034605375490
1328176010383134721
1328175881265836033
1328175582769721345
1328175507427512325
1328175431321718784
1328175219731738625
1328175161527382018
1328174963585548293
1328174834224926724
1328174593073426436
1328174473569251328
1328174334813286401
1328173961406984192
1328173788584939520
1328173619650957312
1328173600088711173
1328173508468289539
1328173478340648968
1328173089826496512
1328173057882599424
1328173043835760641
1328172956866908160
1328172955780620289
1328172931936088064
1328172825136414726
1328172789455532034
1328172784778964994
1328172741627838464
1328172678293958662
1328172494021406721
1328172424341323778
1328172380800348167
1328172358998183937
1328172330703593473
1328172314458984451
1328172306191945728
1328172265041776640
1328172235539050499
1328172069922725890
1328172046740844550
1328172018391425029
1328171880474431497
1328171862791122944
1328171593000882176
1328171523849465858
1328171443222319105
1328171236686491649
1328171213944864769
1328171133871542279
1328170921098506241
1328170669989826560
1328170590356779008
1328170470374567936
1328170468130639872
1328170459502948353
1328170456965373952
1328170422618132480
1328170343618535425
1328170188726910976
1328170129184743424
1328170093470240768
1328170063044734978
1328170042626777088
1328170030257774593
1328170021315612673
1328169989933731845
1328169856747798529
1328169793955000324
1328169755858120704
1328169661649874944
1328169453310373889
1328411927815577600
1328411887600590848
1328411855967186945
1328411842784399362
1328411794784792583
1328411635707469827
1328411627125760000
1328411626542948355
1328411543910932480
1328411518099185673
1328411450801614848
1328411277790613504
1328411262074695681
1328411243179290625
1328411177261674497
1328411168373956609
1328411093820125188
1328411058252500992
1328410974395699200
1328410951884959747
1328410888043450371
1328410887649157125
1328410882930520064
1328410851922022401
1328410844041011200
1328410809194733571
1328410764273717249
1328410650717147145
1328410586384887809
1328410568580018177
1328410450091008001
1328410402959462400
1328410382755639296
1328410374027288576
1328410355450654722
1328410221019009025
1328410168611143681
1328410111262543872
1328410084024659970
1328409889320865792
1328409762816471042
1328409745993191425
1328409745133285377
1328409683699392514
1328409628787552257
1328409591290458112
1328409584613126144
1328409575117238274
1328409535682375681
1328409464081420296
1328409422905925632
1328409402529951744
1328409395382849545
1328409377615785984
1328409291779354625
1328409267473321985
1328409101928423424
1328409023360733186
1328408966762737664
1328408905219796993
1328408887045861376
1328408836793745408
1328408740287148034
1328408698197307393
1328408621596762115
1328408589115994112
1328408568299708416
1328408451681280002
1328408414649774088
1328408276216803330
1328408134684184579
1328408080355299328
1328407503969796096
1328407471568920576
1328407430926008320
1328407369735409672
1328407306653020162
1328407273497112581
1328407034866307072
1328407029162123264
1328406993191673856
1328406891878256640
1328406795388395525
1328406476017242114
1328406352721534978
1328406302653988865
1328406212434649088
1328406151248171009
1328406094490734592
1328405908511186951
1328405869063794695
1328405827724713985
1328405822565740545
1328405797622132737
1328405714625122304
1328405672665477120
1328405536057008133
1328405535465623555
1328405511138537473
1328405471544356869
1328405423960059904
1328405413021306881
1328405384588124163
1328405287603212288
1328405122699960322
1328405043171766273
1328405011429285892
1328404978877280259
1328404971792916480
1328404951211511808
1328404744285642752
1328404714426392578
1328404680142163969
1328404402378579968
1328404269729337344
1328404227178311680
1328404217632088068
1328403954850533376
1328403954158415872
1328403901654196230
1328403661807087617
1328403595700674562
1328403595428044802
1328403466776096770
1328403311054163971
1328403238207578120
1328403189989838854
1328403138458636289
1328403078798864395
1328403013745188867
1328402913513783296
1328402904797958144
1328402796295589888
1328402795658153985
1328402789245083651
1328402724195602439
1328402684953710599
1328402669283790850
1328402560898756611
1328402453889503232
1328402218010226689
1328402212104630276
1328401914724294660
1328401856230531072
1328401513144852495
1328401362519011331
1328401305166106629
1328401288170786817
1328401189063561220
1328401084784594944
1328401079822856192
1328401040761352194
1328401001053892609
1328400979524538368
1328400920820985868
1328400892413038592
1328400844681850880
1328400780177539074
1328400733599920129
1328400535909769231
1328400242165870593
1328400191771340804
1328400176956915713
1328400142790168576
1328400136976777216
1328400111727161344
1328399990444711941
1328399957704003584
1328399826090856449
1328399670197039109
1328399632335065088
1328399486201200640
1328399437656420352
1328399391384801286
1328399347625697280
1328399246505222147
1328399241773985794
1328399024869748738
1328399018712592385
1328399013641588737
1328398974684966912
1328398890954059799
1328398849522753544
1328398805159600128
1328398783101669385
1328398782334197762
1328398762620940288
1328398737853583371
1328398719830683649
1328398645633429505
1328398632840736770
1328398607658209282
1328398576855244802
1328398551999787009
1328398497263931393
1328398429740015618
1328398342527864832
1328398276597583872
1328398212974080000
1328398112059224070
1328398062973300738
1328398030182248449
1328397997110136832
1328397960946782208
1328397924460584960
1328397897180663811
1328397879195684865
1328397817153548294
1328397810958553090
1328397804553842691
1328397749255954432
1328397663558098945
1328397627776528385
1328397419642548227
1328397412684140544
1328397270019051520
1328397247709667328
1328397109507223552
1328397095519342592
1328396867042938885
1328396864526364674
1328290776720302080
1328290766976929792
1328290503905980416
1328290483123200001
1328290440727191557
1328290189173690376
1328290086006513664
1328289976652541953
1328289815972941824
1328289671487524864
1328289580248944641
1328289444932284417
1328289311435890689
1328289057470812162
1328288980849324032
1328288893775605760
1328288862288957441
1328288806961876993
1328288630398447617
1328288414517637121
1328288342157504517
1328288203036569600
1328288103656804353
1328288024418021376
1328287904301518848
1328287804800061440
1328287802493001729
1328287664492175360
1328287415103057922
1328287339378925568
1328287260966522882
1328287256474423297
1328287184382693376
1328287140619329536
1328287049607208962
1328286772162420737
1328286718429171715
1328286646115024896
1328286433434472449
1328286350542598145
1328286345509396481
1328286291922862080
1328286277721055235
1328286107528687618
1328286092320235521
1328286013668679680
1328286013433606145
1328285824190976000
1328285815311626240
1328285773146120192
1328285768993869824
1328285765110026241
1328285741869359104
1328285718096072705
1328285649842167808
1328285279552036865
1328285245637005313
1328285097636683776
1328285076946300928
1328285043983347713
1328284892090691584
1328284826378461185
1328284792991981568
1328284764256743425
1328284756983865345
1328284618064154624
1328284461104910336
1328284428825628673
1328284398341349377
1328284327562649600
1328284268502638592
1328284181022044162
1328284152500719616
1328284079389863936
1328284059122982912
1328283958187089920
1328283897126326273
1328283688820305920
1328283681971187712
1328283514593275912
1328282858323111936
1328282760927207426
1328282756321865731
1328282584879665152
1328282532652011521
1328282524573962240
1328282474485485568
1328282424212680704
1328282297326514176
1328281846078169088
1328281819855216641
1328281725328371713
1328281658177499136
1328281568071229447
1328281548144119809
1328281374667776000
1328280948065013760
1328280815910805504
1328280655193661442
1328280596309712896
1328280501271089152
1328280443758682112
1328280364108812290
1328280126459703298
1328280033866240006
1328279906053218304
1328279753313366017
1328279693259370497
1328279589823651841
1328279544281882625
1328279433887830017
1328279307932880896
1328279300991193091
1328279275435413505
1328279181717856256
1328279108137193473
1328278910820360192
1328278868323602432
1328278776820629506
1328278677721911296
1328278622197735424
1328278217640341509
1328278056881057792
1328277906955571203
1328277742207590401
1328277703250862081
1328277545620484096
1328277431950716928
1328277331459371010
1328277298366337025
1328277043512025088
1328276998142259200
1328276854344736768
1328276747092172801
1328276656868483072
1328276394992824322
1328276284779229186
1328276069888237568
1328275970957209601
1328275953563394049
1328275780615294977
1328381674510544897
1328381542654205956
1328381461406347268
1328381264177496064
1328381242539200513
1328381182564851713
1328381119574777862
1328380997864366080
1328380821439455237
1328380798463053824
1328380501720256513
1328380438512095232
1328380432916819968
1328380312406134785
1328380246987579392
1328380224057323527
1328379806145261574
1328379795168780288
1328379769998741505
1328379714495451137
1328379712754884608
1328379674502852617
1328379170297057280
1328378934115921920
1328378921902092289
1328378440848969728
1328378376998961154
1328377954083041280
1328377949029011461
1328377622108180480
1328377542219354114
1328377540180893698
1328377385977319426
1328377375416004608
1328377363965628422
1328377337801478146
1328377189578915840
1328377150781665281
1328377100810772480
1328377048201629697
1328376962071613444
1328376903254753284
1328376544084037634
1328376503978102785
1328376498068353024
1328376445052313601
1328376441537507330
1328376258657476608
1328376256094736385
1328376185194102794
1328376147567054849
1328376040218107904
1328376005736751107
1328375897020387333
1328375700496273410
1328375681122758656
1328375584649605122
1328375520552214529
1328375447407775746
1328375397524918272
1328375307863265281
1328375176145346560
1328375145837236224
1328375060550217736
1328375053046534146
1328374920435412994
1328374862491103234
1328374815321845770
1328374580071817218
1328374425822040064
1328374422491721740
1328374390644465672
1328374384462016514
1328374330833690626
1328374304082366465
1328374287867101184
1328374257856942080
1328374209941278720
1328374166148571138
1328374046833188864
1328373726874923008
1328373151269576705
1328373111926960128
1328373077399498757
1328373059921846278
1328372989772042240
1328372616231575552
1328372595129937920
1328372592298893314
1328372495389487105
1328372459435921413
1328372443967262722
1328372426464489476
1328372393442635786
1328372385649750018
1328372275058446337
1328372198353080323
1328372087766048768
1328372017561800704
1328372007206055936
1328371933474328576
1328371894538493953
1328371887823417344
1328371881666351104
1328371858450898944
1328371732554584068
1328371538308042760
1328371368300212225
1328371345479118848
1328371313908572161
1328371273508982790
1328371168693395459
1328370641876226050
1328370630618718209
1328370569033642001
1328370560208875520
1328370441346457600
1328370426246950914
1328370314103844865
1328369817280274446
1328369807478190084
1328369459518611456
1328369434218663937
1328369233416347654
1328369123626266627
1328369119406813187
1328369095729930246
1328368950049173506
1328368930549886976
1328368899654623233
1328368708633448454
1328368578647777280
1328368436930600963
1328368376356409346
1328368279635841024
1328368240041598977
1328368225990680576
1328368099188502528
1328368029508509702
1328367803460628483
1328367699110596609
1328367649991110658
1328367594861170690
1328367521683083267
1328367384965517312
1328367247979655168
1328367240396173312
1328367231126835206
1328367220595052545
1328367198432337927
1328367181235621899
1328366912703705088
1328366893468704771
1328366819149828097
1328366699691855872
1328366680771338243
1328366677181034497
1328366642745716737
1328260191695949824
1328260169914929152
1328260124645892096
1328260092429561859
1328260055108562944
1328260009076137985
1328259910396563456
1328259850791432192
1328259815219417090
1328259779475759104
1328259776782995457
1328259672911081472
1328259490483892225
1328259440227672066
1328259382283440128
1328259280844193794
1328259233377361920
1328259048341458946
1328259020986089472
1328258919274213382
1328258887452078081
1328258684628176896
1328258607461253120
1328258099124297729
1328257954227777536
1328257745498165248
1328257687440723969
1328257662518235137
1328257653022339072
1328257283936182272
1328257216990756864
1328257198489698304
1328257016033316870
1328256847455936512
1328256593247555585
1328256370588614656
1328256352049881089
1328256273662365701
1328256215978131456
1328256083622653952
1328255996226117633
1328255405080895488
1328255321240973312
1328254973298286593
1328254889416384514
1328254824215961601
1328254785527549953
1328254633450426369
1328254457478598656
1328254453959585794
1328254446497787904
1328254324464644103
1328254251043328001
1328254197922365442
1328254173377282049
1328254065038532610
1328254016384544771
1328253966661128193
1328253617564954624
1328253556646932480
1328253457367670786
1328253395803762688
1328253333371498499
1328253284247887872
1328253283199234049
1328253205453697026
1328253197392113664
1328253146938957826
1328253057482825729
1328252877580742656
1328252761859874817
1328252691940855808
1328252677877346305
1328252628082495489
1328252451766509568
1328252388092878848
1328252272581734400
1328252143770472449
1328252114779459584
1328251901436190721
1328251616537964544
1328251575509405696
1328251561668055042
1328251453547298821
1328251361067089921
1328251292959981568
1328251202992287744
1328251110084239361
1328251057680621568
1328251008158486529
1328250898733293575
1328250870258036737
1328250774456045569
1328250758723104768
1328250619837210624
1328250323341881344
1328250225690030080
1328249970332491776
1328249843131633664
1328249753277181958
1328249452679860224
1328249421352603648
1328249149523943425
1328249013993402368
1328248920439353344
1328248863350607872
1328248612883599365
1328248565563609090
1328248376530407425
1328247904947957761
1328247847418990592
1328247815521366016
1328247808063922178
1328247688853385216
1328247664815861760
1328247581105909762
1328247564160929792
1328247297315049472
1328247281296965633
1328246999699886081
1328246798620766209
1328246783420600321
1328246750445002756
1328246670803537920
1328246629078482950
1328246624699691009
1328246526615937024
1328246494697287680
1328246427047370752
1328246408676302849
1328246370285854723
1328246129083891712
1328245830076272640
1328245753567989762
1328245738661236736
1328245591864791040
1328245498667556864
1328245281826201604
1328245065140088835
1328244994520518656
1328244987209904130
1328244810713600001
1328244805936111622
1328244754149224448
1328244638063452160
1328244581817667585
1328244172797607938
1328244123501961218
1328243657099468800
1328243523938889728
1328242804464738305
1328242800106860544
1328242778304880641
1328242646758944768
1328242598151139328
1328242509965737984
1328242498641272832
1328242488591740928
1328242141965869058
1328242090162221056
1328241842786361349
1328241823173795841
1328241764579352576
1328241737156980736
1328241659663048706
1328241606487523329
1328241563672190976
1328241510622457856
1328241441500516352
1328241273803771905
1328241255822704641
1328241221790281729
1328241203842846720
1328241138386472960
1328240947247919104
1328240734995144704
1328240691831480328
1328240647334137857
1328240598055268353
1328240506309107712
1328240486977581058
1328240468778307584
1328240432686395393
1328240407952633858
1328240324335067136
1328240208027021313
1328240133762658305
1328240031316799491
1328240023842541571
1328239946994368518
1328239910793441280
1328239901968633859
1328239848512053248
1328239799917043712
1328239655947530245
1328239625802944512
1328239549688942593
1328239409766887424
1328239396462743554
1328239267202682883
1328239188899102721
1328239121740013568
1328239114009812992
1328239073178345472
1328239034922016768
1328238983633989632
1328238936766996480
1328238773847556098
1328238664988712960
1328238210724614144
1328238124732919809
1328237912874508289
1328237560951353346
1328237472560549891
1328237415945957377
1328237270080565254
1328237181887016961
1328237072172236800
1328236989863358464
1328236962449416194
1328236874767405056
1328236867347644418
1328236690276696064
1328236630138888194
1328236492205010944
1328236207969607680
1328236126851665920
1328236118865715200
1328235876028190720
1328235807258316800
1328235629289885696
1328235606649036800
1328235353019322369
1328235252528111617
1328235159871688709
1328235143987949569
1328235135292960769
1328235107862376448
1328235024630607872
1328234955403497473
1328234916715266048
1328234855394512896
1328234837300318209
1328234781176422401
1328234556789428224
1328234398467014657
1328234396428603392
1328234294360346625
1328234080585060355
1328234042412580865
1328233994396311552
1328233979669929985
1328233972510363650
1328233674194694145
1328233666150019073
1328233405771702272
1328233269821927424
1328233089609379842
1328232967269978114
1328232908692316160
1328232680438132736
1328232579665805313
1328232392780234752
1328231900603879425
1328231844165406722
1328231555395936258
1328231436651024384
1328231328731590659
1328231153224929280
1328231122829004801
1328230965056053249
1328230748290232320
1328230702622662658
1328230422153748487
1328230348686241792
1328487903459217408
1328487890729447424
1328487747477094400
1328487677759406080
1328487671803547650
1328487494996791302
1328487371151728640
1328487345562128385
1328487253816061952
1328487227429679104
1328487198425972737
1328487140863270912
1328487054641147904
1328487035036831745
1328486925964095489
1328486763770372097
1328486726302625793
1328486685974425600
1328486677183082502
1328486648477192194
1328486648011636737
1328486627040223232
1328486248541872129
1328486030241042434
1328486027787321345
1328485947181314050
1328485863978913793
1328485838494322688
1328485757854552064
1328485722702090241
1328485709766746113
1328485682122272772
1328485554233745409
1328485464517447680
1328485451594747904
1328485415297290240
1328485370892312576
1328485337392427010
1328485322674503681
1328485149437284354
1328485057468788736
1328485048731852800
1328485018683977729
1328485009989111809
1328484960014004225
1328484937855627267
1328484917634768896
1328484883874779136
1328484839180288001
1328484714462625792
1328484713758126081
1328484640349446145
1328484631172169730
1328484506349707265
1328484504063840256
1328484500553121792
1328484419569549312
1328484385503412224
1328484216749903872
1328484116707246080
1328484110965346305
1328484079293984769
1328484075015901184
1328483986616819713
1328483943193210882
1328483841414053889
1328483784480714754
1328483739601661952
1328483670664105990
1328483646131597318
1328483602242408452
1328483584110448641
1328483545438937088
1328483358058360832
1328483335484674050
1328483331189608449
1328483240580100103
1328483206388178947
1328483177787236361
1328483170291998720
1328483166617821186
1328483152906489856
1328483144245264384
1328483129628176390
1328483097533267968
1328483037491949572
1328483033092067329
1328483012422430722
1328482971519684608
1328482872307671042
1328482804821336065
1328482762936918016
1328482761020157952
1328482731173367810
1328482719089762305
1328482644858863616
1328482277165293568
1328482153571741698
1328482049376792578
1328482040803708930
1328481889129140224
1328481821387067392
1328481816974483456
1328481689815842816
1328481686187773952
1328481678994661377
1328481671172263937
1328481656508985344
1328481642873118720
1328481627878678534
1328481610652585991
1328481608807026690
1328481494038323200
1328481470663581696
1328481424400216064
1328481355076866052
1328481282737676288
1328481262378553344
1328481229235122176
1328481210851614725
1328481199858204672
1328481190924447747
1328481188416249858
1328481146418601984
1328481133785350144
1328481125505888263
1328481098469232640
1328481000041705472
1328480943774994437
1328480927270375424
1328480821074923520
1328480815655776256
1328480778586632193
1328480764909019137
1328480686198595584
1328480683006849024
1328480633669050368
1328480561392988161
1328480561233584129
1328480526525730817
1328480506170654722
1328480405188718592
1328480361739743232
1328480252243406850
1328480177266028545
1328480143455649792
1328480119602593792
1328479960474914816
1328479811162017793
1328479751300919297
1328479739451944960
1328479677493567488
1328479566910918656
1328479498539470848
1328479457104060417
1328479448937717760
1328479244977102848
1328479224731213824
1328479204590182401
1328479074092716038
1328478991737491457
1328478973941182464
1328478887236419584
1328478708815044609
1328478685242945536
1328478683925864448
1328478623993655298
1328478595866570752
1328478585959563265
1328478567584378882
1328478417931677696
1328478386482786306
1328478353892970497
1328478323962388480
1328478309437616128
1328478292832182273
1328478241930301440
1328478207071424513
1328478176180363271
1328478147239669761
1328478092352909312
1328478086430527489
1328478079648468992
1328478072476229634
1328478053312376833
1328478045381005314
1328478014024392712
1328477984668463110
1328477962736308224
1328477954951798786
1328477923263860737
1328477908206194688
1328477894117568512
1328477859497689089
1328477849716625408
1328477818355904514
1328477769085411335
1328477768137515011
1328477764731678720
1328477742782885888
1328477683286757378
1328477641712820224
1328477588503793664
1328477548196532230
1328477479674269697
1328477439014567936
1328477337990656003
1328477272093782016
1328477171170516993
1328477051288956930
1328477044968214529
1328477025263239168
1328476896930242566
1328476872267718663
1328476858762080257
1328476819364978688
1328476705535582208
1328476698006925313
1328476665769566210
1328476625386651649
1328476615374905344
1328476585163419649
1328476549826437121
1328476484420374529
1328476410093002752
1328476374114439169
1328476333966569472
1328476293315358720
1328476288311566337
1328476242174205952
1328476182749310976
1328476102025646080
1328476002717028352
1328475944198283265
1328475928972824576
1328475839927869440
1328475783938052098
1328475752392744960
1328475612454023169
1328475508003127296
1328475496313712645
1328475496166907904
1328475472481619970
1328475375123505154
1328475366118150145
1328475365870854150
1328475343557070848
1328475341023801344
1328475325269938178
1328475315471933445
1328475307402117120
1328475289400213505
1328475241731878912
1328475233892831232
1328475221012209664
1328475172635090948
1328474993487990785
1328474978707251200
1328474947878936578
1328474937749872641
1328474909916467202
1328474858645286913
1328474848868200448
1328474830476374017
1328474791989415937
1328474772422811648
1328474734368010247
1328474730744082438
1328474618177449984
1328474525315592194
1328474461725626369
1328474413621243905
1328474340912934919
1328474333350649857
1328474284893876225
1328474201938743296
1328474181491679232
1328474115678867457
1328474091028844550
1328474062817947648
1328474021311246337
1328473940734390279
1328473899512762368
1328473859486609408
1328473827744108550
1328473801684869121
1328473776531664896
1328473776116424706
1328473749864198149
1328473670839382017
1328473476341096449
1328473259604471808
1328473199323930625
1328473157351694338
1328473157028642816
1328473129778245633
1328473111700893696
1328473011956166667
1328472961251217411
1328472930959855618
1328305892954173441
1328305851044679682
1328305671234785283
1328305645867716609
1328305643833450498
1328305632278097920
1328305592516177920
1328305577731166208
1328305478619770883
1328305323774513153
1328305320649584640
1328305112410951680
1328304865823531008
1328304848589238272
1328304815433281539
1328304760278175744
1328304690266738688
1328304187730440193
1328304176531726337
1328304048668352512
1328303890199171074
1328303752818921474
1328303733596307456
1328303646929530882
1328303486962950145
1328303389139202048
1328303287905382401
1328303098305998848
1328303070359531521
1328303067897409537
1328303041154605056
1328302989195489280
1328302982807441409
1328302925840465921
1328302906206982145
1328302792918794240
1328302765513302018
1328302587154747392
1328302162720550914
1328302123981869057
1328302034089553920
1328302017102684160
1328301963377848325
1328301523860938754
1328301418260946949
1328301404755292161
1328301274551492611
1328301240833486855
1328301232428085250
1328301220872720384
1328301135212523520
1328301085392572416
1328301023119675395
1328301017889312768
1328300997341491201
1328300914655064065
1328300765228781568
1328300749747605506
1328300534231568385
1328300329402851328
1328300317885292545
1328300032471261186
1328299872601124865
1328299870189305856
1328299775498866688
1328299740207857664
1328299630698913792
1328299573534715906
1328299505134030849
1328299382047973377
1328299306378522624
1328299240804724736
1328299160697712641
1328299154876080128
1328299102984155137
1328299069685559296
1328299036114366464
1328298964240764929
1328298920766803970
1328298585407033344
1328298380339056641
1328298313276416002
1328298224285847554
1328298185178091521
1328298099622768640
1328298080807112707
1328297976222117891
1328297890398220288
1328297765785440256
1328297600106237954
1328297186216583175
1328297126640705537
1328296982566350854
1328296828526333952
1328296592173109248
1328296502960283648
1328296377802174470
1328296355396259845
1328296169836064770
1328295984636383232
1328295749155774465
1328295665420611584
1328295406728585219
1328295141820526592
1328294963180838912
1328294754724028416
1328294714190258176
1328294641678970880
1328294517141893120
1328294351856939008
1328294255517896717
1328294132369002496
1328294061934071810
1328293938449543169
1328293903443914752
1328293896300883968
1328293885538430976
1328293842534232069
1328293445782290432
1328293410780934144
1328293400521682944
1328293205998252033
1328293158413885441
1328293028004458499
1328292803223425027
1328292755857092608
1328292580900134912
1328292524847374336
1328292405183979521
1328292396581457920
1328292168285425664
1328292096084676609
1328292059657232384
1328291966694662144
1328291828404285441
1328291545200648193
1328291436559740929
1328291303940091904
1328291131919097861
1328290850019758082
1328290836350529537
1328396818959523840
1328396772369199106
1328396501832372235
1328396408815120384
1328396392080023558
1328396243219992578
1328396230024630272
1328396176304070662
1328396069886177283
1328396063565344768
1328395756538130444
1328395709981356042
1328395626749550593
1328395590472970249
1328395576514326528
1328395550543241219
1328395103568863236
1328394961868513283
1328394937285668864
1328394807430029312
1328394712324169729
1328394481255784449
1328394205333434369
1328394190603104256
1328394014580744193
1328393872079204357
1328393836008247296
1328393645221961728
1328393391361540097
1328393388253700097
1328393097768816646
1328393049374920705
1328392963806867456
1328392943280005126
1328392843828846592
1328392842377572361
1328392751088623618
1328392710970028033
1328392622365356037
1328392601851006976
1328392590740185088
1328392579570921472
1328392566673338369
1328392534909968384
1328392449144840193
1328392422787780608
1328392336561360908
1328392312599293952
1328392005697871878
1328391951062855680
1328391927511748609
1328391771324203008
1328391762008711169
1328391703947075584
1328391645038071815
1328391578398887936
1328391496412897283
1328391478389977102
1328391449684054016
1328391443501772802
1328391349654183936
1328391318691864578
1328391076718268426
1328391012801261569
1328390897818607617
1328390885638336513
1328390755711324161
1328390753006055425
1328390687386001411
1328390673914073093
1328390624861704194
1328390571807936513
1328390376911216653
1328390356241690627
1328390322389389312
1328390306874658823
1328390225442332687
1328390183729950724
1328390159537147904
1328390147780599808
1328390030390407177
1328389984974462985
1328389954142040064
1328389923590856706
1328389808037752832
1328389621714219015
1328389573890764805
1328389524557279232
1328389497344540673
1328389490415710210
1328389427194892292
1328389415266344966
1328389415039852544
1328389413248888832
1328389333368369153
1328389154628055046
1328388918350327817
1328388734958456835
1328388717736841216
1328388699227353089
1328388687554555905
1328388566305677313
1328388404212420608
1328388329654677504
1328388261857771520
1328388229335293953
1328388204911861761
1328388055259111426
1328387997709070336
1328387929127874560
1328387821003026434
1328387766078599168
1328387509642989569
1328387429687046145
1328387398330421258
1328387371394617345
1328387179073167364
1328387131010469889
1328387114581504010
1328387084172857344
1328386878563704832
1328386844388712449
1328386844048887808
1328386741351424000
1328386727849963520
1328386725048176650
1328386571284975622
1328386450845478913
1328386442746277890
1328386245966389249
1328386234050351104
1328386232703913986
1328386175728558083
1328386021025869824
1328385907972591627
1328385762971234305
1328385730280910851
1328385541759508480
1328385383978119168
1328385338717429760
1328385336058277889
1328385293112717313
1328385208241041415
1328384711627067392
1328384689615278080
1328384532974800897
1328384370588200961
1328384322198507521
1328384230468984832
1328384200748240899
1328384022234488833
1328383826557546498
1328383736321290243
1328383661222268936
1328383649180311553
1328383637239128066
1328383468233953281
1328382823112314883
1328382807941414912
1328382724940378113
1328382653909921793
1328382598004043783
1328382397553942528
1328382336711405568
1328382295959539712
1328382242327040004
1328382093815140358
1328382013322260481
1328381981227356160
1328381878387286018
1328381786846597123
1328381734593966081
1328275391216300033
1328275355594002433
1328275314615742464
1328275207992303617
1328275181375250433
1328275114136276994
1328274831314276352
1328274812012261379
1328274795801309185
1328274758820093952
1328274745566048257
1328274730424602625
1328274438186479616
1328274378866503681
1328274318527238147
1328274316534837248
1328274174410887168
1328274130463043584
1328274027379625984
1328273877731069952
1328273649858535424
1328273574877073408
1328273265987645440
1328273061993275392
1328272903553605632
1328272855063269376
1328272815817191424
1328272806975574016
1328272769021198336
1328272529446883334
1328272390351097856
1328272334432690176
1328272329894486016
1328272267143483392
1328272237313581056
1328272106019311617
1328272029355704320
1328272017490055169
1328272005683159042
1328271941397057536
1328271788980260868
1328271213240725504
1328270994956546048
1328270981115355141
1328270573416411136
1328270564071518208
1328269869188599808
1328269771863896065
1328269609779286016
1328269476526219264
1328269437619888129
1328269428471914497
1328269258791415808
1328269014666194944
1328268944147353600
1328268904486105088
1328268708456742913
1328268358450630656
1328268108415590400
1328267964479660032
1328267728277307392
1328267698187489280
1328267609066721281
1328267606969630720
1328267589626310657
1328267543673507840
1328267313154457600
1328267261639946240
1328267136872099840
1328266978440531971
1328266899810099201
1328266758378168323
1328266212321718273
1328265887686795265
1328265785899327488
1328265771949158400
1328265705569959937
1328265667439521793
1328265600657993728
1328265580990898177
1328265122368819200
1328264844085239809
1328264715747938304
1328264586705973249
1328264570264162305
1328264267733340161
1328263337126182913
1328263280486473729
1328263199943241730
1328263137146015744
1328262906950152192
1328262886687449089
1328262859005026305
1328262615395672064
1328262410382106624
1328262189518491648
1328262110204276738
1328262069767053320
1328261953228320768
1328261930071494657
1328261928494505985
1328261918600146945
1328261847468924929
1328261763549208576
1328261633769152518
1328261529003831296
1328261422523047936
1328261422514642945
1328261220441395202
1328260771202162690
1328260705112510464
1328260633033371648
1328260628260265984
1328260395702824960
1328138910279589891
1328138811809869832
1328138806395101190
1328138800023932928
1328138703815008256
1328138614472052736
1328138595584987138
1328138539805143040
1328138509232857088
1328138446796427265
1328138410872217601
1328138383839924229
1328138297034633217
1328138182181986304
1328138104918536192
1328138027445547008
1328137893076865026
1328137821350195201
1328137815964704769
1328137787971751940
1328137652051337217
1328137628198297600
1328137627778785282
1328137545079721989
1328137380512079873
1328137297204703232
1328137245057036289
1328137227373830144
1328137189507567616
1328137183711080455
1328137119869456384
1328137094120792065
1328136985995866112
1328136937027244034
1328136790314799104
1328136743057408002
1328136646890561537
1328136646181662720
1328136426152734725
1328136274914512897
1328136268564344833
1328136251225100289
1328136216609427458
1328136189665271819
1328136140264665089
1328135867312054272
1328135787372797953
1328135748067835905
1328135564684627974
1328135525211975682
1328135497261191170
1328135364343578624
1328135355044945920
1328135287843790849
1328135191391596545
1328135106712670208
1328135091957198850
1328135014102560768
1328134944653238273
1328134699387154435
1328134665815937030
1328134646358532097
1328134644596924416
1328134443962425345
1328134205344260101
1328134151564898304
1328134138797445122
1328134040537411584
1328133953220472835
1328133940369117191
1328133907146010625
1328133798140268544
1328133696050917379
1328133643584237568
1328133425644118023
1328133235235315712
1328133098400141313
1328133092419244032
1328132931416698880
1328132871765315585
1328132810696232961
1328132778710351872
1328132693905838080
1328132692026798080
1328132668152717312
1328132504814034945
1328132457493774336
1328132405522092033
1328132380138242048
1328132328108011520
1328132306155036674
1328132300941430785
1328132287310012416
1328132258960650240
1328132212781322240
1328132187514933249
1328132170230198273
1328132158595104768
1328132142522650625
1328132128224268288
1328131890897797120
1328131890096861185
1328131872078049281
1328131836812341253
1328131736224608256
1328131687134490624
1328131540400758784
1328131524311572483
1328131477146529792
1328131396389507073
1328131396188049409
1328131358472847360
1328131310037110784
1328131057128853508
1328131048849412096
1328130970848026625
1328130931723358209
1328130880733376514
1328130842401644545
1328130817130893315
1328130763213189126
1328130754363219968
1328130724973735936
1328130688206323712
1328130663653007360
1328130594082066444
1328130566202527748
1328130445679210496
1328130248983109634
1328130207379763200
1328130199163199488
1328130179391057920
1328130150043676673
1328130094645325827
1328129998377656328
1328129943390326784
1328129856211705858
1328129798225457152
1328129782249369601
1328129762779402241
1328129710472257536
1328129503349108736
1328129379201933313
1328129247727284224
1328129214592274433
1328129145033945089
1328129085848084483
1328129023080353792
1328128961260482561
1328128918772191233
1328128903400075265
1328128791034605568
1328128780188127234
1328128633035255808
1328128624906686465
1328128606095224833
1328128495646552066
1328128459013574656
1328128409319448576
1328128331636740097
1328128246895046656
1328128228591095810
1328128195728711682
1328128134433136640
1328128107761586181
1328128082339893253
1328128075066974209
1328127906539704320
1328127906405437441
1328127820032221185
1328127805662621696
1328127782677831684
1328127458533576704
1328127333606297605
1328127287800184832
1328127234163531781
1328127193046786050
1328127182753902593
1328127167037890560
1328127160327008257
1328127159697891328
1328127111551283200
1328127075144921121
1328126911382495232
1328126898833154053
1328126866427940865
1328126835129987072
1328126772383191041
1328126745329889281
1328126731153240064
1328126553969078273
1328126502882316290
1328126501582229504
1328126479075512320
1328126401774579712
1328126291183349761
1328126287836307456
1328126286452174849
1328126228210053122
1328126214679179264
1328126189861556225
1328126144672112640
1328125980020379648
1328125841679785994
1328125808095817728
1328125805327749120
1328125735702310913
1328125677753786371
1328351451060563970
1328351210680815616
1328350995101913094
1328350950159892485
1328350921382912002
1328350767259000834
1328350537016860674
1328350512656343042
1328350512194990082
1328350490548166656
1328350490162290688
1328350471183011840
1328350461691387907
1328350417877671936
1328350219352891396
1328350159965548546
1328350112469426177
1328350080773001217
1328349972056711168
1328349888795480066
1328349772223275008
1328349691197743104
1328349563246309376
1328349553934917632
1328349518589538304
1328349482816331779
1328349423542415360
1328349266738360321
1328349241832574979
1328349097170964481
1328348959786594306
1328348876923949062
1328348820443422723
1328348759932231683
1328348727891865603
1328348684124295174
1328348524958912515
1328348464091160584
1328348448844894209
1328348408785022981
1328348337574195203
1328348318553026560
1328348284688216070
1328348252807294979
1328348136650182658
1328348120695103488
1328348067444224001
1328348026235183107
1328348017087418369
1328347980043325442
1328347939975127042
1328347527746379776
1328347438839590913
1328347331628986368
1328347226993778688
1328347175630278662
1328347094265040898
1328347067685679104
1328347039848157184
1328346928082423809
1328346875532091392
1328346858733903875
1328346721521446912
1328346682829008898
1328346640139350017
1328346559218675713
1328346541438820354
1328346426426929152
1328346055994445824
1328345854655291392
1328345814851317760
1328345648354222083
1328345452115226630
1328345348637667331
1328345242844717057
1328345199886667776
1328345169658335235
1328345136892436480
1328345069246681088
1328344864434638849
1328344563665293317
1328344506274549762
1328344503695142913
1328344323906285570
1328344281958948864
1328344078036164613
1328344075637059585
1328344045463212032
1328343805981036546
1328343780873932801
1328343715996442625
1328343670685376515
1328343439424053248
1328343371379707904
1328343310436618240
1328343168404873216
1328343162830647296
1328343023122481152
1328342877869584392
1328342875592003584
1328342782898032645
1328342705131433987
1328342626710511620
1328342625859096580
1328342541444415489
1328342500197720064
1328342464084656129
1328342401929318400
1328342216927047683
1328342095829065729
1328342093744533505
1328342083258576896
1328341765527646208
1328341660892340225
1328341616428539904
1328341563903070212
1328341439068028928
1328341327776342019
1328341280435417088
1328341264035672066
1328341098914324482
1328341076227149824
1328341010963959811
1328340997273755648
1328340995034009600
1328340994484531200
1328340993163214850
1328340991728816131
1328340799709437952
1328340780830830593
1328340776632377344
1328340749969190913
1328340742473977857
1328340705866100737
1328340576832352256
1328340478803255296
1328340414630424576
1328340315439239173
1328340311517646848
1328340180281954306
1328340148803702784
1328340143351205888
1328340097327112192
1328340078205284352
1328339983384588288
1328339957333843973
1328339955454623745
1328339902854008832
1328339865541414914
1328339799913209858
1328339784566181890
1328339677569380352
1328339432634789888
1328339414729314306
1328339299180433408
1328339276208222209
1328339250962706433
1328339052572127233
1328339025850142721
1328338842336833538
1328338739576365057
1328338630428008448
1328338546374172673
1328338436860874754
1328338402895405057
1328338235194564610
1328338196397219841
1328338153590169602
1328338041333829635
1328338021628993538
1328337818373017603
1328337725204934656
1328337658397949952
1328337637841784833
1328337517305864193
1328337402285395968
1328337378231136259
1328337191475441665
1328336969764655106
1328336642751553536
1328336632991322112
1328336522106564609
1328336384524840967
1328442520137773062
1328442519072477190
1328442484347768835
1328442395445391361
1328442354555097088
1328442257893167104
1328442249772929026
1328442207825764358
1328442178146865160
1328442062014963713
1328442020994707457
1328441986559471619
1328441943773356035
1328441910797737984
1328441892938321920
1328441886101614594
1328441807110332421
1328441794607124482
1328441778731507712
1328441764244574213
1328441705096474633
1328441701174808583
1328441625257906179
1328441383993171974
1328441369782874124
1328441303282180096
1328441206406168576
1328441149695127559
1328441024125964288
1328441003062292493
1328440851282989058
1328440735667015681
1328440677823295490
1328440598995611655
1328440435937865739
1328440386461765632
1328440343201771526
1328440296644997125
1328440267423195136
1328440257218547716
1328440241527676935
1328440211358044166
1328440184669679618
1328440010719199232
1328439816636297216
1328439797497683968
1328439686348615681
1328439643734487040
1328439602366078978
1328439516370067456
1328439511135744000
1328439485038817280
1328439484543852546
1328439437156610049
1328439417007202307
1328439402398302208
1328439374862839809
1328439346597421056
1328439308584415232
1328439241710448640
1328439231245668353
1328439213646360578
1328439163251724293
1328439139969150977
1328439009522176006
1328439004556107778
1328438861354110976
1328438839451545601
1328438770283261957
1328438755385073664
1328438693783334912
1328438664989450241
1328438534710194178
1328438513889660929
1328438480091885568
1328438457631444993
1328438406821646337
1328438224780488705
1328438172712398851
1328438159957516289
1328438155813527554
1328438148565790720
1328438122921811974
1328438084023832576
1328438048691007488
1328438027585130496
1328437983587004419
1328437972870569991
1328437963940835329
1328437867870302209
1328437865638989829
1328437808135086082
1328437807342383105
1328437794650411011
1328437680837947398
1328437637636632581
1328437606804230153
1328437588605210626
1328437588563288064
1328437572075462660
1328437545185595392
1328437535815708673
1328437398582276097
1328437397395271680
1328437385357631489
1328437351232778246
1328437326431784962
1328437310812278787
1328437301207207937
1328437246266060802
1328437219820879872
1328437207837798400
1328437065344806912
1328436976983412744
1328436948676075523
1328436933274587143
1328436914442051585
1328436862386581504
1328436862164328449
1328436859589062658
1328436807525150726
1328436787266678784
1328436772213321730
1328436713690193923
1328436691980476418
1328436601324666880
1328436559582990338
1328436440947154944
1328436418427957250
1328436211447427080
1328436025669148675
1328435986125217793
1328435767333556225
1328435653709864968
1328435647665811456
1328435634327982081
1328435556867596291
1328435512424611840
1328435429276848134
1328435354442018816
1328435246753341441
1328435108911656962
1328435102678982656
1328434952917168134
1328434863725109248
1328434738017787905
1328434672653770756
1328434659445895173
1328434616441708545
1328434592056012801
1328434574557401090
1328434325579325440
1328434224182026240
1328434159098839040
1328433993243619338
1328433986021052418
1328433955465519109
1328433942303825922
1328433900301979654
1328433893951737856
1328433874146308097
1328433835713777664
1328433752314425349
1328433693355110401
1328433692969230343
1328433676254896130
1328433592880467969
1328433555161157632
1328433536299376640
1328433437519343617
1328433410675781637
1328433358930468864
1328433262113546240
1328433063009857543
1328432960698281985
1328432955958599681
1328432917551394818
1328432911792689158
1328432889428643844
1328432850094460928
1328432831899561984
1328432830540632064
1328432827273240577
1328432636059148290
1328432624046628864
1328432543130120194
1328432537887256589
1328432516827656193
1328432505414938624
1328432451690094594
1328432274996654082
1328432252129320960
1328432197666103296
1328432102564618241
1328432101432193030
1328431816135630854
1328431728420155393
1328431683075510282
1328431656877830146
1328431507904622593
1328431220854755336
1328431210918457352
1328431020409053194
1328430951882362880
1328430892835024904
1328430741223596039
1328430694192861184
1328430599443517445
1328430585128357888
1328430485513461760
1328430340587868164
1328430138221072386
1328429958398681090
1328429899971923968
1328429882322210817
1328429845844516864
1328429790576066563
1328429781419954176
1328429771945111552
1328429731478429696
1328429689799548929
1328429640956878848
1328429502918250497
1328429367035301890
1328429342196633600
1328429251843018752
1328429200546680840
1328429192636207107
1328429190438260736
1328429119445606401
1328429101611442182
1328429040752005121
1328428917838000133
1328428813550825483
1328428560613322755
1328428358611439619
1328428313048657920
1328428269503299584
1328428229443678215
1328428228365717504
1328428191342419975
1328428024837140480
1328427974354489346
1328427926098993154
1328427893454565376
1328427846457552904
1328427738881986567
1328427564147281921
