1274682314551898114
1274681588287184897
1274681147700596737
1274678146793713666
1274677768576368641
1274677451826671621
1274677224583634945
1274676504471855104
1274673539841392643
1274673533470289920
1274671545789661187
1274670950106177537
1274670053171044352
1274669383617581058
1274668313461829632
1274667447254167558
1274806521881333761
1274806457343586307
1274805366791045120
1274804867777695744
1274804393762869248
1274804268118278144
1274804204058505217
1274804144394690561
1274803451910852608
1274802702585913344
1274802277346422786
1274801742903902208
1274801591678373889
1274800618155073537
1274800086615232513
1274799985633251328
1274799669919518721
1274799625237495808
1274799106330898435
1274798894782787585
1274798664171417600
1274798281596588032
1274798068177698817
1274797918852190208
1274797814770536448
1274797492345933824
1274796663694143492
1274796313247387649
1274796128798564352
1274796027606904835
1274795595685867530
1274794409213788160
1274792842104373249
1274792082326949889
1274792012059983872
1274512763025416192
1274512428919934976
1274510137445814274
1274509626843844613
1274509558581530628
1274508936729645057
1274508845008605184
1274508404975906818
1274508281323466752
1274506203771670528
1274506066978619392
1274505998431072261
1274505958895636480
1274505235285901318
1274505036509466626
1274504869857169413
1274504856456310790
1274503502937628673
1274502328536662019
1274501941557637121
1274501208338763777
1274501179213524992
1274500521416687616
1274500518740664320
1274500439258664961
1274500287495995393
1274499744677519360
1274499212781248515
1274499118421983237
1274838988348624896
1274837942566084609
1274837129512710144
1274836870489354240
1274833830944354305
1274832881991520257
1274832661220134913
1274832303902953473
1274832273930510336
1274832116988227585
1274831995948933120
1274831615932469250
1274831515415871489
1274830388297445377
1274830294177255424
1274830217530486787
1274829617342414856
1274829129670631424
1274828395176701958
1274827937196498945
1274827789326262274
1274827741674844160
1274827611676348417
1274827573659340800
1274827365319938048
1274826386792947712
1274825981967183873
1274825470278852611
1274825054589784071
1274824627609616385
1274824444427542529
1274824214772662273
1274713569225879553
1274713255093690368
1274713217651048448
1274711351991074819
1274710412039041024
1274709948459634688
1274709593822769160
1274709235650236421
1274708806677782528
1274708155507884034
1274707571262337025
1274706772310155264
1274704692728266752
1274704091785109504
1274704055844167681
1274703542939500549
1274703468113145857
1274703335711358983
1274703184448180224
1274702562759933952
1274701000297844739
1274700738351050753
1274700212150218754
1274699371037286401
1274699159321354246
1274604532065075200
1274604267358175234
1274603292656578562
1274602795124101120
1274602158621589504
1274602123066519552
1274601014189010944
1274600781145092096
1274600751369723905
1274600635292438528
1274598832706400258
1274598187156697088
1274593399748911104
1274593008458051589
1274592369262956546
1274592341379051520
1274591852465922048
1274590575195545601
1274589884565635074
1274823230067404802
1274822713283141633
1274822609931206656
1274822567463989254
1274821810257887232
1274821729055936512
1274821572293996545
1274820694765903874
1274820613757186050
1274820542093299715
1274820532974710784
1274820439123152897
1274819706684399616
1274819699914813440
1274819191548383236
1274818481054244866
1274817595355652097
1274816380458749952
1274816310027960324
1274816039126282243
1274815882737434624
1274815781033742337
1274815650066825216
1274814012774068226
1274813692404797440
1274813512544587776
1274813444018049027
1274813325113651200
1274812655904096258
1274812429667532801
1274812388081045504
1274811040480595968
1274809851219185664
1274809666976055296
1274809171351949313
1274589224793145344
1274588845909180418
1274588485576515587
1274588025100607488
1274587864005701633
1274587704227819520
1274586731195650049
1274586030721470464
1274585847384457216
1274585204183543810
1274584520461672449
1274583342328025090
1274583128095457280
1274581264029237248
1274581098568261632
1274581010605395973
1274577560333094912
1274576989928775682
1274576039537184769
1274575588259516418
1274575278707298305
1274574745925595137
1274666482828488705
1274666314729218048
1274666200879038464
1274666082012467200
1274665789736378371
1274664920429350912
1274664797045473281
1274663587060027393
1274663585113706501
1274663506982260741
1274663501798289408
1274663262273957888
1274662425518698501
1274661860160069639
1274661592148381707
1274661216569434112
1274661026861105152
1274660817812819968
1274660464904089600
1274659343435280384
1274659121619501058
1274659103164583936
1274658638309646337
1274657778401935361
1274657310133100544
1274656795676553217
1274656754220118019
1274654078598029314
1274653862700421120
1274653594311184385
1274652426377846784
1274652273021292547
1274652231271407616
1274744924362203141
1274743792646537216
1274743759432028161
1274743752872116224
1274742057899302913
1274741708518035462
1274740841014276098
1274739530520723457
1274739294515625988
1274738678418604033
1274738353431285763
1274737669860397063
1274737595327619074
1274737012948557824
1274736693917204480
1274736425355948032
1274735419872038914
1274735418089537536
1274735156008386565
1274734394952036352
1274732510002450434
1274731409937035265
1274730735534931968
1274730410266824705
1274730380806029315
1274854556489449473
1274854098181992448
1274852937760673792
1274852162128900097
1274849142322446339
1274848122930262018
1274847712446255107
1274847074597601281
1274845715836043264
1274845664946634752
1274845508335476736
1274845461866778624
1274844673304145920
1274844257791160320
1274843674183163911
1274842891580407809
1274842840003035137
1274842839948636160
1274842262422331392
1274841914836226048
1274841437142683648
1274841387540926465
1274840966214701056
1274840839496310791
1274840310439387140
1274839947728617473
1274574011570122752
1274573646678200321
1274573464515551233
1274573316452474880
1274571011732758528
1274570647432118272
1274568755151015936
1274567244337438720
1274566237050241025
1274564786894888960
1274563960990314496
1274561435058741248
1274560660408545280
1274559617029345285
1274650525947105280
1274650456573304833
1274649870972772354
1274648705841401858
1274648526459408384
1274648318832979968
1274647008255541248
1274645982093824000
1274645373282217985
1274645373206671361
1274645265631399941
1274644506109898754
1274644382508089345
1274643967963992064
1274642835019575297
1274642715481948161
1274642641209167872
1274639701421555712
1274639468469895170
1274639352090542080
1274638916939907073
1274638767169712128
1274637470651633664
1274636974549336065
1274636959579869184
1274636496927145984
1274698099060064256
1274698084484894720
1274697816489832450
1274697611233148931
1274697481926905859
1274696490376716288
1274696103942934528
1274694704530145280
1274694344633655296
1274694230649327616
1274694078614040578
1274693825903185920
1274693733233987584
1274693413024251905
1274692993107128320
1274692299268685827
1274691820786716673
1274691070815764481
1274689917482708994
1274689021550243840
1274688639914704896
1274688362276958209
1274687642735718400
1274684940668620800
1274684740402995207
1274684652905693184
1274684172511019010
1274543747741528064
1274542524103868418
1274539924583317506
1274539550573035522
1274538558221672448
1274537598938157057
1274536884878934018
1274536589201473537
1274536409836261376
1274536022567723009
1274535660322541574
1274534712229285888
1274533923444457472
1274532506889527297
1274532169931804678
1274531916209967113
1274531377283846146
1274530717956018177
1274530608686010368
1274530485687943168
1274530156963606528
1274530094636302337
1274528265575772166
1274528068544204800
1274526948249739266
1274526024789823493
1274525839615504384
1274525750381539334
1274523790043725826
1274523754220027904
1274520865397334016
1274520711881805824
1274518461885173760
1274518176445931521
1274515892207050760
1274514883174961156
1274760477470371840
1274759970127560707
1274759753986715651
1274759515800571904
1274758607658192898
1274757995914616833
1274757150120779776
1274756213360791558
1274755839853768704
1274755616305811463
1274755596663828483
1274755546864709633
1274755439528341505
1274754789457432576
1274753123903508482
1274752775965065216
1274751415488057345
1274750697083305984
1274748116663705600
1274746531170496512
1274746187791380481
1274745753139843072
1274729019485884418
1274727170565431298
1274727097207046144
1274725949284560897
1274725163611951105
1274725048457277440
1274724962725658624
1274723540869111808
1274722581845872640
1274722472525529088
1274722037840437248
1274719847604158467
1274717502963056642
1274717448516915200
1274717381156364289
1274717005074042880
1274715845357457409
1274715609369108482
1274714797574107137
1274714080289460224
1274791198818013185
1274790926301499392
1274790229652713472
1274789134297477120
1274788934015475715
1274788777555144704
1274786501189124102
1274784743410806791
1274783850338684935
1274783309571207176
1274782887666221059
1274782761895657472
1274782131361730561
1274781849403961347
1274781834858180611
1274781513113092099
1274781491382403072
1274781328152694785
1274781047914364928
1274780037221408775
1274779654369443841
1274778644548812802
1274778114724442113
1274777355366604800
1274777040638693378
1274776248951148545
1274496911941054464
1274496414303825921
1274496278282465283
1274496148783403010
1274494788348391425
1274493961160339456
1274493766309560320
1274493509366501376
1274493465162899456
1274493453095886848
1274493349991333888
1274492975767265280
1274492835816001543
1274492579686555655
1274635309918179328
1274635216557088769
1274635212870295552
1274635203365961735
1274635180817424384
1274632741750026242
1274631928700788738
1274631121939152902
1274631012551725057
1274630985632690177
1274630601535078400
1274628143182159872
1274628092762472448
1274627900046745600
1274627166253260800
1274626508762624001
1274626335864848384
1274625405505482752
1274625057550069762
1274623989286162432
1274623365634863105
1274622920438902785
1274622294422323201
1274622251908898817
1274620596551368704
1274619837034180608
1274619592518758400
1274618494588518402
1274618285196279808
1274618151670595585
1274618101712056320
1274615912692400132
1274614557038637056
1274613512774529026
1274613390888091648
1274613382667272192
1274613024666632192
1274612801940738048
1274612715823169536
1274612228734570497
1274611794909302784
1274608931566829569
1274607947503538177
1274607253388132353
1274606047584534529
1274605610441588736
1274605158241054721
1274605153212149760
1274558852520792066
1274557642522931200
1274556544856793088
1274556523579092992
1274554784998178816
1274552672499257344
1274552543952109568
1274551365478612995
1274550885465669638
1274547846474317824
1274544742760620032
1274775624347815936
1274775289567031297
1274775229924073473
1274774810862718977
1274774168270143488
1274773931916959745
1274773355112148992
1274772464367742976
1274770592818966528
1274769049709355008
1274768298836705281
1274766788002115585
1274766297503608832
1274765794774302721
1274765577765216258
1274765498945855488
1274765042072813571
1274764656222048262
1274764511753494530
1274764381654417408
1274764078179856386
1274763351612993536
1274763344206061570
1274763032091123719
1274762959047348224
1274762783935074304
1274762600753102854
1274762154659532800
