1258502897865756674
1258502886301958144
1258502862335811590
1258502789023576064
1258502774465138691
1258502753246044160
1258502718999560192
1258502717913403393
1258502716718022659
1258502701664686080
1258502538443325440
1258502499440476162
1258502407090290701
1258502389432225795
1258502366569074698
1258502287590334466
1258502250202349573
1258502231294345228
1258502093826113538
1258501936963354625
1258501878784167937
1258501716280033280
1258501596603920386
1258501562155954181
1258501298909057026
1258501152007733252
1258501129937334273
1258501070210260997
1258500935510343687
1258500884654424064
1258500810155143168
1258500571658665987
1258500484677033984
1258500424920948736
1258500132951261185
1258499943234445315
1258407643556839430
1258407148809121792
1258406595173715972
1258406397533917184
1258405173841584131
1258404424311025664
1258404165325373440
1258401953597526018
1258401464742903808
1258401087104540672
1258400472454610945
1258400284126167041
1258399972560482305
1258398100068151299
1258398040655663104
1258397821692076032
1258397633007190016
1258397111701430275
1258396965093568513
1258396360753270784
1258396185410310147
1258396167441911808
1258395946632740864
1258395201137020931
1258394924124438530
1258394214733316104
1258394170210877441
1258393662456770566
1258393332855775233
1258392864343629824
1258274399289069568
1258273189089538048
1258272809509425154
1258272468051144705
1258271250977349634
1258269997870309377
1258268252976939008
1258268132415729665
1258266648970059777
1258266520704159745
1258266316504473600
1258265423411318784
1258264154214973445
1258263844042027008
1258261223013076992
1258261158013870085
1258260892103262208
1258260791884689409
1258260764973862912
1258260607062749184
1258499843854647303
1258499816277053442
1258499336599678977
1258498841709473792
1258498533528920072
1258498476360564738
1258498461600751618
1258498042866483200
1258497725097803778
1258497325862772736
1258497133004623874
1258496652446498821
1258496292394725376
1258496097485574148
1258496084227342336
1258495549784772609
1258494971528622080
1258494692158853132
1258494570775695368
1258494024408760322
1258494012241006592
1258493970843340801
1258493708401401856
1258493621017378816
1258493552146870273
1258493472593584132
1258493015921815552
1258492830860955660
1258492354853552131
1258491999080124422
1258491852707201025
1258491476373372930
1258491354537168898
1258491345251033095
1258490941100511238
1258490772019609600
1258490560790364161
1258490504733511695
1258490470226780162
1258490292002529282
1258490183323877376
1258490083944157188
1258489833028288516
1258489725230276608
1258489640958427137
1258489604904308736
1258489538751717377
1258489384258670593
1258489278453014529
1258488547604156426
1258488526326374407
1258488455002284032
1258488316720275457
1258488126030467073
1258488037924798466
1258487965896105985
1258487938100465669
1258487712962748417
1258487660726882307
1258487586026291206
1258487484683608064
1258487402127134721
1258487349119463425
1258487294236950528
1258487212800425984
1258487078888898567
1258487030968987649
1258486771534508032
1258486398782509057
1258485790432247809
1258485436588097538
1258485165195698176
1258208312404905986
1258207421173882880
1258207206337462272
1258205690100924418
1258205671469834240
1258201482303811584
1258201288682229760
1258201145748738051
1258199533986643972
1258199239995383808
1258199101239410700
1258197918747484161
1258197559732035586
1258197254684336128
1258196532425261062
1258196080564592643
1258195237765361665
1258193609209282562
1258193399011737600
1258193372851953666
1258292986292719618
1258292486646173696
1258291887493898240
1258290418170634240
1258288198272221184
1258285278134808577
1258283456464687110
1258282050861350912
1258279274991300608
1258279033047060484
1258341082405859328
1258341042543263745
1258340626883653632
1258338870606913536
1258338419685588992
1258338204203331584
1258336803154731010
1258334211775164417
1258333370343399425
1258330942793490435
1258330785637117954
1258330433604988928
1258329950664495105
1258329626662899712
1258329379987488768
1258328471245328385
1258328457722892288
1258328343008731137
1258328224859381760
1258327620112060423
1258327090623123456
1258481759357935616
1258481344071569408
1258480738397233155
1258479523923976194
1258479046142201857
1258477755282468864
1258477396073873410
1258476680806629382
1258476581766529025
1258475739655143426
1258474971485155328
1258474779771879426
1258473061252243457
1258472614877638657
1258472427904008192
1258470832751276032
1258469035538292736
1258467956188753920
1258466752960311308
1258391299838955520
1258391119152525323
1258390755565080576
1258390624665063425
1258390536760840193
1258389791575605248
1258387203086069760
1258385764871737344
1258385075198136320
1258383883973861377
1258382993552523265
1258382773871505408
1258382755605417986
1258382602744074240
1258382569625747456
1258382448339161090
1258382292193550336
1258381797349523458
1258381703460110336
1258381592935968768
1258381302371430400
1258380778611884032
1258380427347271680
1258380148690292736
1258379842178998272
1258379645902340107
1258379409754664961
1258378704025260032
1258376892165455873
1258357520076279808
1258357379747504132
1258356881392914433
1258352997643452416
1258352533308833792
1258351493259776001
1258351482073686017
1258351454852657154
1258350159169126400
1258348501425106944
1258346579230183425
1258345836825673733
1258345762758578176
1258344645358170116
1258441519180193792
1258441443334672388
1258438502368198656
1258437869389189120
1258437057187217408
1258436487990910977
1258434324426305536
1258433829234147334
1258433638649278464
1258433374491992066
1258432931489550337
1258431054299443201
1258428992501288964
1258428191691149313
1258325161780097024
1258325081740189696
1258324862277496832
1258324496756457472
1258323702879576064
1258323533601607680
1258319991193186309
1258318467817668609
1258316822631284736
1258316620801417216
1258313141638901760
1258312872251338753
1258312853150408704
1258312673579511809
1258311309193551872
1258461903283646464
1258461783678783488
1258458438989832192
1258457935459598336
1258457595011973121
1258456603474493440
1258455928480739328
1258453674050936832
1258452329885511686
1258449705660530689
1258448602210451462
1258546910131970048
1258546657248993282
1258546374125076480
1258546263479312384
1258545874033979392
1258545532961619969
1258545063405092864
1258544893120507904
1258544621971312643
1258544300318572547
1258543726969753602
1258543672632590336
1258543495532302336
1258543190702911489
1258542552099074048
1258542413590654977
1258542322121244674
1258542289531461633
1258542203556646913
1258542147889844224
1258542061961109505
1258541879861186560
1258540416976052224
1258539744545239041
1258539743249231872
1258539197557649409
1258538968708087809
1258538885644029952
1258538834746195968
1258538783454031872
1258538743754981377
1258538707734294528
1258538592319582210
1258538564859473920
1258538507632435201
1258538452284403714
1258538420969734146
1258538415114444801
1258538364652761088
1258538353642704896
1258538112940011521
1258537976918761472
1258537900989247488
1258537791002038272
1258537596382113797
1258537160342245376
1258536949410758656
1258536778111148033
1258536530747912192
1258536380021391362
1258536335402385409
1258536251805724674
1258536121094426624
1258535717715623936
1258535572252946433
1258535367080153088
1258535340408598529
1258535243721568256
1258535180693696512
1258535166152065033
1258535103631749120
1258535059969110016
1258535018357420032
1258534960790556672
1258534890238119936
1258534837788368896
1258534683526062080
1258534644514865152
1258534577057890306
1258532303438934017
1258308486389288960
1258306446158114816
1258304644704542720
1258302781263433728
1258302600551817217
1258302389657927680
1258300920682762248
1258299057434513408
1258295552959275008
1258295179074834434
1258515029525028864
1258515004476678144
1258514989779828736
1258514666461949952
1258514251397730304
1258513471588589568
1258513304093253633
1258513141752684546
1258512973611454464
1258512904078254080
1258512838617776128
1258512770028367873
1258512443371696128
1258512322504454144
1258511703894966272
1258511047461236737
1258510892150304768
1258510652076744704
1258509771117744130
1258508851273297920
1258508481692266496
1258507494676037633
1258506791983276032
1258506667957710848
1258505987368947712
1258505604928241666
1258505536246558720
1258505105227333633
1258505074181050368
1258504919969075202
1258504819167371265
1258504769863217152
1258504558017417216
1258504328387706886
1258504194346156035
1258503857820188672
1258503701527965700
1258503664022556673
1258503659106775041
1258503422229262336
1258503385461821440
1258503252351619075
1258503026169589760
1258502905730084864
1258423276067577857
1258423164704440320
1258422511592714240
1258422489274867712
1258422083748417536
1258421860699484162
1258420165538009088
1258419622958809088
1258419210260267008
1258419193394810880
1258418381285449736
1258418260082556931
1258417416247234562
1258416396700090370
1258416242626420737
1258415685887160321
1258415568195072002
1258415339760758789
1258414834850451456
1258414762968395777
1258414688032997383
1258414594034409472
1258414281676259331
1258414236536954883
1258413320866082818
1258412842220388353
1258411985965891584
1258411037537243138
1258410897380442112
1258409855699816450
1258409782857412611
1258409512870051843
1258223573778550789
1258222971564457985
1258221594008150017
1258221542846144516
1258221220190801926
1258220821920833537
1258220596883648514
1258220444580229122
1258219844563947521
1258218909783613441
1258218566752432128
1258218203144052736
1258218114434715648
1258218111632904193
1258217047001047040
1258215073610260480
1258214255540621312
1258211401971032066
1258256130230239238
1258255253331476480
1258255010594541568
1258253834826072064
1258250293713801216
1258247679018139649
1258247657866375174
1258247572558241792
1258247537028464640
1258246634065891329
1258244738706178048
1258244636113375232
1258243193537249282
1258242622885376006
1258241596241383424
1258241435322679296
1258193104039038976
1258192588043096066
1258191110884790278
1258190926695895040
1258190690850398211
1258190566745047040
1258190456472600576
1258190324888985600
1258190198959230982
1258189749962960896
1258189588050280448
1258189064932597760
1258189028098281473
1258188625256333314
1258188301716148225
1258186592503685122
1258186017602891777
1258185941660979200
1258185134047625218
1258530811537584130
1258529879080894464
1258529295334424576
1258528833939992578
1258527924040249345
1258527906457743360
1258527567914520576
1258527547303710721
1258526979730501632
1258526607779618819
1258526344805146624
1258526080823988225
1258525921675378688
1258524712323346432
1258524569477935106
1258524354901536768
1258524132028776448
1258523728033353728
1258523530909511681
1258523478245781504
1258522859015565312
1258520310065754112
1258520084210872320
1258520029529665536
1258519510794919937
1258519367639117824
1258517592634847232
1258517518911598593
1258517480340774912
1258517355145003009
1258517224131719168
1258516975052943361
1258516863656419330
1258516406460506112
1258515971796393984
1258515738324680709
1258375315069579264
1258374901762854914
1258372955865706497
1258370544698888193
1258369916610252801
1258369531866689536
1258369296645963776
1258367680051990528
1258366708009635843
1258366670181216257
1258366405021519872
1258366233868505088
1258366106760339456
1258363970026647552
1258363358039998465
1258363337227763712
1258363217669230596
1258361942844018691
1258361826137575427
1258361194907414528
1258360764475363334
1258360652072189953
1258239648326795269
1258237709518331905
1258236493639942145
1258233741308297220
1258230840858984448
1258230474113257473
1258230134978609155
1258228569022631950
1258226178269347846
1258226003123621888
1258225088224276482
