1281377173430046720
1281377064596041728
1281376939924697088
1281376913873866757
1281376794847911936
1281376753965907969
1281376479939457025
1281376345394688003
1281376173881036800
1281376106726281216
1281376013541347330
1281375991504478210
1281375905638756355
1281375693113380866
1281375491287654401
1281375380327108608
1281375335234379778
1281375313734144000
1281375215990210560
1281375148487184384
1281374687117877248
1281374622403846144
1281374537658048512
1281374529994932226
1281374438022356993
1281374367532879872
1281374352089333760
1281374285295005696
1281374279716700163
1281374207092436993
1281374120693964803
1281374034417070083
1281373950547824642
1281373838027128833
1281373836336930826
1281373831941300225
1281373708247072768
1281373623752642560
1281373584670314496
1281373525576544257
1281373447503974411
1281373415274938368
1281373340876374019
1281373315681202181
1281373125263921153
1281372913241853953
1281372783964905472
1281372730722484227
1281372551713894401
1281372473188122625
1281372316459339776
1281372303968722944
1281372268569022468
1281372266551480320
1281372252756422664
1281372106824065026
1281372097126834177
1281372058275000322
1281372030814822406
1281371986929704960
1281371856251977729
1281371788056956928
1281371595425153026
1281371580740726784
1281371573618958336
1281371483634368512
1281371462839017475
1281371214137774081
1281371208894693378
1281371147809050627
1281371049381298178
1281371012597198849
1281370977562234881
1281370962957668359
1281370900730871808
1281370890857586688
1281370870594904064
1281370796468736001
1281370725811552256
1281370449893568513
1281370376644317184
1281370319505313792
1281370279600513024
1281370270851375104
1281370104052224000
1281370037870374912
1281370030836506624
1281369957725401088
1281369904088862721
1281369711645618177
1281369498138763264
1281369391289044992
1281369256806973440
1281369148392640520
1281369025931546627
1281369008760131587
1281368934944518145
1281368840975331328
1281368837661884416
1281368824537899008
1281368607491072000
1281368548028420106
1281368421653856257
1281368367664787458
1281368366410862593
1281368272273903617
1281368256809447425
1281368127985651717
1281368040689426432
1281367996821274624
1281367936611934209
1281367903497904129
1281367618625175553
1281367567538499586
1281367519497003008
1281367466040610817
1281367460369883136
1281367418619727872
1281367405952929792
1281367405781028864
1281367350462144513
1281367289804333057
1281367274151182336
1281367252034400256
1281367235198693376
1281366979526500353
1281366952963792898
1281366902569402371
1281366782050172931
1281366758918623234
1281366568337801223
1281366562054840322
1281366461806673921
1281366439878733824
1281366271024443392
1281366270781411333
1281366270680551424
1281366233166815235
1281366122789470208
1281366113864081409
1281366111234260992
1281366091902734336
1281366090862518277
1281366064094420992
1281366015922905088
1281365953738153997
1281365906266796032
1281365750721241089
1281365646207377408
1281365632156459008
1281365541870088192
1281365540653727744
1281365200650682368
1281365191276535808
1281365174235037696
1281365072455950336
1281365034514489347
1281365020509474816
1281365007532388353
1281365001232498689
1281364980063858688
1281364965581099011
1281364853882531846
1281364655571480577
1281364553469657089
1281364466614116354
1281364440655384576
1281364386494533632
1281364335936155648
1281364269913608194
1281364229178699781
1281364160618491904
1281364086324953089
1281364005974691846
1281363908599730176
1281363782556692481
1281363628839407616
1281363574313627650
1281363547117715456
1281363517040242688
1281363502616190976
1281363271417827328
1281363189226262529
1281363150479282176
1281363100491341829
1281363009215123459
1281363007843504131
1281362999417212931
1281362886841872385
1281362869490200578
1281362853308448770
1281362637218086919
1281362565835218946
1281362513364496384
1281362498017361920
1281362472071565318
1281057377626853378
1281057325932052480
1281057314544336896
1281057239944617986
1281056872003448832
1281056864004968449
1281056184125001729
1281056117641134081
1281056087173746689
1281055747938439168
1281055371407306754
1281054985095122948
1281054965067395072
1281054772758339584
1281054652927225856
1281054565844959232
1281054521087725568
1281054493770162178
1281053811881041920
1281053792650362880
1281053784886718465
1281053604980428801
1281053543445573632
1281053529793335297
1281053021753966593
1281052681608531968
1281052681033875457
1281052553636122624
1281052434052374529
1281052377936793601
1281052284391211009
1281051752964423680
1281051660845015040
1281051657636319232
1281051367310864384
1281051208522874880
1281051079770284032
1281051069930487810
1281050619302891521
1281050577003335681
1281050208995086336
1281049964932710400
1281049884431282176
1281049644185923585
1281049599688540160
1281049484013662208
1281049450815741954
1281049275313590274
1281048974607085569
1281048783963340800
1281048746319646721
1281048486339842050
1281048441007661056
1281048393092149253
1281048285566951426
1281047949217345536
1281047751917174784
1281047680077029376
1281047666802126848
1281047405404860416
1281047328971870209
1281047278497591296
1281046973559291907
1281046941426544640
1281046885449465856
1281046718000304129
1281046675159539712
1281046191237672965
1281045975696629760
1281045974018928640
1281045776832045058
1281045761212497920
1281045668086206464
1281045569260015616
1281045544811429888
1281045412909133825
1281045362044743684
1281045286501191680
1281045190724202496
1281045164694228992
1281300299672518656
1281300270383861760
1281300125118316549
1281299981253644290
1281299976216338435
1281299963536986113
1281299950303883268
1281299915507822592
1281299896147025920
1281299791130042368
1281299780375916544
1281299769277607936
1281299698054311936
1281299621566791681
1281299618261872651
1281299603027947520
1281299597093003265
1281299595734052864
1281299593418792960
1281299544936980488
1281299462560899073
1281299420462497792
1281299377127149569
1281299279324295177
1281299223527464967
1281299218242699264
1281299171379744768
1281299146390020097
1281298989808332802
1281298965741395968
1281298933059371011
1281298887328833536
1281298875077156864
1281298855275966473
1281298848179195904
1281298791812018176
1281298783939239937
1281298748149305347
1281298729425829895
1281298686245363717
1281298649205608455
1281298582860111873
1281298528023851008
1281298448772476929
1281298372196839424
1281298336369295364
1281298334083317761
1281298290466623489
1281298289753681922
1281298193884553217
1281298175811293184
1281298161139580936
1281298122224865280
1281298099122642944
1281298029018902528
1281298021733539841
1281297957451468801
1281297859145601025
1281297833228824576
1281297470774038528
1281297436053393408
1281297258600960001
1281297239428734976
1281297224467648512
1281297000537960451
1281296932888068097
1281296849488564224
1281296800549408769
1281296712431173632
1281296707104342016
1281296639731404800
1281296631372152836
1281296576175124487
1281296555186716672
1281296472084869120
1281296471300530176
1281296470591692802
1281296423242227712
1281296304270966786
1281296205126008834
1281296153305366534
1281296139116064768
1281296132790988803
1281296018592501760
1281295944978489352
1281295825520467976
1281295815772901376
1281295812316794880
1281295731970772993
1281295717982777344
1281295710810525697
1281295705395650560
1281295702161854469
1281295611355107328
1281295521295093768
1281295512042385408
1281295495047061510
1281295453288570886
1281295392148250625
1281295365971607552
1281295357205450757
1281295337122967552
1281295334891814917
1281295311663697922
1281295278042157056
1281295276037279747
1281295262066106368
1281295260702830598
1281295240780005376
1281295167392268288
1281295100388220928
1281295029890400257
1281294928123920389
1281294909656489984
1281294860994129924
1281294859010277381
1281294845580099584
1281294832196038657
1281294828970672128
1281294805893611522
1281294721177042959
1281294695436554245
1281294613274333184
1281294610057302016
1281294596153147393
1281294590146945025
1281294572853710848
1281294537403572226
1281294505547894785
1281294496764956672
1281294419417759747
1281294404427358210
1281294296507756544
1281294253566590979
1281294249963728901
1281294202630836224
1281294180581552133
1281294175380467712
1281294172906049536
1281294066282491904
1281294034103791616
1281293972447657991
1281293954747699200
1281293943037202436
1281293902096535558
1281293901425303552
1281293887584088064
1281293882672713733
1281293859750842369
1281293835042271233
1281293803182161920
1281293799327625217
1281293730880925697
1281293656893333510
1281293589943812098
1281293586194223104
1281293472293675010
1281293464882348036
1281293445324308480
1281293304966103040
1281293232471769088
1281293209176625152
1281293104075747328
1281293083569782785
1281293010173640704
1281292931316547585
1281292918712565761
1281292901125890049
1281292837561171968
1281292832360353792
1281292819634716672
1281292807127343105
1281292755625488393
1281292741331374082
1281292730430349312
1281292687640010759
1281292647919947776
1281292528424235009
1281292521625264130
1281292503384313856
1281292430201851904
1281292404952309766
1281292311792680960
1281292285515268096
1281292237100527623
1281292208667271168
1281292125242523648
1281292118816849925
1281292098017398791
1281292095920263174
1281292068489515008
1281291996150272003
1281291968807448576
1281291732236357633
1281291726330748930
1281291621783535618
1281291543458877440
1281291530150514688
1281291503432761344
1281291482201292800
1281291396356464640
1281291372163674113
1281291309001650177
1281291185575931904
1281291168375062528
1281291150511558656
1281291107624726529
1281291035461722117
1281291025021976577
1281291001760530433
1281290947989569536
1281290807815913472
1281290804548558849
1281290802644357121
1281290773330354176
1281290610704515080
1281290605868593154
1281290578492301314
1281290512935387136
1281290423890325505
1281290324636139520
1281290315312386049
1281289986558459904
1281289884519538689
1281289774305861632
1281289772414021632
1281289683629195264
1281289608056242181
1281289605770285058
1281289548270571520
1281289448634880001
1281289443232579584
1281289410785488897
1281289354531483648
1281289348571377749
1281289290404618241
1281289257416568832
1281289198339850246
1281289185211662337
1281289167683584000
1281289141871710208
1281289126298488832
1281289068026847233
1281289052507996160
1281289019222102016
1281288900124856320
1281288850443288581
1281288840121135105
1281288766406057984
1281288764904689666
1281288760156536833
1281288757174366208
1281288540303867905
1281288443126059009
1281288398372663296
1281288378240155649
1281288333558190082
1281288268244553730
1281288246593495041
1281288213357826049
1281288187965407233
1281288168965316609
1281288167178600450
1281197529049124864
1281197497482788864
1281197334748110856
1281197326665682944
1281197318713286657
1281197059328991238
1281197011975487491
1281196921047207937
1281196858405240840
1281196791321497601
1281196683649564672
1281196658882117632
1281196508935847944
1281196485267214336
1281196406091333634
1281196333077082115
1281196303112962049
1281196233621716992
1281196145973301249
1281196104525189120
1281196077471989761
1281226212476583937
1281226055861153793
1281225741934485511
1281225733558452226
1281225724695769088
1281225718219837444
1281225657310216192
1281225625869725697
1281225607544811520
1281225599076499456
1281225329776918533
1281225130161700865
1281225049635201025
1281225041745776642
1281225038247735296
1281224960388849665
1281224950880391169
1281224313669025794
1281224244660252683
1281224040670085124
1281223975792762880
1281223957849559040
1281223905080999936
1281223567515025410
1281223563983216640
1281223530567348226
1281223411356905472
1281223399054942216
1281223367669026821
1281223360135999489
1281223143365935106
1281223077540564993
1281223074088706048
1281223036335767555
1281223012667101184
1281222970183168003
1281222961064816647
1281222943536791552
1281222895457521666
1281222826805075972
1281222749592174596
1281222702452412416
1281222691924705281
1281222672605642756
1281222597162807298
1281222520469938182
1281222490971398145
1281222361832882177
1281222269315022856
1281222258569117699
1281222253666066432
1281222236414701569
1281222225199276032
1281222161273884673
1281222118127144964
1281222114025054208
1281222075043262467
1281222017358888963
1281222010543063042
1281221933170921473
1281221904788066310
1281221705290207232
1281221688194215937
1281221673241522179
1281221648952307715
1281221637493395456
1281221635136159749
1281221627422871552
1281221436816924672
1281221395977056262
1281221375395414017
1281221279756939264
1281221214892183552
1281221179370586112
1281221144247492608
1281221136492236800
1281221072877019136
1281220966291472387
1281220905994248192
1281220886977302529
1281220861106827264
1281220763840851969
1281220515445837824
1281220467462995968
1281220320062554113
1281220164785225734
1281220157663256577
1281220151988424718
1281220068832153600
1281220053426483201
1281219977324965897
1281219961537605635
1281219911931625473
1281219764015300620
1281219712140095491
1281219710990901250
1281219570649399297
1281219549304512513
1281219499224641539
1281219436716982272
1281219407956414464
1281219321927172097
1281219314612396032
1281219265241088000
1281219145070194688
1281219132223107072
1281219024802787330
1281218932091817999
1281218823933353985
1281218715762253826
1281218707168124928
1281218704722653185
1281218683562409987
1281218438925615108
1281218315810230277
1281218310122754050
1281218306062594051
1281218230506459136
1281218211044904963
1281218088176889859
1281218009319833600
1281217928373825536
1281217904621481986
1281217894634921984
1281217859054645249
1281217836929687553
1281217786006704128
1281217767794974721
1281217757732835330
1281217756533309440
1281217711805169664
1281217710978990082
1281217569899372545
1281217491235041280
1281217426676301825
1281217391171702787
1281217373467443202
1281217343113146369
1281217301635895297
1281217189798961152
1281217172761649152
1281217130822762498
1281217046760624129
1281216828627443715
1281216813162954754
1281216784700289024
1281216688969715714
1281216660477706241
1281216646057586688
1281216515270991872
1281216502801272836
1281216460703043584
1281216419879890949
1281216289973964800
1281216245023440897
1281216186756333568
1281216102513676288
1281216051246759937
1281216038269566978
1281215877992587267
1281215839837052929
1281215807821881344
1281215760157868032
1281215744798339073
1281215704075841543
1281215693912973313
1281215684303826944
1281215657082675201
1281215637952573451
1281215551591727105
1281215487381245952
1281215446633627649
1281215353113260039
1281215348893605888
1281215340370935809
1281215223530127360
1281215148414427136
1281215062343061506
1281215005145399296
1281214972866035717
1281214899364954115
1281214760118345729
1281214715239313409
1281214665637404680
1281214638881943553
1281214637552394241
1281214624730353665
1281214589821214729
1281214536008302592
1281214530559766529
1281214468257722369
1281214456278777857
1281214406043537408
1281214398472712193
1281214341140942848
1281214267514146818
1281214266390036485
1281214232953081864
1281214227345178629
1281214191987306496
1281214138480504832
1281214117790003202
1281214064551768071
1281214049653420032
1281214029009244161
1281214000160792576
1281213938965905408
1281213893486899200
1281213791838052354
1281213764700901376
1281213751639920643
1281213637470887937
1281213634799194112
1281213567786762240
1281213504486117377
1281213456302190594
1281213452594356229
1281213435334791168
1281213372206374913
1281213362752421889
1281213356347662338
1281213330309464068
1281213300655693824
1281213247417352192
1281213246385598465
1281213186872672257
1281213030165086213
1281213027082215431
1281212848241287168
1281212802477088768
1281212773704310790
1281212766288850944
1281212760706162689
1281212729609596928
1281212597803646981
1281212502639083528
1281212465355816965
1281212409810649088
1281212363161718785
1281212240306331648
1281212237999419395
1281212237625954305
1281212181141430272
1281212156856299526
1281212129849171968
1281212123985608706
1281212004448047105
1281211945761333248
1281211812596375553
1281211571495153664
1281211533662584832
1281211509196984323
1281211301436497921
1281211188118982656
1281211182351814657
1281211148742819841
1281211130959052803
1281026913943711745
1281026712617222149
1281026546191474694
1281026451421245440
1281026433452781569
1281026378683625480
1281026113909579776
1281026037199982592
1281025919692337152
1281025869377650689
1281025800746270722
1281025354258407424
1281025290010058755
1281025260419194881
1281025152466247686
1281025133700763649
1281025016470163456
1281024873360482305
1281024771728322560
1281024763897544705
1281024735007191040
1281024427191177216
1281024307121053696
1281024035770564609
1281023968825270275
1281023785538392066
1281023605392932880
1281023493816139781
1281023363297746953
1281023219936436230
1281023030018273283
1281023004663742466
1281022994933002241
1281022588978966528
1281022576295325698
1281022573199925250
1281022328239992834
1281021676906405889
1281021631050264576
1281021608291733504
1281021595356520450
1281021535520784392
1281021509310590978
1281021381778509824
1281021269706752000
1281021256049979393
1281020993650200576
1281020790624813057
1281020768873263104
1281020593308131328
1281020584260861952
1281020550949646336
1281020408360140800
1281020269138792451
1281020240562991111
1281019858084397056
1281019343187271686
1281019269174775810
1281019227324010496
1281019095815684096
1281018997731921921
1281018913644589067
1281018847190036481
1281018625818648576
1281018574447017984
1281018485716312064
1281018013047644161
1281017901546381312
1281017774110920705
1281017654460002304
1281017595211264000
1281017374506917888
1281017252154732545
1281017233116934146
1281017176418398208
1281017125084311552
1281016987376742402
1281016937267507205
1281016916497313793
1281016875980410881
1281016847828226048
1281016766756524032
1281016759538122753
1281016677472391168
1281016572526710784
1281015809683251200
1281015599171276801
1281015595903803392
1281015593638825985
1281015247948533761
1281180689665265664
1281180664327536641
1281180481485225986
1281180447314190338
1281180316674281477
1281180211967602688
1281180204879118336
1281180084922089472
1281180025828630530
1281179988805292032
1281179753861582848
1281179654401949698
1281179574336983045
1281179557941428236
1281179543487856641
1281179403075149829
1281179400487219203
1281179254105886721
1281179222892036096
1281179015685066754
1281178952380420097
1281178921598431232
1281178803352600576
1281178768263000064
1281178678098104322
1281178327194066944
1281178164375572481
1281178151624810496
1281177997203169280
1281177878043000833
1281177667581161474
1281177585452531715
1281177405579804678
1281177251170725889
1281177049877688320
1281176941890899968
1281176481541095424
1281176480266039296
1281176305866690560
1281176302188408837
1281176268923256833
1281176093425369088
1281175761597104128
1281175633016610816
1281175259190824962
1281175134871654400
1281174939303886848
1281174826036670467
1281174700379435008
1281174676090257409
1281174631337144321
1281174296656842753
1281174220936970242
1281174198422048768
1281174127609552896
1281174040485527553
1281173957056528389
1281173900660035587
1281173889079562245
1281173866530955265
1281173557079412737
1281173450770591744
1281173347301277698
1281173332595896320
1281173299788017666
1281173155567058944
1281173081906610176
1281173056027754496
1281173038361448449
1281172977833443328
1281172908363206656
1281172821855567875
1281172757850607621
1281172675294085121
1281172438848438272
1281172299400396800
1281172152838955009
1281171917173665793
1281171608196001792
1281171601791365121
1281171440486711297
1281171246542213121
1281171029725937664
1281170703266578432
1281170507874947073
1281170498899054592
1281170480075100160
1281170318418235394
1281170214600667137
1281169913684598785
1281169737045676032
1281169468085985280
1281169341535473664
1281169325240565760
1281169135351848960
1281169096290136064
1281169044742291457
1281169038153039872
1281168945802874881
1281168859618295808
1281168764323717122
1281168726755356673
1281168582051692545
1281119097443368964
1281118783688630272
1281118315931480064
1281118309027545089
1281117912082927617
1281117632268316673
1281117609686073344
1281117473635479552
1281117146353983488
1281117100854194176
1281117069358989318
1281116994868256773
1281116667158974464
1281116506328313856
1281116489215549440
1281116335485915136
1281116272021901312
1281116148004720640
1281115855485407233
1281115770160852992
1281115698933239808
1281115596193660930
1281115438034776064
1281115403914223616
1281115315112497152
1281115258036187137
1281115189212057600
1281115095448170496
1281115054193008641
1281114861095710720
1281114774617677824
1281114759639826439
1281114706552463362
1281114517796204545
1281114390603935744
1281114361365270529
1281114308760535040
1281114304960397312
1281114223821516800
1281114012110008321
1281113710535327744
1281113591488356352
1281113506645868545
1281113354740916225
1281112909553246213
1281112848660344832
1281112847263641600
1281112809237962753
1281112640341733377
1281112550881603584
1281112523484336133
1281112426667261952
1281112339320909824
1281112304067674119
1281112228976967681
1281112199122092032
1281112191048060928
1281112189986836481
1281112048139526144
1281111811811618816
1281111737580818433
1281111582815080449
1281111524648550401
1281111485150789633
1281111318276141058
1281111245287051264
1281111233924665344
1281110691768754181
1281110557786091521
1281110546410958848
1281110528014901249
1281110377955315714
1281110310351331328
1281110230982635521
1281110168181317632
1281109675207991297
1281109579326271489
1281109524850413568
1281109445196406785
1281109433863397376
1281109208981798912
1281109131051634689
1281109057571442688
1281109017163694080
1281109011048300544
1281108788364431361
1281108648534568962
1281108600228925441
1281108527197622272
1281108469307846656
1281108250281345032
1281108227342700546
1281107933393289216
1281107852942143488
1281107653880614918
1281107619336409091
1281107543910211591
1281107435772575745
1281107263818792961
1281107249595920384
1281107163033874432
1281107063003738118
1281106847269781504
1281106710455816192
1281106678553948160
1281106163421966337
1281106123848908800
1281105947348406273
1281105784227524609
1281105739730255872
1281105463589982209
1281105407272984577
1281105086534447104
1281104793403039744
1281104765552865280
1281104583008358401
1281104515429777409
1281104375524532224
1281104329085267969
1281104216614817792
1281104208322756612
1281377549562654720
1281377405697953793
1281377355232092163
1281377314706722822
1281377247442751490
1281377219282178055
1281310817212915718
1281310765081931779
1281310643988070400
1281310630100848640
1281310531052158977
1281310510693179392
1281310492682792960
1281310441788981248
1281310164633767937
1281310012976087041
1281309925445120000
1281309919090749446
1281309910290948097
1281309909045346304
1281309898027028480
1281309879752437761
1281309833258586119
1281309730162515968
1281309719286689798
1281309552085000193
1281309537648115714
1281309506232877057
1281309496543981568
1281309416625778694
1281309397210271744
1281309362989010946
1281309307888418817
1281309271041495041
1281309217647968258
1281309135439618054
1281309128842006529
1281309128829198336
1281309069731602434
1281308978060935169
1281308927485935618
1281308879280881671
1281308826462011394
1281308709612859405
1281308649156206593
1281308631510679554
1281308545267511303
1281308417802584064
1281308413364801537
1281308409539649541
1281308393018441735
1281308368947286016
1281308331781447680
1281308317306978304
1281308259186552832
1281308257882042369
1281308100566253569
1281308039274991617
1281307992915415047
1281307973059522562
1281307968257040387
1281307833040953344
1281307822651846656
1281307702795304961
1281307665742864395
1281307646256197647
1281307595362521089
1281307558368739329
1281307540635160576
1281307505549881345
1281307442933104645
1281307420996837377
1281307413564588033
1281307360011657216
1281307317846368259
1281307311047430144
1281307272392716290
1281307180843413506
1281307176234102790
1281307160962576391
1281307155522482176
1281307134211305474
1281307131140927488
1281307128146395136
1281307105178398720
1281307066204852225
1281306976778158082
1281306976161423360
1281306907790069763
1281306800176979974
1281306762772123654
1281306654311616512
1281306514834092032
1281306507368263681
1281306472790593536
1281306413680275458
1281306328527450115
1281306277340217344
1281306263394103302
1281306239323066371
1281306111555989504
1281306062193188865
1281306056543686657
1281306054853365760
1281306041406255104
1281305979037122560
1281305919767248896
1281305918852874240
1281305866432589831
1281305744873345029
1281305728465211392
1281305708655292417
1281305693321035777
1281305635179712515
1281305625406828544
1281305577042464768
1281305544272359424
1281305526056484864
1281305475179401216
1281305405294096385
1281305287123755011
1281305280840634368
1281305251455422465
1281305226281189377
1281305225643675650
1281305218945179648
1281305205439631360
1281305010555490310
1281304948618264579
1281304938396610562
1281304933275484161
1281304763859116032
1281304720213229568
1281304703293362176
1281304700248350721
1281304683836047362
1281304660733820928
1281304656967356425
1281304577602658309
1281304533604478976
1281304439731752968
1281304374791172096
1281304373851639808
1281304352926445568
1281304286383792128
1281304281115701248
1281304264820883463
1281304162190405633
1281304110176894977
1281304100328615936
1281303944073863169
1281303938113982467
1281303924792795136
1281303816529420288
1281303654843191306
1281303631606808576
1281303585763008513
1281303584462774273
1281303546940362752
1281303472613326848
1281303448156172288
1281303397417787394
1281303384541343744
1281303356498198528
1281303305969438721
1281303249925148677
1281303180865933312
1281303148854902785
1281303121642139648
1281303096379965443
1281302912891785217
1281302535295373317
1281302531390484483
1281302526126686210
1281302495159963648
1281302488683962368
1281302433000456192
1281302395041968128
1281302368072523777
1281302326041382912
1281302290650071041
1281302252364455937
1281302232797900800
1281302205740564480
1281302202691223552
1281302123670618112
1281302101620961280
1281302063780003840
1281302038509322241
1281302031420907521
1281302014396379137
1281301954795356160
1281301954002550786
1281301881063649287
1281301873656565762
1281301872259657728
1281301833777102849
1281301696321392642
1281301542193311744
1281301509351919616
1281301437461475333
1281301378774622208
1281301354078711811
1281301272898011139
1281301248336158721
1281301155650449408
1281301021226971138
1281301007587311617
1281300964520140800
1281300879212269570
1281300763235532800
1281300759523610625
1281300733154000898
1281300643173617665
1281300601113055232
1281300583396278283
1281300533064732672
1281300530292314112
1281300495106215939
1281300491209715712
1281300486360985600
1281300463682572289
1281300463091159041
1281300403750084608
1281300391079088129
1281300370916904960
1281300355129769984
1281300342521683970
1281300321332072450
1281044642826522626
1281044394385252353
1281044391449198593
1281044381257138177
1281044296196554757
1281044231994425345
1281044181927018497
1281043937948585984
1281043640668884992
1281043382148751360
1281043079307374593
1281043056733683717
1281043047615287301
1281042964505071619
1281042919168675840
1281042758271197184
1281042681066594305
1281042543640227841
1281042289654140930
1281103760765456385
1281103734408245248
1281103334938681344
1281103206274215937
1281102984756199424
1281102788433530881
1281102595365322753
1281102214698844161
1281102160286056448
1281101975728390145
1281101955998179328
1281101522256965634
1281100926346878979
1281100552911286272
1281100323491381249
1281100205421715456
1281100151407308801
1281099996528549890
1281099892606156800
1281099762813394944
1281099688310042624
1281099639509389313
1281099608677068801
1281099595200806912
1281099457057173504
1281099259916554240
1281099099530551297
1281098841652158465
1281098695195295744
1281098638454853634
1281098499434700800
1281098309877276677
1281098211915153408
1281098064179200000
1281097843927928833
1281097739972026369
1281097622397366273
1281097321820848130
1281097116144656386
1281096882354348032
1281096776913752064
1281096336016842753
1281096097016852480
1281096015723008000
1281095985435983872
1281095955899535360
1281095689443987456
1281095217844805632
1281095119920193536
1281094779368022017
1281094679673499648
1281094519463780352
1281094350626263044
1281094129817190404
1281093977488277505
1281093936182894593
1281093874371493888
1281093872949563392
1281093710856376321
1281093261331968000
1281092856220839937
1281092645662584832
1281092582748180480
1281092008241700864
1281091753773154304
1281091565092352001
1281091506883813376
1281091360276262914
1281091296984289281
1281091107422638081
1281091091328991234
1281090921233293312
1281090724273029123
1281090530558963712
1281090399973658625
1281090318998269953
1281090091583188993
1281090090727550978
1281089929192239104
1281089915195994113
1281089883742670848
1281089811688849408
1281089209806151680
1281088943560294400
1281088940800446465
1281316949234987009
1281316941567836161
1281316796847525894
1281316749271617537
1281316736315334656
1281316699413680128
1281316611136389128
1281316604710653952
1281316525136384005
1281316507033702403
1281316412909400069
1281316376897040386
1281316215508668417
1281316135636525057
1281316102782377990
1281316067315527680
1281316055206580227
1281315986776432647
1281315971001696256
1281315936235073536
1281315916966326272
1281315912856076288
1281315874733993990
1281315813056827392
1281315744752570370
1281315684983508992
1281315597012402182
1281315554846846976
1281315521682722817
1281315487197073410
1281315442124980224
1281315424601333762
1281315417869488128
1281315414035873800
1281314998359412742
1281314974992699392
1281314974351196167
1281314790326091777
1281314766359875590
1281314715801657344
1281314712282529792
1281314688630956035
1281314621782061056
1281314498998079490
1281314482875219970
1281314440919396354
1281314433256603650
1281314413027393536
1281314405662232578
1281314379120676864
1281314362259648514
1281314294785806343
1281314252633133056
1281314239068753920
1281314224883601408
1281314144277483520
1281314135217778688
1281314134500560896
1281314124845236230
1281314096315392000
1281314007245340673
1281313938458775555
1281313821857132544
1281313784280215552
1281313750235205633
1281313631985004544
1281313630454153218
1281313435125534722
1281313433602965506
1281313386031087618
1281313184310329344
1281313125665591296
1281313048385421316
1281312986825662465
1281312956941316096
1281312881817116672
1281312814108413952
1281312645262585856
1281312482842292224
1281312333642465291
1281312312305934336
1281312250041688064
1281312175139753987
1281312169947168770
1281312162519056385
1281311979035144194
1281311810914783232
1281311729109086209
1281311711287525376
1281311664651096071
1281311646573629440
1281311644547776513
1281311586204831744
1281311567951335427
1281311567896870923
1281311546732232704
1281311534636040195
1281311488620331010
1281311481594818560
1281311429178474496
1281311424887681024
1281311418957139968
1281311361214136320
1281311230347657216
1281311221770096641
1281311089268002817
1281311084402614275
1281311055868760065
1281311038588293120
1281311033995509760
1281311006115762176
1281310989477167105
1281310976223084544
1281310908309004290
1281288022349266944
1281287837200113667
1281287825158287360
1281287805696524289
1281287773966630912
1281287760616329218
1281287755662798851
1281287726642405377
1281287505615044609
1281287405123678208
1281287361012338694
1281287334122737664
1281287276669083653
1281287234310807553
1281287225276317696
1281287213792276480
1281287213792268289
1281287158704324608
1281287151154458624
1281287137967722498
1281287066840637444
1281287055448956931
1281287013828829190
1281286988113612800
1281286908849598467
1281286866394918915
1281286802742140937
1281211099715481601
1281211043545583617
1281211020317319169
1281211016622166017
1281210822656774144
1281210657103372290
1281210506217492481
1281210455525134337
1281210455478931456
1281210410901921792
1281210327334629377
1281210173462282241
1281209986916507651
1281209851104899072
1281209742338199552
1281209556136124417
1281209389299482625
1281209306726068225
1281209235632721920
1281209185603129344
1281209072843460608
1281209048600317953
1281208953708388353
1281208872741584898
1281208756727091201
1281208508801744904
1281208488644022272
1281208461750161408
1281208010560471040
1281207915274211329
1281207910538805250
1281207819421827072
1281207772714057728
1281207746130518016
1281207726840909825
1281207726312472586
1281207519730438144
1281207471432925185
1281207314821906438
1281207281619787776
1281207247515922432
1281207181816279041
1281207026480111616
1281206938781528064
1281206891364958209
1281206864739524608
1281206824482607106
1281206821630423041
1281206819160031240
1281206816769060864
1281206593766506497
1281206585646350342
1281206489361743872
1281206299368308736
1281206253482659845
1281206244531998720
1281206152378843137
1281206107147468812
1281206070254370817
1281206029582323717
1281205955120726018
1281205945025138699
1281205930626072577
1281205789865238529
1281205642909360128
1281205584088440832
1281205532452425730
1281205519999537152
1281205246598033410
1281205131611123715
1281204984873250816
1281204766689955842
1281204737778515969
1281204706581381122
1281204676160114689
1281204660842508294
1281204591783112704
1281204501609734145
1281204290015633410
1281204287520100358
1281204239591759875
1281204204296704008
1281204201033478144
1281204096977055745
1281204025803911174
1281204011207495681
1281203973622501378
1281203732068225025
1281203708232118278
1281203704876675074
1281203630532632586
1281203546432684035
1281203452014665733
1281203419085254658
1281203412391075842
1281203355344347139
1281203282527076356
1281203233537622016
1281203221415985153
1281203084883046405
1281203066562363392
1281203007430856704
1281202974484836352
1281202813599694853
1281202803076104193
1281202753033900033
1281202679969206272
1281202629033562112
1281202597697933313
1281202585660280835
1281202409432395777
1281202358047801348
1281202351311851520
1281202224526491661
1281202200698597377
1281202197582118917
1281202195715817472
1281202110697218051
1281202050517340170
1281201713156890625
1281201670811246593
1281201637747560451
1281201559091568641
1281201553081327619
1281201447263182852
1281201312626102277
1281201308771500034
1281201033159544833
1281200987328389120
1281200865320275968
1281200563456278528
1281200420568944645
1281200366881837058
1281200176426676225
1281200103341031425
1281200015457882112
1281199903989956608
1281199825019682822
1281199664373682184
1281199572174417923
1281199510304284673
1281199236600803328
1281199081243672578
1281199005859487744
1281198918370578433
1281198861067997187
1281198816084013056
1281198678531870720
1281198624953769985
1281198601452961794
1281198433962000384
1281198400264863744
1281198378832052227
1281198309563080709
1281198259080499205
1281198199349248002
1281198175269740545
1281198174779162624
1281198130034343936
1281198111692644353
1281198088024199169
1281198067996397569
1281198021095686145
1281197933577351170
1281197861959581696
1281197768586006528
1281197714315907072
1281197705025519617
1281197701711921153
1281197697517514753
1281197693189132290
1281197585743646725
1281197534736777217
1281165591546560512
1281165590560796672
1281165411896233987
1281165306979893249
1281165281746976768
1281165212805201920
1281165142831566849
1281165123789488129
1281165086917304329
1281165030751420418
1281164813620645888
1281164772403265537
1281164646767042560
1281164535932448768
1281164506056531968
1281164504370499584
1281164356101853184
1281164262229053441
1281164257254653958
1281164225923211264
1281164201202003968
1281164007790071808
1281164005956923392
1281163702910115841
1281163425171701761
1281163311921455105
1281163138587656192
1281163122477355009
1281163057079693312
1281163045813784576
1281162923914780677
1281162705978617860
1281162693458702336
1281162589762961409
1281162533974523905
1281162528836517889
1281162447882248197
1281162400650190849
1281162395726106624
1281162290490982401
1281162253845188608
1281162244282183680
1281162120474898432
1281161886684282881
1281161865628770307
1281161804358582272
1281161521695985666
1281161448736071681
1281161422391504897
1281161373003767809
1281161362920652800
1281161278845747200
1281161033013497856
1281160939388076032
1281160807938699267
1281160736077725697
1281160720294514689
1281160695636267010
1281160637666689026
1281160635917705217
1281160376466526209
1281160209579290624
1281160181976494080
1281160162783268864
1281159979429494790
1281159841390747648
1281159819081236480
1281159710222188545
1281159691301728256
1281159619721691136
1281159568115056640
1281159368575193088
1281158783406833671
1281158707393544193
1281158614946897920
1281158516510777347
1281158394561409030
1281158049080774657
1281158035705036800
1281158012892307457
1281157836874153985
1281157768314007552
1281157746189111296
1281157718561062912
1281157586713223168
1281157386187800578
1281157329833070592
1281157275248279552
1281157193300131846
1281157167081566208
1281157144671330306
1281157141873799170
1281156983673032705
1281156919789584384
1281156897874358272
1281156785680736256
1281156623629770753
1281156506579341312
1281156212487159809
1281156071252545536
1281155892818276353
1281155892344430592
1281155781426065410
1281155761134096384
1281155617353273348
1281155603528732672
1281155336406106113
1281155220307836928
1281155073775714304
1281154989306662912
1281154938186412033
1281154922822672384
1281154877893357569
1281154856741412865
1281154827687518208
1281154659273502721
1281154639245774848
1281154528276918272
1281154525152399360
1281154487110062080
1281154398819926016
1281154351378169856
1281154173363421184
1281154106237825024
1281154093378154497
1281153882593341440
1281153704402526209
1281153672693440513
1281153638933528576
1281153637557964800
1281153546885496832
1281153407424790528
1281153116260491264
1281153062279806976
1281153003882450944
1281152903101759488
1281152868188393472
1281152752379465728
1281152685950087169
1281152616991424512
1281152569558159360
1281152519960326144
1281152486649233408
1281152446249734146
1281152437215207424
1281152395393851394
1281152367765962752
1281152168632946689
1281152007647133696
1281151962730262528
1281151858531328002
1281151842119024640
1281151830639116289
1281151676964130816
1281151590347538433
1281151553244553216
1281151337766416384
1281151328245428224
1281151195957116928
1281151107520061441
1281151009620983808
1281150851348905984
1281150824023035909
1281150726375342080
1281150645987356678
1281150514038702080
1281042119097028609
1281042116962070528
1281041739202035717
1281041631496593408
1281041469806194689
1281041395046891520
1281041025851678727
1281040992913719297
1281040939784568832
1281040817361043457
1281040770963775495
1281040500296949761
1281040290288209927
1281039802083745792
1281039485287817216
1281039395404099584
1281039348784197632
1281039207109189632
1281039153065365504
1281039106080833536
1281038874475745282
1281038670435430405
1281038482740318208
1281037857180844037
1281037641627164674
1281037586623090688
1281037301620105217
1281037177019826176
1281037091523244033
1281036974497857542
1281036920299180038
1281036758902284289
1281036707102670849
1281036646524338176
1281036644930314241
1281036410452148224
1281036051499401228
1281035859983130625
1281035790064156672
1281035747856875522
1281035553736216577
1281035550800015361
1281035526338945029
1281035510862041090
1281035500376125440
1281035420202131457
1281035347019927552
1281035309027819521
1281035149417820165
1281035091704193024
1281034899567378435
1281034620147032067
1281033918012166146
1281033794762321926
1281033513869946881
1281033034381352963
1281032876142690305
1281032842064117762
1281032783071252480
1281032725130932224
1281032665131397120
1281032421270528003
1281032299660877825
1281032253703966720
1281032131775348737
1281031970391293953
1281031685367148546
1281031637078347779
1281031543167815681
1281031440541638657
1281031130477723653
1281354383922466817
1281354354633695233
1281354353534578689
1281354311063220224
1281354272295264262
1281354245623754755
1281354221523066880
1281354209066201095
1281353980858249218
1281353971869900802
1281353944099442689
1281353917779963904
1281353821852176393
1281353781498740739
1281353778143395841
1281353687609290752
1281353639911542784
1281353614108155904
1281353466963615744
1281353390178672640
1281353350588456961
1281353242551738369
1281353122003075072
1281353090537578496
1281353022178824193
1281352995624685568
1281352972044206085
1281352966176411648
1281352937936060416
1281352930554150914
1281352801193545729
1281352774559633411
1281352625070514178
1281352621819924481
1281352493805363200
1281352461589139459
1281352442735726593
1281352434292535296
1281352433839403008
1281352248514301954
1281352221968543744
1281352220118843392
1281352206105681920
1281352170118492161
1281352047166513152
1281351964320829441
1281351922000093184
1281351829260034050
1281351765439455233
1281351738658881542
1281351725622992896
1281351617514790914
1281351579111759872
1281351501374521351
1281351398609891330
1281351392741871616
1281351391869534208
1281351365386743809
1281351301620731904
1281351197295693824
1281351174235533313
1281351161753284608
1281351101275607043
1281351052353245185
1281350901324750849
1281350876959997952
1281350856592420865
1281350787134676993
1281350763134898176
1281350656268345346
1281350603373973504
1281350594255519749
1281350591520768000
1281350589172133888
1281350523527069697
1281350478954201089
1281350336523964416
1281350302877114368
1281350293679218688
1281350290910978051
1281350288088145922
1281350212003467265
1281350206806790146
1281350203493117952
1281350154709282818
1281350049973374977
1281350033657536514
1281349999658438656
1281349936899076097
1281349931555532800
1281349927809900545
1281349804740628483
1281349781982339073
1281349781302980609
1281349775405846534
1281349700348674048
1281349601103159297
1281349576977416193
1281349545465651205
1281349215420125187
1281349208176570369
1281349170121437184
1281349166028017667
1281348979968671746
1281348962038030336
1281348927984414720
1281348812792115208
1281348723180699649
1281348692537044992
1281348578942824448
1281348554297094145
1281348471249866756
1281348403465781253
1281348379130429441
1281348361510100993
1281348292845219841
1281348264105857026
1281348128210251776
1281348115983785985
1281347961729900545
1281347934290718720
1281347915882037250
1281347895996932098
1281347767898640385
1281347747942023169
1281347747497545730
1281347679033819137
1281347566387568642
1281347559244660736
1281347538004709377
1281347457872359424
1281347400120983552
1281347359834812421
1281241320493907968
1281241316794552321
1281241286754926592
1281241235261440000
1281241130051534849
1281241127476244480
1281241100657852417
1281241098879451138
1281241029434359813
1281240829512740864
1281240776098357250
1281240708725313536
1281240703448821761
1281240634683252736
1281240565242200064
1281240475668799489
1281240464407048192
1281240369414447105
1281240343585984514
1281240322786418690
1281240256562565120
1281240250099040256
1281240216989302785
1281240196747538433
1281240110638366722
1281240080422785025
1281239934934962178
1281239806866083840
1281239711709908992
1281239696123756544
1281239564003278851
1281239540246740995
1281239482277208066
1281239474631069696
1281239468054319105
1281239274591940610
1281239271853129729
1281239138830888962
1281239110066360321
1281239106392113161
1281239073445892096
1281238995968688131
1281238864531722240
1281238857728643078
1281238574860513286
1281238442421235712
1281238426826739717
1281238328612978691
1281238297952600064
1281238140779483137
1281237991827165186
1281237745634103297
1281237635768430593
1281237628159959042
1281237618668244992
1281237576087670786
1281237559637692416
1281237429861658625
1281237399037566976
1281237371762196483
1281237317454364674
1281237309501800449
1281237309380341770
1281237193319727104
1281236939425951751
1281236922963197955
1281236897025662977
1281236715089342464
1281236609715879936
1281236598957490177
1281236591810355200
1281236480531234822
1281236347836137473
1281236238989590529
1281236198619561984
1281236151970467840
1281236112808296448
1281236060643753985
1281235911766716417
1281235798927564800
1281235795429535745
1281235788462567424
1281235736965103619
1281235666358210561
1281235595713556482
1281235555238510593
1281235406156107777
1281235389869625345
1281235376309514240
1281235319287959552
1281235273838481414
1281235236991299584
1281235119299334144
1281235091662925825
1281234999212224513
1281234986142588934
1281234923131731969
1281234843796455431
1281234704738463746
1281234687407656963
1281234635188510720
1281234572773142539
1281234554980687873
1281234504569536514
1281276823624712192
1281276724995653637
1281276674936635394
1281276634302119937
1281276632192385033
1281276581877555201
1281276569839861761
1281276507504033793
1281276475434586120
1281276203123556352
1281276163239956481
1281276136564183040
1281276021665345537
1281275910734467072
1281275706853470213
1281275600808947712
1281275543984328710
1281275530654908419
1281275461503528961
1281275367660060674
1281275331631099906
1281275298806407168
1281275284587720705
1281275264320880640
1281275211598442498
1281275080153223168
1281275078924255235
1281275051933827073
1281274985319763968
1281274964742717440
1281274894249009164
1281274886875426819
1281274883289288705
1281274836216471552
1281274709682851847
1281274666233982977
1281274650840842240
1281274557379248128
1281274531945107461
1281274490635210753
1281274488819027970
1281274448981696512
1281274419655127040
1281274382229417984
1281274349207478272
1281274325979598853
1281274307247845380
1281274200041369600
1281274012593721346
1281273999872442369
1281273961741815808
1281273944381759490
1281273943165472769
1281273932667125761
1281273921103376384
1281273901629296640
1281273893869637632
1281273882532438017
1281273878786998275
1281273718384312321
1281273712642326529
1281273686805356544
1281273623945379843
1281273587379384329
1281273464012357633
1281273433347837953
1281273411545845761
1281273390859538433
1281273380516196354
1281273335066898432
1281273334429298690
1281273162659852288
1281273119886512130
1281273099120492544
1281272890428723201
1281272837181931520
1281272821415661576
1281272797663309824
1281272635192741889
1281272623154860032
1281272496780533760
1281272483124072448
1281272474672513024
1281272275044622336
1281272204110462981
1281272133855907840
1281272091640299521
1281272091531259904
1281271972358283269
1281271901264977922
1281271788668944384
1281271761661825025
1281271737766772736
1281271718913486851
1281271711485186048
1281271647220019200
1281271639938945026
1281332051334045696
1281332045504024582
1281332025736257536
1281332003338686464
1281331957775978496
1281331918286606337
1281331915463651328
1281331815626596357
1281331599972286465
1281331549930000384
1281331542040743942
1281331510990135296
1281331450298630153
1281331172899987459
1281331116750835713
1281331079153164288
1281331018159489028
1281331007573102592
1281330977739071498
1281330944289497090
1281330886265446401
1281330823409606657
1281330773707169792
1281330760926941184
1281330705440669699
1281330660028882949
1281330623991300096
1281330579070279682
1281330541799907336
1281330508455186433
1281330380222746624
1281330361960673280
1281330283548049409
1281330280884830209
1281330249494659074
1281330226883112960
1281330211234222084
1281330205131497472
1281330191449513984
1281330135703138304
1281330114786209793
1281330088206835712
1281330085555957760
1281330075301027840
1281329935504769024
1281329933965504519
1281329917339111424
1281329887731765248
1281329882220367874
1281329850427604992
1281329819951575041
1281329796526546945
1281329750015868929
1281329654129967105
1281329629383536640
1281329609137512449
1281329588426149889
1281329454590164993
1281329414542934022
1281329391151316992
1281329321119014913
1281329228718452736
1281329082479841280
1281329054629744642
1281329034627026946
1281328993422188544
1281328923658387456
1281328905752805380
1281328890175078401
1281328875562168320
1281328794616258563
1281328781668515840
1281328771128193024
1281328769534496774
1281328736667910144
1281328709086167041
1281328680841576448
1281328670574030848
1281328599912464385
1281328534292594689
1281328505289084933
1281328493939302401
1281328483382243328
1281328411181379584
1281328369628577793
1281328358761127936
1281328274019426304
1281328240104275977
1281328144977461248
1281328097053167616
1281328015977222145
1281327962479046658
1281327902202699777
1281327880467697664
1281327847446061063
1281327809416347651
1281327782488924161
1281327758677889026
1281327689304088576
1281327632710320130
1281327516460998656
1281327496521232386
1281327478603239425
1281327330099474432
1281327290731896834
1281327201120657408
1281327133525188621
1281327118224367627
1281327117825908740
1281327096682422298
1281327094614630416
1281327079825580032
1281327063736164353
1281327052579315722
1281326981347450880
1281326913336811541
1281326909171867656
1281326848551591945
1281326733677871104
1281326629982216207
1281326626740023296
1281326617227190272
1281326615931129856
1281326612215066624
1281326597039984641
1281326533735522325
1281326483034832898
1281326442593353729
1281326318680973327
1281326299890487301
1281326288691699721
1281326264880701440
1281326152175493133
1281326123931049989
1281326091865657345
1281326064128667654
1281325959325646848
1281325914564055040
1281325824910561281
1281325808150355969
1281325760939270145
1281325718031355904
1281325643364474881
1281325602000125953
1281325550410309637
1281325538003558417
1281325537827397642
1281325527266021376
1281325511893938176
1281325502259699723
1281325464288665608
1281325446790029332
1281119827399249920
1281119728543707138
1281119499882659840
1281119490122616833
1281119489891938304
1281119470031966208
1281119381389541379
1281286662983684108
1281286648475480069
1281286537741819906
1281286463968206848
1281286455592026115
1281286424675774464
1281286372595314690
1281286235693203457
1281286198728802304
1281286116583358469
1281286100137451524
1281286088175337474
1281286071217782785
1281285958642462720
1281285921208446976
1281285894281007109
1281285793865240576
1281285571877502977
1281285556102717440
1281285554559160323
1281285546581647362
1281285522627997702
1281285471046455297
1281285402293305344
1281285382827581441
1281285344302731265
1281285305597911047
1281285300078235651
1281285254750191616
1281285253374435329
1281285252019707904
1281285240103882758
1281285227739000832
1281284962801594369
1281284954631045122
1281284948490457088
1281284932694880262
1281284921055723522
1281284844820070400
1281284795448938498
1281284745125523458
1281284680529174528
1281284669321940997
1281284585108758528
1281284534286389248
1281284499553296384
1281284402178383878
1281284335350378496
1281284246766858242
1281284203758399488
1281284129460494337
1281284042697170947
1281284029518471168
1281284019594964997
1281283957724766213
1281283951873667073
1281283802967441415
1281283722919231488
1281283639347642370
1281283518279102464
1281283452483055618
1281283424372875265
1281283417892675584
1281283401853669377
1281283365501616128
1281283236560322570
1281283092037152769
1281283077193547778
1281283076736331776
1281283050492567554
1281283016749469696
1281282982205145090
1281282981018193922
1281282937766338562
1281282924520800263
1281282918632087554
1281282873576820738
1281282873493016580
1281282810146414593
1281282809341018117
1281282808120565763
1281282778923962368
1281282730655916032
1281282691569037312
1281282687697813506
1281282666399248389
1281282637701828612
1281282591245709318
1281282523373469696
1281282520550567941
1281282439638405133
1281282438216454145
1281282410102079490
1281282318821441539
1281282239716888577
1281282227859488768
1281282010858864642
1281281961609347072
1281281961013776384
1281281924435193857
1281281911084642304
1281281867841515521
1281281853698174977
1281281584612737025
1281281543038742532
1281281534104932352
1281281460016689152
1281281364428337154
1281281346627874816
1281281260430778369
1281281228927352833
1281281223931895809
1281281222677692416
1281281205497888770
1281280907920445442
1281280870624538624
1281280844481478661
1281280816094547968
1281280795890475009
1281280728177631233
1281280681033728000
1281280585848274949
1281280460060942336
1281280429060915201
1281280422698192896
1281280363151622144
1281280319874895875
1281280298928549888
1281280270486781952
1281280260236066816
1281280225490468864
1281280111279517699
1281279948653805568
1281279844718960641
1281279841917075457
1281279749348896770
1281279727081144320
1281279724954632192
1281279640661831680
1281279635897102336
1281279536810737664
1281279524941041670
1281279513972916229
1281279432142000129
1281279327829667841
1281279206979252225
1281279206102450176
1281279196921118721
1281279193473564672
1281279156047745025
1281279140075880448
1281279091497287682
1281279081284280320
1281279001424732161
1281278950111674368
1281278936341602305
1281278931237318673
1281278906973270017
1281278826300018689
1281278730946707456
1281278725687070720
1281278593306370052
1281278589820973071
1281278583395110912
1281278581985783809
1281278578894626817
1281278513543290880
1281278490420092930
1281278448007294977
1281278351836164097
1281278315303702528
1281278205542969347
1281278205253398528
1281278204955758592
1281278197410287618
1281278190472663040
1281278164652744705
1281278019852742657
1281277958339137536
1281277933487828997
1281277830752620546
1281277823647285248
1281277821730643968
1281277752981815298
1281277728105381890
1281277721608364038
1281277697294041089
1281277641883029504
1281277594000920576
1281277549012811780
1281277485842300929
1281277449318219776
1281277444016783360
1281277433283518464
1281277408809816064
1281277401960452098
1281277350865514502
1281277336298622977
1281277320309997573
1281277231592083457
1281277229582999552
1281277198184452103
1281277095679795201
1281277031695757312
1281277011386908673
1281276890804826112
1281276889664028673
1281276872945352704
1281030968002961408
1281030896548810753
1281030663613960192
1281030659432050689
1281030503756333064
1281030482319327234
1281030345807331330
1281030228114935808
1281030090541854730
1281029995473678336
1281029877840457728
1281029766330499073
1281029491310108672
1281029417351839744
1281029386452578304
1281029376361074705
1281029371155886080
1281029198853935106
1281028991453990917
1281028721286275072
1281028639128158209
1281028573139066881
1281028425709486081
1281028261670195200
1281028249309581313
1281028127255339014
1281028048679141376
1281027790352064512
1281027651931693056
1281027259772686336
1281027121582915589
1281256425638035456
1281256307358654466
1281256298135289857
1281256273577512965
1281256151531900930
1281256141343854593
1281255988826443777
1281255941334163457
1281255938578579468
1281255934065549312
1281255861554421764
1281255658688442368
1281255621220802567
1281255602610753548
1281255589071351810
1281255464714612738
1281255432032522246
1281255266793725955
1281255266156249088
1281255240713375744
1281255130009124866
1281254985800585217
1281254958973587458
1281254922642698241
1281254914056912896
1281254777171697664
1281254670212706304
1281254627812487168
1281254570753220608
1281254552361144323
1281254550561832960
1281254530156503040
1281254508522352640
1281254442151677952
1281254423696678914
1281254301231394822
1281254244889354245
1281254106443599872
1281254066455281669
1281254026521313281
1281253947903217669
1281253926130630656
1281253891485708289
1281253877778653184
1281253859646717952
1281253792982409217
1281253789832544257
1281253750087331840
1281253705464061956
1281253664988921857
1281253658978476037
1281253456641249281
1281253438660259841
1281253236415049733
1281253197294850049
1281253042650783754
1281252993325690880
1281252979564326912
1281252978930913281
1281252973298044934
1281252964372545536
1281252933821136898
1281252885108424704
1281252884391354368
1281252875545567233
1281252819090182144
1281252668955152384
1281252493436104705
1281252467418816512
1281252457801232384
1281252407578628096
1281252319435186176
1281252265295257601
1281252212858073090
1281252079265370112
1281252073028411392
1281251997006454786
1281251878966263814
1281251796011417602
1281251677002174467
1281251611726225408
1281251608685359104
1281251575009329159
1281251530864123904
1281251318829547521
1281251130656391168
1281251101665345536
1281251083973799937
1281251079997386753
1281251042219290624
1281250947440795648
1281250894970073088
1281250881502150656
1281250779324649472
1281250743685574656
1281250716506624002
1281250560713412614
1281250519466606597
1281250417750552576
1281250300636958720
1281250146924314625
1281250135616352256
1281250126963585024
1281250084534042628
1281250063671582721
1281250050056884225
1281249996709511169
1281249984273317888
1281249930036670464
1281249910256553988
1281249876131622914
1281249873917026317
1281249801435308032
1281249736452792320
1281249680588931073
1281249641950900225
1281249581779410945
1281249550955679744
1281249502821855236
1281249469657423874
1281249463860953088
1281249411696230403
1281249411406770176
1281249385989517312
1281249366263631873
1281249320159895553
1281249226639446022
1281249114731266048
1281249111736549379
1281249067092381697
1281249059387379714
1281249009391169542
1281248941225508866
1281248938784362496
1281248869276418048
1281248832446136321
1281248788427026432
1281248700334047233
1281248669942124544
1281248655522115584
1281248643048189957
1281248627416072193
1281248535162294278
1281248507739791365
1281248492615237632
1281248481684918282
1281248392455348225
1281248338730536960
1281248260762501121
1281248187068678145
1281248158866116611
1281248029329285120
1281248005979602944
1281247941546717187
1281247866594484225
1281247730828861442
1281247666601672704
1281247638000668672
1281247634833813504
1281247611878506499
1281247584980545536
1281247512637001728
1281247453937676295
1281247429120098309
1281247417279668228
1281247372484509698
1281247326896603141
1281247258852368384
1281247197074464769
1281247132670820353
1281247121639784448
1281247077016756226
1281246996809080835
1281246920481128448
1281246864743022595
1281246749621997568
1281246698925416450
1281246633829728257
1281246601160404992
1281246495870779394
1281246374898458624
1281246374835691521
1281246288542158849
1281246249014960130
1281246234913771520
1281168572195184640
1281168467450687489
1281168434206855169
1281168323452043265
1281168320532811779
1281168295417217025
1281168100671414273
1281168090630369283
1281167845322362882
1281167833611808768
1281167828217978880
1281167569043501056
1281167550177587202
1281167546444468225
1281167473354649602
1281167336209125376
1281167318576508928
1281167182706114560
1281167168521060354
1281167147146731526
1281167127140085761
1281166913368928256
1281166899171266562
1281166618765037569
1281166502616543233
1281166362660962304
1281166067805696001
1281165672698064898
1281073145122873344
1281072970996289537
1281072962695815175
1281072894273961984
1281072011570106373
1281071180707840007
1281071131038896128
1281070650090647552
1281070648727486464
1281070647825911809
1281070572328357891
1281069938644582400
1281069859749548033
1281069765918851072
1281069723657146368
1281069598905962501
1281069584468963328
1281068955394859010
1281068775098515456
1281068218983956480
1281068210037633026
1281068056991739910
1281067887071879169
1281067814518849538
1281067484599275520
1281066808787603456
1281066776768294912
1281066749836828672
1281066479396552715
1281066416460967937
1281065539255877638
1281065514358525953
1281065511435096065
1281065477964468228
1281064986773774336
1281064757777313793
1281064360509534208
1281064258407510017
1281063821654790147
1281063799424868352
1281063740650201088
1281063659616251907
1281063266689511424
1281063221156249603
1281063194899951622
1281063178999418881
1281063140340510720
1281062327731859456
1281061915083456513
1281061834817224704
1281061788436422656
1281061694664437760
1281061677769916416
1281061393580453888
1281061219688869889
1281061106992263168
1281061052621320194
1281061028248162304
1281060929837260801
1281060457680379905
1281059973875879937
1281059546635612161
1281059302912876554
1281059196390313988
1281059118640480260
1281059104769933312
1281058633019580417
1281058591399542785
1281058190382321664
1281134375954976768
1281134089593065473
1281133966926311425
1281133784616878081
1281133749196009472
1281133549362397185
1281133461521252352
1281133277152190464
1281133160475082753
1281133118632714245
1281132788910043136
1281132696429789184
1281132411342983168
1281132236989960192
1281132230648238080
1281132220367937536
1281132187480231936
1281132071776378880
1281131715868725248
1281131714723688450
1281131699527696384
1281131653478469632
1281131612751704064
1281131549988196353
1281131469298118656
1281131052954722306
1281130945521868801
1281130734066061313
1281130484249112577
1281130463567007744
1281130108179361796
1281129901786103809
1281129517915033600
1281129299647610880
1281128970323464192
1281128610800087040
1281128560397344768
1281128522896023552
1281128454759448576
1281128257862107137
1281128226279034880
1281128137812836353
1281128034905571328
1281127927610880000
1281127705161932800
1281127659792150528
1281127331575275522
1281126684910067712
1281126528072519681
1281126503888171010
1281126343892180993
1281126285394227200
1281126223410860032
1281126034717511681
1281126026853208065
1281125852152020993
1281125677526249475
1281125542016753664
1281125531052892160
1281125143863934976
1281124975508742144
1281124794067570688
1281124592497692672
1281124546767183872
1281124537598345216
1281124522054291456
1281123995765571594
1281123995220430848
1281123842413309954
1281123681088016384
1281123638700277760
1281123514754498562
1281123446148288513
1281123439592570880
1281123089955389440
1281123086079864832
1281123006190956545
1281122907054239746
1281122841534935041
1281122580540211201
1281122496650055680
1281122421685223424
1281122293041844224
1281122218739720194
1281122090872160258
1281122040846651392
1281121526553751552
1281121402687574017
1281121380822593536
1281121339273883650
1281121310005919746
1281121281870639111
1281121267421233153
1281121254720901120
1281121146453192706
1281121108608135168
1281121041847222272
1281121028463374336
1281120906832683011
1281120905276477440
1281120829846310912
1281120816764256256
1281120719393390593
1281120573746229248
1281120378534998016
1281120374139191297
1281120353943773190
1281120332066111494
1281119955501682688
1281119955434508288
1281246203381010434
1281246178030518274
1281245989953626112
1281245734151618560
1281245714912350211
1281245672344297472
1281245651108605957
1281245495826853888
1281245474842791936
1281245419939512320
1281245300020129792
1281245299470721024
1281245290071158788
1281245217954377728
1281245192457195525
1281245178813169665
1281245174358835201
1281245155249360898
1281244827980451843
1281244827036913664
1281244779632828418
1281244627815657473
1281244577660145669
1281244561206018054
1281244539785809920
1281244512392818691
1281244512229048320
1281244287569670146
1281244209928900609
1281244127213076491
1281244106367234048
1281244086448664576
1281244059084959747
1281244042798469121
1281243947604590593
1281243876448186373
1281243864699940866
1281243770101682177
1281243542271037445
1281243511950475272
1281243463426637826
1281243399908143107
1281243398352101388
1281243398230339586
1281243228566675457
1281243221142786048
1281243207167328259
1281243200926167040
1281243183536582656
1281243073918504963
1281243036262039552
1281242922180984834
1281242796641456128
1281242749262495745
1281242676671721472
1281242666760466432
1281242636238704642
1281242550561636355
1281242466885210112
1281242377294958592
1281242344151367680
1281242341899042819
1281242330687770625
1281242238454951938
1281242179634151424
1281242132184018945
1281242123270975489
1281242113024425985
1281242096771440640
1281241982258622464
1281241929141772288
1281241904093573120
1281241841652858880
1281241767279542276
1281241670789586945
1281241612811669506
1281241586773495808
1281241476836589569
1281241420364480514
1281241414127542273
1281241382997258240
1281241376026505223
1281241349262540800
1281362447492739072
1281362439796383744
1281362134660775937
1281362063688732674
1281362058563383296
1281362031296348167
1281361983988805634
1281361963612811265
1281361931039764481
1281361877176442880
1281361854577569792
1281361826610065408
1281361732494143490
1281361613296107521
1281361485575446533
1281361484740788232
1281361480537919488
1281361462246756352
1281361449701564416
1281361434408968194
1281361300015153159
1281361256730038272
1281361078631444481
1281360858329821187
1281360832694308866
1281360738263629825
1281360711134969856
1281360573343703040
1281360523947204608
1281360461510905856
1281360436533706752
1281360277288689681
1281360226344730624
1281360069926498304
1281360018642743299
1281359919254577154
1281359684419690496
1281359549644103681
1281359522624204800
1281359510335107078
1281359502382489600
1281359467729154049
1281359390260580354
1281359381792280576
1281359364016619521
1281359248975441921
1281359235637547008
1281359234903552002
1281358973980102668
1281358870124933121
1281358846527668225
1281358661051449345
1281358653312962561
1281358449771712512
1281358082983866369
1281357995868397573
1281357927681593344
1281357905573314560
1281357868621602821
1281357774232879104
1281357737138495498
1281357698076798976
1281357690095013888
1281357690032271360
1281357480757534722
1281357456971530241
1281357434527854592
1281357405943521280
1281357399388033024
1281357379263696897
1281357203853717507
1281357107686707201
1281357100703252481
1281357012018827264
1281357009367990273
1281356997669998593
1281356962496573440
1281356895614205953
1281356878459678723
1281356799770267650
1281356756984225803
1281356756116033536
1281356709206921217
1281356705285181451
1281356688075812864
1281356673123311616
1281356501924212741
1281356478897696769
1281356442369482752
1281356420563324929
1281356393258221568
1281356317446332417
1281356303634399238
1281356296877338624
1281356282037972998
1281356238358487042
1281356207949832193
1281356181244706816
1281356003968266241
1281355943851286528
1281355855779135488
1281355837504729088
1281355712787025920
1281355697284882432
1281355692524396547
1281355649503211520
1281355620176867328
1281355578762244096
1281355481131266048
1281355469148176384
1281355467223109632
1281355463658004483
1281355433136054275
1281355429717647360
1281355376257048576
1281355186800398342
1281355177837109250
1281355131905351680
1281355093812682753
1281355054885330947
1281355029962604544
1281354994990452736
1281354947301306370
1281354917110861827
1281354915223425025
1281354897712132096
1281354890275512320
1281354755915296769
1281354713343029248
1281354603410358273
1281354537471807498
1281354493460983809
1281354489405100033
1281325435935064064
1281325432927854616
1281325330565906432
1281325314136776725
1281325299842588681
1281325256679006216
1281325241633931269
1281325238668713990
1281325234071748610
1281325194121023495
1281325182817378304
1281325171262005253
1281325153675284480
1281325121429475329
1281325110826274819
1281325071861252096
1281325040383000576
1281325007168290816
1281324932195131394
1281324846933311490
1281324793229385740
1281324788535959567
1281324775672029193
1281324745204682753
1281324717132132358
1281324630435864591
1281324625943805952
1281324590862647296
1281324497015054340
1281324457898975242
1281324411849711626
1281324392555913226
1281324383118729247
1281324302059651072
1281324251845443584
1281324201790578691
1281324172707274754
1281324172413673477
1281324167846133760
1281324155485462548
1281324149655379970
1281324140872507404
1281323831634821120
1281323797635833857
1281323759060860928
1281323736159920128
1281323697677185024
1281323626902495252
1281323565057482776
1281323547328200705
1281323521336061952
1281323518458646528
1281323486728912897
1281323163578703879
1281323135539781640
1281323044963786754
1281322994913050624
1281322981814386689
1281322970284204042
1281322958791692289
1281322824926281728
1281322781888651268
1281322741535293446
1281322672710918150
1281322638170824717
1281322605417504797
1281322605253926913
1281322592520019979
1281322584995397632
1281322518368997376
1281322361648750595
1281322297308127233
1281322272574312458
1281322217696043013
1281322183495581696
1281322118874042368
1281322069016420352
1281322011999047681
1281321983767126036
1281321953010176000
1281321943879344128
1281321886492680192
1281321867849146369
1281321850707025935
1281321808155889664
1281321788580995075
1281321783719792640
1281321776816050176
1281321745937555467
1281321727872638983
1281321722000674816
1281321662001053696
1281321636298399749
1281321535681306626
1281321508904861701
1281321475203571726
1281321415497494528
1281321383755161615
1281321341296271360
1281321287999197189
1281321274992742400
1281321260962717696
1281321213919404048
1281321211679645700
1281321198459199488
1281321148953788416
1281321129240657920
1281321072382664704
1281321046625398785
1281320964370898944
1281320963754336273
1281320835597377556
1281320823236763657
1281320767490338817
1281320767234478080
1281320731478032385
1281320724603514881
1281320720543494144
1281320706878341120
1281320697600577542
1281320678990495744
1281320659004600322
1281320650972561410
1281320567006732303
1281320550510534667
1281320527798259713
1281320512875114497
1281320418876497927
1281320370897813505
1281320337922117632
1281320331567865868
1281320331324596243
1281320263532060687
1281320234528526337
1281320130132299776
1281320075706785792
1281320064109740032
1281320003829145613
1281319991980236811
1281319982450774016
1281319874040602626
1281319757845848065
1281319591537446913
1281319582939205632
1281319553394372608
1281319551896961024
1281319519332577281
1281319486050664448
1281319456329928704
1281319454127935488
1281319397563543552
1281319387878895619
1281319381411205120
1281319379548897280
1281319296602382338
1281319277279223826
1281319185151295490
1281319145716539392
1281319073306095617
1281319037172146176
1281318971631792128
1281318926434152448
1281318837833457664
1281318786117832707
1281318755663073282
1281318638243454978
1281318634959167488
1281318536309284870
1281318528864354305
1281318485122076672
1281318472581107713
1281318434924625921
1281318379199045649
1281318264380022784
1281318220117553154
1281318219773509639
1281318072595423233
1281318064726765568
1281318025535401985
1281318012050685955
1281317912859549698
1281317901920800768
1281317857964494848
1281317835382247424
1281317817523019779
1281317809293791235
1281317746693885952
1281317663269060611
1281317605639364608
1281317574920351744
1281317565218918401
1281317559111999489
1281317541697200138
1281317359102222336
1281317350600511490
1281317296217227264
1281317275912503296
1281317206203097088
1281317199031009281
1281317197785096192
1281317197659246592
1281317169062711297
1281317166177030144
1281317084807528452
1281317027890724865
1281234491021934594
1281234447937961985
1281234447203995648
1281234424932204544
1281234379948339200
1281234320049557505
1281234257050955778
1281234256577155073
1281234235857174530
1281234183856275456
1281234163346092032
1281234086695251973
1281234081846566917
1281234015941545984
1281233966654271488
1281233923226374147
1281233885549015042
1281233799758651393
1281233790669635584
1281233700336865280
1281233647471861762
1281233588994953216
1281233388980940801
1281233352184532993
1281233268709474306
1281233264536100865
1281233244852117504
1281233163868569600
1281233157908561920
1281233155245125634
1281233081807122432
1281233072319594496
1281233000236122114
1281232927305523200
1281232888424534019
1281232826344656898
1281232786188144643
1281232494013153280
1281232462794952705
1281232447317979136
1281232431350255617
1281232377990336512
1281232353520758784
1281231991581609992
1281231960673677312
1281231803446165504
1281231737280962562
1281231579474546688
1281231489221394433
1281231440399695873
1281231315258322945
1281231308048367616
1281231292223369217
1281231262120894464
1281231193565007872
1281230968829902848
1281230692106600448
1281230668790403073
1281230559432359936
1281230375654576128
1281230375365165058
1281230331304181771
1281230307564425217
1281230286345383936
1281230256045604864
1281230200106135553
1281230166551924737
1281230119512748033
1281229986624569349
1281229980870082563
1281229953825222656
1281229890545684480
1281229787550437376
1281229765085736960
1281229727886381057
1281229699478425606
1281229679672856576
1281229673419157506
1281229672093712384
1281229427498778624
1281229400286072834
1281229343956643847
1281229273286639616
1281229271055380483
1281229254508888064
1281229214096687104
1281229184023568384
1281229131712094216
1281229109079822338
1281228994399145989
1281228992918499329
1281228992247468034
1281228983162503173
1281228957866700802
1281228880657989633
1281228873162768398
1281228752454811648
1281228751267823619
1281228718615277568
1281228705331924995
1281228612377731072
1281228477086289920
1281228475702091781
1281228344219099138
1281228186416820229
1281228175436103680
1281228167127142401
1281228152203816961
1281228111124860930
1281228064488390657
1281228042551963658
1281227994145665029
1281227807817957378
1281227788301799425
1281227753845592067
1281227704910729218
1281227655392776193
1281227647276769282
1281227513356640257
1281227494662631425
1281227474219806720
1281227458495295489
1281227449121083392
1281227295114567680
1281227283236339717
1281227171202125827
1281227145029787648
1281227108258381827
1281227072732401666
1281226820105441281
1281226728267005955
1281226726228537345
1281226724894740484
1281226662907084800
1281226620913795073
1281226606678179841
1281226605508116482
1281226480534642688
1281226323227271171
1281226229862072321
1281226228746391554
1281347149158993923
1281347126379925510
1281347125541036032
1281347121745018880
1281347088945643521
1281347063532457984
1281347012798164993
1281346985539313666
1281346968749514757
1281346917096722434
1281346784900587525
1281346690818113537
1281346670098358272
1281346658832269312
1281346589471072256
1281346566507450369
1281346547079360512
1281346489617350656
1281346379772841985
1281346272323133445
1281346110997565444
1281346031809167363
1281345929044463616
1281345889328672769
1281345882403868680
1281345866809454592
1281345800015151104
1281345787738324993
1281345708788981762
1281345631739686912
1281345620389896196
1281345618137554953
1281345588475428867
1281345513011376128
1281345481805901835
1281345308509732864
1281345170970157058
1281345129442410501
1281345088371785729
1281345085465137152
1281345029370347520
1281345015050956800
1281344952111443968
1281344895018586114
1281344890446766092
1281344849929818112
1281344796381057026
1281147794028326914
1281147595516268545
1281147562582593538
1281147341748285448
1281147268964462593
1281146824967913473
1281146593496858624
1281146276793462784
1281146220547919872
1281146214960988160
1281146195902070785
1281146070127517697
1281146040482254849
1281145958437396499
1281145882713509889
1281145689112748032
1281145662004846592
1281145360593883136
1281145304574648322
1281145296953790464
1281145036676030464
1281144369618223104
1281144331970260992
1281143968592547840
1281143954495471622
1281143691696959489
1281143676664758273
1281143557080801280
1281143270056300546
1281143007442395137
1281142920679055360
1281142883685478402
1281142765053599745
1281142584547647490
1281142261393178626
1281141887886413824
1281141850858979328
1281141487636328448
1281141329045700615
1281141157347692545
1281141065710354434
1281140946936246272
1281140904384847872
1281140869148536832
1281140841826799617
1281140786311168000
1281140608397180928
1281140445796581376
1281140369862918145
1281140333133410304
1281140296542232576
1281140094255222784
1281140085916909573
1281139986260254720
1281139902969675776
1281139898498637825
1281139845235015682
1281139787693359105
1281139753958518785
1281139750183862273
1281139749097480193
1281139678649999360
1281139419949469696
1281139387170983936
1281139384457334785
1281139321504858117
1281139271785570304
1281139164231217152
1281139093930422272
1281138962556506112
1281138947096281088
1281138855165472769
1281138800408719360
1281138681051525120
1281138557365739520
1281138520073965569
1281138234450477056
1281138198861709312
1281138103495856128
1281138101507756032
1281137920427130881
1281137914940981248
1281137843646193664
1281137800457396226
1281137753829388289
1281137701966753792
1281137698850340870
1281137555237408768
1281137272621015041
1281137053233790977
1281137009382350849
1281136962045464576
1281136437467938816
1281136423429685249
1281136293129396224
1281136138707763200
1281136126573584384
1281136022169030657
1281135981010264069
1281135626339917825
1281135486866726912
1281135460266491905
1281135413533593601
1281135181336895488
1281135177536729088
1281195926305021953
1281195759262732293
1281195716891770881
1281195709581033472
1281195696239108096
1281195645416726530
1281195595496067073
1281195368819183616
1281195315593273344
1281195197385388032
1281195076316733440
1281195073628188674
1281195065101123585
1281195056267964418
1281194978211856384
1281194948403044352
1281194893583491073
1281194854916263938
1281194217805688832
1281194195265486848
1281194090881847302
1281193968030502913
1281193909905997829
1281193902314344450
1281193891975356417
1281193684898402306
1281193623678320641
1281193588198715392
1281193527322566656
1281193341732958212
1281193319251562496
1281193286615601152
1281193283968999424
1281193235734573057
1281193214469443587
1281193050866421766
1281192763522985985
1281192679322288129
1281192647743410177
1281192598476951552
1281192533314408454
1281192495821606913
1281192464251006976
1281192434689548288
1281192254753955840
1281192231630708738
1281192052416557057
1281191985487978497
1281191818726645760
1281191743749226497
1281191724996493313
1281191682202107904
1281191609233784834
1281191504816623616
1281191482146390017
1281191451880230914
1281191427293265920
1281191368300339200
1281191272502435845
1281191258724208640
1281191142558760964
1281191142160244739
1281190525383716865
1281190501245321216
1281190451383500800
1281190261138358273
1281190056254935040
1281189926365614081
1281189921731076096
1281189887744540673
1281189796304601089
1281189767745585153
1281189736502243328
1281189703623065607
1281189519274979330
1281189493517639681
1281189478791630848
1281189448114475009
1281189441965559808
1281189437326667776
1281189344343195652
1281189285648007169
1281189234343370754
1281189159508549642
1281189050204987392
1281189022392614915
1281188992227164161
1281188923881017345
1281188918281502721
1281188854758662144
1281188853701722112
1281188731588878336
1281188692867067909
1281188675301376000
1281188549589635072
1281188437442379776
1281188416957407232
1281188375890886656
1281188315753000960
1281188300032823296
1281188173071224833
1281188172463050752
1281187919903023105
1281187831860338688
1281187826881540096
1281187824994263040
1281187768048275456
1281187658132262913
1281187622866636800
1281187621171982337
1281187596501241857
1281187518550020097
1281187509041496071
1281187410811015168
1281187253407096832
1281187183613878272
1281187133210767364
1281187081511817216
1281187064676057089
1281187007352524801
1281186785700257792
1281186766888660992
1281186718868176898
1281186697590407171
1281186612685266944
1281186584235106306
1281186435018690560
1281186370904621058
1281185962320637954
1281185789674749961
1281185569721196544
1281185560925618176
1281185526251479041
1281185419451867141
1281185405417803776
1281185395905101824
1281185322152472576
1281185189545345024
1281185183375523840
1281184886842245121
1281184846094594049
1281184798313152514
1281184761357238274
1281184702242738176
1281184663244070916
1281184605010345984
1281184346532122629
1281184293616787456
1281184202197794816
1281344791796645888
1281344710007824389
1281344680844824577
1281344680563810304
1281344599798231040
1281344520525942786
1281344477186203648
1281344432231665665
1281344217969762305
1281344165629038595
1281344109177970696
1281344060268187649
1281344046141710336
1281344036025110531
1281343957201350657
1281343917158551566
1281343803018883078
1281343575276564480
1281343476047781889
1281343470754361344
1281343361379700736
1281343336876584962
1281343290814738437
1281343288402993153
1281343285479575553
1281343263966814209
1281343247437066240
1281343242538151937
1281343226876755969
1281343200360366081
1281343183633502210
1281343142499950592
1281343130189598722
1281343114800750609
1281343001407750149
1281342965332561921
1281342907254013957
1281342857354203136
1281342796671090689
1281342751028764672
1281342625480683521
1281342547680350208
1281342385541218307
1281342240669995010
1281342213671329792
1281342100492165120
1281342044359753728
1281341938118152192
1281341913497513986
1281341846619213824
1281341842123087874
1281341806785986568
1281341799525736451
1281341796933566464
1281341767632261120
1281341764540854273
1281341746425876485
1281341689165209600
1281341661117845507
1281341653131853825
1281341592411013127
1281341570004942849
1281341516913479680
1281341483891732481
1281341395114930176
1281341371152883712
1281341355420266496
1281341318908776448
1281341305487069186
1281341300126756877
1281341216047726594
1281341129686806528
1281341094375153666
1281341046195183618
1281341024003121152
1281340951835942913
1281340867282968578
1281340836144390145
1281340802459992074
1281340762869956614
1281340722227154946
1281340686449639425
1281340653952282624
1281340577263554560
1281340531906359297
1281340378206142464
1281340364394242055
1281340308953989123
1281340277358301184
1281340261906493441
1281340175533170688
1281340128514973700
1281339647889678338
1281339577236676610
1281339569380691978
1281339561747021825
1281339475822432257
1281339470130958336
1281339380674723840
1281339337532112896
1281339253834878976
1281339135110918144
1281339124247433216
1281338880864727040
1281338866755162113
1281338800355061761
1281338791211470854
1281338774341943299
1281338768335699968
1281338677134843904
1281338591046762496
1281338538215329795
1281338520876077056
1281338503264075776
1281338384158535685
1281338383793561604
1281338352558657537
1281338329120886784
1281338135033655297
1281338080603979778
1281338027479097344
1281337916527194113
1281337833274445824
1281337816996179968
1281337777997721603
1281337593511190528
1281337553094877185
1281337483360428034
1281337480772542465
1281337473684168707
1281337384764874754
1281337339034234880
1281337196142886929
1281337181534146561
1281337124072173574
1281337083173326848
1281336874204835845
1281336791207800834
1281336714296885248
1281336666918137856
1281336558151499776
1281336553181261835
1281336523179393024
1281336377217437696
1281336314907037696
1281336279226028037
1281336219201413120
1281336167171084288
1281336127719448578
1281336125416714240
1281336105955139587
1281336071754850304
1281335988724412417
1281335935943053313
1281335807698034688
1281335749753876481
1281335737657561095
1281335716908326912
1281335702702231558
1281335692237303809
1281335564676063240
1281335497466490881
1281335460619485184
1281335443326267392
1281335424502444032
1281335337281826822
1281335296081244160
1281335273347928066
1281335196583854080
1281335196143497216
1281335140577411078
1281335094599454723
1281335004451274753
1281334981843914753
1281334980140990465
1281334877401624576
1281334846225354755
1281334791594479616
1281334725332873216
1281334698040602631
1281334680952897537
1281334669355544576
1281334611872710659
1281334577206722560
1281334484546314240
1281334371518083072
1281334363691585536
1281334188394733569
1281334107650306048
1281334087794388992
1281333983490473987
1281333971738136576
1281333900199878656
1281333883775209472
1281333849507549184
1281333842436132867
1281333817933012997
1281333736882212864
1281333727080017920
1281333463572975618
1281333461253591040
1281333453233979401
1281333451556298752
1281333378843840514
1281333253518045186
1281333242688425987
1281333178633007104
1281333155287441408
1281333137700782080
1281333126636228608
1281333072286359553
1281333071220846592
1281332971727978496
1281332898784858113
1281332841360404481
1281332763359092737
1281332731192971276
1281332727690801154
1281332701069541376
1281332664205803521
1281332532856987648
1281332525881856003
1281332501324103681
1281332482898571264
1281332376061259777
1281332372819120129
1281332298206437376
1281332272860471296
1281332130774044672
1281332127540412417
1281332083676327936
1281150205308567552
1281149677048561665
1281149340929515520
1281149311330381824
1281149185769844736
1281149103309651970
1281149006450585603
1281148975903637504
1281148784974745600
1281148638492872705
1281148614497239046
1281148586441375744
1281148546234880001
1281148436193120257
1281148310104018944
1281148231314026496
1281148169456431109
1281148091371044865
1281184194824146946
1281184168345513984
1281183948102656000
1281183796486901761
1281183520665329666
1281183511672750080
1281183483138912258
1281183449206755328
1281183379329896449
1281183203110371329
1281183144536915968
1281183072302641154
1281183013615910912
1281182929880662016
1281182902789734400
1281182886411018241
1281182724171141120
1281182607867351040
1281182584618311680
1281182496009453569
1281182431450718209
1281182429802385409
1281182392607289345
1281182377885282304
1281182328136622081
1281182294313709569
1281182270053928961
1281182157784875008
1281182089887375360
1281182087760932865
1281182086955581440
1281182080915828737
1281181990998495233
1281181571773587457
1281181480882810880
1281181477905063936
1281181410695528456
1281181386272055296
1281181322443214849
1281181286820970496
1281181137575034887
1281180948961394688
1281271536511574019
1281271466538000384
1281271404915306497
1281271403384356870
1281271308215599104
1281271272471658500
1281271238992842753
1281271235284881408
1281271222605660160
1281271088463310852
1281271018879934464
1281271018624028677
1281270932724756483
1281270892589469701
1281270848125632513
1281270819797286913
1281270755804798982
1281270658085916673
1281270640637554693
1281270600649052161
1281270587529269250
1281270585448960002
1281270539290587137
1281270520718245895
1281270503785861125
1281270498366754816
1281270465307332609
1281270330422591491
1281270230036119555
1281270219659501571
1281270212692709377
1281270173320851456
1281270136603844608
1281270095508131842
1281270073659965441
1281270032475885570
1281270027795169280
1281270004114165761
1281269987898994689
1281269899244048386
1281269870504685570
1281269808680652802
1281269738375708673
1281269685649059843
1281269647480950790
1281269582850854919
1281269567256313861
1281269518791094272
1281269486255996936
1281269398054068225
1281269253283500033
1281269205321596928
1281269093400797184
1281269020075884544
1281268935653036033
1281268853830569986
1281268705113116672
1281268553467916290
1281268531166949376
1281268515329191936
1281268384819183617
1281268355534471168
1281268329437519872
1281268250882510849
1281268224299073536
1281268136822489089
1281268084318310401
1281268077116751873
1281268070044979200
1281268041813286913
1281268004236525581
1281267788263444480
1281267685599465473
1281267533794836482
1281267506947203077
1281267505407893509
1281267304580427783
1281267270115831809
1281267238490775552
1281267163895083010
1281267085977542658
1281267080092954624
1281266960471220226
1281266922198360065
1281266894209761285
1281266891382763520
1281266884319592448
1281266882566336513
1281266859724148737
1281266770381332482
1281266672100356098
1281266618648203267
1281266576520593408
1281266512846708737
1281266488503078917
1281266446144856064
1281266438473486336
1281266437600931846
1281266361419825152
1281266338057633798
1281266240699457538
1281266235997593601
1281266175197032449
1281266004681613313
1281266002802683906
1281265992392413189
1281265880924663810
1281265759176527872
1281265700129198081
1281265624635736064
1281265596546592770
1281265499981176833
1281265489747025920
1281265475641581572
1281265398768218115
1281265396956516372
1281265393710104577
1281265317302472704
1281265306724417536
1281265221118709761
1281265176306683904
1281265136271908864
1281264985008676866
1281264913139281923
1281264894822793218
1281264880289558528
1281264839671918592
1281264816309575681
1281264770654580737
1281264647216091138
1281264396891754498
1281264381842653184
1281264359830945795
1281264349110251521
1281264315463499777
1281264311281741830
1281264170869063682
1281264168272707584
1281264078120501248
1281264055320227840
1281263933467353088
1281263913045094400
1281263860192870400
1281263762012545024
1281263742190223361
1281263644001611776
1281263599885987840
1281263538175172608
1281263422508871680
1281263405970546688
1281263360990949378
1281263333618995202
1281263275775348736
1281263273443237891
1281263250500395008
1281263197694185475
1281263133445828611
1281263068966727680
1281263037870194689
1281263010946916353
1281262941459951616
1281262925714464771
1281262915463626754
1281262861633929216
1281262833603416069
1281262740166901760
1281262678028234752
1281262520834146304
1281262411081801728
1281262405213921280
1281262390965940229
1281262344279113729
1281262312477937665
1281262309101502470
1281262258824282113
1281262217527201794
1281262195091922957
1281262192545853440
1281262168051265536
1281262166012764162
1281262156969684992
1281262110505394176
1281262086216192002
1281262032902336513
1281261984651055105
1281261963306287105
1281261948932362243
1281261936999641089
1281261749136695297
1281261561470791680
1281261496824184832
1281261492306927617
1281261214748733450
1281261175292993536
1281261132213374976
1281261103738224640
1281261047228366848
1281260982745149446
1281260975497281536
1281260703245049858
1281260645351071745
1281260602472542208
1281260518557323266
1281260368787124225
1281260326483161088
1281260318694440966
1281260305100804096
1281260268123639808
1281260206614368258
1281260135382495238
1281260020303306754
1281259966591045634
1281259951340441600
1281259856134123529
1281259763997855745
1281259763590987783
1281259664974516229
1281259650156027904
1281259631105499139
1281259617268502528
1281259591460888578
1281259564957085710
1281259477719748608
1281259289026297856
1281259188073742336
1281259158881415168
1281259070339645448
1281258972205457408
1281258926177058817
1281258901338501122
1281258737982980096
1281258679388561408
1281258653937352704
1281258647214084097
1281258627253383168
1281258528230051840
1281258510639083521
1281258483308826625
1281258474387779584
1281258382117138434
1281258317252308992
1281258277318336516
1281258196359774214
1281258176734801922
1281258161710804998
1281258104815063046
1281258092374585344
1281258082887184385
1281258052612771840
1281258033067307009
1281258023835652097
1281258007834300423
1281257964054118401
1281257923243651079
1281257914691473411
1281257805413076994
1281257654413910022
1281257650177609728
1281257607488045056
1281257541486313475
1281257490450198531
1281257489326116864
1281257483563122688
1281257448024805381
1281257349194354688
1281257291094921224
1281257283910057989
1281257238401708033
1281257230382231554
1281257207284334593
1281257110295248896
1281257082826690561
1281257030175657985
1281257005521547265
1281256994222080002
1281256985820684288
1281256963972702219
1281256959660953602
1281256927163559937
1281256916325478401
1281256878798970880
1281256851737161728
1281256823144583175
1281256651698221057
1281256633633509377
1281256601878515712
1281256531607072768
1281256529740562434
1281088315790249985
1281088293396901891
1281088195241873408
1281088138345996290
1281087905428049920
1281087801061183488
1281087772267122688
1281087349133172736
1281086940847255556
1281086873969004548
1281086848253607936
1281086831606497281
1281086827349381123
1281086705471156227
1281086559073251328
1281086480274927616
1281086477158531072
1281086190045630464
1281086142977380352
1281086019941605376
1281085934163898369
1281085932599271424
1281085917273436161
1281085774470033408
1281085476087136257
1281085125766324225
1281085078970515457
1281084993347837952
1281084638748979200
1281084637104574465
1281084228550172673
1281083987528687616
1281083959389102080
1281083833857839110
1281083548271869952
1281083416327393280
1281082868433858560
1281082383975034880
1281082331206496256
1281082154110218240
1281081876082331648
1281081470333915137
1281081452634034176
1281081261180817408
1281081091701592064
1281080860096073728
1281080686636462081
1281080500216446977
1281080395619057664
1281080313410551808
1281080118618648576
1281079939262033926
1281079821330718720
1281079790808846347
1281079703655157761
1281079640048701440
1281079476282101760
1281079455331446784
1281079383160164353
1281079349698080772
1281079114955476997
1281079074513969152
1281078708699348993
1281078573139443720
1281078402628358144
1281078295820460035
1281078173506121730
1281078133568032778
1281077653026615298
1281077567831842816
1281077351254810624
1281076702802837504
1281076622066499586
1281076204641058817
1281075807889301505
1281075612682194947
1281075263875559424
1281075208728637442
1281075116068216833
1281074642422292480
1281074481721638912
1281074403095089152
1281074374100074496
1281074329640370181
1281074168352477184
1281074084735004674
1281074063578890241
1281073985174683649
1281073940496912386
1281073700125597697
1281073350672961536
