1225372892499730432
1225372687129882632
1225372553134428160
1225372412188950530
1225372381062938624
1225372285697241088
1225371968582582272
1225371967454248962
1225371926631075840
1225371870867804160
1225371861229428736
1225371829126287361
1225371764399779840
1225371627455754241
1225371616156233731
1225371600599560192
1225371595037761537
1225371591112118273
1225371581037322240
1225371566902513670
1225371369988218882
1225371183903719424
1225371160227074049
1225371101011857408
1225370948548911104
1225370911035002880
1225370890809905152
1225370657418043394
1225370469945237504
1225370376252874752
1225370321135357953
1225370316320333824
1225370187526004736
1225370056244133888
1225369855077036032
1225369830594732032
1225369332835856384
1225369283141799938
1225369179517341696
1225369054363426817
1225368913044594689
1225368651005599744
1225368452002721792
1225368425385488384
1225368368146001921
1225367891798675457
1225367766854553600
1225367594988974080
1225367461480083456
1225367350066712577
1225367282198687744
1225367204721348611
1225367120697004032
1225366651601932288
1225366598925668352
1225366497767428097
1225366470663651328
1225366397183762433
1225366088134930433
1225366035987095552
1225365595593379840
1225365511439110144
1225365385832095749
1225365369155661826
1225365117845614593
1225364970558222336
1225364957723648000
1225364932977287168
1225364895576862721
1225364847568867328
1225364659491962880
1225364513538662400
1225364365592760320
1225364206393995264
1225364093147631616
1225363929909456897
1225363808232886277
1225363641458884608
1225363595791405056
1225363589860478976
1225363541370081280
1225363483060920322
1225363242400305152
1225363076435845122
1225362811322339328
1225362405670166528
1225362261687955456
1225362245091069953
1225362185007828992
1225362026035372034
1225361695515783169
1225361639261777920
1225361509380952064
1225361446759854080
1225361281991008256
1225361133487501312
1225361062855421953
1225360932714381312
1225360743224217605
1225360422880129024
1225360368442146816
1225360292458090496
1225360209486524416
1225360053814923265
1225360042293104640
1225359931567636480
1225359704311959552
1225359612322492418
1225359564511510529
1225359466813698048
1225359454104936454
1225359317911687170
1225359273405927424
1225359177507274754
1225358993230639104
1225358916235800579
1225358657380134913
1225358506968178689
1225358445533990913
1225358292718845954
1225358177446899717
1225358117459750918
1225358082886123521
1225357968759250944
1225357835854327808
1225220136224919552
1225219965025837056
1225219948055814146
1225219925377200128
1225219908948021248
1225219424480829441
1225219304519544834
1225219269304180736
1225219191566983169
1225219038269394944
1225219018665209859
1225218928965758976
1225218919268593672
1225218835927748609
1225218791962894336
1225218771511472129
1225218759499145222
1225218747851509766
1225218593329229824
1225218368074133504
1225218151304048641
1225218136988962817
1225217981829042176
1225217907640107008
1225217883552260097
1225217823556849664
1225217742476804096
1225217485387059200
1225217428788899840
1225217366407229440
1225217302209036288
1225217184454103040
1225217145241587714
1225216983081377792
1225216960255922177
1225216801287524352
1225216606537691137
1225216246913826816
1225216205755232261
1225216038041722881
1225215839860928512
1225215683165925380
1225215549421936640
1225215389698789376
1225215311886065664
1225215269552959491
1225215123205300225
1225215042129473540
1225214978464133122
1225214977960747008
1225214953310818304
1225214899107880960
1225214883064475648
1225214882150092800
1225214722561183745
1225214515010207745
1225214457065943040
1225214386077392898
1225214100629852160
1225214099770028033
1225214090554904576
1225214067448696832
1225213909180801026
1225213908325105664
1225213790251290626
1225213734911643649
1225213672655552513
1225213652304834563
1225213568141996033
1225213566631972864
1225213486273306625
1225213484843118784
1225213449975848960
1225213423106973697
1225213380144848896
1225213341297045504
1225213211563130880
1225213063298797568
1225212956138295296
1225212951344373763
1225212855118512128
1225212822373703684
1225212774646714370
1225212676818767872
1225212601933561856
1225212569331388418
1225212521910427648
1225212488075161601
1225212461927796738
1225212393522974721
1225212337864441856
1225212329459097604
1225212267546853378
1225212166078373888
1225212017927229441
1225211994934071301
1225211867448168448
1225211771939586048
1225211730709471232
1225211692914749443
1225211666096443394
1225211623893356544
1225211593945944072
1225211541018025986
1225211471170326528
1225211406724804613
1225211354384158721
1225211249643966464
1225211147252576257
1225211132954038272
1225211127396782083
1225211094018379776
1225211072434638848
1225210991811579905
1225210871716220933
1225210680065712128
1225210611312840707
1225210602966147075
1225210519050649601
1225210444132077568
1225210434577485824
1225210210953752576
1225210041415766016
1225209971043950592
1225209950126968835
1225209878727348224
1225209549306679297
1225209540322291715
1225209461624668161
1225209371694714886
1225209367173226496
1225209255311106049
1225209215368781825
1225208937911181312
1225208812308701185
1225208681597370368
1225208657178050560
1225208646121988096
1225208479448752129
1225208465942958081
1225208346333962240
1225208328407502853
1225208317603196928
1225208300087672833
1225208194332364800
1225208171163213824
1225207735790317574
1225207664399069185
1225207656236945414
1225207490738114562
1225265855421992960
1225265750878932992
1225265711746080768
1225265671057104898
1225265580636332032
1225265536705019905
1225265532653334529
1225265390630133760
1225265306483904512
1225265177668571137
1225265008772251648
1225264935497846785
1225264882284552199
1225264792648212481
1225264776248348672
1225264746770948096
1225264735291105281
1225264716475293696
1225264642320195585
1225264629879693312
1225264627623190528
1225264489219551232
1225264414485401600
1225264365709848577
1225264252228902912
1225264238601568262
1225264195186438144
1225264099283501057
1225264052173185024
1225263984158400515
1225263951061102592
1225263668558016516
1225263615395147776
1225263557203218432
1225263522034126851
1225263481072635904
1225263394871103489
1225263272473042950
1225263095184084993
1225263049092816897
1225263036652539905
1225263017870286848
1225262821300211714
1225262649170169856
1225262579834068992
1225262337277464576
1225261955964952577
1225261873936949251
1225261687558807554
1225261589504446464
1225261575776407552
1225261457316687874
1225261433329520640
1225261405105991680
1225261384562118656
1225261340102578177
1225261314936889344
1225261285081862144
1225261158828998657
1225260980701188102
1225260875247996929
1225260822001094656
1225260664849076225
1225260490097455105
1225260459026198530
1225260441225637890
1225260422917447681
1225260379468595200
1225260327568277505
1225260289848991746
1225260234714775552
1225260123196678146
1225259856849883137
1225259833286365186
1225259824138637313
1225259771869171712
1225259726021255168
1225259437365047297
1225259236223062016
1225259187631869953
1225259182842109952
1225259067817459712
1225259028097458176
1225258787470217217
1225258787281522693
1225258686160896002
1225258623867277312
1225258391943016448
1225258366265630723
1225258193380691968
1225258142604259328
1225258133146230784
1225258064946847745
1225257883614371840
1225257723220176896
1225257709819158529
1225257668006285312
1225257578822803456
1225257407024025600
1225257352200364032
1225257329840410624
1225257157471428608
1225257143613431808
1225257096914067456
1225257064026406912
1225257002739388416
1225256980438298629
1225256976063586305
1225256932174372864
1225256906333114369
1225256685842960386
1225256661532774405
1225256510604771329
1225256451809193985
1225256142986674178
1225256027890671616
1225255768452161537
1225255720959918080
1225255555087896576
1225255541104050178
1225255500562026497
1225255470119735298
1225255416117985282
1225255298434203650
1225255264355520513
1225255176899923968
1225255136630583296
1225255078816292866
1225255050471202816
1225254996138233858
1225254951749853184
1225254894187073536
1225254847248728065
1225254651857010688
1225254547087642625
1225254494633488384
1225254448114667520
1225254279902003203
1225254200982020097
1225254144048533509
1225254028839251968
1225254012544405506
1225253958601658372
1225253706930757633
1225253629818556418
1225253611292299264
1225253104142225409
1225253047611379712
1225252971321188358
1225252775971475456
1225252621696610310
1225252540616511489
1225252509809287168
1225252432227291138
1225252431623225345
1225252362845118466
1225251981742104576
1225251980278423552
1225251916332007424
1225251877064978433
1225251750472568832
1225251615155851266
1225251493437214722
1225251462604886016
1225251383559016448
1225251199387131909
1225251184094728192
1225251176758829056
1225250882977009664
1225509366817869826
1225509195203653639
1225509082938925056
1225508866768736257
1225508822120353799
1225508689576108033
1225508597330796545
1225508579517575169
1225508423460147206
1225508313250529282
1225508286595764225
1225508269642387456
1225508068114472962
1225507801952374785
1225507670880288772
1225507578916098049
1225507509340983296
1225507204570189825
1225506923015032834
1225506721784791040
1225506471292604417
1225506431547400192
1225506409875476481
1225506174579204096
1225506122926297090
1225506028252475392
1225505968819261440
1225505739063599106
1225505418992111622
1225505351178559489
1225505341774999552
1225505311789809666
1225505259101020172
1225505101147787264
1225504969006120963
1225504955588644864
1225504785899704320
1225504462254616576
1225504403291070466
1225504339785125889
1225504337906077696
1225504142959030279
1225504106049134595
1225503949899419648
1225503890176606208
1225503784299876353
1225503602124447748
1225503546960945154
1225503441751085061
1225503338294398976
1225503271651020800
1225503194790404101
1225503161194029057
1225503012074000387
1225502964611239941
1225502820343918598
1225502591922114564
1225502583076335618
1225502568782102528
1225502539199766529
1225502436590313473
1225502322190639110
1225501919684288513
1225501617799225344
1225501488472035329
1225501471413866496
1225501332699783168
1225501275988598784
1225500985797365767
1225500967698911237
1225500657928376321
1225500539611467779
1225500535010340867
1225500494271041537
1225500203794432001
1225500166045814784
1225500056398258176
1225500034957037577
1225499687475654658
1225499520114528257
1225499168178872331
1225498971730305025
1225498966462259200
1225498920618516482
1225498874200150019
1225498686261809157
1225498612790108160
1225498593672466432
1225498386838761482
1225498083808751616
1225497978993070081
1225497912110714885
1225497909979963398
1225497813171294208
1225497737103380482
1225497543297110017
1225497512653578241
1225497286861623296
1225497074860535808
1225496970581749767
1225496712065798147
1225496694512549888
1225496692826529793
1225496658252894211
1225496588304494593
1225496504078655488
1225496493131476992
1225496461267361793
1225496450785775619
1225496215967719426
1225496154181447682
1225496001223577600
1225495987533307904
1225495915881955332
1225495896458223616
1225495850799030272
1225495705478979585
1225495656032342017
1225495477099122688
1225495404302733313
1225495378335760385
1225495322601967616
1225495217907884034
1225495173511221250
1225495165164498944
1225495136920100866
1225495121212452866
1225494980208271360
1225494970674618369
1225494927536201736
1225494898012545024
1225494729846120453
1225494706508980224
1225494444457287685
1225494372311093249
1225494367156068352
1225296131703197696
1225295981534760961
1225295866673737729
1225295801875718144
1225295800898637824
1225295761782513664
1225295502511689728
1225295302447362050
1225295234390790144
1225295175053869058
1225295132959752193
1225294923366191105
1225294826440138753
1225294680822288385
1225294675277316099
1225294593706475520
1225294436306866177
1225294340525703169
1225293981107531776
1225293964678508544
1225293787733352449
1225293786500087809
1225293732112748549
1225293472338522112
1225293421604220929
1225293350435270656
1225293143547011072
1225293040547434498
1225292770497236992
1225292617899921408
1225292566440169473
1225292094220070913
1225291998812409856
1225291666619154432
1225291626387390464
1225291577926602753
1225291516597411840
1225291449714896896
1225291211470233600
1225290961477132288
1225290822125604864
1225290642382893058
1225290390648934400
1225290382663180289
1225290089401421824
1225289405339799552
1225289140356255744
1225288985616035840
1225288720359862272
1225288583017160704
1225288459037921281
1225288159052935168
1225288097870553088
1225287944099024897
1225287884615430144
1225287647465279488
1225287416061341701
1225287414211653632
1225287392606683136
1225287276256645120
1225287210229854210
1225287158308724737
1225286727214010368
1225286401232691200
1225286400943083520
1225286356768673792
1225286294139527169
1225286214200283136
1225286072986243072
1225285955537403904
1225285896007802880
1225285870871175169
1225285863279599616
1225285509850767360
1225285257731203073
1225285240467288065
1225285180069425152
1225285123496697856
1225285083910823936
1225284982190428161
1225284914163175424
1225284800782708736
1225284672273317888
1225284629839667200
1225284362729644032
1225284328608935936
1225284184471560203
1225284078603325440
1225283942808338432
1225283842510069760
1225283709177339904
1225283688209899521
1225283638385946624
1225283633516367872
1225283368973041665
1225283245174071297
1225283244863578112
1225283193231724544
1225283174202085377
1225283128996093952
1225283105579139074
1225283004739850240
1225282873189638145
1225282813743828992
1225282724828766208
1225282238624890880
1225281955878572033
1225281939441102849
1225281783102660608
1225281655197167616
1225281479342731264
1225281371804971008
1225281358534250496
1225281287604383744
1225281133903933440
1225388099011665925
1225388021438173184
1225387533875331072
1225387500278927360
1225387476396773378
1225387335635701761
1225387326966292486
1225387184145997824
1225387016440942597
1225386927630831616
1225386850057179136
1225386599422185472
1225386579398516736
1225386434984583169
1225386420379873280
1225386412150808577
1225386373215027200
1225386367343046656
1225386030892802048
1225385944699875330
1225385908645646336
1225385895550844930
1225385768715247617
1225385653942312962
1225385540456869888
1225385533372870656
1225385434353668098
1225385240182632450
1225384977531068419
1225384947231395841
1225384910506033153
1225384883947819009
1225384382724214786
1225383879445557250
1225383711949983745
1225383471150968832
1225383288354856960
1225383198529589248
1225383135149543425
1225382885294854144
1225382815220498432
1225382788611706880
1225382642591223810
1225382373161873408
1225382052419080193
1225382017560457216
1225381943514214400
1225381869186842625
1225381771207774209
1225381647018864640
1225381530912116736
1225381523035213824
1225381495042342912
1225381234504802304
1225381143630970880
1225381106817490945
1225380963837935616
1225380958309961729
1225380832212287489
1225380647797186560
1225380624242008065
1225380365143023616
1225380326811328513
1225380293198172160
1225379952041676800
1225379219036704772
1225379151554715651
1225378871777746947
1225378862697050112
1225378719222636544
1225378717310095365
1225378580466528262
1225378366305579009
1225378288048254976
1225378256590983173
1225378223107735558
1225378059827761152
1225377983910875137
1225377950389829637
1225377879212613632
1225377740603478016
1225377538073092098
1225377485124063233
1225377480032129024
1225377104482586624
1225376948152676352
1225376923687112704
1225376923473371136
1225376769076682752
1225376712436797440
1225376625828749314
1225376510648864768
1225376300208140288
1225376257090572291
1225376187960172544
1225376093336588288
1225376080065945600
1225376006267121665
1225375806400221184
1225375721708806144
1225375649965264896
1225375634081374208
1225375467437514752
1225375421249642497
1225375119448604672
1225375045306011648
1225374989060202498
1225374862127976449
1225374861494632449
1225374742909198337
1225374703847649281
1225374515162570756
1225374302603628544
1225374113251971072
1225373973963255809
1225373944770789376
1225373936214560775
1225373924688568321
1225373867310551040
1225373831675535360
1225373787501289472
1225373761001492481
1225373760557109249
1225373760422891521
1225373705850589185
1225373664125870080
1225373644458729472
1225373466272112640
1225373416942899201
1225373300295163904
1225373298109878273
1225373275540246528
1225373220787957762
1225373166043688961
1225373033793302529
1225373016667938818
1225433773518544897
1225433683466866688
1225433574482022400
1225433551396425728
1225433450284568576
1225433321259143173
1225433300530917376
1225433284567609345
1225433139381559296
1225433101159075840
1225433062621601792
1225433060444864512
1225433050579980292
1225433047190818821
1225432785290244096
1225432732022530048
1225432681867022339
1225432674929664000
1225432493840621569
1225432249958572032
1225432173404151808
1225432121600348160
1225432112578342912
1225432107998048258
1225432088897257472
1225432083125936128
1225431994030489600
1225431980336173058
1225431972794814464
1225431780095856641
1225431769563963397
1225431664509300736
1225431657034940418
1225431644657594370
1225431567218114561
1225431542794792960
1225431334086012929
1225431313404043264
1225431256105660416
1225431134294749184
1225431122001235970
1225430839921664001
1225430760330612736
1225430681876037638
1225430593086816256
1225430503680966657
1225430415827058691
1225430378741223427
1225430309996392450
1225430252886876160
1225430128819425283
1225430039182733312
1225430022405738496
1225429861075910656
1225429760177664001
1225429681463128066
1225429608348164098
1225429306064674816
1225429224510697472
1225429149075947520
1225428959367761921
1225428945593606147
1225428937771298816
1225428916162252800
1225428894909706240
1225428817671376897
1225428801276055552
1225428768635813888
1225428713485033477
1225428698167488515
1225428671441317889
1225428552876724226
1225428533528420354
1225428508526174210
1225428454612533249
1225428257711017984
1225428238228434944
1225428217462390786
1225428196180529152
1225428091436138496
1225428032736972800
1225427945310892033
1225427933281517570
1225427764158902272
1225427744046997505
1225427646877773825
1225427328081285121
1225427314902736897
1225427044554739714
1225427043812175872
1225426905102520327
1225426904657879040
1225426861406203904
1225426838601830401
1225426406252916736
1225426357137674241
1225426318692667392
1225426312430587906
1225426288388837378
1225426136311746562
1225426109132615680
1225426105420668929
1225425869264605185
1225425857772216321
1225425760644685824
1225425565836095489
1225425480842711045
1225425330049028098
1225425203888562177
1225425082031448064
1225424959113236480
1225424950875611136
1225424840582205440
1225424838493442048
1225424474780073986
1225424344878182400
1225424334686228480
1225424325643206656
1225424318659727360
1225424164439224321
1225424064891609088
1225423798293282817
1225423758329925632
1225423684246089729
1225423656135938051
1225423558462984193
1225423502649348096
1225423399263993856
1225423319991824384
1225422801756213249
1225422784014274561
1225422766356205569
1225422751260798976
1225422690326065152
1225422503549554688
1225422455096741891
1225422333600575488
1225422264377708544
1225422100153847808
1225422053739810818
1225421775367962624
1225421746179842049
1225421506819158017
1225421434736009219
1225421426728919041
1225421262475976704
1225421203579469825
1225421199431344130
1225421172818378754
1225421171656712192
1225421143399653377
1225421067306569731
1225420949924634624
1225420918828068866
1225420864763547650
1225420814687727616
1225420718755794944
1225420602909089792
1225420445333237764
1225420443751837697
1225420349740920832
1225420322368892930
1225420317671088129
1225420234473037829
1225420091690450946
1225420007414345728
1225419841613549570
1225419794687508482
1225419788425494528
1225419469842833408
1225419387513036801
1225419331279847424
1225419282021933057
1225419234479681537
1225419029826932741
1225419015461445632
1225418906820415488
1225418842731614209
1225418825723764737
1225250660070895617
1225250390645628928
1225250379715223552
1225250367157493762
1225250268960509952
1225250140505747457
1225250039238451201
1225250036549922818
1225250028677058563
1225249984460808194
1225249920883527680
1225249819163148289
1225249738469015552
1225249589990739969
1225249479361802240
1225249049097441280
1225248818590961664
1225248798294921216
1225248733383680000
1225248615108612096
1225248569965211650
1225248268130672642
1225248188543782913
1225248173024776192
1225248055106187265
1225247921651748864
1225247755066540032
1225247669360132096
1225247485372665856
1225247474740318208
1225247224118026242
1225247121290514432
1225247106891300864
1225247102189678593
1225247049303523328
1225246991732609024
1225246950620049409
1225246945729482755
1225246696973705217
1225246685867188227
1225246339329486848
1225246250229846017
1225246164145995776
1225246046315433984
1225245954103742464
1225245934004535296
1225245768602324994
1225245602235088896
1225245498359107586
1225245443250171904
1225245406231064577
1225245235107835905
1225245164731387904
1225245057625751554
1225245048205402117
1225245042752786432
1225245014692777985
1225244747729719296
1225244654574198786
1225244478740582405
1225244422616387585
1225244418606862337
1225244369436868608
1225244298377072640
1225244269675470848
1225244220023345154
1225244046060326913
1225243887096258560
1225243559898603523
1225243482492551169
1225243465132363776
1225243416386265091
1225243270629949441
1225243139495075840
1225243068791742465
1225242975904686080
1225242934502707200
1225242854022373378
1225242726062592000
1225242686447390726
1225242284989521920
1225242245940400129
1225242231923265538
1225242072665460736
1225242005527117826
1225242000930168833
1225241989412573184
1225241830276685824
1225241729185517568
1225241683941523456
1225241665696235520
1225241640656240640
1225241592837165063
1225241556967460875
1225241530065195008
1225241521085173767
1225241496045150210
1225241475723730945
1225241454009835520
1225241442316169222
1225241440869064704
1225241410347073536
1225241347386417153
1225241285260218368
1225240973388722182
1225240961351143424
1225240960067604481
1225240914047774721
1225240843667283970
1225240720413425664
1225240715195645953
1225240613710450689
1225240566314733570
1225240560375648256
1225240536539443201
1225240530268884995
1225240502150127617
1225239952063188993
1225239819992928256
1225239817841233920
1225239811184877571
1225239560503906304
1225239517273174017
1225239456048791552
1225239455058948096
1225239336335159296
1225239289572798464
1225239215665041409
1225239113605013507
1225239011272335360
1225238918498570242
1225238860017405952
1225238827234668545
1225238775888011264
1225238730694418434
1225238536489775104
1225238364976140288
1225238283698999297
1225238168926113792
1225238164849221633
1225237946552463362
1225237915262840832
1225237910955470848
1225237834765869056
1225237774321758209
1225237696974598144
1225237676678373377
1225237639923675137
1225237424558821378
1225237174699716608
1225237163870183425
1225236802128269317
1225236732892917763
1225236675330269190
1225236622213632000
1225236607378296832
1225236498787815424
1225236480601317376
1225236334463217664
1225236320693313537
1225236271888556033
1225236252871548929
1225236191588560897
1225236106897219585
1225236092041023490
1225235721239351302
1225235690171985922
1225554723329237000
1225554597147742209
1225554480734855168
1225554308596424705
1225554160919162880
1225554140975202304
1225554043956875265
1225554022943395840
1225553974004264960
1225553973341491204
1225553781624049665
1225553730436767756
1225553701521252358
1225553486894567424
1225553481995628544
1225553474168983552
1225553467516866561
1225553420519641089
1225553311551672322
1225553227342581760
1225553223399985158
1225553219054657536
1225553088955781120
1225552851327471617
1225552794410770432
1225552726140035073
1225552633903112194
1225552632166703104
1225552623950016520
1225552556044247040
1225552529116676096
1225552303178108933
1225552294940479488
1225552274107326470
1225552129630273538
1225551942031749120
1225551918203834369
1225551814772346880
1225551602687397893
1225551511406731265
1225551403835367424
1225551305600634883
1225551301204938753
1225551284826247171
1225551207743311873
1225551168966975488
1225551089254178816
1225550971994071040
1225550966730166273
1225550842880778240
1225550830243401730
1225550689016913922
1225550680636764161
1225550621517975554
1225550426235375618
1225550409714020357
1225550304692838403
1225549997950881800
1225549950337110018
1225549899648946177
1225549822859628547
1225549652013015040
1225549636397621249
1225549630819184640
1225549616495677441
1225549598778892289
1225549409586417666
1225549388501725186
1225549361704325120
1225549345493221376
1225549292586328065
1225549069688430594
1225549061652176897
1225549011983249410
1225548859591602177
1225548752431263744
1225548375686291457
1225548368807710725
1225548367381647365
1225548361010425860
1225548033338810370
1225547875633029127
1225547853239549956
1225547718803808257
1225547713107972097
1225547507247308801
1225547426980913160
1225547332244135941
1225547259137404928
1225547071668748289
1225546912847343616
1225546821281382404
1225546769674665984
1225546660622802944
1225546149500784642
1225546088830132224
1225546041245753344
1225545891110625290
1225545816770850817
1225545509064073219
1225545322581106690
1225545310291865605
1225545195275591685
1225545103428718594
1225545000739594241
1225544932800241664
1225544881269084162
1225544694681231360
1225544669876146179
1225544647323332609
1225544389008732163
1225544288500699142
1225544208641118211
1225544079519485952
1225544044719345664
1225543801600724992
1225543669941460995
1225543649515143174
1225543638689746946
1225543627641933824
1225543445793644544
1225543429905625096
1225543179048452100
1225543164703932417
1225543146743922688
1225542920977158150
1225542748348014592
1225542697697660929
1225542642890674184
1225542638604103680
1225542434555297793
1225542384320163846
1225542376241991680
1225542339411824640
1225542319891505153
1225542215025467393
1225542189654081536
1225542186953052162
1225542171702571011
1225542086541369350
1225541793888047104
1225541769317748736
1225541678565658625
1225541567794073601
1225541509501550594
1225541255486169094
1225541243184259074
1225541219784253441
1225541175085608961
1225541009364410368
1225541004532633610
1225540864107261957
1225540811800170498
1225540773682335744
1225540733114994688
1225540597097865218
1225540365601660930
1225540228875681798
1225539743640956928
1225539716990328833
1225569853601406976
1225569828175564801
1225569764132741122
1225569689096654851
1225569606485626880
1225569561354756096
1225569408174653442
1225569304025931776
1225569151961456642
1225568789586227200
1225568597818445826
1225568203314692097
1225568139431337985
1225568096360058881
1225567982044241921
1225567791656427520
1225567748790640640
1225567553772232704
1225567504497545216
1225567465847115778
1225567439582310401
1225567357881454592
1225567198846029826
1225567157733543937
1225567156236058624
1225566979421024257
1225566955832303617
1225566753205444608
1225566566919655424
1225566169811345409
1225565938893885447
1225565932094939141
1225565797818544129
1225565751534391296
1225565495434366976
1225565489960755201
1225565452518207496
1225565345727025155
1225565298482458630
1225565224088023041
1225565213082165249
1225565196036583424
1225565163912417281
1225565153003024384
1225565114688057346
1225565104151973888
1225564995775234051
1225564945028452354
1225564873364512768
1225564758063112192
1225564734952525825
1225564638101639168
1225564576030298113
1225564549782425602
1225564442844442624
1225564373470498816
1225564327064809472
1225564155060596736
1225564025666273283
1225563934649995264
1225563905767956481
1225563879520030720
1225563875292143616
1225563860687605762
1225563662129254407
1225563585964847108
1225563544726441990
1225563481920897029
1225563317982330880
1225563024330764291
1225562998959411202
1225562814850510849
1225562715269345280
1225562463610994692
1225562461866254336
1225562447798587392
1225562317955502080
1225562102494048263
1225561953487089664
1225561929818738689
1225561648976580609
1225561601169862658
1225561564691996673
1225561418633793536
1225561210617237511
1225561134851383296
1225561129516183556
1225561055968940032
1225561047760809984
1225561004890894337
1225561004744069120
1225560963132411904
1225560946124390401
1225560934598545409
1225560934577471489
1225560799810289665
1225560560126906369
1225560521203687424
1225560494372773889
1225560466145058823
1225560435837014019
1225560386147147782
1225560357185445889
1225560271583948800
1225560239711322114
1225560229640839170
1225560209210400770
1225559911607787520
1225559858264584194
1225559836433276933
1225559824722808833
1225559741398683651
1225559681218818052
1225559657957281792
1225559646284455939
1225559643612753954
1225559334068871170
1225559297729363972
1225558892752621568
1225558816558854145
1225558797990711296
1225558720568078338
1225558687361748994
1225558658228072449
1225558642906324994
1225558605329391616
1225558473187958785
1225558176076095491
1225558156304056321
1225558148636987394
1225558037001359366
1225557890431361025
1225557887163998210
1225557882789388294
1225557765529182211
1225557739633627138
1225557734222901254
1225557708830650368
1225557696931401728
1225557677155274753
1225557600944709638
1225557456450924548
1225557307922231299
1225557268260884481
1225557260903911424
1225557087553556482
1225556962764566528
1225556945488302080
1225556828806877185
1225556826311340033
1225556726562410498
1225556660665692161
1225556606949240840
1225556535981563904
1225556452598853633
1225556424656330764
1225556303587807232
1225556301507420162
1225556248197726209
1225556094610792451
1225556010846375939
1225555961852633100
1225555798396489732
1225555787742883840
1225555763483025409
1225555698420977664
1225555683111776257
1225555649267892225
1225555580540071937
1225555528077672454
1225555466266333184
1225555234665193473
1225555131011420161
1225555126351540225
1225555035909738498
1225554873736929283
1225326684376850432
1225326632304381953
1225326290640699394
1225326209195749376
1225326157987536897
1225326129814425600
1225325851102896129
1225325438727282689
1225325386407477249
1225324861528080386
1225324745685532672
1225324743718510593
1225324671496675329
1225324316293816322
1225324142217445376
1225324100987408384
1225323770841309188
1225323525717790720
1225323195072315393
1225323120845705216
1225323022183260162
1225322750526386176
1225322526793797634
1225322083577561088
1225321993358069760
1225321818522669057
1225321792396517376
1225321730908073990
1225321730710761473
1225321504201695232
1225321477416734720
1225321465886593024
1225321277851828227
1225321260160344064
1225321087128334336
1225320934590025729
1225320882706321408
1225320825433268224
1225320656222531584
1225320351644520448
1225319989806108672
1225319863494815744
1225319795148460032
1225319728056586241
1225319439811403777
1225319079067537408
1225318871411740674
1225318070157180928
1225317974158069762
1225317814870953984
1225317740895969280
1225317729168527360
1225317698420248577
1225316793075601409
1225316761429594112
1225316509708247040
1225316493635784704
1225316490200657920
1225316482059362304
1225316180388458496
1225316044841127936
1225315998833577984
1225315776980291587
1225315720483016704
1225315715705692165
1225315621073833985
1225315457478955008
1225315322359508993
1225315236774735872
1225315221167919104
1225315183309905920
1225315123931291648
1225315090011832321
1225314930297053184
1225314880611323904
1225314874374250496
1225314616005341184
1225314333300809728
1225314262500986881
1225314133572276225
1225313593840852993
1225313299987824641
1225313189870497793
1225313083251462144
1225312993858048000
1225312665343447040
1225312662470283264
1225312442919591936
1225312421599825920
1225312389106716673
1225312349784924160
1225312139738525696
1225312080229806080
1225342211493187584
1225341933687582721
1225341912992759808
1225341679219040257
1225341576106385408
1225341550420463616
1225341376167997440
1225341371390676992
1225341182018031616
1225340812969549825
1225340785710768130
1225340664994582528
1225340626067238912
1225340612725166081
1225340455149350912
1225340403135713280
1225340322328260608
1225340316946817024
1225340237347463168
1225340207962214401
1225340129889251328
1225340120062144514
1225340061031464960
1225339663470256129
1225339511049248768
1225339230571786240
1225339096530407424
1225338957573083137
1225338938572836869
1225338720045367296
1225338709589012480
1225338677456277504
1225338633076514817
1225338364976599040
1225338346123165696
1225337720572014592
1225337648132214784
1225337608575881218
1225337485430947840
1225337421354721281
1225337184728879104
1225336859724832768
1225336773473112064
1225336766611193856
1225336744574275586
1225336713955938306
1225336601024303104
1225336455666360321
1225336359449055232
1225335882271477767
1225335870473080832
1225335831159885827
1225335773618155520
1225335710695034883
1225335696698642432
1225335672657018882
1225335663311982592
1225335501147631616
1225335370419707904
1225335277029330944
1225335171924119553
1225335145919475712
1225335041305214978
1225335009894182912
1225334642405933057
1225334552056516608
1225334116675129349
1225334073901580288
1225333948294868995
1225333754069168128
1225333626835021824
1225333566520864769
1225333490968862720
1225333463714271233
1225333439970365440
1225333070041165827
1225332968954064896
1225332932996239361
1225332810577145856
1225332800607465472
1225332627135180801
1225332577352941568
1225331803273093121
1225331752685785095
1225331750886199297
1225331407041581056
1225331197884223488
1225330924843405312
1225330520369901569
1225330088469762048
1225330059826933762
1225330051626856448
1225329864078712833
1225329775528599553
1225329646901874688
1225329558351536129
1225329525069737984
1225329371831033856
1225329093048184832
1225328798180282368
1225328734527541249
1225328624531845120
1225328606194413568
1225328429157011456
1225328354506805250
1225328248013443073
1225327947550253056
1225327746915667968
1225327689416019968
1225327503503392770
1225524520162865155
1225524253652652033
1225524155413647368
1225524147809406976
1225524066360143888
1225523997401591815
1225523981836595206
1225523923107926020
1225523886143483905
1225523848071831553
1225523716332949504
1225523685760655377
1225523538234355734
1225523527484309507
1225523437810089984
1225523382659231756
1225523380444639238
1225523346848337920
1225523311389618189
1225523266581868548
1225523201087811608
1225523070145900544
1225523006434312192
1225522787491733504
1225522666930614282
1225522640049274880
1225522632302481408
1225522588891435008
1225522564480544783
1225522490266529793
1225522443198050312
1225522362025730050
1225522280140288010
1225522127010439170
1225522051039055872
1225521864379904001
1225521769915789319
1225521664659615744
1225521237776044032
1225520956921274368
1225520919067734017
1225520321400377344
1225519867295608857
1225519657169367040
1225519204159426560
1225519199520468994
1225519186476138501
1225519092720861186
1225519012131549199
1225518980112232455
1225518866798960641
1225518657272516613
1225518342087335937
1225518132942516226
1225518126730809345
1225518008937918466
1225517745275580419
1225517656998064138
1225517643219820545
1225517561707671553
1225517473866354688
1225517447282909185
1225517207821615106
1225517183968698369
1225517176532152320
1225517160891592704
1225517139051892737
1225517116012605442
1225517012845301761
1225516637425668097
1225516632132464652
1225516556534329350
1225516437432938497
1225516391287197701
1225516191659253761
1225516096649940993
1225516059588952065
1225516052550955013
1225515877690376198
1225515848326172675
1225515780567162882
1225515374034214912
1225515259487760389
1225514935087779841
1225514873305620480
1225514528236097541
1225514521051193348
1225514444521951234
1225514272790327296
1225514221854699521
1225514180939276289
1225514179282509824
1225514175679651841
1225514173939011584
1225514169413316617
1225514157392482310
1225514102103166977
1225513901753806854
1225513772900634625
1225513706580332545
1225513142056300552
1225513125899853825
1225512974145794049
1225512965237018626
1225512922660642818
1225512859855138826
1225512372024020993
1225512295469584386
1225512288897118211
1225512201945059336
1225512182798016513
1225512126074249216
1225512012446388224
1225511994750578688
1225511982658285568
1225511895500763136
1225511709659553792
1225511564826025984
1225511562506575875
1225511507468918784
1225511466754813953
1225511377474899974
1225511362408910851
1225511186336296961
1225511079775744002
1225511065737453569
1225510964281446402
1225510733657657344
1225510177807437826
1225510126993494023
1225510047368843270
1225509935523532802
1225509909384617985
1225509905731391491
1225509876211888129
1225509776764874754
1225509739808935939
1225509727137824776
1225509448279633920
1225448878989856769
1225448822882496514
1225448775524679680
1225448760496590853
1225448688530661376
1225448287035064325
1225448266961166339
1225448227983560705
1225448171284774913
1225448148312743936
1225447990921515010
1225447984932016130
1225447742241169408
1225447718027395072
1225447630802751495
1225447576490696706
1225447537575911426
1225447493862936577
1225447412057042946
1225447259556454401
1225447191914930180
1225447164299632640
1225447003888459776
1225446685385510912
1225446673519927298
1225446612165677059
1225446492581830656
1225446479856312320
1225446430447411200
1225446416878796800
1225446415658340352
1225446357869088769
1225446292383555589
1225446213186736128
1225445996269842432
1225445915126681600
1225445871602540551
1225445681084669953
1225445638860496897
1225445338665844739
1225445296999747585
1225445271670116353
1225444967436304384
1225444895613227009
1225444858300706819
1225444786594832386
1225444676016074752
1225444667078172672
1225444644646981634
1225444556541440000
1225444530930896896
1225444523238731776
1225444521430917120
1225444521347092480
1225444476421910533
1225444468540633089
1225444440627646465
1225444298931335168
1225444268082417670
1225444150767738880
1225444093477543936
1225444052407066624
1225443977257721856
1225443946106695680
1225443831866384394
1225443643378585601
1225443598629560327
1225443332215709696
1225443260346355712
1225443186065182720
1225443154545061889
1225443102527229952
1225443097234067459
1225442985678163969
1225442887393054720
1225442714205982727
1225442701824360457
1225442570509180931
1225442410647445506
1225442086184476672
1225441936372310017
1225441764066066438
1225441733804204032
1225441703122874375
1225441535149268993
1225441515121643520
1225441456577564672
1225441384254996480
1225441117388365832
1225441108588666880
1225441074530979841
1225441068721868803
1225440987293634561
1225440976409370624
1225440922613112834
1225440805097177094
1225440793944608769
1225440776571817984
1225440603875397633
1225440557423452162
1225440516927561730
1225440428364832768
1225440426678800385
1225440340494180354
1225440280389865472
1225440184747151361
1225440172663328768
1225440085778272256
1225440000667475968
1225439894656430080
1225439775550664708
1225439757687283712
1225439645820952579
1225439615844257792
1225439506930683904
1225439484759592960
1225439365452591104
1225439318212112384
1225439288726298624
1225439282078404620
1225439279792320512
1225439158317068288
1225439112498274305
1225438684859838465
1225438622460940289
1225438616928890882
1225438600113709057
1225438482698588162
1225438415308677120
1225438354663231488
1225438346224128001
1225438336766152710
1225438294328172547
1225438217618386944
1225438215294922754
1225438014547034119
1225437861467561985
1225437795096752129
1225437757415337985
1225437697663172609
1225437669733412873
1225437659222487043
1225437647331565568
1225437619254726656
1225437578301759489
1225437562891886592
1225437483908902912
1225437344678854656
1225437100255928325
1225437054391242752
1225436973382426627
1225436968110002177
1225436888716066817
1225436881585872896
1225436863244140545
1225436816490352642
1225436807988424704
1225436799868133379
1225436650924335104
1225436609610502151
1225436410766921728
1225436370585341953
1225436327728029696
1225436327425871874
1225436151210639360
1225436101244047362
1225436073632894977
1225436053970018304
1225436040535642113
1225435838139568128
1225435803284799488
1225435749182529542
1225435700046290945
1225435688503365634
1225435598489559041
1225435578730242051
1225435459460878337
1225435367672729604
1225435215671197696
1225435178211741696
1225435177268105216
1225435134863663104
1225435122033479688
1225435112168357888
1225435091930767361
1225435078278275072
1225435074772033536
1225435008376004608
1225434836824969216
1225434585929904129
1225434493739290624
1225434461099167745
1225434431382409216
1225434345676124162
1225434337623101443
1225434336448712706
1225434178553966592
1225434161906774016
1225434160602333184
1225433981648297985
1225433904489943041
1225433904083021825
1225433845392125954
1225433841550098433
1225433813960056833
1225433785417785344
1225479088963493890
1225479083087343616
1225479068881162245
1225478729222090752
1225478636720939008
1225478317530181632
1225478101397721088
1225478076416610306
1225477880244731904
1225477732290547712
1225477635846750210
1225477570071756803
1225477514308526082
1225477344233549824
1225477328119066624
1225477215703289860
1225477136170962944
1225477083767463939
1225477067866824704
1225477007900729346
1225476896542089216
1225476845275090945
1225476830863319040
1225476766464167938
1225476730871263237
1225476662265098242
1225476657726836736
1225476654585303040
1225476631763902464
1225476527112048642
1225476525950144513
1225476465451524097
1225476424259141633
1225476333620224000
1225476305216516096
1225476135888261121
1225476082658353152
1225476017940201474
1225475828789792770
1225475623994322945
1225475597570203649
1225475595657629696
1225475569355239427
1225475473519587328
1225475464854155264
1225475421396848641
1225475361724682251
1225475340731994112
1225475286197817346
1225475280246116352
1225475141653663749
1225475085919825921
1225475081406644224
1225474983683600384
1225474778103980032
1225474762073350147
1225474656594997249
1225474629285883904
1225474621962629120
1225474433508368390
1225474395897987072
1225474181875277824
1225474175860723712
1225474168805842945
1225474064094916608
1225474043815636994
1225473957614227458
1225473945551306752
1225473725039968256
1225473720837427202
1225473700188901378
1225473431925395456
1225473269811290112
1225473265155444736
1225473208989646855
1225473153322889216
1225473136608579584
1225472876825976832
1225472822006427648
1225472748882821120
1225472734886494208
1225472663843483648
1225472636836368387
1225472550404272134
1225472544150450181
1225472330790387712
1225472297559035904
1225472226520158208
1225472209730363393
1225471978154405888
1225471958139252738
1225471944344133632
1225471873057775616
1225471854535729154
1225471777989591040
1225471644581466112
1225471553900601345
1225471403698401280
1225471345754038272
1225471317878673409
1225471182243106816
1225471170486636545
1225471083781902336
1225471071329161218
1225471032569421826
1225470959987122176
1225470592389959687
1225470440354742275
1225470397455319041
1225470342300405760
1225470205955993600
1225470048044802048
1225469948694323201
1225469803638480904
1225469667671760896
1225469581743054855
1225469460368306178
1225469132407296000
1225469131039891458
1225469094717059072
1225468894623694848
1225468865154600960
1225468822502637570
1225468746476802049
1225468426057142274
1225468289993912320
1225468289201123336
1225468011966074880
1225467822702235648
1225467731316793350
1225467610101215232
1225467527767003136
1225467323340840960
1225467214410719232
1225467147696123911
1225467002208301056
1225466898281828354
1225466826387316741
1225466813968003079
1225466750537551872
1225466318566105091
1225466202836865025
1225466192166563840
1225466056212348928
1225465893431513095
1225465647586521089
1225465614019334145
1225465567915728900
1225465490119757824
1225465464744292352
1225465463435616258
1225465461791502337
1225465417566691328
1225465335266136064
1225465318690230272
1225465122086412288
1225464792875458561
1225464633663815680
1225464500687687680
1225464486473207809
1225464395787976704
1225464126333386753
1225464020486033408
1225357712332140544
1225357688537862149
1225357418768433153
1225357389576232960
1225357361973530630
1225357333917847552
1225357257631846401
1225357229412368384
1225357017423863808
1225356966060548097
1225356809377992704
1225356779095298048
1225356741308747777
1225356615383121920
1225356511452352512
1225356460378423297
1225356439696236544
1225356374235848704
1225356350831702016
1225356313452011521
1225356286159720448
1225356139287785472
1225355732230402048
1225355731500589056
1225355694741655553
1225355252334919680
1225355168415461381
1225354893122310144
1225354794522435584
1225354538309210112
1225354184578351104
1225353946438328320
1225353815400108032
1225353699528237056
1225353692901249029
1225353652870627328
1225353638849241088
1225353505273188352
1225353502563586048
1225353304798113793
1225353027298656257
1225352967014010880
1225352897463975942
1225352669822238725
1225352616483446789
1225352366817521664
1225352311691603968
1225352274345680896
1225352169433509889
1225352126672646144
1225351951749197824
1225351800582066177
1225351331596115969
1225351310356156416
1225351100540256257
1225350925063204865
1225350727536648192
1225350555075170304
1225349840000999425
1225349677350039552
1225349364782157824
1225349062515470336
1225349053573189633
1225348581973823494
1225348562617339904
1225348234899546112
1225348229434310657
1225348197385752577
1225348184983113728
1225347887678267392
1225347833131421697
1225347722645065728
1225347645742272512
1225347085794410497
1225347026260549633
1225346938318524419
1225346701755437056
1225346697846497281
1225346687088103425
1225346444581883904
1225346370921549825
1225346194643140609
1225345862966087681
1225345823669657600
1225345800848343040
1225345726613356544
1225345538884685824
1225345169471557632
1225345089528004609
1225344859621511168
1225344709247328258
1225344531463200768
1225344472688410624
1225344404967370754
1225344304383696896
1225344127291707392
1225344027920359424
1225343257095393280
1225343079218991104
1225342843750928385
1225342712561356801
1225494261082263554
1225494175904419854
1225493816632844288
1225493731501060102
1225493684382203912
1225493613280407554
1225493457185247233
1225493443922792448
1225493400939585536
1225493380534296576
1225493289014562818
1225492978703249411
1225492888580247553
1225492877867921408
1225492861648543745
1225492751321616384
1225492712151015424
1225492585722064902
1225492585382383616
1225492515505266691
1225492473700638721
1225492298739437568
1225492089846235139
1225492060632997892
1225492013036064768
1225491959688650752
1225491957033709610
1225491902553829378
1225491878562406402
1225491856345174021
1225491658231382030
1225491528803594240
1225491514064875527
1225491314667589632
1225491301589712899
1225491266777075718
1225491079128113154
1225491009263603712
1225490853793353728
1225490794217451520
1225490463932780545
1225490132414980096
1225490091700781057
1225489894816043009
1225489462861410304
1225489333517537280
1225489328786243584
1225489212671217665
1225489044546686976
1225488662885957632
1225488465657319424
1225488378113806342
1225488328881037315
1225488322765688838
1225488320916049920
1225488268541726721
1225488121300750336
1225488036668026881
1225487988156764165
1225487796929953793
1225487683184726017
1225487652566315008
1225487610451288065
1225487422265470979
1225487398655713280
1225487236571058177
1225487228383657987
1225487180874821637
1225487066726850560
1225487053019910146
1225486962594897927
1225486918596644867
1225486901701943297
1225486862380302338
1225486771997290496
1225486731945873409
1225486713709043718
1225486709846093826
1225486700463435777
1225486698106228737
1225486693140172800
1225486534402543617
1225486477611720704
1225486415842152449
1225486312762941441
1225486148602126344
1225486132957368320
1225486119342657537
1225486098492772352
1225486092121624581
1225486086983553024
1225486084097880069
1225485899858878466
1225485821886812160
1225485771639009281
1225485695369781248
1225485590906445826
1225485577035878403
1225485571159621637
1225485510589734912
1225485337801240579
1225485319115608064
1225485314359164928
1225485313444909058
1225485231706247170
1225485101066313730
1225484955565748224
1225484946254548992
1225484860317425664
1225484760564277251
1225484732965715970
1225484661142544384
1225484621388931083
1225484613700722690
1225484502815866884
1225484479659233284
1225484477004161024
1225484183700635650
1225484035805401089
1225483989848383493
1225483954834362369
1225483949989879808
1225483872722411521
1225483816988487680
1225483784885358592
1225483621861134337
1225483577925742593
1225483514566627328
1225483419171291137
1225483227835576327
1225483125733646338
1225483110306893825
1225483078870630401
1225483056104034305
1225482891955589120
1225482884577976320
1225482803296505862
1225482644693147650
1225482620336771076
1225482478065979398
1225482284091883520
1225482235425378304
1225482225669505027
1225482098573824001
1225482069654065156
1225482030076637184
1225481797473046531
1225481698118336512
1225481461018628097
1225481413681713152
1225481384787140609
1225481288796254209
1225481161788608513
1225481030481530880
1225480985015398408
1225480879579029506
1225480803477532674
1225480796900818946
1225480420394926082
1225480392788119553
1225480357568335872
1225479866356817926
1225479839781654536
1225479794894286849
1225479758147878913
1225479641097527296
1225479501175492608
1225479469252644865
1225479466559782912
1225479454190972928
1225479360364326916
1225479238205288448
1225479193569431558
1225280987493535744
1225280855502925824
1225280725156368384
1225280466594361345
1225280444041715712
1225280022015094785
1225279981254737920
1225279808327819265
1225279588516929537
1225279576651120640
1225279569474748416
1225279330139410434
1225279095098863616
1225278973069803520
1225278807608705024
1225278764398960641
1225278425398751232
1225278361850826754
1225278273145323526
1225278174575104001
1225278013182398465
1225277907171303425
1225277684051140608
1225277632234893312
1225277530757726208
1225277520058208258
1225277475082493952
1225277361962332160
1225277259491217409
1225277108294807552
1225276772008120320
1225276556106518529
1225276528885411842
1225276478058835968
1225276282562383877
1225276208641908736
1225276148701171713
1225276064189956097
1225275998029127680
1225275823508328448
1225275773977866243
1225275599729627136
1225275509879209984
1225275391218241541
1225275363162513409
1225275043606745088
1225275037298692101
1225274975529160704
1225274959150419970
1225274580266291200
1225274178313416704
1225274086961680385
1225273946561486849
1225273918518415362
1225273804991193088
1225273776876773376
1225273635461570562
1225273302328934400
1225273200268980224
1225273116835729408
1225272922199252993
1225272753474932736
1225272576135614464
1225272548075507713
1225272350339457025
1225272289144508421
1225272176309424128
1225272084869373952
1225271887795773440
1225271622808096768
1225271445183508480
1225271231454142464
1225271132057751553
1225270933058916352
1225270922623541248
1225270919532142592
1225270918085255169
1225270799981928449
1225270700774174720
1225270687662837760
1225270592468705280
1225270454996389889
1225270263027159040
1225270227895832576
1225270180487614464
1225270047565893632
1225270025835204609
1225269796524232705
1225269712285839360
1225269586058039296
1225269374187118593
1225268948326912000
1225268779468251137
1225268772765937664
1225268705975767040
1225268673528680448
1225268646789947392
1225268567303692288
1225268254945533952
1225268157788688386
1225267978238754816
1225267918713344001
1225267664299417605
1225267655340220416
1225267572771258368
1225267507843551233
1225267459185311745
1225267417045250048
1225267407901478912
1225267405397667840
1225267301768990720
1225267085342728192
1225266846745726976
1225266839346909186
1225266710728577024
1225266709101268992
1225266583674740737
1225266505568276480
1225266469669195776
1225266126017507329
1225266065984413696
1225265970618306565
1225235378539573248
1225235360311058432
1225235290064769025
1225235030525374464
1225234826296467456
1225234707127898112
1225234457658970112
1225234346111643649
1225234074706620417
1225233985464303617
1225233914362499073
1225233679494057985
1225233582366613505
1225233554860318720
1225233520060239872
1225233464129179651
1225233334776795136
1225233305211195392
1225233215251787777
1225233137401257987
1225233116647841797
1225232943582470144
1225232920740167680
1225232895171801088
1225232846966730752
1225232778813431810
1225232660231909378
1225232642108465154
1225232641923874818
1225232471656030208
1225232446125494272
1225232410985607175
1225232031916883968
1225231971615375360
1225231334014148608
1225231007831535616
1225230939359531008
1225230767166574592
1225230355566931968
1225230318321504258
1225230183583682561
1225229982940749825
1225229753462001665
1225229750563753989
1225229694745726977
1225229632649252867
1225229494711009281
1225229386338553856
1225229374556762112
1225229161045909505
1225229092913602561
1225228998801649664
1225228990585196545
1225228893805785088
1225228882858651648
1225228802420244480
1225228773639032832
1225228739853737984
1225228653535154178
1225228636111785984
1225228003271217154
1225227673649086464
1225227406652342272
1225227404588847105
1225227283058843648
1225227270266093568
1225227227467599873
1225227103240687617
1225226996122345473
1225226984478957568
1225226926769541122
1225226823006470145
1225226790676856832
1225226760654069761
1225226649253416962
1225226603598434305
1225226501622136832
1225226355354284032
1225226350446903298
1225226273934520322
1225226209849511936
1225226162902880256
1225226080962990080
1225225979074940929
1225225916261060610
1225225674685849602
1225225618607898624
1225225258019348481
1225225188951740416
1225225155963650048
1225224909808377856
1225224824391233536
1225224822210232320
1225224601568862208
1225224589762027521
1225224464750829568
1225224370844340224
1225224366050250752
1225224350179057664
1225224336832897026
1225224335452975104
1225223899199131648
1225223825245298688
1225223782505287681
1225223775735644161
1225223696329191424
1225223595888082945
1225223592171970560
1225223563961098240
1225223512459182082
1225223365784416257
1225223193650008064
1225223147424747520
1225223045331197952
1225222990285197317
1225222946743967744
1225222894944317440
1225222750761037824
1225222743844696064
1225222539997110272
1225222508736991232
1225222404974182401
1225222396031967237
1225222384912867329
1225222303799218176
1225222199130443777
1225222119988002817
1225222113792946176
1225222099511336960
1225222068796612610
1225222046583410688
1225222021866328064
1225221999418642432
1225221841356120065
1225221825182912512
1225221774566207489
1225221753619779588
1225221649894694912
1225221588548714498
1225221470445502464
1225221248235589632
1225221244267700224
1225221178610126848
1225221144053272576
1225221025874563073
1225220934652567552
1225220822345953281
1225220762442883072
1225220558842978305
1225220542720020486
1225220414034583552
1225463980610785281
1225463949904101376
1225463891997708288
1225463832841158656
1225463510810804224
1225463438694080512
1225463364710694912
1225463361250504706
1225463342841712641
1225463307886186497
1225463156404822017
1225462691751440384
1225462687196303360
1225462480211718144
1225462450516000768
1225462427506135041
1225462104175464448
1225462039339913217
1225462033950396417
1225462032549470209
1225462031333150720
1225462029760241664
1225462005018058755
1225461898813956096
1225461889997639680
1225461886394785798
1225461827770826752
1225461728965791746
1225461611625713664
1225461520814837761
1225461487625523206
1225461420965421056
1225461106216357888
1225461075119767553
1225461070837448704
1225460745753612290
1225460735582593027
1225460708382576641
1225460477960032256
1225460336628768768
1225460336096161792
1225460214901526529
1225460173701029890
1225459964011065344
1225459900861632512
1225459855307280384
1225459822172286976
1225459805067722753
1225459773744787458
1225459708015849473
1225459638361108480
1225459518685024256
1225459515472175106
1225459398174224398
1225459363042729984
1225459314019753986
1225459293568348162
1225459263516106758
1225459154506199040
1225459126425223169
1225459118413975553
1225459112470876163
1225458955478016004
1225458815652499457
1225458770555346945
1225458755841773569
1225458694747500552
1225458553789521922
1225458507882749952
1225458490015145985
1225458338491699200
1225458332170903552
1225458291121115137
1225458189971415041
1225458143150276608
1225458082492317697
1225458043577683969
1225457808495325184
1225457771052707841
1225457696523997186
1225457491284287492
1225457428013178880
1225457384639864832
1225457352809361413
1225457352502964224
1225457254058557441
1225457206230839299
1225457176757579786
1225457148269907971
1225457121598300164
1225457055613493250
1225457047241711617
1225456897618255872
1225456768500805633
1225456743142043649
1225456638414467073
1225456601735290881
1225456307236294657
1225456287707734018
1225456266262335488
1225456096556527616
1225455924560769024
1225455883234271238
1225455827076702209
1225455490689310748
1225455295482212354
1225455265165611008
1225455222362923009
1225455155728060416
1225455146538172416
1225454761719324672
1225454167487021058
1225453778154876928
1225453608788951041
1225453358338707456
1225453257499258882
1225453179724320769
1225453159658618880
1225453035410817025
1225452997104238598
1225452913490718720
1225452677410111490
1225452599823847424
1225452590156128256
1225452555192410114
1225452537878323200
1225452477840941056
1225452455661592578
1225452446589374464
1225452424783069187
1225452398887436290
1225452386992435207
1225452319833194508
1225452264791384064
1225452132398256129
1225451914214748162
1225451853334315009
1225451821185011724
1225451817598955523
1225451799328493568
1225451795482398721
1225451752125816833
1225451730776838149
1225451729510129666
1225451603987255296
1225451557136850944
1225451518771507201
1225451479663816706
1225451452698632192
1225451320200572928
1225451036984389634
1225450893430140933
1225450720834588673
1225450627737825281
1225450595508785152
1225450524520198145
1225450522418634753
1225450296857497600
1225450285780340742
1225450275080720384
1225450028413652994
1225450012798263302
1225449958121312258
1225449934201196545
1225449774876262400
1225449713866039298
1225449617921380353
1225449540695793664
1225449455652044800
1225449448228212739
1225449329906810892
1225449291289964544
1225449233488269313
1225448916172316672
1225311573587050496
1225311472592543744
1225311458549891074
1225311330178961409
1225311269349199873
1225311166534123520
1225310918722162688
1225310822949441536
1225310403233603584
1225310376041967616
1225310066271715329
1225309850483281921
1225309800012976128
1225309730983288832
1225309537244196864
1225309272013234176
1225309151468949510
1225309018043777024
1225308610797953024
1225308531848445952
1225308403255275520
1225307649639669760
1225307478583382020
1225307288644333568
1225307243807223809
1225307177763688451
1225307128275050499
1225307099489427456
1225306762754117632
1225306699348807680
1225306689295069186
1225306656084500480
1225306477700710401
1225306363703779333
1225306198641082368
1225305942528389120
1225305775280705536
1225305581537419265
1225305517880479746
1225305416059498496
1225305351077027841
1225305323079995392
1225305276179415045
1225305256218812416
1225305255623188481
1225305135028432897
1225304879775780866
1225304782715445249
1225304675139743744
1225304525034151936
1225304490741506049
1225304436953829380
1225304398248763392
1225304316245880833
1225304310013100032
1225304245324394496
1225304242023489536
1225304130811383808
1225304066630324229
1225304030328631297
1225303770042687488
1225303517247819776
1225303200640782336
1225303192185004032
1225303082222919683
1225302975247077376
1225302805759479808
1225302592365957120
1225302327399071745
1225302002340491265
1225301964663201792
1225301868756094976
1225301603286241280
1225301537620217856
1225301483597549568
1225301443265138688
1225301384767135745
1225301258254331904
1225301176926621696
1225300760411418624
1225300626705461248
1225300407909568513
1225300085673734144
1225300057886466048
1225300034230423552
1225299954849153026
1225299831788392448
1225299690884935688
1225299549947715585
1225299486546833410
1225299448030519296
1225299210859372544
1225298960396324866
1225298943183065089
1225298932441456640
1225298884886269952
1225298756137959424
1225298706972495876
1225298686625878017
1225298663217430529
1225298259138117633
1225298209825792000
1225298050245111810
1225297941599903746
1225297878857416704
1225297799115182080
1225297755519713280
1225297461901582336
1225297286609149952
1225297083357450240
1225297076046761984
1225296720755453953
1225296691932385281
1225296683527024640
1225296523933732864
1225418548413112320
1225418505639604224
1225418352396570625
1225418198666883075
1225417985134821378
1225417966143102976
1225417690568908803
1225417689126010880
1225417680703803392
1225417410544623616
1225417183729197057
1225417152334901249
1225417099914272774
1225417030532202496
1225416938274349056
1225416812042637312
1225416811778314241
1225416607276683265
1225416582291247105
1225416541929426949
1225416435029151746
1225416393753088001
1225416312333037569
1225416002671796224
1225415786153553920
1225415641118789632
1225415577130409984
1225415430140911616
1225415387266732038
1225415267326582785
1225415193695526912
1225415057011544066
1225415019883646981
1225414969350664192
1225414949440311297
1225414927084552193
1225414899196661767
1225414828304424960
1225414825645420545
1225414782800551938
1225414715272126464
1225414382601023488
1225414376926003200
1225414299675451392
1225414209942454272
1225414082536386561
1225414042660954113
1225414017499271169
1225413857092493312
1225413636363096066
1225413600912793600
1225413582168317953
1225413528049176576
1225413430183682048
1225413428971360259
1225413312663490560
1225413299585585153
1225413182740525057
1225413148498219008
1225413065081909249
1225413030445551619
1225412956403458048
1225412734323433474
1225412686671904768
1225412663502626817
1225412643772436481
1225412457650323456
1225412447084916736
1225412293934157824
1225412238623825920
1225412168859783168
1225412086324436993
1225412045203558401
1225411954291937280
1225411925938405376
1225411918539739136
1225411871760683013
1225411771051184128
1225411703191613440
1225411582143762432
1225411507791396864
1225411476653006848
1225411453433368576
1225411430125592577
1225411423322296320
1225411422198386688
1225411417538531329
1225411275812954113
1225411235048501249
1225411084154175488
1225410950091747329
1225410918772879360
1225410892776407040
1225410713310679045
1225410684797636608
1225410614178275328
1225410222996496384
1225410180973654018
1225410155476635649
1225410052657471488
1225409929797828608
1225409891243827202
1225409857517428736
1225409800219037696
1225409695872978946
1225409511831195648
1225409423906136064
1225409292544532481
1225409274995757057
1225409271690604544
1225409099350859776
1225409085438222337
1225409051871215616
1225409018404851712
1225408899966259201
1225408739328450560
1225408434541076480
1225408367293816839
1225408341741953027
1225408230303633409
1225408193301532672
1225408094651416576
1225407948723191808
1225407931019034626
1225407899486314498
1225407753671389185
1225407662625579008
1225407309880446976
1225407307439276032
1225407259385171969
1225407066346598400
1225407059245621255
1225406938072125448
1225406773038899202
1225406744362455040
1225406741971685378
1225406666952323072
1225406665685553152
1225406664846794752
1225406623448875008
1225406605853941761
1225406546219274241
1225406425045839873
1225406270330503175
1225406190986899458
1225406088088031233
1225405792892964866
1225405623853932545
1225405578681421824
1225405494371614725
1225405277530476548
1225405204310495235
1225405152686944257
1225405023607128064
1225404999087403008
1225404893642608641
1225404817813753856
1225404790705991680
1225404736796381184
1225404618320027650
1225404610229215236
1225404446131118085
1225404327088410624
1225404189678997504
1225404085660192768
1225403942718361600
1225403833439965184
1225403809846816768
1225403805573042178
1225403769828982784
1225403731904167937
1225403659376300032
1225403656436174848
1225403644427804674
1225403275694018560
1225403235160080384
1225403198342680576
1225403192894205958
1225403192206192641
1225403143829282819
1225402883077812225
1225402845102473216
1225402774487171072
1225402754736250880
1225402737568993282
1225402700440801281
1225402695810502656
1225402676298559488
1225402661777788929
1225402639191592960
1225402493057691648
1225402440075370497
1225402432785698816
1225402333703659521
1225402191046856706
1225402107362078723
1225402073451245573
1225402022326931456
1225401920468258824
1225401871889653760
1225401796681555968
1225401649713180677
1225401492531605504
1225401361992318976
1225401070861586432
1225401009175875584
1225400992432316416
1225400566739808256
1225400500427853824
1225400350208905217
1225400346186522631
1225400267606286337
1225400251604848640
1225400206469947392
1225400058595741696
1225399909441929218
1225399888415883266
1225399756957970432
1225399747277709315
1225399730378805249
1225399347564699650
1225399308821856256
1225399298084474887
1225399269298802689
1225399129800613888
1225399111215652865
1225399089694535681
1225399050314317824
1225399000859398144
1225398922870501377
1225398904465887237
1225398851684700164
1225398838833352709
1225398826665730049
1225398744436355072
1225398531755839488
1225398403405840385
1225398049796694016
1225397994159165440
1225397961707806720
1225397772146200576
1225397769717911552
1225397488560922624
1225397469200232451
1225397338157584384
1225397308919046145
1225397181529690113
1225396884279320577
1225396843808542720
1225396680918470658
1225396656973209601
1225396611913834496
1225396490035695616
1225396390429429761
1225396335769198592
1225396305163366400
1225396251530842113
1225395871128285185
1225395659454304256
1225395611001769985
1225395548708069376
1225395544933228544
1225395525735895043
1225395376913444865
1225395348216123393
1225395214942167040
1225395198072586242
1225395177327448064
1225395064756563969
1225394961173975041
1225394920690716673
1225394748602699776
1225394692080197633
1225394629522182144
1225394547548573696
1225394472109969410
1225394409912569857
1225394330283708416
1225394247005810689
1225394096170205185
1225394016914567169
1225393726253621248
1225393698495746049
1225393596960038913
1225393522834124806
1225393310895874053
1225393199956611072
1225393162090360833
1225393043135590401
1225392944770961408
1225392942593871877
1225392803477381120
1225392772322070528
1225392679988670469
1225392525135032321
1225392445023817731
1225392425939668994
1225392407627235328
1225392305969885189
1225392137673592832
1225392025673109504
1225391939245289472
1225391913680998400
1225391892369674241
1225391886434816000
1225391706033532930
1225391634969350145
1225391571425800193
1225391512554496000
1225391426030231553
1225391272044777473
1225391146668613632
1225390939394465792
1225390865725771776
1225390766262046721
1225390736989990912
1225390697102159872
1225390545033465856
1225390536028303360
1225390374690136065
1225390366045753345
1225390249771196417
1225390240489246720
1225390218766901249
1225390150454259712
1225390123635879936
1225390080606396416
1225390044921442304
1225389792294248449
1225389667169816576
1225389607946260480
1225389581354143744
1225389525288943616
1225389411287863296
1225389359677005825
1225389344397103105
1225389189237108737
1225389088460558336
1225388938442895360
1225388615888445440
1225388426251374594
1225388406160732161
1225388378201391104
1225388316456968192
1225539621947412480
1225539584672530433
1225539568872624129
1225539366816223238
1225539215951323136
1225539103405592577
1225539000594837507
1225538955677970433
1225538877932306433
1225538622549524485
1225538437882707971
1225538405301395456
1225538276196569088
1225538191157059584
1225538087851302924
1225538065504055298
1225537884318552067
1225537686104133634
1225537634178682880
1225537577333272580
1225537567195619332
1225537549235519488
1225537341189709827
1225537307907895296
1225537255969841154
1225537140064477187
1225536981062561793
1225536839748112386
1225536707044483072
1225536699557695495
1225536435660435459
1225535948055830531
1225535910940463106
1225535078433947650
1225535071584768004
1225535052026654722
1225534465054773254
1225534457941241856
1225534389502738438
1225534365842759682
1225534317675319297
1225534300109627392
1225533877067886596
1225533784126296070
1225533662717972480
1225533545927577603
1225533446459666432
1225533274627485698
1225532903360167936
1225532845092937728
1225532805276454914
1225532675634728966
1225532642097090562
1225532641895735296
1225532561595752448
1225532400022753280
1225532178706190339
1225532159198449664
1225532042043109376
1225532012104179712
1225531976494481408
1225531974648987648
1225531927182090241
1225531915240910849
1225531895078932480
1225531634641973251
1225531500080312321
1225531459391434753
1225531369759150082
1225531264620474380
1225531126111973387
1225531098442223616
1225531080423374849
1225531028040757259
1225530896255725584
1225530828018638850
1225530715972001792
1225530564880584704
1225530462992510992
1225530395426467870
1225530207395819522
1225530199468580874
1225530039086788622
1225530032615018497
1225530014785056768
1225529479696658446
1225529470972518400
1225529364663750656
1225529321042915334
1225529307897966602
1225529260493942801
1225529222057406464
1225529183591419904
1225529106240069637
1225529005769666570
1225528989088919565
1225528933585760257
1225528912006000656
1225528905945231372
1225528818301095936
1225528810172551169
1225528569205534732
1225528512381177856
1225528508178468864
1225528420894945301
1225528108327022600
1225528022289305601
1225528019852369920
1225528016245313541
1225528014903095310
1225528004656410641
1225527886800707584
1225527763748171782
1225527644671881219
1225527457257787393
1225527372679655438
1225527361795436557
1225527058417233949
1225526766078439443
1225526701658079233
1225526630375927818
1225526377660678144
1225526308978995206
1225526302364577796
1225526036785487872
1225525995496714255
1225525944003244049
1225525850034057229
1225525769071448064
1225525704835682304
1225525565429571584
1225525376409055251
1225525259102760963
1225525250970046464
1225525213728821251
1225525108325875714
1225525102063824897
1225524956567613445
1225524770214752256
1225524689470140420
1225524666065936384
1225524569043275776
1225524564068839452
1225524537825034242
