1311468739192336390
1311468553967677440
1311468439895236608
1311467275661324289
1311466749284376576
1311464814267363330
1311462465016926208
1311461651200253952
1311460486207221765
1311460438899658752
1311459344194703362
1311457160820404224
1311563329303990272
1311562781720748032
1311562515596238848
1311562073361584130
1311562050771050498
1311557340001267712
1311556498636537856
1311555821243961344
1311554647824437254
1311554394731749377
1311553731301838849
1311552544779501568
1311549048831176705
1311754905250562049
1311754528979648513
1311754124745203712
1311754103853330432
1311753926233010180
1311752895952453634
1311752828822716416
1311752601873121282
1311752448705466371
1311751620674215936
1311751595265126402
1311751568140775425
1311751342013263872
1311751014371000321
1311750927984992257
1311750835739660290
1311750713471627265
1311750649810497537
1311750547112898560
1311750532290273281
1311750244548382721
1311749951387578368
1311749812740521984
1311749666875342848
1311749368479985664
1311749143996571649
1311749040955101191
1311748665124544519
1311748570194698240
1311748051510480896
1311747893703909376
1311747851941183493
1311747845091921923
1311747260430966784
1311747214147039233
1311747060689899520
1311746555213500416
1311746228447776768
1311745959269986305
1311745845021343755
1311745751781969920
1311745665332965376
1311745428619227138
1311745415046463491
1311745185202737154
1311745172120764432
1311745157520412675
1311744904205221888
1311744147980726272
1311743944926076937
1311743908225978370
1311743400203505665
1311743377923289090
1311743270939242499
1311742548981936128
1311742534255812610
1311741988509814784
1311741963759222786
1311741721173266433
1311741665925791745
1311741329357979650
1311741325700665346
1311740975358894081
1311740715098148872
1311740568951754754
1311740448805847041
1311740377196617729
1311740319160045568
1311740288134721536
1311739974199513097
1311739938279485440
1311739870403067905
1311739840870768640
1311531645799989248
1311529927343132672
1311529820719898626
1311528010240188416
1311527838156120064
1311526037398806528
1311525429287759873
1311524679061049349
1311522745163960320
1311521721644732419
1311519405323497473
1311517676548681730
1311627779277029378
1311622716907229187
1311617829289054208
1311616956844388352
1311613856746176514
1311612793490202631
1311611712504770560
1311610586950631425
1311609780964913154
1311608376137318400
1311605819822276608
1311605752583258112
1311603972499668993
1311603706094383109
1311601452968747008
1311599804099833856
1311599556916699138
1311597141190602753
1311739447348785153
1311739423273385984
1311739335545434112
1311738979864072192
1311738776759209995
1311738689341587456
1311738672644075521
1311738665383718912
1311738323979829248
1311737965316640771
1311737950825189376
1311737841307840513
1311737701817745409
1311737563984678912
1311737485047877638
1311737462398554113
1311737397575651329
1311737242642251777
1311737230570868736
1311736947656798208
1311736859186196480
1311736175917494274
1311735807875653633
1311735757128826880
1311735636651581441
1311735572906553345
1311735554237636608
1311735045590339592
1311734983233597441
1311734965655273472
1311734903399157762
1311734879424589825
1311734745898737664
1311734682699132929
1311734653037039621
1311734157618413568
1311734145169711107
1311734072071389184
1311733889321365506
1311733698530816002
1311733460017590272
1311733441537474562
1311733232308756490
1311733135176921088
1311733041052647432
1311733035323322375
1311732999008944129
1311732981078335491
1311732847024181249
1311732646599438336
1311732558162468864
1311732461722796034
1311732184651309057
1311732136618217472
1311732116221292544
1311732111884324864
1311731894522908677
1311731792039292929
1311731225162321930
1311731064751099905
1311731033633624065
1311730963311857665
1311729855927447552
1311729228245798913
1311728938008416256
1311728040330891265
1311727663611027457
1311727294046638080
1311726462966300672
1311725957531734016
1311725928037470209
1311725785422553088
1311725679441043458
1311725312116428801
1311724959660683265
1311724726977474561
1311579357446537216
1311578707040010240
1311577540352450561
1311577462158118912
1311576963769929734
1311576836397322242
1311576652321886211
1311575016199409664
1311574434352959489
1311572278304477184
1311570729960378370
1311569946078588929
1311569124393443329
1311567835118751744
1311567296037617666
1311567169658839040
1311566875323764736
1311566392823558144
1311565662796607489
1311547465875718144
1311547053118566401
1311546790441824257
1311546735685238785
1311545809331200001
1311545273278099456
1311544185711984642
1311538506469044224
1311537020741844992
1311661008184725504
1311660798377254915
1311660382184902657
1311657869272641538
1311657822946426880
1311657049160253441
1311656039742398466
1311655248260407297
1311654773913985024
1311654258333360128
1311654132818874368
1311653767411105793
1311652167833583616
1311652097264238592
1311651746847088641
1311648456922947585
1311646830992777218
1311646778974965762
1311646701552234497
1311516438075645952
1311516323143319554
1311514309759913985
1311513477157138432
1311510052549713927
1311510047436886016
1311508781386276865
1311507627180924928
1311502967120388097
1311502488433033223
1311722945530802176
1311721111034490883
1311720234307457025
1311719862910230532
1311717602603958272
1311716985777131529
1311716637456777216
1311714149005656064
1311713801511731205
1311712995190476800
1311712132174671873
1311710559859924993
1311710039997116416
1311709557769502722
1311709273232216067
1311709065194635265
1311708163956264960
1311707481962246145
1311707397728083968
1311706769492783104
1311706757794869248
1311705194967826432
1311705120850272264
1311700201061724160
1311699531743014912
1311699252964286466
1311699099821826052
1311698844611010561
1311698757180960769
1311698176416440322
1311698006442303488
1311697326587617280
1311695532344180737
1311695046283014146
1311694839491174400
1311694678329180160
1311800761270112256
1311800654084546560
1311800352216358912
1311800227142209536
1311799973349122061
1311798962161102849
1311798639077982208
1311798498271080450
1311797926121873408
1311797709372678144
1311796379900162058
1311795797730619392
1311795653316669440
1311795287053070336
1311794692216905728
1311791853126258690
1311791561345134593
1311791229135450112
1311790965783322624
1311790682818965511
1311789676932427776
1311787844319412226
1311787807418068998
1311787520565239808
1311787187575435264
1311787048093847558
1311786888341196802
1311786793080172546
1311786606458810370
1311786592059772929
1311786434660106240
1311786331694084104
1311786021697335298
1311785751890231297
1311676753052676103
1311675907405492228
1311675478126800897
1311674734808051712
1311674398076620800
1311672599651516418
1311671530116481025
1311670708364357632
1311669958829633536
1311669402928963584
1311667100025384969
1311667034501967877
1311666233293504512
1311665530764324864
1311664753119432707
1311663397658820608
1311663372082065408
1311662738163339264
1311662668311298048
1311662180035518465
1311499760512233473
1311492318416039937
1311491367743479808
1311490256382963713
1311488017161490432
1311487910181588995
1311486041048731654
1311484733340233728
1311816611272163328
1311815664458493954
1311814386034511873
1311814036762226688
1311813928633204741
1311812948118040576
1311812888005414912
1311812550036729856
1311809859294298117
1311809007976361985
1311808510355791874
1311807898419449857
1311807012091523072
1311806297751326720
1311804215988232194
1311803293430054913
1311803144125390849
1311802680793206784
1311802359262126098
1311802022606311424
1311595043665346560
1311592499404828673
1311592345440268288
1311591433380540416
1311591417689579520
1311587582006964224
1311585960715575296
1311583282073538560
1311582127616487424
1311770070146789384
1311769681427156992
1311769481186869251
1311768916633497601
1311768888280002560
1311768652644057088
1311768558054060040
1311768201102086144
1311768159934914568
1311768015692800000
1311767764412100623
1311767552817799168
1311767518696988672
1311767337406803976
1311765345611534344
1311765005054996481
1311764854592745472
1311764803858374660
1311764706772819969
1311764479705841664
1311764000657543169
1311763656531681280
1311763571718717443
1311763425765330944
1311763368189915136
1311763244260954117
1311763158340599809
1311763034759745536
1311762858280091649
1311762752898244630
1311762562241921024
1311762457866706948
1311762008484782098
1311761401308999681
1311760996558667781
1311760914417319940
1311760466214092800
1311760400896192521
1311760322177511425
1311759861105991681
1311759705023356932
1311759502417461248
1311759225379606535
1311759046735790081
1311758423416082432
1311758371108855810
1311758233770442752
1311758074399531008
1311757995500400641
1311757914827259908
1311757834590343173
1311757702339735553
1311757214869196800
1311757016105394177
1311757009042120704
1311756913885941762
1311756503909625856
1311756083652952064
1311755578188980224
1311755400207896577
1311692308778291200
1311690641135599618
1311690470553133056
1311690446817521665
1311690161088991232
1311689656572968960
1311689459327537154
1311689377848995841
1311689295183437825
1311689239248035844
1311688564804063233
1311688331407884288
1311686803628470273
1311686425914617856
1311686264727523331
1311686162768113664
1311684721961840652
1311684512804474881
1311684437248221184
1311682793445834753
1311682790006628358
1311682000160526336
1311680725251510273
1311645026624040960
1311644881161539584
1311644779260850178
1311644477761748993
1311641912147931136
1311641588418916352
1311640964369313792
1311640701621407745
1311640481693151232
1311640460960698368
1311635906206609410
1311634544844591106
1311633298473582592
1311631674753585153
1311631549973045248
1311484165146185728
1311481453578989568
1311474171843473409
1311473640601513989
1311471993066323969
1311469993712857088
1311785613763502091
1311785220467650560
1311784760461721602
1311784621361836032
1311784596619624449
1311784273570009088
1311784272102133760
1311783995797979136
1311783994745188354
1311783459652734976
1311783349409714177
1311782612042686466
1311782484825305091
1311782471252410373
1311782346929049600
1311781525155913728
1311781480503234560
1311781302438420481
1311779341978615808
1311779327910895616
1311779205928095748
1311779201880453121
1311778737168379904
1311778428987863040
1311778419277848576
1311778369692893188
1311778368325525505
1311778295911010307
1311778202113671168
1311778018508050434
1311777837154799616
1311777565976088576
1311777395029008384
1311777286895661057
1311777111540195328
1311776933118570496
1311776528569565184
1311776359165943809
1311776199417442306
1311775954340061185
1311775872970493957
1311775421910978560
1311774530352943104
1311774365864718336
1311773564740091904
1311772860650840065
1311772397985505282
1311772278523297794
1311772115151081478
1311772035635449856
1311771830261293056
1311771540934057985
1311771366711070720
1311771364517392384
1311771211505033220
1311770673891733504
