1232017084508516357
1232016528897388544
1232016373196447745
1232045921850085376
1232045737229324288
1232045563283066882
1232045036881219585
1232044914491449356
1232044527676002304
1232043833581604864
1232043212166090753
1232043195946717184
1232042897723318272
1232042303520477189
1232042246452785158
1232042220620058624
1232042168853893120
1232041639222415361
1232041246605996032
1232041218072334339
1232041174380273669
1232041085276430336
1232040630035058692
1232040216682168328
1232040096288952322
1232039997764706305
1232039846887088128
1232039522248073216
1232038813247164417
1232038323335487488
1232038117437321217
1232037650791641094
1232037282250665984
1232036902615814148
1232036815764221952
1232036591033606145
1232035658195185664
1232035241486843907
1232034985000857600
1232034934736457733
1232034737084039168
1232034730092175361
1232034354613903361
1232033880603004930
1232033268704436231
1232033022624632832
1232032786384588809
1232032486445715456
1232031922127298562
1232031893144711169
1232031887608160256
1232031870663233537
1232031769240784896
1232031383939407872
1232031275898343425
1232031068909457417
1232030853129265152
1231839610893996032
1231839160266362880
1231836040547139585
1231835400701763585
1231835069888782337
1231833902412513280
1231833706257637376
1231830249400258563
1231827577259659264
1231827051654471680
1231825558742323200
1231825153262120960
1231824980264062976
1231824655939444738
1231807538624188421
1231807492990078978
1231806006348279810
1231805912429367296
1231805698415058944
1231804339766693888
1231804261685776387
1231803264523390977
1231802914232029185
1231801814946807809
1231801686722859009
1231798200148905984
1231797389763260416
1231797012820942849
1231795733323493377
1231795251037298688
1231794285344940036
1231792723407069184
1231792694805975040
1231857247707332608
1231856185965301760
1231855637723832321
1231855417589936130
1231854060795506688
1231853700836188166
1231852832979963905
1231852598988345344
1231850519875981313
1231849236641140736
1231848606006534145
1231846886606282752
1231845213905096705
1231844709728948227
1231842238885515264
1231952688100843520
1231951970874736640
1231951738816647170
1231951717010477059
1231950972726992896
1231950785136615424
1231950510485364737
1231950404876996609
1231949891846524929
1231949861655908353
1231949851862192129
1231949473695305734
1231949402320842752
1231948676937011206
1231948553288683520
1231947672552136706
1231944667874439168
1231944558122094592
1231944026300895233
1231943857857630209
1231943321272115200
1231943219535106055
1231943117311488001
1231942873014128640
1231942334859927552
1231942195806179328
1231942084627771393
1231941956722479104
1231941853215436801
1231941658306019331
1231940365512519680
1231940142090379267
1231938568643383298
1231938097270546432
1231743909006430209
1231741125368700928
1231739850065371136
1231739776014962689
1231739555109171200
1231738797789831169
1231737696063819776
1231736321149935616
1231733683519881216
1231732310619324416
1231732160308109313
1231731803045666818
1231731609751048192
1231823134325493762
1231821820757598208
1231820067832094725
1231812283866718208
1231810274367131648
1231809830299602944
1231809592222351360
1231809376052293638
1232061137635725312
1232060725805215744
1232060533580455942
1232060451653128192
1232059804878823427
1232059618714619911
1232059230129139717
1232058762749497344
1232058368426115073
1232057183770218496
1232057026492035072
1232056459942232064
1232053981603618816
1232053362574725120
1232053300314492930
1232053292399644675
1232053102628495364
1232052954095669249
1232052591980208128
1232052379647954949
1232052126731337728
1232051404413587457
1232051354132242433
1232051214604492800
1232050789599916032
1232050538721792000
1232050452088442881
1232050083648147456
1232049226135343104
1232049222192488449
1232048390298488832
1232046803610193920
1232046604095496192
1232046353552990208
1232046076091346951
1231905032095686657
1231903972757327881
1231903580908597249
1231902764927680514
1231900539673305088
1231899921734873088
1231899544658595841
1231898782477893638
1231897566289317888
1231896887244083200
1231896213907222528
1231893895476211712
1231893763586449409
1231892265498546179
1231891663796264960
1231890896477728768
1231889141484249090
1231888714378420224
1231887677760458752
1231887089400188929
1231885755649122304
1231885119440510977
1231883070455898112
1231880833830510592
1231878611335962624
1231877896416960512
1231877672877412352
1231877513766457345
1231876922834972672
1231876456147542018
1231999930224586754
1231999651194249218
1231999173341433856
1231998945817235456
1231998271075299328
1231997750113378304
1231997532659646465
1231997515488223242
1231997196003946498
1231997173329473537
1231996712815857664
1231996488408031232
1231996248833642496
1231996054587006984
1231996053928501248
1231995932276862977
1231995923263303681
1231995221606649857
1231994676959481860
1231994426471452673
1231994250495234048
1231994067296440320
1231993840237719557
1231993700944949254
1231993262677856257
1231993177927831558
1231992833919389699
1231992822288482304
1231992390489116675
1231991751625322497
1231991515418939392
1231990626717241347
1231990247497568256
1231989455042621441
1231988249884864512
1231988103851712513
1231987537717202945
1231987239950921728
1231986816024293376
1231986488209965056
1231985950953267202
1231985588556922881
1231985047978364929
1231985033512194051
1231936820155273216
1231935342779027456
1231934996925026304
1231934402113880065
1231933570119356416
1231930689911771136
1231929811477594112
1231929393796304900
1231928805062848512
1231926829247680512
1231925518137585665
1231924674285711360
1231923109147676672
1231921813069930498
1232015291221192711
1232014772763287553
1232013927476867072
1232013316924616708
1232012986019205120
1232012788047994887
1232012535320195075
1232012477111656450
1232012367409688577
1232012332118790144
1232012006397444096
1232011832388399104
1232010903157182464
1232010774744371200
1232010721560612865
1232010531386601472
1232010256655560704
1232010200464396289
1232009720984166400
1232009493007011844
1232009417064878081
1232008884962955264
1232007861124902916
1232007730732437507
1232006857918701570
1232006776469344256
1232006610077323264
1232006203556974592
1232006080114372610
1232005146139385857
1232005081014448133
1232004987842154496
1232004587835609088
1232003786610290690
1232002984638341120
1232002912194383872
1232002796066615296
1232002759819505666
1232001956589318153
1232001745477394432
1232001091178463232
1232000299130376192
1232000247834038274
1231873252756058112
1231871760045309952
1231869038021763072
1231865760210989056
1231864990195273734
1231860933485617152
1231860132990066688
1231859938189873152
1231859101833089024
1231984015747485705
1231983387780337664
1231982435123884032
1231982432653660160
1231982137131372544
1231982078968942592
1231981954519748608
1231981511118917632
1231981158579294213
1231978136042115072
1231978063975665665
1231977351883427846
1231976547109818368
1231976212093947911
1231976103390142466
1231975562681430016
1231975354748686336
1231974702572195841
1231973965473542149
1231973692017647616
1231973112054345728
1231973110531928065
1231972700031213568
1231972627046027264
1231972319314272256
1231972072563277824
1231970825361903618
1231970693526540290
1231970076959657984
1231969782221672455
1231969344197943297
1232074824052334592
1232074244487446531
1232074189042880513
1232074069513650176
1232073595867684864
1232072875940732928
1232072867157696512
1232072014380388352
1232071991227822082
1232071812076507136
1232071695814365185
1232071622355570688
1232071139532431360
1232070900737986561
1232070505492045825
1232070003056238593
1232069888853893121
1232069791625732097
1232069748084609024
1232069289659682817
1232069086328299520
1232068698321481728
1232068391659298816
1232068377239334912
1232068106693967873
1232068086481727488
1232067945230151681
1232067708092649472
1232067291325648896
1232067055769325570
1232066883102420993
1232066718119481344
1232065739139448832
1232065600912003074
1232065443143118848
1232065068076015617
1232064980184391680
1232064941433196545
1232064621512622081
1232063901199740928
1232063059436306432
1232063009138397185
1232062992298250246
1232062916117045253
1232062870197800961
1232062714157174784
1232062116011630593
1231777039243497473
1231776896003792898
1231776765103595520
1231776694073274368
1231775369465860096
1231773270317424640
1231772869215940608
1231772723224825857
1231771206946316288
1231771061991170049
1231770006104551425
1231769323976290305
1231768960888197121
1231768487414071296
1231767517925986306
1231767510787055616
1231767354989830145
1231766706349133826
1231766344183484417
1231765135800197120
1231764102105772033
1231764019947745280
1231762806757703680
1231762595113140226
1231762527643529218
1231762415999569920
1231761962779860997
1231921597499478018
1231920542862708736
1231920431914999809
1231920149596385282
1231920057833402369
1231919959703523329
1231919827532554243
1231919555091533824
1231919513031016448
1231919414397882368
1231919310232260609
1231918852017094666
1231918296146104321
1231917789809717249
1231917630069583874
1231912757978636288
1231912258634211328
1231911223874277376
1231911096417759232
1231909186172260353
1231908752946647041
1231907997510701056
1231907941181263872
1231907767503421442
1231907735010238465
1231907562896994305
1231760004392329221
1231758037431521281
1231757166442315776
1231756433491841024
1231755949964218370
1231755461335977985
1231754767824805889
1231753141680558081
1231752688305463296
1231752683867918336
1231752008744493056
1231749978302885890
1231749846673117184
1231749651642159104
1231749395672113157
1231748746662350848
1231748597605003265
1231748418852327426
1231748314648973313
1231747844580794369
1231747705321512960
1231747639261024256
1231747406674485250
1231747283642994688
1231747149685235717
1231746647899746307
1231745822598914048
1231745151669809152
1231792284506742784
1231792014594887680
1231791713427099648
1231791660545105920
1231791055298813953
1231791046549528577
1231789034688700416
1231788772292874241
1231788206074392578
1231786724407336962
1231786667025076224
1231786299583029248
1231785954291191808
1231783656068268033
1231782649640833024
1231782639419494405
1231779331765964801
1231779291693768705
1231779169781968899
1231778483434475520
1231778360742883328
1231778313800019968
1231777867308158976
1232092386072780800
1232090656149057543
1232090615388598272
1232090391316508672
1232089809004453890
1232089648467496960
1232089317750779904
1232088836043239424
1232088478307012610
1232088324082257920
1232088258235908097
1232088146092974083
1232088145455239168
1232088091873042432
1232088063486152705
1232087640842940416
1232087409824804865
1232086955590115328
1232086354621878272
1232085335208652800
1232084760605818880
1232084679118987264
1232084640405561344
1232084524520992769
1232084441352327169
1232084412088582150
1232084226494869505
1232084089412423685
1232083778908151808
1232083097178345473
1232082795650048002
1232082684593094657
1232082627873660929
1232082058152902657
1232081801985871873
1232081490495909890
1232081317988380674
1232080995836403717
1232080936088432641
1232080844405100544
1232080759655034880
1232080516393951232
1232079790896603137
1232079456229085185
1232079450507923457
1232079028263227392
1232078918397521920
1232078854723899393
1232078773874458626
1232078607046119424
1232078543368204290
1232078459825987586
1232077453117599744
1232030448382951425
1232029728682446848
1232029479465365504
1232029470216933379
1232029415409778688
1232029330441670656
1232029299823300608
1232029110345568261
1232028521486176257
1232027331025408001
1232027045644902401
1232026818745516032
1232026784255926273
1232026682061729792
1232025922515107841
1232025747449171968
1232025501687934976
1232025255163695104
1232025185034727424
1232024782754996224
1232024512834801664
1232024396383965184
1232024088077651973
1232022598508318722
1232022184329129986
1232022048689532928
1232021522593832967
1232021211099607040
1232020967620108288
1232020393738809347
1232020291024379905
1232020092323532807
1232019864690348036
1232019293992374275
1232018821936025600
1232018769813364737
1232018403050827784
1232018402543316992
1232017902682955778
1232017616266579970
1232017509370515456
1231968734958538753
1231968416862310400
1231967955254161408
1231966722183356418
1231965285638459394
1231964659982331904
1231964620652498945
1231964259422261248
1231963986071085056
1231963979817328640
1231963858941685763
1231963770152456192
1231963501616418817
1231963040335134728
1231961847617724416
1231959788034154497
1231959657876541440
1231958930366095365
1231958404387737600
1231958203786760192
1231957885854375938
1231957799036428290
1231957239751159809
1231956659909648384
1231954363708514307
1231954105532403716
1232076957669580803
1232076150958166017
1232075544189005824
1232075330057318400
1232075023969480704
