1280425594409361409
1280425574486466560
1280425546376269824
1280425510540062722
1280425421968982019
1280425301340717056
1280425177747263489
1280425154288455682
1280424861266042882
1280424748347019264
1280423749532057603
1280423395100942336
1280423106339917825
1280423011464740864
1280422782694801408
1280422519330267137
1280422316602789888
1280422014520614912
1280421629286285313
1280421449136836608
1280420940699049985
1280420220771934208
1280420203478867968
1280420186504527872
1280420029272666113
1280419734324903936
1280419460516634630
1280418991060799488
1280418585182187520
1280418022558060545
1280418008607883267
1280417510139944960
1280417340241309696
1280416522230542336
1280416473614151681
1280416281469112321
1280416212879622145
1280415601643663361
1280415382294032385
1280415269668691968
1280414465318477825
1280414445693435905
1280414068336136192
1280413990603104256
1280413905798549504
1280413804120215552
1280413499122909186
1280413463806869504
1280413410698633216
1280413313961283585
1280413226610626561
1280413008649433088
1280412547087286272
1280412439973109761
1280412404799635456
1280412263770398721
1280412184284213248
1280412166902833152
1280412122799882240
1280412111085207553
1280411866871869441
1280411836538642432
1280411748764274688
1280411693529665537
1280411642728189953
1280411547442057216
1280410733034057729
1280410617183076353
1280622463085432834
1280622441212129280
1280622434786308096
1280622404755169283
1280622299389980673
1280622238429896704
1280622234806206464
1280622223829721089
1280622223812747266
1280622095278505985
1280622094384902144
1280621873487851520
1280621864277196803
1280621837211193346
1280621749952933888
1280621719351410688
1280621715395997697
1280621668164141057
1280621617043947521
1280621588920987648
1280621520012709889
1280621431278022657
1280621413393629190
1280621386126561281
1280621252978397191
1280621222590586881
1280621079740985345
1280621024954814464
1280621015488315392
1280620938803978245
1280620910978969600
1280620898127507456
1280620858139193345
1280620805781585920
1280620764585050113
1280620746008494080
1280620701746171906
1280620562851692545
1280620502046867457
1280620497626071042
1280620452189286408
1280620410552365058
1280620410317549573
1280620405057822721
1280620345888817153
1280620289592877057
1280620267895689217
1280620075209367557
1280620033069236224
1280620020280647681
1280619919047102465
1280619884045533185
1280619842773626881
1280619818731913218
1280619803728740352
1280619635294035974
1280619543229071361
1280619495871205383
1280619493279088643
1280619446852186112
1280619269567414272
1280619236008890369
1280619122183884800
1280619092924411904
1280618988712734722
1280618901072723968
1280618862820679680
1280618799918710788
1280618747510665216
1280618743198961664
1280618607345426432
1280618548361154561
1280618521156861958
1280618517612695552
1280618494589984769
1280618468463820801
1280618280122793988
1280618248267075584
1280618114149826560
1280618031648038917
1280617885581352966
1280617749107085313
1280617636338991104
1280617599454326788
1280617587584520196
1280617529736491009
1280617510296064000
1280617438988599297
1280617391748255757
1280617330452692992
1280617270897713159
1280617246491107328
1280617226731544577
1280617186462138368
1280617157336936448
1280617070829412352
1280617009668132865
1280616980756729857
1280616971235545089
1280616832534147072
1280616698672869376
1280616646495911938
1280616552631582720
1280616255557439488
1280616196027543552
1280616092356894720
1280616069179342848
1280616012912775168
1280615960655941633
1280615788102156298
1280615721085497344
1280615642702450688
1280615635106529286
1280615551161774082
1280615534489251841
1280615508778332161
1280615334202929153
1280615333536190466
1280615319271116800
1280615196940218369
1280615187129778176
1280615109279318018
1280614712103907332
1280614597003788288
1280614569312911363
1280614567584968705
1280614541706002433
1280614510445817856
1280614463079698432
1280614398709694464
1280614367537569795
1280614360352686080
1280614313451876353
1280614225132519424
1280614200453337088
1280613989928574982
1280613983498706944
1280613874060931073
1280613871200407553
1280613812597665792
1280613731081355265
1280613714790678528
1280613670423351296
1280613636831154179
1280613625397379075
1280613616593575936
1280613438469922820
1280613407532576768
1280613368030609408
1280613326926630915
1280613296429846528
1280613236757454850
1280613186622849025
1280613086873956357
1280613068662333440
1280612958750617600
1280612907118714886
1280612828676792320
1280612811794788352
1280612689526521858
1280612578557718528
1280612478129516545
1280612435636846592
1280612431681773572
1280612427562958849
1280612387708682242
1280612305940762630
1280612177620205572
1280612000486182912
1280611982387879939
1280611956014137345
1280611894286594054
1280611882714443776
1280611878251700224
1280611812040339456
1280611801865076736
1280611756713410569
1280611652577251328
1280611560164077570
1280611551108632577
1280611496460988416
1280611468493422592
1280611437019308032
1280611416307720192
1280611323785740288
1280611308413599744
1280611295985688577
1280611209658720261
1280611183956054016
1280611148602109953
1280611120852672513
1280611062182797315
1280611055408906241
1280611010261463043
1280610906821492736
1280610830380404741
1280610790895165440
1280610751875616768
1280610750051110912
1280610743189192704
1280610680568242176
1280610653959606272
1280610389982613504
1280610096515555330
1280610052416692225
1280609983776854017
1280609965259055105
1280609649851428864
1280609606511800321
1280609523879890945
1280609469169307653
1280609375925620741
1280609366014431232
1280609351841968128
1280609340270002181
1280609266894848000
1280609201551704072
1280609023541288960
1280608953844609024
1280608918302056449
1280608870038208513
1280608671945445381
1280608664714227712
1280608641167523853
1280608586390024198
1280608449974472705
1280608400234237953
1280608292314570753
1280608093697695746
1280608067504275457
1280608024693014530
1280607863703064578
1280607840831447040
1280607807491002370
1280607774834122752
1280607611428143109
1280607604385988608
1280607557090869248
1280607521158250496
1280607438371262464
1280301333996847108
1280301300383731712
1280301216673734658
1280301153561874432
1280300728003653632
1280300456850460673
1280300445056094209
1280299928435204096
1280298634718912514
1280298545132605440
1280298500207644673
1280298479332581378
1280298433836875776
1280297899075698688
1280297745908207617
1280294118535630849
1280293805661569025
1280293756273659905
1280293276805980162
1280293135499825153
1280292353169711105
1280291977691451392
1280291233387155458
1280291151887642625
1280291047470497794
1280592154876956672
1280592137210548225
1280592116704374784
1280592062551908352
1280591971325751296
1280591936148168716
1280591907073282050
1280591804937768960
1280591779994177537
1280591760771571712
1280591752341131268
1280591737849892866
1280591623668236289
1280591609407639554
1280591604903018496
1280591376418209801
1280591276337885184
1280591191969497092
1280591138303414272
1280591044829016064
1280591041289216002
1280591033638797313
1280590731745398791
1280590708144050177
1280590610290872322
1280590479621525504
1280590474043174923
1280590422482575361
1280590263237218304
1280590240634343425
1280590226637938694
1280590214235254784
1280590199085547522
1280590067589922816
1280589905094041601
1280589713150218243
1280589631499763713
1280589622347739138
1280589590148022273
1280589370710528001
1280589339831959552
1280589237218422785
1280589144931086338
1280589139168108546
1280589077851578368
1280589016119816197
1280589006791536640
1280588991239249922
1280588937556344833
1280588933886345216
1280588886507425794
1280588885429555200
1280588796459966465
1280588772661485569
1280588743020339203
1280588657095774208
1280588648950509573
1280588646702178304
1280588516477591559
1280588430209155074
1280588394884665344
1280588393655697409
1280588393282338816
1280588370805227520
1280588229675290626
1280588227469025283
1280588214697201666
1280588181654532096
1280588165410144257
1280588163543695360
1280588084426440705
1280588025316114437
1280587922375409666
1280587860865716224
1280587859079172096
1280587755144335361
1280587734189592577
1280587716384735232
1280587640513990657
1280587579319091201
1280587529591365633
1280587434145841154
1280587411815186432
1280587352105238529
1280587238821310464
1280587085133631491
1280587045354831873
1280587020390326275
1280586947333967874
1280586933165572096
1280586781780594688
1280586778131394561
1280586651610288128
1280586423998058498
1280586388984016898
1280586379018280962
1280586345702928385
1280586339856023552
1280586314765815810
1280586310344945664
1280586308906336256
1280586008069799941
1280585965321490433
1280585899751989248
1280585779245387778
1280585658944434178
1280585529399148544
1280585471102418948
1280585434897276936
1280585419357401088
1280585232115253251
1280585211391160322
1280585168403693568
1280585135579070466
1280585024308498433
1280584965680480256
1280584917735399426
1280584891424440325
1280584872260747270
1280584871887491079
1280584861800181762
1280584759152967687
1280584709236498433
1280584621562957825
1280584621449674754
1280584560514908161
1280584511164538880
1280584510992789508
1280584338548174849
1280584325138792449
1280584221208297472
1280584114064838656
1280584110935769088
1280583973492731904
1280583971894628352
1280583788305711105
1280583767598551040
1280583749550305281
1280583683213340674
1280583614372040705
1280583540846051329
1280583313657298947
1280583303351992322
1280583300709527553
1280583137022685186
1280583129816723457
1280583093590593537
1280583031284281344
1280582955065376771
1280582945699500033
1280582903932563457
1280582882852065281
1280582865562906624
1280582819337719808
1280582744951660548
1280582741625581569
1280582626974162944
1280582582397263872
1280582485177298946
1280582456857460737
1280582447017623552
1280582408987951116
1280582400884555779
1280582373927727105
1280582366738685953
1280582242075660300
1280582082750746627
1280581986747211777
1280581935056781318
1280581926303043584
1280581804848750592
1280581770837180416
1280581622753103874
1280581429747990528
1280581359975706624
1280581247354507265
1280581133978263553
1280581073047638018
1280580850917224449
1280580795615326214
1280580761607954435
1280580745879334916
1280580678086729728
1280580669756837888
1280580570964205568
1280580469076054016
1280580375048335369
1280580282085761026
1280580234874503168
1280580150783086594
1280580122010103809
1280580121880125442
1280580007283306498
1280579786616770561
1280579767323025408
1280579743860088833
1280579716186079233
1280579710142099460
1280579659487379467
1280579636024561665
1280579624418840580
1280579588490498048
1280579573990723590
1280579503018967042
1280579477282664451
1280579457812533249
1280579439038996480
1280579304212934661
1280579273770885122
1280579238786203649
1280579231391428609
1280579197191110656
1280579185069744129
1280579160709246976
1280579081440907264
1280579050575101952
1280578990760235009
1280578942009634817
1280578886334586883
1280578783322521600
1280578721548820480
1280578638061211651
1280578612266258442
1280578588459270144
1280578568389406720
1280578509950377987
1280578473237590017
1280578426580217857
1280578332522881025
1280578286708494336
1280578275501318144
1280578236129386497
1280578232149049345
1280578214709153793
1280578178096848898
1280578102645723138
1280578000325574663
1280577999906181121
1280577996164927489
1280577981044457475
1280577924761034752
1280577905848958976
1280577887842729986
1280577813503004673
1280577782876041216
1280577708024455172
1280577615850594304
1280577590038683648
1280577567553175556
1280577557981732875
1280577553938419714
1280577545461776385
1280577512536526851
1280577496405049344
1280577438297227264
1280577386401148929
1280577378419380224
1280577373595938819
1280577352892928005
1280577327718531072
1280577316691816455
1280577198215266306
1280577163025145856
1280577151729836035
1280577042447245312
1280576939263131649
1280576931025608711
1280576843545018369
1280576832597897218
1280576770572517376
1280576767296667649
1280576724686696451
1280576627731128320
1280576567177957377
1280576490996994049
1280576476924919808
1280576433576988678
1280576269806178304
1280576238470512644
1280576231432310784
1280576142924222466
1280576099836219393
1280576087010029570
1280576059084279808
1280576028201664516
1280575952792113153
1280575936178642948
1280575806058741760
1280575776983642112
1280575744536608769
1280575695224266754
1280575694519631872
1280575692510543872
1280575688437723137
1280575451380023298
1280575448888426496
1280575447797911554
1280575411311857668
1280575382161408001
1280575284522213384
1280575248551772167
1280575213642682368
1280575181447147521
1280575179962249216
1280575156625174529
1280575124308201475
1280575077759713280
1280575057090228224
1280574819419869186
1280574794233114624
1280574697394978816
1280574683646230528
1280574667384815618
1280574571188453376
1280574542910574598
1280574326106918915
1280574318074789889
1280574289952100353
1280574195651555330
1280574182422712321
1280574038532853760
1280573987538567170
1280573922262605824
1280573901270122498
1280573896681545728
1280573783699529729
1280573716565561344
1280573677378179073
1280573646701027329
1280573645358800897
1280573628145336332
1280573543445479424
1280573442383896576
1280573338532950018
1280573337354338305
1280573317875810305
1280573299148443653
1280573218898751490
1280573196169854978
1280573180994654209
1280572984076402694
1280572864111001602
1280572824780931072
1280572808322363392
1280572796293308422
1280572792698818562
1280572568538361858
1280572562842333190
1280572539090153472
1280572459964653570
1280572438275854337
1280572418516496384
1280572400040632321
1280572377898921987
1280572331799334912
1280572301617115142
1280572289289867264
1280572257912459265
1280572222172803073
1280572037308674048
1280571972192219136
1280571957512228864
1280571915401388036
1280571874359906305
1280571864801255424
1280571761940021248
1280571684467232768
1280571657648824320
1280571590065811456
1280571588501540871
1280571561318199296
1280571553701339137
1280571525683384320
1280571498172989451
1280571498042966016
1280571487087452160
1280571463637106688
1280571450240442370
1280571396372955144
1280571327708086272
1280571311002193921
1280571248502886401
1280571172032217088
1280571148179251201
1280571137848741891
1280571126964518912
1280571086384627712
1280571027584622593
1280571024803655680
1280570963470532609
1280570933670010881
1280570918360756229
1280570897846370304
1280570884315627522
1280570845035925504
1280570806481772544
1280570760503930880
1280570754896023552
1280570701393596416
1280570514059083776
1280570449760530437
1280570377782145024
1280570367031963648
1280570221745635334
1280570134076116992
1280570058889220096
1280570045484204035
1280570028040114178
1280570016245653510
1280570009996201985
1280569963615416320
1280569961119985665
1280569958611603457
1280569915410395140
1280569866269982722
1280569815271460864
1280569779678478336
1280569740390535175
1280569710459924481
1280569701207285762
1280569562409230336
1280569490804277249
1280569439935762433
1280569366552039424
1280569351238758400
1280569303872372736
1280569280061415424
1280569215964057600
1280569201850298371
1280569157923287043
1280569103212851200
1280569015363125248
1280569011428884480
1280568934144622593
1280568866125549569
1280568854507380737
1280568693907435525
1280568660449300480
1280568589112807426
1280568564525813763
1280568502894694400
1280568463115915266
1280568371235479554
1280568364738375680
1280568312120909831
1280568293393182721
1280568200154034179
1280568067949502466
1280568063448846336
1280567998999343105
1280567997116096524
1280567991206363138
1280567968393498625
1280567874017509378
1280567824428281861
1280567821085413378
1280567671835119617
1280567650125520896
1280567646832848896
1280567385385304064
1280567333589782529
1280567270452969472
1280567247573069824
1280567244842586112
1280567146876227588
1280567050210082819
1280566910820769792
1280566789546614787
1280566753257373697
1280566743992279050
1280566651021340672
1280566586554941441
1280566520771342336
1280566403205083136
1280566391293177856
1280566350331731968
1280566302629822464
1280566177509629954
1280566153664962560
1280565994864476160
1280565936479784962
1280565888782082048
1280565847958970373
1280565839473913858
1280565720418529280
1280565692241186821
1280565684016230402
1280565598653685761
1280565521235300352
1280565504311255041
1280565480428888066
1280565465400643584
1280565453098749953
1280565435222634497
1280565245824598016
1280565190778597381
1280565066178285568
1280565048327323648
1280565001216901120
1280564967092224003
1280564939388829696
1280564923194630145
1280564893612154880
1280564860791787520
1280564846430425088
1280564839413399554
1280564803040354305
1280564782492516352
1280564758467526660
1280564755590262787
1280564671020437506
1280564644684476418
1280564624304345088
1280564494868062208
1280564478828929024
1280564478413807617
1280564417009192967
1280564308561334274
1280564262679822336
1280564215665868802
1280564188251746304
1280564136477364224
1280564112406216706
1280564068890185728
1280564064746274817
1280564033641480192
1280563876438978561
1280563830318338049
1280563722801602561
1280563716912750593
1280563590966149120
1280563498041425921
1280563421717712897
1280563347256049664
1280563305787121669
1280563113268477954
1280563110106083328
1280563094020907008
1280563056284663809
1280563010227093504
1280562974646841346
1280562871546662913
1280562842568200200
1280562829855207424
1280562827095408642
1280562810645291008
1280562805301809152
1280562722078429184
1280562705934372865
1280562695125774336
1280562694412779523
1280562661252403201
1280562626074984454
1280562614834204677
1280562602838351872
1280562560329121792
1280562552989245447
1280562485922353152
1280562477600772096
1280562445547864065
1280562401818140672
1280562309396652034
1280562303335890945
1280562299200090112
1280562213061681152
1280562117205254146
1280486237980286978
1280486219995058176
1280486111748542464
1280485942214701056
1280485883733512192
1280485879438610432
1280485878058663937
1280485791001710594
1280485776594210818
1280485774786519042
1280485688090263552
1280485686575955969
1280485672109957120
1280485616476655616
1280485612798296065
1280485584604184576
1280469689886543873
1280469679950016512
1280469625080131585
1280469565558972423
1280469476690014213
1280469475180101632
1280469409664991232
1280469406770921472
1280469379205996545
1280469288105717764
1280469287132676096
1280469249929158656
1280469163325239296
1280469119977078784
1280469109268983808
1280469072615006209
1280468952947159041
1280468945728757760
1280468939437494274
1280468929551519744
1280468888833216513
1280468817097814017
1280468771447148544
1280468709799333888
1280468675544453121
1280468590764810240
1280468339383570432
1280468213327974400
1280468187574939649
1280468183577702403
1280468169317060612
1280468139994681345
1280468127541755904
1280468103206506503
1280468091403743233
1280468023309189120
1280467986097123328
1280467979428417536
1280467964152725504
1280467921718980611
1280467810888617985
1280467783311077376
1280467587231559680
1280467494642171904
1280467458009305088
1280467267466203136
1280467110943174656
1280467062578728961
1280467055200829440
1280467050356510726
1280467007167700992
1280466957385547776
1280466845498249217
1280466710986964992
1280466696466243584
1280466687175901184
1280466684734853120
1280466651389952000
1280466614421524480
1280466606175420417
1280466602442489856
1280466561535541250
1280466351346388994
1280466340978085890
1280466320639889409
1280466267627909121
1280466235793252352
1280466206139564033
1280466191929217024
1280466173029736448
1280466162502053890
1280466142642016256
1280466122240917504
1280466033267150848
1280465998043365380
1280465833802846208
1280465819051360256
1280465749589491712
1280465724557807616
1280465681318805505
1280465646858502145
1280465571465789445
1280465322605252609
1280465314543734785
1280465234717749248
1280465196176326658
1280465118350815233
1280465013057208320
1280464998955986948
1280464962222202880
1280464877019168768
1280464830802145280
1280464829678006272
1280464726212972544
1280464464249151489
1280464259969933312
1280464241150001154
1280464146467782657
1280463963805962242
1280463899440152578
1280463889071845378
1280463848659714050
1280463735195406336
1280463727142281217
1280463718971826176
1280463705663307776
1280463617519951872
1280463500549160960
1280463323033669633
1280463320689098752
1280463293576953857
1280463199012368384
1280463157794922498
1280463125830131714
1280463111909187591
1280463110806147072
1280463020276285440
1280462963141480449
1280462946976571392
1280462831675203590
1280462729657102336
1280462653928935427
1280462575646408704
1280462562337923072
1280462481245208576
1280462323245817856
1280462235203141632
1280462128189779968
1280462086150090752
1280462085512589312
1280462083897741313
1280462073151938560
1280461980592230400
1280461885914206211
1280461838145277958
1280461734969573378
1280461645345677312
1280461632414584832
1280461583613931521
1280461561484713989
1280461559479717888
1280461559454523392
1280461355397582848
1280461322841477123
1280461276393746432
1280461081970868233
1280461077155905536
1280461053357207557
1280460879520321537
1280460793805516800
1280460784686989312
1280460725215952897
1280460718836506625
1280460681507147777
1280460649005559808
1280460606739546113
1280460576221728768
1280460541769715712
1280460488913162242
1280460350907994113
1280460180455555073
1280460139942809600
1280460006182334465
1280460000398360576
1280459993570070530
1280459937668313088
1280459798614589440
1280459759129411584
1280459723213606912
1280459668087701504
1280459636211101696
1280459611968081922
1280459593299222532
1280459577935441920
1280459526316179456
1280459496553435137
1280459472838803456
1280459366890475520
1280459302818451457
1280459177257820160
1280459085691924480
1280459062900142081
1280459051537743873
1280459050833129473
1280459049906159616
1280459044260589568
1280459004985184257
1280458995057266689
1280458940011081731
1280458898433028097
1280458880615677952
1280458844427161600
1280458788554674177
1280458731172569089
1280458705419419653
1280458702353358848
1280458686520057856
1280458679200829440
1280458678970183681
1280458621466411008
1280458609936261121
1280458601014976513
1280458468269404161
1280458462837772291
1280458439299264512
1280458260311617541
1280458100554838017
1280457902738878464
1280457847571206144
1280457750909239296
1280457687650705408
1280457645439225857
1280457448629944320
1280457424395137025
1280457336801374208
1280457277535707137
1280457263430295555
1280457227527127041
1280457212830388224
1280457209462370308
1280457185785413632
1280457123898392577
1280456995477348353
1280456959905464320
1280456851524448256
1280451141860540416
1280451089393999872
1280451035778052096
1280450928517287937
1280450821965123584
1280450718952898560
1280450707473100802
1280450626175094786
1280450619623571457
1280450601776828418
1280450525952180225
1280450517077053441
1280450359320854529
1280450321886699520
1280450316958347265
1280450261547442177
1280450160645017600
1280450073726464000
1280449868700561409
1280449853542338562
1280449838648373248
1280449764857991169
1280449615561551872
1280449531671465985
1280449526562783234
1280449515951214597
1280449365828685824
1280449362146070536
1280449354927673349
1280449227143987200
1280449189575614464
1280449133636128768
1280449108206125061
1280449005084979201
1280448934368940032
1280448868996517888
1280448863028097024
1280448717980684297
1280448626771267584
1280448598103281664
1280448405886709761
1280448361577902080
1280448333304205313
1280448326295486465
1280448240236793856
1280448146527510528
1280448136981422081
1280448117998051328
1280448112344039429
1280448077954985984
1280448068996005888
1280448065833447424
1280448057004494848
1280448031565979649
1280447934769889280
1280447918181359616
1280447891883151360
1280447774035755009
1280447684772577280
1280447670042210304
1280447657601896448
1280447537825153024
1280447528031252480
1280447311286620160
1280447193976094722
1280447146093940739
1280447115752353793
1280447113273491457
1280447107871236096
1280447054951723008
1280446894683172870
1280446848293982209
1280446830384484352
1280446561235935235
1280446515459342337
1280446311070867456
1280446180443541504
1280446134515912705
1280446091851436033
1280445990781288448
1280445709536374785
1280445679106756614
1280445676900540416
1280445615600799744
1280445540476563463
1280445513406570496
1280445394040893440
1280445374688366592
1280445351044972544
1280445326717927425
1280445312516177920
1280445299912302597
1280445299366875137
1280445247630249984
1280445232765702150
1280445213719367681
1280445127551524869
1280445111000850432
1280445040146472960
1280444860047200256
1280444839675527170
1280444727217795072
1280444722503274496
1280444660784267264
1280444600121950208
1280444531201019905
1280444516353347584
1280444380965412864
1280444362103586816
1280444334777696262
1280444247423016960
1280444245229342720
1280444184390963200
1280444178833518592
1280444166141612032
1280444057169399808
1280444030656983041
1280443850830594048
1280443701479833600
1280443577148063745
1280443553563512832
1280443522445987840
1280443520692613120
1280443448718503937
1280443365293727744
1280443221135556609
1280443164508094469
1280443112490364928
1280442971293351936
1280442928280875009
1280442913588219907
1280442865294798848
1280442788404957184
1280442728782991360
1280442702316871680
1280442620381204480
1280442582481297414
1280442539733024772
1280442503917961217
1280442493260255233
1280442474478125057
1280442464856354816
1280442464063627266
1280442306659827712
1280442233225981952
1280442101700812801
1280442073355825153
1280442056855429124
1280442031026946052
1280442020994187264
1280441896301662213
1280441889443983361
1280441798377291777
1280441793096683520
1280441768614428673
1280441617657151488
1280441567648591874
1280441355349536769
1280441353613107200
1280441337733578757
1280441219475177472
1280441187468443648
1280441179671330817
1280441170712309763
1280441158695608320
1280441132510568449
1280440964461596673
1280440888490029056
1280440879023439872
1280440876611837952
1280440870194405376
1280440858299568128
1280440801496006661
1280395309718179840
1280395174858887169
1280394598871822336
1280394586582482945
1280394417195515905
1280394142477103104
1280393925740638208
1280393730252554241
1280392754124685314
1280391840617902080
1280391538288111616
1280390896761147392
1280390111935582208
1280390064556695552
1280389818095153152
1280389438259036162
1280389358638465024
1280389132670439424
1280389023677243392
1280388948855009281
1280388903455690752
1280388873999265794
1280388435094593536
1280388334293004288
1280388098698940416
1280387775381069825
1280387730904625152
1280387713632518144
1280387411487399942
1280387268394573824
1280386891628642306
1280386859512799232
1280386480729468928
1280386297371205637
1280384680131465216
1280384595133947904
1280384386215469056
1280383738493337600
1280383692909752320
1280383367637348352
1280383221981683712
1280383198665551872
1280382993656352768
1280382783467249664
1280382745680785409
1280382672318144512
1280382671198224385
1280382601073692672
1280382430839529472
1280382319971442688
1280382257555861504
1280382039980740608
1280381996225740800
1280381727094046720
1280381680986046464
1280381418661728257
1280381390345781249
1280381314131206146
1280381060052738048
1280380603783950337
1280380379170369536
1280602696618332160
1280602566515138560
1280602517378863104
1280602497380425730
1280602448525242373
1280602289611431940
1280602277129129992
1280602246716239873
1280602149941100549
1280602148158361600
1280602001274032129
1280601951923773446
1280601839541633026
1280601835020132353
1280601780330659842
1280601596804558848
1280601535248990211
1280601529402220544
1280601477015314434
1280601298224779267
1280601229882613760
1280601184689061888
1280601180633063425
1280601003344252929
1280600914940829696
1280600898088120320
1280600823358242818
1280600736779440129
1280600651207229440
1280600647960801280
1280600646039846912
1280600643288383490
1280600641296109574
1280600639135985665
1280600636929835013
1280600634954301442
1280600538527268866
1280600511725670400
1280600496739282944
1280600493543362563
1280600375884746752
1280600295005880320
1280600278228705280
1280600240987541504
1280600182258839552
1280600151606857734
1280600047554637826
1280599876150181889
1280599845028474882
1280599814011568130
1280599770256596992
1280599759191932931
1280599692406132736
1280599579252060160
1280599554287710210
1280599295012540417
1280599264314437640
1280598969966456832
1280598852794486784
1280598848726077440
1280598760205234176
1280598737660841984
1280598728164941824
1280598622120394756
1280598562473218054
1280598550271782912
1280598527450677248
1280598502167347200
1280598373188472832
1280598302136971264
1280598292758441987
1280598141016903680
1280598130715701251
1280597866650628096
1280597778075353088
1280597723683659777
1280597687449145349
1280597556330852357
1280597535040684032
1280597506380845056
1280597345701367810
1280597250843054080
1280597208711213056
1280597080076140553
1280597075256905729
1280596903906783232
1280596791084363810
1280596751322398721
1280596725086982144
1280596688025997312
1280596677632512000
1280596590986747906
1280596487295184897
1280596448623628288
1280596445771546624
1280596434144956419
1280596296387067904
1280595911652098049
1280595848829833216
1280595822548303875
1280595805808754689
1280595711726432256
1280595681992826881
1280595575541465096
1280595518889037825
1280595515563028483
1280595462874161153
1280595446516367360
1280595433027440641
1280595416560676866
1280595406695682049
1280595406154579969
1280595312290213888
1280595229431791624
1280595042651029507
1280595024628105229
1280594969775026180
1280594917807370241
1280594861851324418
1280594859355766786
1280594821015416832
1280594770130284545
1280594754892451840
1280594553767002112
1280594507420127232
1280594473735655429
1280594314914119680
1280594272857870336
1280594191010185222
1280594161276555264
1280594090925543425
1280594076946046985
1280594073812742144
1280594018347302912
1280593970213650434
1280593963339128832
1280593962726809600
1280593954963173378
1280593942313144320
1280593926727090177
1280593838751481857
1280593794103160832
1280593685244071936
1280593479891062792
1280593456323125248
1280593417798512640
1280593406088163330
1280593376845463552
1280593367676661766
1280593334843703297
1280593182187642880
1280593129725452290
1280593059953115137
1280593056144789505
1280593034690904071
1280593034594279424
1280593000914194435
1280592909448904704
1280592850221031424
1280592840968466432
1280592804486557697
1280592803874168833
1280592803282800640
1280592802649378818
1280592801407864832
1280592800170549249
1280592629382688768
1280592549552455691
1280592482741428224
1280592445122572288
1280592442547408902
1280592440429293568
1280592440081219586
1280592438625697794
1280592436646088705
1280592413464166402
1280592409361932288
1280592325698191360
1280592248086900737
1280471083985047552
1280471082923941891
1280471080382140416
1280471042285285378
1280471035901546496
1280470939558449153
1280470888534720513
1280470846520393728
1280470702345289729
1280470529263259649
1280470485785075712
1280470444546691072
1280470411030024193
1280470404876980224
1280470367442808837
1280470321972285445
1280470290175348736
1280470259145850884
1280470257195536384
1280470253454143490
1280470226119856128
1280470205110640640
1280470072335765505
1280470064819572737
1280470000772558848
1280469966295367681
1280469876260450304
1280469875941609476
1280469869855518722
1280469804722216963
1280469787869696000
1280485583807266817
1280485565331316737
1280485537909035008
1280485485366910976
1280485467201380352
1280485400138731521
1280485356173959169
1280485308878946304
1280485306244923392
1280485290885480448
1280485254197805056
1280485193892192256
1280485118566596608
1280485116171751424
1280485113214701568
1280485092176134144
1280485091823833088
1280485027810328576
1280485022210891776
1280484994172039169
1280484901561786369
1280484743696584704
1280484683197878272
1280484644723601414
1280484606777704451
1280484480424312834
1280484431590035459
1280484422802907138
1280484247749435392
1280484245996294145
1280484171358408710
1280484094707720192
1280483900305952770
1280483791258243072
1280483715479732226
1280483701693075456
1280483597615599619
1280483562106621952
1280483552602329088
1280483505806458881
1280483403826180106
1280483372297359361
1280483197185339393
1280483160237780994
1280483132366557185
1280483118995120128
1280483062141390848
1280482983497986054
1280482891445780480
1280482786223235077
1280482761795612672
1280482744418447361
1280482714739707905
1280482710646140929
1280482696645562375
1280482635077292034
1280482623262003203
1280482589007110144
1280482543243010050
1280482446174302208
1280482414511509506
1280482359171825664
1280482303194603521
1280482164665090048
1280482145564327937
1280482131756515328
1280482108025298944
1280482086814695424
1280482072419807232
1280482064484237312
1280481896586268673
1280481890860961792
1280481863577022464
1280481758845247490
1280481670043521024
1280481479793901568
1280481475088056320
1280481399485673476
1280481272905768962
1280481220992946178
1280481196238045184
1280481119054462976
1280481043242418176
1280480881615032320
1280480830872305665
1280480743307784195
1280480696205795328
1280480654208221185
1280480621278756865
1280480568409538560
1280480535626895361
1280480262879666176
1280480246282760192
1280480197796454402
1280480183431168003
1280480077625638913
1280479998504103936
1280479893273313280
1280479864840163328
1280479796481404930
1280479725450821632
1280479721684434947
1280479719775928320
1280479703057469440
1280479698368200707
1280479678889734145
1280479632559681542
1280479614763139072
1280479521750253568
1280479509192507393
1280479451088855040
1280479439172915202
1280479421279936513
1280479409967775744
1280479395845672960
1280479377504047106
1280479341088878593
1280479307849183234
1280479271702663169
1280479190433902593
1280479113950740480
1280479102953312259
1280479092668878848
1280478957238960133
1280478946707070978
1280478945029357569
1280478846303813632
1280478805879029760
1280478729974710272
1280478702199902209
1280478683342475265
1280478543726723078
1280478488068325376
1280478467612651526
1280478437900247040
1280478402084876288
1280478394115858432
1280478304303304704
1280478235093016577
1280478207930589184
1280478189551222784
1280478108076904449
1280478055769800709
1280478024409001991
1280477985594802177
1280477983233490945
1280477978070114306
1280477930724962304
1280477917244526592
1280477748511768576
1280477710075269122
1280477699698376704
1280477659768578048
1280477584053145600
1280477571747057665
1280477348400431104
1280477339063902208
1280477323171487747
1280477303894446087
1280477151414927366
1280477147518447616
1280477142170681346
1280477046762876929
1280477001388875776
1280476994925408263
1280476968975241219
1280476899534389249
1280476896346718208
1280476569119657984
1280476440006459393
1280476400626085888
1280476174779428865
1280475943862243329
1280475927722541059
1280475920697044993
1280475838731837442
1280475816120516614
1280475731856961537
1280475727297642497
1280475647605985280
1280475626244321281
1280475547957489665
1280475495608586240
1280475454290497539
1280475422673833984
1280475420337545216
1280475357347491848
1280475332215279618
1280475325760184321
1280475206574903299
1280475160349302785
1280474969978347520
1280474858602860544
1280474858007285760
1280474824637403137
1280474801526767617
1280474743343329280
1280474736733061120
1280474531036106752
1280474365340061696
1280474288940875776
1280474264970330112
1280474232074440709
1280474207223189504
1280474159420772352
1280474114096939009
1280474077833158656
1280474072153862144
1280473952251514881
1280473938452242433
1280473733199728641
1280473689822097408
1280473689780375552
1280473669119213577
1280473608599613447
1280473487396700160
1280473415338676224
1280473401862303746
1280473384615325696
1280473303615000576
1280473262036791296
1280473236103409664
1280473051738656769
1280473049251196928
1280473042616037376
1280473010743529473
1280472895387549702
1280472850734944258
1280472771240374273
1280472708464234497
1280472706996006912
1280472677908721664
1280472647038578690
1280472590067384321
1280472588976885760
1280472520039133184
1280472518080397315
1280472441396002817
1280472423608057856
1280472416305774594
1280472345094864898
1280472271958745089
1280472180069937154
1280472143885529088
1280472133106372609
1280472092794707968
1280471968618348545
1280471913538650116
1280471906731331584
1280471895343857665
1280471876062580747
1280471859730042882
1280471742667018248
1280471713118146565
1280471670361223169
1280471629219483648
1280471626535120896
1280471611691405312
1280471596600160256
1280471594348032000
1280471569949691904
1280471566015500290
1280471533643804675
1280471530913357829
1280471491004465152
1280471470985097216
1280471469584273408
1280471374612627462
1280471326508158977
1280471200981028864
1280471153786515456
1280347496258998272
1280346436748619776
1280344201838780422
1280343470012608512
1280343226092666880
1280343184355270658
1280342594195804161
1280341681024483328
1280340726908358661
1280340441372725248
1280339122188455936
1280338430900109312
1280337517888385024
1280336517236510720
1280336411355299840
1280336274902200320
1280333671271145472
1280332629418692608
1280332595998441472
1280316518539149312
1280316236992258055
1280316140439339009
1280316080767086592
1280315002621014016
1280314343960334337
1280313413172899840
1280313282662981640
1280313125418532864
1280312497367592965
1280312286549348353
1280312125978599424
1280311923771408384
1280311909317738499
1280311809619230720
1280311562922790913
1280309866653978624
1280309804724977665
1280309623858364420
1280309306001244161
1280309129328816129
1280308056253841408
1280308001207914497
1280307466291621888
1280307452160831489
1280307111960944640
1280306443040759814
1280306119626436611
1280306032737165313
1280305852017184774
1280305458176131072
1280305406477307912
1280305111525404673
1280305049676197888
1280304765256204288
1280304179064553473
1280303645624545283
1280303530130227202
1280303206036357121
1280302056495030272
1280301811316985857
1280607262403432449
1280607258192289801
1280607231638151169
1280607127720071169
1280606979606679552
1280606968823021570
1280606915484139521
1280606912900448257
1280606910945861632
1280606909033254918
1280606906453766145
1280606904016949250
1280606874115559424
1280606832801779712
1280606808093134852
1280606768616411137
1280606684730146816
1280606654938132480
1280606634566471681
1280606632855187457
1280606601188200449
1280606586541613060
1280606526957391872
1280606475740680194
1280606403913117696
1280606402499604480
1280606297814192128
1280606207804411910
1280606101743042560
1280606024131543040
1280605636120719361
1280605600527929347
1280605578406977536
1280605498589536257
1280605437721587713
1280605388094783489
1280605378586251265
1280605339029770241
1280605299313979392
1280605155386368000
1280604892617412610
1280604881955385344
1280604836065665024
1280604823071543296
1280604822912319489
1280604822056636420
1280604813777145864
1280604807208865792
1280604560923508736
1280604505202143233
1280604475821080578
1280604257813700609
1280604194978672640
1280603989470576643
1280603843240382464
1280603793713815552
1280603657797619712
1280603448334004224
1280603323440279558
1280602987786907648
1280602951678074880
1280602950574866434
1280602932744945664
1280602865627574273
1280602839627247621
1280495795368800269
1280495601155747840
1280495589864681478
1280495562530394115
1280495548978671616
1280495527730315269
1280495526287413253
1280495476966555652
1280495475326701568
1280495400974266369
1280495398969319425
1280495390123593731
1280495139811741697
1280495028989722625
1280494980650487810
1280494949658759170
1280494918650212360
1280494793752055809
1280494737162743809
1280494727167709184
1280494660100784130
1280494631000641536
1280494548527931393
1280494486087520258
1280494485403766784
1280494307892330497
1280494178112282635
1280494090451390464
1280493979595931648
1280493913195843587
1280493890701856768
1280493869646438400
1280493518444781569
1280493450371063808
1280493296813563906
1280493085705809920
1280493079678640128
1280493020035629056
1280492835259768834
1280492804838436866
1280492794956709889
1280492727482843139
1280492555398983682
1280492394283184128
1280492377401163777
1280492254277271553
1280492163483283456
1280492122337148930
1280491932355973121
1280491880048984067
1280491875799982080
1280491874986283013
1280491824851943424
1280491798461284353
1280491765154414594
1280491758586036225
1280491702008987651
1280491698506915842
1280491674221924352
1280491614079680514
1280491440758575104
1280491377609117696
1280491330968453122
1280491277868548096
1280491255433170945
1280491216719753218
1280491137745195009
1280491116324958209
1280491096947163137
1280491090064412672
1280491023513329664
1280490895003938816
1280490831120564226
1280490818915139584
1280490736702627846
1280490562748104706
1280490492074119169
1280490433769025536
1280490386172063745
1280490345508343808
1280490332757602305
1280490189068972032
1280490128067215360
1280490058601000963
1280489946650943488
1280489817931948035
1280489806942875648
1280489799913287685
1280489787397296129
1280489691536601091
1280489585173200896
1280489584560914432
1280489550511562753
1280489413580075010
1280489401525481473
1280489317551529990
1280489272500420609
1280489192141852674
1280489128052822016
1280489022767476736
1280488992241311746
1280488934414393344
1280488895805784064
1280488883667566594
1280488792592449536
1280488791564828672
1280488788834344960
1280488733775716352
1280488564556476417
1280488528862986242
1280488520210096128
1280488506654154754
1280488501801295872
1280488346003922951
1280488310755020802
1280488278974705667
1280488249753026561
1280488218773925890
1280488183378182144
1280488177506095105
1280488176918781953
1280488174867943426
1280488162633158656
1280488011516440576
1280488011130683393
1280487989135761408
1280487964653617153
1280487924908228609
1280487870965387264
1280487864871116801
1280487804720603137
1280487780519419904
1280487636549976065
1280487614089441280
1280487612197765121
1280487579058651136
1280487570435121153
1280487549014700032
1280487545252589570
1280487474775707652
1280487429384941570
1280487425937223680
1280487401580888064
1280487253026824193
1280487251194064897
1280487204679270402
1280487179802861568
1280487132650450949
1280487099695841285
1280487085284249601
1280487046625275904
1280487029751545856
1280486996259909632
1280486995089854469
1280486989062602753
1280486878840528897
1280486870439407616
1280486816894775296
1280486810490191872
1280486714335727616
1280486712725114880
1280486678013018113
1280486654394982400
1280486647902146569
1280486599772516355
1280486598031872000
1280486591815966720
1280486578247348234
1280486561193365507
1280486495586078720
1280486488136994817
1280486458600685569
1280486415030239232
1280486384856334336
1280486354384596997
1280486313892950017
1280486301146451968
1280486279638106112
1280455887371603968
1280455857977929729
1280455768555180033
1280455673726328833
1280455671956172801
1280455611755270146
1280455417794048000
1280455303188877313
1280455248549732354
1280455210704437249
1280455159793897478
1280455066470752256
1280454927781965825
1280454894441230336
1280454880516161536
1280454768159309824
1280454681421066241
1280454392840425472
1280454386133729280
1280454365921390593
1280454338503077888
1280454218155991040
1280454183452323842
1280454154301747200
1280454095661412353
1280454048970412038
1280453930917519360
1280453905986605056
1280453899330060289
1280453883689607173
1280453845274034177
1280453773081616390
1280453729280458753
1280453552897429505
1280453522119700480
1280453439848415237
1280453264501362689
1280453196041916416
1280453033218813952
1280452878302314497
1280452877270618113
1280452828499230721
1280452770378760192
1280452760165638144
1280452551205433344
1280452533132165120
1280452519056080896
1280452471635181568
1280452337778163713
1280452265594236928
1280452253338554372
1280452117589884929
1280452105489264640
1280452038745350144
1280451916753928192
1280451878510157827
1280451870469820416
1280451837439561729
1280451812143665152
1280451810508013568
1280451766669250560
1280451690018279424
1280451679263969282
1280451489660575744
1280451446220173312
1280451335910035457
1280451310668693504
1280451290020155392
1280451233774436353
1280451196973494272
1280451184512446471
1280451177595965441
1280516512302825473
1280516423849312258
1280516407957098498
1280516352105725953
1280516218693222400
1280516216864595968
1280516204185169920
1280516166260310016
1280516161252265986
1280516153073446912
1280516095238115328
1280516054356070400
1280516041685245955
1280516009871519754
1280515948848570372
1280515900110667777
1280515882662363136
1280515818363682822
1280515812009410563
1280515701200076801
1280515683680497664
1280515501828067328
1280515499894415360
1280515473537368073
1280515430151606272
1280515280649818114
1280515238463496203
1280515193374736387
1280515172348694529
1280515172231254018
1280515100416360453
1280515072549412865
1280515055788982273
1280515031193604101
1280515028828008448
1280515013673996289
1280514938142896129
1280514891003105281
1280514776146366465
1280514699361243143
1280514694965596160
1280514660232499219
1280514651969683456
1280514648396181507
1280514557165871106
1280514460994752512
1280514432519614465
1280514356007112705
1280514302512893953
1280514296783519748
1280514285983223808
1280514270149726208
1280514177380089858
1280514142718345219
1280514120589213696
1280514082760728579
1280514053442543625
1280513955115536387
1280513933615534086
1280513908827213824
1280513884982595585
1280513843194667009
1280513839386238986
1280513826400673793
1280513775888674817
1280513669802188805
1280513667847593987
1280513652680880128
1280513648587407361
1280513590160752642
1280513581319102465
1280513571739373568
1280513510385090562
1280513360447094784
1280513308605460483
1280513291736023052
1280513287613022216
1280513174660415490
1280513172466806787
1280513165311324161
1280513079944654849
1280513002979176449
1280512950223110144
1280512914248646656
1280512908154351628
1280512827980218371
1280512824117276676
1280512786037125121
1280512774548922369
1280512768999899139
1280512762209280000
1280512734770143232
1280512663467032576
1280512617350602752
1280512600581816322
1280512476325576704
1280512446864805891
1280512416690946052
1280512383794982912
1280512361242202112
1280512244095365120
1280512228932845568
1280512094044147712
1280511962527535110
1280511960442945537
1280511939890774018
1280511912183320586
1280511891023048706
1280511847658065925
1280511823830229005
1280511813050867719
1280511797422891009
1280511782310891520
1280511745283559426
1280511701444673538
1280511617579601920
1280511600605216770
1280511592384417792
1280511578434146304
1280511497249136643
1280511469231144974
1280511442513428481
1280511425627160578
1280511299298959363
1280511293640839175
1280511286800003073
1280511268705767433
1280511204390244352
1280511033497526272
1280510995786608642
1280510887053451269
1280510882385211393
1280510835689955328
1280510806774484996
1280510772817379332
1280510748536471564
1280510673336795141
1280510638033375233
1280510456134860800
1280510388388405260
1280510373247025157
1280510283220484097
1280510267286327300
1280510247145279490
1280510086385930246
1280509915195486214
1280509901052227590
1280509883826278402
1280509720336445440
1280509523120267264
1280509515243433985
1280509503696506880
1280509474021740551
1280509472406986753
1280509413330227202
1280509376831393792
1280509301732376577
1280509260137455622
1280509252931670017
1280509167296483330
1280509150489972736
1280509068864565250
1280509035440222213
1280508971623776258
1280508919652196353
1280508917739634693
1280508846084153350
1280508760168042502
1280508741809590278
1280508702932586496
1280508632082321409
1280508630039760897
1280508582929326080
1280508576763699200
1280508569650188291
1280508537475600386
1280508531498717186
1280508530873765888
1280508492651147273
1280508491829063681
1280508485583753224
1280508416058888192
1280508342574735361
1280508327634579458
1280508307086675970
1280508275268751362
1280508237595451392
1280508080300666882
1280508071995998211
1280508031030173700
1280508027133624322
1280508018984128512
1280507996389494784
1280507897320005634
1280507773860618246
1280507711168360448
1280507607262932993
1280507587566415878
1280507538304270336
1280507532398731264
1280507503395180544
1280507473284272128
1280507411510501384
1280507377855467520
1280507353058680833
1280507339599155211
1280507327389536259
1280507299069657095
1280507160464687109
1280507075295092741
1280507033515708417
1280507017531199493
1280507013538160646
1280507005753610242
1280506976926150664
1280506857761562624
1280506812064727044
1280506752086290435
1280506707194589184
1280506688567681027
1280506653167759361
1280506640580689923
1280506577418674177
1280506565703991300
1280506480333148160
1280506433713451009
1280506412653850626
1280506347671498767
1280506343124844549
1280506309830467588
1280506212606513158
1280506146420383745
1280506127906717696
1280506114669457409
1280506108323520514
1280506102996766721
1280506065600360450
1280505928182308867
1280505881151619074
1280505638867664896
1280505565274308620
1280505497389539329
1280505492469579777
1280505461352157185
1280505432705040384
1280504905032175617
1280504877773447169
1280504831774527490
1280504789693083654
1280504766880235523
1280504629499961348
1280504612861198337
1280504607484129282
1280504564190515203
1280504523618955265
1280504491176058883
1280504392584740865
1280504362952019972
1280504151684808705
1280504106008883207
1280504091328819200
1280504082617249799
1280504038061195264
1280503991198191617
1280503761589473281
1280503747890872321
1280503699182403586
1280503647860928514
1280503538725117954
1280503503463555073
1280503404884832258
1280503338497380352
1280503285414277120
1280503265059385350
1280503137498025984
1280503114823602177
1280503084343582722
1280503020548247553
1280503015867285509
1280502989808074758
1280502987367092224
1280502953070276610
1280502855154221056
1280502768432820224
1280502400739151873
1280502382338682884
1280502370074533891
1280502353272147974
1280502348570378240
1280502328932675592
1280502204739260417
1280502198187810816
1280502148040740867
1280502085830705152
1280502027857137670
1280501946059808768
1280501874798596099
1280501827549532160
1280501819769266177
1280501588809916418
1280501586574356489
1280501546153922560
1280410449335455744
1280410395862278144
1280410357773635584
1280410229935681537
1280410175573233664
1280410164579966978
1280409738405187584
1280409703462436865
1280409270098501633
1280409157271793665
1280409030746349568
1280408977482883077
1280408905047314433
1280408741117075457
1280408577228673024
1280408507074912257
1280408154258452481
1280408144812916736
1280408078001885189
1280408072284975105
1280408049551912961
1280407893494374400
1280407517164564481
1280407404807622656
1280407328622292992
1280407313980035072
1280407017836994560
1280406954066751488
1280406773418078209
1280406711153553410
1280406613699026945
1280406566571847680
1280406505980862465
1280405876063363072
1280405754810417152
1280405716688408577
1280405615081373696
1280405006978633729
1280404948971331584
1280404901093273600
1280404819304316928
1280404636797673472
1280404261675962368
1280404113788932097
1280403879985848323
1280403213741625345
1280403182166978560
1280402600450555904
1280402452303548417
1280402028112445441
1280401881727004673
1280401751091433472
1280401633776730112
1280401577799553024
1280401427416793088
1280401287864037376
1280401126530207744
1280400919906054144
1280400902415941632
1280400804952899586
1280400678326865920
1280400581262217216
1280400397077643265
1280400353322848257
1280399460586139648
1280399399802359808
1280398818060599297
1280398651169411073
1280398411733164034
1280398306091446272
1280398196250836993
1280398104697753602
1280397896341491712
1280397788711456769
1280397631697457153
1280397296950218752
1280397188850384896
1280396993261600769
1280396698360127489
1280396611546308608
1280396398568013824
1280396298391367683
1280395615327805440
1280395502136197120
1280440720466329601
1280440709842173953
1280440672433188866
1280440621099102208
1280440617361911808
1280440614123982849
1280440599083200512
1280440526903431168
1280440498637979649
1280440465691750405
1280440358678265856
1280440342513246208
1280440196123758592
1280440181074558976
1280440168344936448
1280440149906776069
1280440092398628865
1280440013214355457
1280439994734325760
1280439844985077761
1280439814563586049
1280439756275494913
1280439756057464834
1280439678529867781
1280439644405075968
1280439632359030785
1280439479485059077
1280439385352286209
1280439210667900931
1280439176828239873
1280439171077697536
1280438974859837441
1280438940235976704
1280438875698139141
1280438857125605376
1280438813953835009
1280438783712821250
1280438717086347264
1280438661276934146
1280438575360811008
1280438561674637318
1280438502853718017
1280438501071376384
1280438470062731264
1280438429449252864
1280438335098556417
1280438262537113604
1280438241338900486
1280438235219529729
1280438201681936384
1280438146375856128
1280438107486052352
1280438050187853826
1280437959448309760
1280437945707700224
1280437900925194241
1280437761854578688
1280437730787409920
1280437691742654464
1280437645781368833
1280437544522592257
1280437500260028417
1280437331103830016
1280437320055836672
1280437299847860224
1280437297373229057
1280437267799162882
1280437217639497728
1280437162526244865
1280437028195352578
1280436936705007616
1280436936067424256
1280436923207692294
1280436800968851461
1280436752382115841
1280436612766236672
1280436589815103488
1280436586338045952
1280436563609083909
1280436559679049728
1280436551013609473
1280436508214865920
1280436444729880576
1280436395731857408
1280436351364665344
1280436346386092034
1280436304581402628
1280436294582185986
1280436285694500864
1280436272658407430
1280436248637775872
1280436139787255808
1280436106643877888
1280436058740731904
1280436054336647168
1280436008958525441
1280436007565955075
1280436005766606848
1280435999756214272
1280435987064279040
1280435976360337408
1280435959306338304
1280435890502787073
1280435873541246976
1280435847737872385
1280435813243904000
1280435803659931654
1280435786601631745
1280435771657162753
1280435682507395072
1280435577167532033
1280435541788499971
1280435517008556032
1280435510826188800
1280435503645384706
1280435500839587842
1280435500495466496
1280435493876969472
1280435335101657091
1280435332643774464
1280435323751723008
1280435196983156738
1280435177878159360
1280435151311220736
1280434991843983363
1280434964945932289
1280434955244515328
1280434915931234304
1280434820720603137
1280434819617390598
1280434724234760193
1280434714403356673
1280434666709716994
1280434630177546240
1280434543338668032
1280434519464718336
1280434493355175937
1280434480243789824
1280434458529800192
1280434453328904194
1280434376141090816
1280434373872029697
1280434330842664960
1280434288543125504
1280434227352387584
1280434133844590592
1280434084573925376
1280434040047370241
1280433994040061952
1280433917112324096
1280433900460834816
1280433787457933317
1280433762447224832
1280433747955867648
1280433706960896000
1280433701839659008
1280433685699821568
1280433632696508416
1280433602753376256
1280433492950687744
1280433484327157760
1280433455902470144
1280433432762281989
1280433432330461186
1280433421437853698
1280433379566063617
1280433373819949058
1280433351061647360
1280433316999630849
1280433229971980288
1280433179971682306
1280433122073612288
1280433093384364032
1280433071007899648
1280433000157675520
1280432893659975680
1280432836764405760
1280432704283127813
1280432700139212801
1280432686151147520
1280432649941614593
1280432443007393793
1280432379883130880
1280432337273196544
1280432261427613696
1280432243236798467
1280432189155483654
1280432186739560448
1280432152270852096
1280431968258338816
1280431953880190976
1280431946087227393
1280431863195148288
1280431726876135425
1280431639722692608
1280431592817618945
1280431343462014978
1280431294262972416
1280431260440186881
1280431201715736576
1280431189900361728
1280431183743143938
1280431153539883008
1280431127480741888
1280431112989356032
1280431038808969217
1280431020559515649
1280431010044231680
1280430957821136897
1280430937680027648
1280430933481529345
1280430906235371526
1280430904062750721
1280430800991854593
1280430789029748736
1280430684843245568
1280430670737821696
1280430664819638272
1280430663397752832
1280430646297493504
1280430548058542080
1280430540253007875
1280430535437942784
1280430525002338304
1280430505939406848
1280430419255545856
1280430374628147203
1280430308706463744
1280430277182009344
1280430243480772610
1280430203844677633
1280430184194244608
1280430121770528770
1280430027402870784
1280429962915438592
1280429903716904963
1280429801505869826
1280429736112599040
1280429700691775489
1280429681288916993
1280429667959410689
1280429620962230273
1280429524442734593
1280429493073707008
1280429483649118208
1280429456859987970
1280429436341571584
1280429392024535040
1280429342775017472
1280429312408248320
1280429286525149189
1280429213774995458
1280429146880032768
1280429138004905985
1280429062322872320
1280429010514849792
1280428982236839937
1280428978608771073
1280428945628966914
1280428903534940160
1280428903463636992
1280428864209137666
1280428829195067393
1280428825185333248
1280428694482362370
1280428673108246529
1280428642313613313
1280428622814248961
1280428532544475136
1280428493269086208
1280428471840395265
1280428422620237824
1280428410981044224
1280428401103450112
1280428394879111168
1280428344081866752
1280428328567128067
1280428324490182657
1280428273172963333
1280428264658518017
1280428256668217346
1280428252721344512
1280428238368657408
1280428204814024707
1280428197612584960
1280428187793661955
1280428169036734469
1280428155417870336
1280428115764875265
1280428090464886785
1280428014631780352
1280427989981958144
1280427983287828486
1280427972613324801
1280427892070121472
1280427847270662146
1280427798549667841
1280427795454332928
1280427774356881408
1280427742727733249
1280427719080259586
1280427670149500929
1280427634258821120
1280427587152547840
1280427553136795648
1280427503417524224
1280427417287495680
1280427398723444736
1280427273334788096
1280427258419851264
1280427185044697091
1280427172155588609
1280427120439648256
1280427111660916736
1280427038533353472
1280426761218646017
1280426746299506688
1280426648047947776
1280426614946443264
1280426599972769792
1280426580616138753
1280426448583643136
1280426424231358464
1280426361572732929
1280426282757619712
1280426276965187584
1280426268392120320
1280426146023251968
1280426086816526337
1280425964342849536
1280425947351715840
1280425922517180416
1280425842494013446
1280425815235268609
1280425792690728965
1280425740115288067
1280425678429618177
1280425627594694656
1280501365731721221
1280501338942644225
1280501153323778049
1280501111548448770
1280501106406232064
1280501103055056897
1280500880689770503
1280500795381886979
1280500780424986627
1280500774498435072
1280500748644757509
1280500726750425089
1280500712443699211
1280500651118690308
1280500647746469888
1280500634823860225
1280500408931270656
1280500377348169734
1280500316786622466
1280500310025404416
1280500257252691973
1280500225333956610
1280500204643463168
1280500182002667521
1280500174037684224
1280500165942677507
1280500116802199553
1280500060934021122
1280500046748942341
1280500000716476417
1280499998552178688
1280499954323202049
1280499941056577536
1280499887461863424
1280499856121958401
1280499817219751938
1280499736525619203
1280499624340570112
1280499617709404161
1280499561602125826
1280499560989810688
1280499533017997314
1280499356563419136
1280499307855183873
1280499263911460865
1280499224988323847
1280499187633790976
1280499090711810049
1280499057950146562
1280499044540874763
1280499040870858752
1280499032167788546
1280498978681954305
1280498812273020928
1280498797395808259
1280498763379941377
1280498660334280705
1280498635382415363
1280498608035565570
1280498586262941702
1280498560430231558
1280498559633305603
1280498556244242434
1280498545871728646
1280498485670838273
1280498446957531146
1280498446584119296
1280498443778228230
1280498423553294339
1280498413797363714
1280498340095025153
1280498306108530690
1280498305324257286
1280498301159292935
1280498267869138953
1280498188030324736
1280498158523617280
1280498068916506624
1280498064277585923
1280498050218315776
1280498019289497600
1280497961420509184
1280497896958431232
1280497892860534785
1280497854558109696
1280497786799226886
1280497733770661898
1280497658457657346
1280497563703980032
1280497559254052864
1280497447840645121
1280497434586763271
1280497430572695552
1280497408737239043
1280497379532107776
1280497349807267850
1280497261521313794
1280497217577648129
1280497129996369920
1280497115190439943
1280497082722406401
1280497079178211334
1280497068050657280
1280497049692225536
1280497043274960897
1280496991173214216
1280496935577759747
1280496866766061568
1280496820372766721
1280496819655622662
1280496735647936514
1280496642416881670
1280496629058076672
1280496585332469766
1280496555636789249
1280496555255123976
1280496543783694336
1280496539262169088
1280496506110464004
1280496467367669761
1280496337386180613
1280496293979308034
1280496234114043906
1280496160441085953
1280496148747358211
1280496109878681601
1280496103587282946
1280496097081819136
1280496078446571521
1280496043046600704
1280496040299372544
1280495875933057024
1280495857436176384
1280495852985872384
1280495797109493760
1280623747511312385
1280623655312113664
1280623581496373248
1280623515390095360
1280623473061175296
1280623461908578305
1280623449778434048
1280623314164015104
1280623264650362881
1280623101827563525
1280623020302721025
1280622825670410240
1280622650172334081
1280622648280723457
1280622623706284033
1280363638528901121
1280362948951752705
1280362503193726976
1280362368594145280
1280360435431153665
1280360198918586369
1280360024125116416
1280359746508226560
1280359742024622081
1280359303896072192
1280358804035637249
1280358134125600773
1280358106959097861
1280357930580226048
1280357250247405569
1280357158119444480
1280356013909118981
1280355773521027073
1280355505861545984
1280355129187860480
1280354738001805312
1280354480983171074
1280354318768459776
1280354299122348034
1280353881969606657
1280352470217027584
1280351857420972043
1280351801238315008
1280351307564568577
1280351012281352198
1280350856668479488
1280350557417336832
1280348651059986433
1280561878901669889
1280561876171137027
1280561871603417088
1280561802955259904
1280561793576861700
1280561756558016513
1280561743769591809
1280561657283043328
1280561562827317251
1280561547014701058
1280561501875601410
1280561455419527168
1280561430010441730
1280561359839772673
1280561249751904257
1280561208903467009
1280561174199668736
1280561086702518272
1280561083615522818
1280561059053666304
1280560949452312577
1280560849501982722
1280560833915842560
1280560824579432451
1280560795089321990
1280560772897267712
1280560714210574339
1280560672963620864
1280560653401501697
1280560562582233094
1280560500217204738
1280560434064621573
1280560422429396992
1280560372177604609
1280560301210025985
1280560245832593415
1280560212676685825
1280560208205537284
1280560160218460162
1280560095580086275
1280560054970847232
1280559912767098880
1280559805426470915
1280559781351231494
1280559775214759936
1280559762103549958
1280559717878845440
1280559648857358336
1280559501343551493
1280559386033717248
1280559346552881155
1280559236393717761
1280559107737452546
1280559087562952705
1280558891613462534
1280558846231142400
1280558771891318784
1280558701900947456
1280558701711986688
1280558692480548868
1280558666249392130
1280558663988654082
1280558627665969153
1280558613757480961
1280558588218368000
1280558481456717825
1280558453216460800
1280558434052476928
1280558355732463618
1280558334043516928
1280558257254383618
1280558255920553985
1280558186811056128
1280558185925967873
1280558111804272642
1280558105726717953
1280558070389788676
1280558016832684032
1280558014160830469
1280558007701684225
1280557962080092161
1280557904270155777
1280557754982322176
1280557748535656449
1280557733830426624
1280557712766636037
1280557707523694593
1280557657993117702
1280557630415441920
1280557489671585792
1280557376274345991
1280557354874888192
1280557350538051584
1280557331613249536
1280557330657095682
1280557209051713536
1280557155326865411
1280557145776435202
1280557110368129025
1280557068731191296
1280557068672479236
1280557016013045763
1280556922861740038
1280556817295249414
1280556798634872832
1280556717982601216
1280556586939953153
1280556445331841028
1280556411265650690
1280556409168564225
1280556351903711234
1280556325488021525
1280556297734291459
1280556293279842305
1280556249793179651
1280556235935436800
1280556184551010304
1280556182856323072
1280556172236513285
1280556031521759232
1280556011120496640
1280556005479325696
1280555795248107525
1280555749962326018
1280555667707834368
1280555578679533570
1280555574422372352
1280555556718215170
1280555545041285122
1280555538485587968
1280555520181653505
1280555467144560640
1280555419199569926
1280555396323856384
1280555388073459717
1280555381995995139
1280555203398234112
1280555191599841283
1280555173883138051
1280555163913248776
1280555125023617024
1280555082493431810
1280555055104565249
1280555045864574977
1280554947109703682
1280554886481039360
1280554826091421701
1280554750841368578
1280554702283964417
1280554676086136837
1280554598109937665
1280554557387321346
1280554440752332805
1280554403200729088
1280554378236231682
1280554359491887105
1280554342236463107
1280554330702123015
1280554286351560704
1280554283340005380
1280554182362226690
1280554133200818177
1280554094332014592
1280554054473613313
1280554037172002816
1280554017190481921
1280553964598157312
1280553955983065092
1280553945744760834
1280553937658142720
1280553928216555520
1280553795391557632
1280553726630133761
1280553717184565251
1280553669532848128
1280553663468093441
1280553660355772422
1280553617309569024
1280553612985290753
1280553568357974017
1280553564268646409
1280553506676584448
1280553506370453504
1280553451127218181
1280553427504939009
1280553426049515521
1280553371322200066
1280544610398461954
1280544567222296576
1280544538512232448
1280544538143195136
1280544435680378880
1280544427870687233
1280544391866863617
1280544380768657411
1280544365195100160
1280544341027696640
1280544295934734336
1280544282286358529
1280544185213497345
1280544151612715009
1280544129760538624
1280544072453799936
1280544068850900993
1280544047166296066
1280543983496835074
1280543935895650308
1280543873329238016
1280543872720859136
1280543860737880069
1280543852416417794
1280543824440410112
1280543823861633025
1280543795260665856
1280543787215798273
1280543766617571328
1280543597176262658
1280543583146332162
1280543529387859974
1280543525294178308
1280543317848199168
1280543311242178561
1280543291386105863
1280543281303244803
1280543183353626624
1280543159571886081
1280543150055084038
1280543046229254144
1280543030576111616
1280543007456911360
1280542968773062658
1280542892096880647
1280542834580480001
1280542834358190086
1280542801701285888
1280542713880985600
1280542712123600897
1280542691793817601
1280542655332712452
1280542597841408001
1280542591130443777
1280542558557528066
1280542539582517251
1280542535597936640
1280542532963885057
1280542532452192258
1280542474092478465
1280542381012586497
1280542226456563712
1280542203987845125
1280542126434971648
1280542091656024065
1280542090296995840
1280542086744457217
1280542058663612417
1280542006801043458
1280542001700712448
1280541971497566208
1280541963901530112
1280541942342877190
1280541883761123330
1280541809488408576
1280541800520912896
1280541787317133312
1280541767734042626
1280541743692124160
1280541717578604546
1280541674968580099
1280541672359763975
1280541663597903873
1280541621235392514
1280541591401385985
1280541499743039490
1280541404385738752
1280541369233178633
1280541319954173953
1280541272076320769
1280541257782050816
1280541190589276163
1280541177402572800
1280541141083893761
1280541117340057602
1280541101468930048
1280541083592650752
1280541048238833665
1280541041930706947
1280541022121009153
1280541013728092160
1280540979552899073
1280540979511132160
1280540957725900800
1280540955419070466
1280540953799995393
1280540795376893952
1280540525301465094
1280540483043934215
1280540478975422464
1280540463481700352
1280540393185120258
1280540258384392195
1280540119821320192
1280540082420793345
1280540075227480069
1280540066448723968
1280540025709608960
1280540007552483336
1280539959074709505
1280539951248048129
1280539873724768257
1280539812190027776
1280539802753011718
1280539772771942400
1280539638546018305
1280539622330839040
1280539553355436035
1280539454176923649
1280539414662393856
1280539412556849152
1280539363235860480
1280539343069872132
1280539315336953856
1280539311381909505
1280539244482699264
1280539095064698881
1280539093882068992
1280539087313817600
1280539006112083968
1280538975141330944
1280538870959034369
1280538844862046208
1280538836410552321
1280538681946800129
1280538638951092230
1280538629392211969
1280538522689159170
1280538324273422338
1280538215104086016
1280538083147026432
1280538074867531778
1280538068118798337
1280538042261024769
1280538001676869635
1280537956277792768
1280537945016020994
1280537917723729922
1280537916532576257
1280537872181997568
1280537868662976512
1280537779664019457
1280537776535015424
1280537735049162752
1280537715893850113
1280537599174574080
1280537547718955008
1280537488520609792
1280537427845828609
1280537411336966209
1280537371080101889
1280537306957516802
1280537255527014400
1280537199373692929
1280537162761547776
1280537148337373191
1280537131199467521
1280537120671707136
1280537109321875462
1280537100111228929
1280537083258470400
1280537056955863043
1280537026106925060
1280536965918658560
1280536909685698562
1280536887795605504
1280536759567372288
1280536670014767104
1280536668701962240
1280536657062699011
1280536632320577536
1280536515861454860
1280536439755702275
1280536256628379649
1280536216266592256
1280536163795828738
1280536135572340736
1280536116035231744
1280536067473629189
1280536037278785539
1280535995285409794
1280535955187937280
1280535951467569152
1280535883083583488
1280535874816675840
1280535841996255234
1280535804474011649
1280535793631727616
1280535720394919938
1280535710320209920
1280535705459077123
1280535647342788608
1280535637582635016
1280535621174464512
1280535620088193024
1280535600756674561
1280535599821336578
1280535596356820994
1280535595224305666
1280535582981197825
1280535456539705349
1280535436809691136
1280535415364214784
1280535079270313984
1280535012631142400
1280534964900151301
1280534960202559494
1280534950098407425
1280534908679700480
1280534896163733506
1280534863578370048
1280534780203892737
1280534737690468355
1280534727364161536
1280534690139705346
1280534559411646464
1280534540331577345
1280534518235951104
1280534502335492106
1280534447385907202
1280534383254999041
1280534271283785728
1280534260894629892
1280533931721400325
1280533928860889088
1280533903477035008
1280533877275201537
1280533852050665472
1280533851861909504
1280533847440945157
1280641848785227783
1280641722712801280
1280641696124956673
1280641692476092416
1280641472858120192
1280641410396491778
1280641267832102912
1280641267685371910
1280641245812047872
1280641104719773697
1280640946020012032
1280640796102926336
1280640790260183040
1280640739907530755
1280640611742363649
1280640539654684672
1280640508273086467
1280640222137638912
1280640124955525122
1280639946697502720
1280639914556534786
1280639860722851841
1280639768032718848
1280639597173714944
1280639564487557121
1280639547437658119
1280639461211111424
1280639310396563456
1280639228112601088
1280639096415797255
1280638894321655809
1280638793729654786
1280638773496295427
1280638756135919616
1280638724674588675
1280638643267407878
1280638572387872772
1280638543417823235
1280638397418266625
1280638379466555393
1280638307999846406
1280638086695792640
1280638080089808896
1280637970945642497
1280637967099453440
1280637948883599363
1280637866054430728
1280637790250729481
1280637789277696003
1280637733124345856
1280637729143914507
1280331632571015169
1280331581488537607
1280331533308526592
1280331517479321602
1280330601799618560
1280330481368694786
1280329999816495104
1280329924381982723
1280329754550435843
1280329279402885123
1280327546077233152
1280325638830907394
1280325455787286530
1280325275901927424
1280325067348389888
1280323461043367936
1280322930245799936
1280321848966877184
1280321712157085697
1280321667730817024
1280321414168326144
1280320652768014338
1280320267680710656
1280319389942738950
1280318783253630976
1280318699854012416
1280318507780104197
1280317927414206465
1280317904043388931
1280317891360030721
1280317772497551360
1280531619057729537
1280531597062737920
1280531569657118723
1280531516590747648
1280531439742865408
1280531439721877504
1280531410055581700
1280531394725281795
1280531331747852291
1280531327100620801
1280531326840553475
1280531318384754692
1280531295345561600
1280531199728005122
1280531159068311552
1280531149480235011
1280531115879563267
1280531022602330114
1280530925990957062
1280530923897991168
1280530804129619978
1280530795879374852
1280530660252401668
1280530610818289666
1280530605499973632
1280530591528693760
1280530487942004736
1280530462138662912
1280530461404434432
1280530451547992068
1280530419776192512
1280530392546717698
1280530388834750464
1280530371361341443
1280530348506521600
1280530283213750272
1280530271025201154
1280530262120558598
1280530250196226048
1280530229002473478
1280530213282209794
1280530148421320704
1280530122353848321
1280530056981491713
1280530003420160000
1280529972495556610
1280529960654995459
1280529911581757445
1280529862789419008
1280529855839272960
1280529801498054656
1280529751199932417
1280529723878027265
1280529686301458432
1280529628705239041
1280529617405779973
1280529614993932288
1280529589756977152
1280529561894170624
1280529530973827074
1280529507124826113
1280529499273211904
1280529454352289793
1280529265734422528
1280529260554391552
1280529221769625600
1280529207806709760
1280529117126025218
1280529099602223106
1280529066400120833
1280529004903178240
1280528951715270656
1280528902771879941
1280528770064093184
1280528700363214849
1280528695824916481
1280528655169597444
1280528624354037772
1280528549863186434
1280528501934895106
1280528478560030720
1280528402534072322
1280528402160680960
1280528397089869824
1280528359630331904
1280528359194349570
1280528357097123843
1280528321718169600
1280528272250540032
1280528254613381121
1280528252453490694
1280528249299144704
1280528228046843905
1280528103660453888
1280528076456239106
1280528066918432769
1280528054150889474
1280528012765782016
1280527959128973314
1280527935024308224
1280527878992662530
1280527859119947778
1280527848277782528
1280527822071660545
1280527764588765187
1280527762969763840
1280527741109121024
1280527654094077952
1280527608908779526
1280527587564011520
1280527583638179847
1280527552298303495
1280527527249883136
1280527477488713729
1280527413890502657
1280527413680766976
1280527379689910273
1280527364460511233
1280527351122665473
1280527328322490373
1280527320822972417
1280527141986349056
1280527028287127553
1280527019797876736
1280527015867748353
1280527005021241345
1280526988927696901
1280526937698508801
1280526918807412736
1280526892475592709
1280526852734550016
1280526748560605188
1280526718722347010
1280526641874325505
1280526638342701058
1280526471631527936
1280526409140666369
1280526385623314432
1280526368049172480
1280526323539079168
1280526273555677185
1280526255377584128
1280526235588796416
1280526076444368898
1280526059532926981
1280526001911599104
1280525987596382210
1280525850140532736
1280525833136979968
1280525728640118791
1280525710629666821
1280525667243749377
1280525619600723975
1280525538441015305
1280525504454340608
1280525504030879746
1280525495923208195
1280525330751672332
1280525314008002560
1280525262678097922
1280525241958101002
1280553365093715970
1280553357309067268
1280553308520886272
1280553296264957959
1280553291827437568
1280553275247468544
1280553260319817729
1280553212748103681
1280553104157614082
1280553102798716929
1280553080983961603
1280553072692002822
1280552999119491072
1280552945579429888
1280552894782033920
1280552887190503424
1280552882396413957
1280552862565662720
1280552861865304071
1280552813865689088
1280552776473272320
1280552771842789376
1280552757834002433
1280552627080658945
1280552504019877888
1280552487460757504
1280552460059377667
1280552410839203855
1280552405034323971
1280552279574183942
1280552262213959680
1280552209323896832
1280552165598269444
1280552163215900672
1280552153703219201
1280552124745682945
1280552093103915008
1280552052108582912
1280551987436826625
1280551917480017932
1280551850471809024
1280551832700571654
1280551816950882304
1280551779231547397
1280551767940497410
1280551760969465857
1280551693084700672
1280551687044956165
1280551545629741056
1280551359000064001
1280551346303840256
1280551340993769472
1280551288619622408
1280551279605866496
1280551257854414848
1280551185041117185
1280551145153298432
1280551138031534083
1280551113356435456
1280551113306050560
1280551067558662144
1280551057974865921
1280551039339565056
1280551006019842048
1280550924583407620
1280550898448642049
1280550878739443713
1280550863153639430
1280550787471605762
1280550762104475648
1280550751010320391
1280550747906531329
1280550705040949248
1280550638485725193
1280550613248430080
1280550602716692480
1280550587453640714
1280550551227232260
1280550528166924294
1280550496307200000
1280550474219876352
1280550473955590144
1280550473309671424
1280550417160699905
1280550399733313541
1280550398563176450
1280550363930808320
1280550331563171843
1280550326794440704
1280550288504602624
1280550245944958977
1280550244690718720
1280550231579426816
1280550210763198470
1280550206996721668
1280550127111815168
1280550106698260482
1280550050955882497
1280550041715957760
1280549987009658880
1280549985755561985
1280549979082244096
1280549970379190272
1280549952301813760
1280549883867357184
1280549856889708544
1280549716942438400
1280549715252178944
1280549584629104641
1280549543814160384
1280549509492125696
1280549503884558336
1280549468073603077
1280549455851380737
1280549449714905088
1280549423613915137
1280549415959384066
1280549371562438656
1280549351866195969
1280549334275305472
1280549303765864448
1280549292294496261
1280549276750397440
1280549274342748160
1280549137033953280
1280549067349786628
1280549057694334976
1280549013834604545
1280548977994354688
1280548974638874625
1280548960675835907
1280548951834443776
1280548948910972935
1280548928392437763
1280548924017827841
1280548895320354818
1280548834838536192
1280548814714175492
1280548726134632448
1280548670962728961
1280548665153724422
1280548632203276289
1280548548937826304
1280548498480521216
1280548410274115586
1280548407417942017
1280548406679818241
1280548404121210881
1280548400744869890
1280548395187351553
1280548374253457408
1280548369224675328
1280548358613057537
1280548315071950848
1280548313100681216
1280548176886456321
1280548148465635328
1280548129083973632
1280547973311664128
1280547949504860161
1280547940826841088
1280547891355017216
1280547878532939777
1280547869091606528
1280547855422287877
1280547763709595648
1280547754088050690
1280547572453650433
1280547567756029952
1280547556154540032
1280547491948224512
1280547449560543236
1280547365024231429
1280547208597835778
1280547159977398276
1280547134039785474
1280547129283444736
1280547128247488518
1280547127408680960
1280547125990809602
1280547125739188225
1280547125156360193
1280547123495198723
1280547072287150081
1280547040825610240
1280547008055513095
1280546995061641216
1280546947166863362
1280546792799641600
1280546763246637056
1280546608829128706
1280546586565591040
1280546529800060933
1280546488435838977
1280546411369639936
1280546394370183169
1280546376586149888
1280546350384340992
1280546343568670722
1280546315982835713
1280546302892351489
1280546300484861953
1280546296412200966
1280546240359354370
1280546207497150466
1280546184659185673
1280546180762656771
1280546174743851010
1280546171199447040
1280546164882862081
1280546160063676416
1280546107253276672
1280546106850623490
1280546105894342657
1280546066086141952
1280546017574825986
1280545934636544001
1280545901354811393
1280545875224223744
1280545845381922816
1280545838809448448
1280545783314440192
1280545742650667008
1280545701303369734
1280545690469490689
1280545597418639360
1280545588430491648
1280545426647719938
1280545410566717440
1280545362248454146
1280545361535385602
1280545332292714501
1280545283651153920
1280545265351561218
1280545261220134914
1280545186754396160
1280545113966510089
1280545077929050117
1280545056412389382
1280545005996834816
1280545001215348738
1280544808495431685
1280544794348072962
1280544782801162240
1280544752556019714
1280544715499282432
1280544662068092930
1280525230402928643
1280525229597564928
1280525144730058752
1280525034319208449
1280525007928668160
1280524979092762625
1280524941222465537
1280524856480673792
1280524828160651267
1280524791720574976
1280524741443497984
1280524739233153030
1280524676943486978
1280524632823652353
1280524568948436992
1280524446550429698
1280524370931118080
1280524321174237184
1280524276957941760
1280524240161144833
1280524186251911169
1280524170552651776
1280524080177983489
1280524047718117383
1280524022103584770
1280523926381244416
1280523905162252288
1280523831812198401
1280523827978612738
1280523821737525249
1280523694780137478
1280523594280435713
1280523587997351936
1280523530635890690
1280523523900035073
1280523312460967936
1280523290243522566
1280523140678873088
1280522951746629638
1280522941751611399
1280522912823480322
1280522912655716352
1280522847362920454
1280522818048983040
1280522792539168768
1280522791385804800
1280522764005380096
1280522686570156036
1280522668522037250
1280522665917386761
1280522625220071424
1280522498560258051
1280522498338062336
1280522474287886336
1280522471750242306
1280522355161194497
1280522337113329665
1280522285376581634
1280522156607225862
1280522074314989568
1280522042404745216
1280521973236297728
1280521972032475136
1280521866965323783
1280521848506052609
1280521841791172608
1280521837689081856
1280521807007830018
1280521795670544384
1280521785369395200
1280521758932516865
1280521699558072321
1280521665164840968
1280521664992882688
1280521655526125568
1280521632587624448
1280521621183356938
1280521579223531523
1280521485799641088
1280521423807799308
1280521372687642629
1280521362378043392
1280521342228414467
1280521313052917767
1280521270824755204
1280521244970975232
1280521202621186050
1280521115018956802
1280521114704281603
1280521073935745025
1280521008609406977
1280520984974577666
1280520807681339393
1280520742321500170
1280520724298391552
1280520716547432449
1280520668740755456
1280520460103372802
1280520441002680322
1280520414326898689
1280520392197779458
1280520346731413506
1280520335352365058
1280520299885334536
1280520297335197696
1280520258235895808
1280520256461647873
1280520207983955968
1280520191751970819
1280520171631804418
1280520104497815560
1280520091314970624
1280519889049006082
1280519882501750785
1280519873093926915
1280519807008473089
1280519706424700928
1280519672111280128
1280519561322921991
1280519430909329409
1280519411921813504
1280519398990794758
1280519329398882304
1280519283966201856
1280519210251108352
1280519139946377218
1280519112112910348
1280518944256929793
1280518858999201798
1280518848790347777
1280518822370381825
1280518738710867968
1280518678761672704
1280518677884833792
1280518628346155008
1280518605277405193
1280518604056911872
1280518550734635009
1280518484838006784
1280518482518577152
1280518441229746176
1280518430505021444
1280518349164892166
1280518337190154245
1280518305703477249
1280518299214925824
1280518273931644933
1280518225743286273
1280518211373498368
1280518175285817346
1280518089352806401
1280517981878071297
1280517975246856195
1280517892409303040
1280517863170867201
1280517837606588416
1280517833173217283
1280517811572551681
1280517772552830977
1280517729229967362
1280517724561649664
1280517703548243968
1280517700779900930
1280517696749264898
1280517686565441536
1280517685655359490
1280517542126260224
1280517530227027968
1280517352602378243
1280517249938477059
1280517196603691008
1280516984539623425
1280516978151694341
1280516948254773248
1280516913987280908
1280516758525349888
1280516727655317509
1280516720546000898
1280516541352640514
1280379507623387136
1280379360646758401
1280379349640699904
1280379146028236800
1280378951731425280
1280378075566530561
1280377382273273856
1280377324676866048
1280377121664352256
1280376858723278848
1280376487347011584
1280376012182781953
1280375820696117248
1280375046003924993
1280374879494135808
1280374807746486272
1280374695791964160
1280374691799150593
1280373889776771072
1280373545957298176
1280373499832397824
1280373446006857729
1280372869478805504
1280372547729739776
1280371878427856896
1280371419138994178
1280370582362771457
1280370462812516352
1280370239964930049
1280369863266119680
1280369439301664769
1280369425531564032
1280368838383669249
1280368415363026945
1280456719164989440
1280456586763395075
1280456563954597888
1280456381401874432
1280456343715971073
1280456242683658240
1280456098080870400
1280456082775736323
1280456064773828609
1280456022948057088
1280637680074854400
1280637592707518464
1280637383881502722
1280637278357000192
1280637206856695809
1280637203954139138
1280637203425775617
1280636939419488256
1280636843487363077
1280636744921219072
1280636614985822208
1280636368851517441
1280636346684579841
1280636191088361472
1280636035903488000
1280635954445901829
1280635950121594880
1280635941586157570
1280635796605865987
1280635762195615744
1280635759742128129
1280635712870641664
1280635549401796608
1280635478711193600
1280635376508387329
1280635329435914245
1280635298154676224
1280635284078628865
1280635280941342720
1280635275606134785
1280635218639171586
1280635043912847360
1280635025747259392
1280634940812599298
1280634884009144323
1280634868641259522
1280634854997139457
1280634801935048704
1280634773602553859
1280634712680214530
1280634399466242053
1280634357594517505
1280634240175149056
1280634207044165632
1280634094779600898
1280634071224287241
1280634018791411713
1280634014089519109
1280633945260986372
1280633944657006593
1280633707301343234
1280633641236905985
1280633615676735491
1280633514535399424
1280633477298376708
1280633459124441088
1280633426396266497
1280633367906705409
1280633365432012800
1280633365180362752
1280633339817295872
1280633278572171265
1280633180731686914
1280633095847280640
1280633036288204801
1280632933552926724
1280632860312055808
1280632793383473152
1280632702446776320
1280632660688281600
1280632635409281024
1280632621572055045
1280632597844918272
1280632538747285504
1280632491133603840
1280632294454300673
1280632287391035393
1280632277110853637
1280632251928252416
1280632099847000064
1280632063683674113
1280632047837609984
1280631971681570822
1280631757474271232
1280631735865282562
1280631697382539272
1280631679833571331
1280631567350726657
1280631518193487874
1280631514343112704
1280631331077140481
1280631240585027585
1280631235782598661
1280631121420652545
1280631111048101889
1280631092660363266
1280630805887242240
1280630508729270273
1280630500319789057
1280630485140606979
1280630439003197440
1280630434213347329
1280630433323991040
1280630397605425154
1280630319515930624
1280630261844238339
1280630213127426048
1280630170555056128
1280630170328674306
1280630161055105024
1280630056423796737
1280630027944513536
1280629977201831936
1280629918284595200
1280629867650957312
1280629811363278848
1280629736293765120
1280629692849098754
1280629680819896323
1280629607335632899
1280629475286417409
1280629385540878336
1280629153969168384
1280628962293579777
1280628952583876610
1280628785054916609
1280628744802062336
1280628710165688321
1280628704100655104
1280628391243374592
1280628336423849984
1280628257608601600
1280628102406733824
1280627925734379522
1280627920172654598
1280627906977378304
1280627661782515712
1280627604605804546
1280627584753995778
1280627582078259202
1280627435298586625
1280627333653807105
1280627256394756096
1280627197187940352
1280627157153329152
1280627128049061891
1280627066740674560
1280627063469355010
1280627029709410305
1280626973107081216
1280626894493319174
1280626854307692544
1280626785592373249
1280626728906326016
1280626657712377856
1280626601227583490
1280626597473792001
1280626592067264522
1280626511817498624
1280626391676071936
1280626385342562304
1280626368288522242
1280626328186781699
1280626224436559872
1280626136842674176
1280625964959989760
1280625850036224000
1280625781920501760
1280625516781993984
1280625455146680324
1280625454672683009
1280625402755592195
1280625314025082882
1280625311600738305
1280625288070692866
1280625214179520513
1280625183745871872
1280625176594522112
1280625007140495372
1280624891427946502
1280624832401604620
1280624738839089152
1280624672980205569
1280624655750107136
1280624501424828416
1280624494646906883
1280624416129454081
1280624395384389644
1280624366116536328
1280624262219362306
1280624178341859335
1280624146813091841
1280624127859200000
1280624097949614080
1280624079616176130
1280624074054463488
1280624025694240769
1280623892080603138
1280623891203981314
1280623888242786306
1280623886338592771
1280623884115509250
1280623878323294209
1280623836765945856
1280623791778009097
1280623757350940672
1280533718428536837
1280533645124567047
1280533600052658176
1280533585628327937
1280533565768417281
1280533522776809472
1280533485837484032
1280533444796338178
1280533417256509441
1280533288793374720
1280533269302456322
1280533252516786178
1280533217456672776
1280533186326548482
1280533142462439424
1280533099273576448
1280533092860522498
1280533080646746118
1280533078121885696
1280533071260004356
1280533049260814336
1280533047922667520
1280533016033533952
1280532952020123650
1280532903747825669
1280532898752409600
1280532818389540864
1280532808902103040
1280532722277068800
1280532686277402624
1280532674613051393
1280532664819146755
1280532663837876224
1280532661979750400
1280532625216552960
1280532611140661250
1280532589502218242
1280532551334051840
1280532544702865409
1280532534988865536
1280532524511514624
1280532483289702400
1280532465040461824
1280532437559361539
1280532413244989441
1280532407364583424
1280532324799721479
1280532305916964871
1280532301030580224
1280532298891485184
1280532286899998720
1280532265320296448
1280532261704814592
1280532168347799552
1280532154900983810
1280532139105288193
1280532111452184578
1280532063028903936
1280532031256969216
1280532024835506176
1280532021962518529
1280532020461002752
1280532000936427526
1280531992602382336
1280531977821700096
1280531944980320256
1280531929587163142
1280531913015537665
1280531911748784128
1280531827946471426
1280531784757903364
1280531720178143232
1280531703526838277
1280531680927907847
1280652799580049408
1280652773181345793
1280652740310548490
1280652675470618624
1280652655518519301
1280652575042408448
1280652519308312576
1280652495354617862
1280652416057311235
1280652383513571328
1280652241674764289
1280652227279859713
1280652005015519234
1280651958815207424
1280651822949117953
1280651767391404032
1280651753868759040
1280651738979041280
1280651606514597889
1280651584637026309
1280651508653019136
1280651441229578241
1280651376343711745
1280651335415848960
1280651316612628481
1280651297503555584
1280651264792158209
1280651249944162304
1280651232231776263
1280651124509274114
1280651122877911041
1280651100790628352
1280651090648801280
1280650987288424448
1280650866811449344
1280650808003039232
1280650776956661760
1280650764046778369
1280650676931084288
1280650579128324096
1280650429244694528
1280650392473239554
1280650327373512705
1280650317130915840
1280650273220890624
1280650224017367040
1280650052638257160
1280649970358652945
1280649885381988353
1280649669501222912
1280649652841459713
1280649614098653188
1280649481294360577
1280649372276056070
1280649347437215744
1280649246870560770
1280649212997308418
1280649211055398913
1280649149801590784
1280649026879143937
1280649007661006860
1280648955240611840
1280648903646482432
1280648877801177094
1280648809740042240
1280648730182590464
1280648591300874242
1280648562880192518
1280648533150859264
1280648496727588864
1280648421830000641
1280648383456251910
1280648153608355854
1280647677492039680
1280647480107991040
1280647289527324676
1280647269839179776
1280647103111364609
1280646934873677827
1280646920273301504
1280646821484920832
1280646789503365125
1280646661728088069
1280646626466582530
1280646591016132608
1280646534275743747
1280646297326743552
1280646289747632128
1280646274518331392
1280646064689655808
1280646038852898818
1280645981852270592
1280645925497712646
1280645759122038785
1280645758836977664
1280645583108050944
1280645529786028039
1280645528334696448
1280645500237217795
1280645464057171974
1280645456939429889
1280645369249124359
1280645270246617088
1280645030399610880
1280644964901244928
1280644822332846082
1280644772277833728
1280644729097596928
1280644689016885250
1280644609215954944
1280644541805199363
1280644529188737026
1280644514667917312
1280644514231848966
1280644447437553664
1280644383189024769
1280644352537169922
1280644298237792256
1280644181858410496
1280644028724383745
1280644022696984577
1280643996604399616
1280643972709388296
1280643931194232833
1280643857303175168
1280643823262150658
1280643302992351234
1280643258968875011
1280643219374604288
1280642988952227840
1280642964448894976
1280642915375734784
1280642843644776450
1280642790691672068
1280642785574629381
1280642508024958976
1280642453444280320
1280642416278716417
1280642372624318465
1280642362134482946
1280642285810733057
1280641990590435329
