1344402699350106114
1344402688814030848
1344402593376821252
1344402564406800388
1344402540805447682
1344402522895773698
1344402455635894278
1344402447603802113
1344402360139984900
1344402326082228225
1344402265721991168
1344402262316220416
1344402233912414212
1344402183090012160
1344402047735627776
1344401977845944321
1344401934824988678
1344401800481431555
1344401759410806784
1344401735180283910
1344401672869711872
1344401607748935681
1344401562945396736
1344401510596276228
1344401501041602561
1344401359924318208
1344401337551736832
1344401322922139649
1344401234187399180
1344401200637239298
1344401109859921921
1344401090515755009
1344401084639571969
1344400934638649344
1344400868343472128
1344400764836466695
1344400722343964682
1344400700432900098
1344400608346972167
1344400596984619008
1344400477413404672
1344400452717305863
1344400442890067977
1344400440742572032
1344400229370626050
1344400150366707714
1344400136768806913
1344400131676925958
1344400102824271880
1344400102710865920
1344400054740799489
1344400034486493184
1344399910372843521
1344399871596507137
1344399867943280641
1344399842441912323
1344399787622363138
1344399761575735299
1344399637738876951
1344399620898754561
1344399594600493059
1344399573226295298
1344399508638195718
1344399485108166656
1344399467215257607
1344399410185314314
1344399359572639750
1344399347392389124
1344399319005278210
1344399276986822663
1344399217582891011
1344399120635731971
1344399096849821696
1344399024661659654
1344398993116319749
1344398913076387843
1344398886245441539
1344398731672756225
1344398573513928704
1344398538856407045
1344398493146877955
1344398464944381955
1344398462805291015
1344398441758261248
1344398416953151488
1344398365098995714
1344398112945799169
1344398068544921601
1344397907802415111
1344397794174328833
1344397695675457536
1344397689681833987
1344397685126737922
1344397663320604672
1344397555690516483
1344397325679144962
1344397311850504203
1344397295761174533
1344397280087060481
1344397245932838921
1344397240912252933
1344397082497404928
1344397072951353349
1344396991397310466
1344396894789898240
1344396891514138626
1344396819414003714
1344396785146601472
1344396674412720128
1344396644775817217
1344396643064373248
1344396580334559233
1344396578648420353
1344396563205009412
1344396528824291331
1344396470527680524
1344396380484329473
1344396378655633409
1344396361115049990
1344396260414017543
1344396246287433728
1344396245415170054
1344396232010190849
1344396052145860610
1344396024631144452
1344395983220862976
1344395953101529088
1344395802173693958
1344395735710765056
1344395702932267009
1344395537253081093
1344395465295540227
1344395416465510400
1344395345514655747
1344395158931038209
1344395131726794755
1344395073958633494
1344395063690997767
1344394897470717953
1344394874808901633
1344394859809894401
1344394818349359112
1344394651055349761
1344394556511563780
1344394550807310342
1344394549301547015
1344394544725557250
1344394441897996294
1344394391679606784
1344394260301406212
1344394183277219840
1344394163064889346
1344394116281602048
1344394071339577345
1344394055522816000
1344394044764348416
1344394005119967232
1344393967912300557
1344393889524961283
1344393860114505733
1344393859262984193
1344393829147938821
1344393642086166533
1344393636432277510
1344393618027515904
1344393530630922241
1344393514428358658
1344393513597857792
1344393455355756544
1344393344080871424
1344393329006563329
1344393213377880064
1344393177206300680
1344393158935900160
1344393029717815297
1344392883701354497
1344392880950042628
1344392795755319296
1344392784250339335
1344392708425719810
1344392655279677449
1344392645163028489
1344392631414099970
1344392615253463040
1344392605245853696
1344392572026892291
1344392547070844934
1344392536257933312
1344392532969611264
1344392493564092424
1344392415441014784
1344392398647005186
1344392363658117121
1344392350311862275
1344392347359064065
1344392231638196226
1344392088482418695
1344392077203931138
1344391976628617216
1344391915316203520
1344391775612526592
1344391593508405248
1344391553855467521
1344391547773661184
1344391529088114693
1344391480694202368
1344391383516409857
1344391319460974592
1344391299382833166
1344391271083888645
1344391246475915266
1344391193761902592
1344391127164739584
1344391069866328076
1344391063633539072
1344391050056642560
1344391010219130882
1344390961154154496
1344390682241339392
1344390553325236227
1344390509779939331
1344390488913281024
1344390447045685249
1344390446336897024
1344390332029546498
1344390216631672832
1344390147555647490
1344390061991882752
1344390058510528512
1344389938679312392
1344389904634163202
1344389903656902656
1344389881670328322
1344389846706565120
1344389819909238785
1344389576236937218
1344389508574437381
1344389506536009731
1344389483647610881
1344389425854296064
1344389402416582656
1344389323521712128
1344389251924971520
1344389138221563906
1344389105833156608
1344389102968451077
1344389094357479428
1344388996907085824
1344388988044513282
1344388894800883715
1344388838815199232
1344388814891003904
1344388570908397570
1344388512418770946
1344388494781779969
1344388466373758978
1344388383150379009
1344388339957440512
1344388084398436352
1344388079503593473
1344388046033137664
1344388022033375232
1344387987543633920
1344387826742341632
1344387817795969025
1344387804311203842
1344387789337612288
1344387775404142593
1344387715475845121
1344387697901793292
1344387628754493441
1344387622597259264
1344387566569730061
1344387326110265350
1344387248607866885
1344387080483438598
1344386893035819008
1344386873637150722
1344386837574508545
1344386837389979648
1344386805026746371
1344386751683579906
1344386580396572672
1344386532845756417
1344386381339123716
1344386236975357952
1344386175000326153
1344385948990238721
1344385891603767299
1344385853284605952
1344385782480560132
1344385765921402880
1344385745247739905
1344385541798768643
1344385393458896905
1344385372793483270
1344385360495837184
1344385275263397890
1344385262344957952
1344385257936719872
1344385257517305859
1344385204513894406
1344385085005574144
1344385066076676096
1344385050788433920
1344385034057371649
1344385030659969026
1344385028663496706
1344385027510038529
1344385021914861571
1344384942583767047
1344384817874538499
1344384802657607689
1344384795590201346
1344384761847017474
1344384693316284417
1344384638467403776
1344384549539733510
1344384542786859013
1344384507366014976
1344384356333326338
1344384348074729472
1344384262317944844
1344384222753136650
1344383910583672835
1344383737031757824
1344383719994486790
1344383697605152770
1344383691057991680
1344383602180595715
1344383571381915649
1344383484865949698
1344383371208765440
1344383259145342977
1344383109341523969
1344383074256248838
1344383031482724356
1344383009907220482
1344382890554122241
1344382818303045638
1344382801605500930
1344382747465273345
1344382739823407107
1344382715886530561
1344382702577987584
1344382628384755712
1344382603445501953
1344382514245169152
1344382492879581187
1344382472746917894
1344382457618038785
1344382305285058564
1344382295977955333
1344382291322269697
1344382272355577857
1344382199693455360
1344382065526132737
1344382059524059136
1344382044705595393
1344382029203468288
1344381992096436226
1344381940007383044
1344381894335541250
1344381800899112961
1344381793865244687
1344381772583346176
1344381753251819520
1344381717490978816
1344381672612048896
1344381592366698496
1344381556966756354
1344381527552110595
1344381521541689346
1344381479770578944
1344381414066823171
1344381356701339649
1344381314166910976
1344381279610011648
1344381232533164035
1344381196575383552
1344381184961351682
1344381166015528960
1344381099766665222
1344381058872201217
1344381024650846210
1344381015113031687
1344380911454969857
1344380891934683139
1344380778264854529
1344380761944829954
1344380738154749952
1344380710430400512
1344380684891279360
1344380622761058306
1344380611730038785
1344380559452237824
1344380536563896321
1344380505836331008
1344380502741016578
1344380477545865217
1344380461523603457
1344380422273310726
1344380416040587268
1344380363095896066
1344380352673050628
1344380267381870594
1344380234922160129
1344380191926325248
1344380174880669697
1344380106832289794
1344380071965040641
1344380057259814914
1344380016285667337
1344380015912300549
1344379961495465985
1344379960497229824
1344379943288004610
1344379916511547394
1344379912292098058
1344379830599471104
1344379809296769024
1344379808202039302
1344379723980353536
1344379722873106440
1344379718246785035
1344379689410899974
1344379682058362881
1344379660591915011
1344379649917415426
1344379466638888960
1344379377749000198
1344379314448572418
1344379224753393668
1344379187533139968
1344379125830725633
1344379097154248709
1344379089373835264
1344379007404564481
1344378962340945920
1344378878437982208
1344378837489111040
1344378766206898177
1344378717720768512
1344378664658604036
1344378647118024705
1344378637487894540
1344378599026155521
1344378592734695424
1344378546014334977
1344378518952697856
1344378482583875584
1344378437625122817
1344378257043578880
1344378250995388418
1344378239335194626
1344378228052520961
1344378218263015424
1344378151485530114
1344378135727501312
1344378045407371264
1344377934388342785
1344377819237916678
1344377792595693568
1344377768151293952
1344377604762120195
1344377604070141954
1344377567508373506
1344377520356020225
1344377518904778752
1344377511522795520
1344377469403623425
1344377455885377538
1344377453255516161
1344377403804708867
1344377356346122240
1344377281343610880
1344377205833531394
1344377131032338433
1344377111772069888
1344377075222851586
1344377051185348609
1344377035305713666
1344377007543640064
1344376970717655041
1344376899775193089
1344376889448812544
1344376824839757826
1344376808498733056
1344376795718676482
1344376706602303490
1344376666492203015
1344376611697799168
1344376513169338372
1344376474690871296
1344376432152240131
1344376417069494280
1344376412531265545
1344376396148338690
1344376344273158144
1344376299918340102
1344376281924829186
1344376234013196288
1344376210550353921
1344376195979370497
1344376014957326341
1344375964386664450
1344375935655673858
1344375896694775815
1344375844643299328
1344375823470628867
1344375781204631553
1344375763357855746
1344375729136533505
1344375654326956035
1344375634026524674
1344375565558673414
1344375561456640006
1344375521585594368
1344375436290252801
1344375402614108161
1344375227518758914
1344375224859561986
1344375200746528768
1344374989131284482
1344374939638501376
1344374780129116160
1344374694129127428
1344374573018525697
1344374535185903616
1344374438784073728
1344374367103418370
1344374344282234882
1344374273557766144
1344374273482358784
1344374264842084353
1344374217161256964
1344374180423331842
1344374122726490115
1344374117177438211
1344374085464317954
1344373956049072128
1344373903070781442
1344373900734590981
1344373846166679555
1344373685440966657
1344373648979800067
1344373647927091202
1344373625592422400
1344373587617185795
1344373518885146625
1344373481543143425
1344373435473014785
1344373373661540353
1344373357127610369
1344373242073640968
1344373051304128512
1344373040935821312
1344373034304548867
1344372932647256065
1344372842117427204
1344372837285580800
1344372777554472960
1344372755895111684
1344372669526003714
1344372646176292864
1344372569122725889
1344372531847950338
1344372497936998402
1344138437222227971
1344138020304379907
1344137889073000448
1344137806482972673
1344137656897335296
1344137580242219016
1344137245570297865
1344136547755577344
1344136490733867009
1344136200190390274
1344135926272954369
1344135376672325632
1344134871078342657
1344133019469295616
1344132978700677123
1344132818285244417
1344132228113178626
1344131747571752960
1344131444017397760
1344131342062280704
1344131308814008325
1344131212160491521
1344130990764154880
1344129806066208768
1344129671479373824
1344129415752642561
1344128510131113985
1344128493538467840
1344127547924119557
1344127475304034304
1344127426306125830
1344126313574125568
1344125806189142016
1344124810461405184
1344124736519991298
1344124522824302592
1344124178119749632
1344169162755563520
1344168973923876865
1344168896891392001
1344168843732652032
1344168677575417857
1344168624823492609
1344168467881144322
1344168283944054790
1344168068763643905
1344167570052669440
1344166568536625153
1344166432049786880
1344166254303719425
1344166057368571905
1344165971594907654
1344164185169678343
1344163685120393217
1344163306219610112
1344163238565605377
1344163033120178178
1344162939469783040
1344162321845739520
1344162160352645120
1344162131134976000
1344161870895218688
1344161674551410689
1344161453507399680
1344160995619573762
1344160613451198464
1344160247372414978
1344160206935228416
1344160144226201600
1344160036616949760
1344159864264638465
1344159603286712321
1344159034736140288
1344158617885237249
1344158430848675840
1344158424729325568
1344157706605641729
1344157077128658945
1344156885105012736
1344156626320642050
1344156577583026177
1344156096131452929
1344155972118437893
1344155720980172800
1344155495104475136
1344155308202074113
1344155268578385923
1344155114798415872
1344154354404773888
1344433046100041731
1344432997941059593
1344432886171246596
1344432883876958209
1344432515432534017
1344432480779194368
1344432475779563520
1344432436332130314
1344432425963810817
1344432211324510211
1344432147592056832
1344432086900486146
1344431982281973761
1344431691734130692
1344431644426596352
1344431625162137600
1344431507029585923
1344431326150209537
1344431325739147271
1344431324866760704
1344431305170284545
1344431228817199106
1344431189915017219
1344431186303721473
1344430808925433858
1344430764486778880
1344430760481050624
1344430709734322177
1344430705988743172
1344430634136182784
1344430619498082317
1344430566750507009
1344430547003555840
1344430459141419013
1344430449804902402
1344430271958048768
1344430204224032768
1344430105389641729
1344430000175517707
1344429886761529358
1344429840871645186
1344429708059037697
1344429684327473152
1344429635581448194
1344429630447640576
1344429568577458177
1344429522087784466
1344429408954806275
1344429116335026184
1344429114887970819
1344429113935708160
1344429108042883073
1344429101852094464
1344428862562820096
1344428815993491456
1344428569678766081
1344428410857283584
1344428379337084930
1344428246977409035
1344428240136507399
1344428078047649794
1344428010116702211
1344427954739290122
1344427945092378627
1344427834840936448
1344427794747564032
1344427663805591552
1344427487258882048
1344427479461552128
1344427473807814657
1344427321240014850
1344427147222528004
1344427080688271360
1344426911695577088
1344426844179877889
1344426827415248898
1344426700046815233
1344426507167559681
1344426124944793600
1344425982845808641
1344425887249424389
1344425532386140162
1344425466707521545
1344425328924618752
1344425207130443776
1344425134875160576
1344425100343451651
1344424982265389057
1344424935129821184
1344424871984558080
1344424847963787264
1344424847548567552
1344424805089619969
1344424711216914438
1344424635438407686
1344424615465148417
1344424442643013632
1344424393322225666
1344424319624093701
1344424306881736707
1344424261906292751
1344424254318784513
1344424086672441345
1344424076220239873
1344424051113123841
1344424006091476994
1344423909077233667
1344423876038717441
1344423865905258496
1344423761374818304
1344423616138588164
1344423582378688515
1344423527068426241
1344423516041478146
1344423444579028997
1344423144820531202
1344423114999013377
1344422870093590529
1344422677730222087
1344422657891192839
1344422556200263680
1344422556200218625
1344422528320733187
1344422449425879044
1344422370946277377
1344422352851972097
1344422294068883460
1344422222979616769
1344421935132848129
1344421873334018050
1344421759232008192
1344421742484336642
1344421658841542661
1344421623781355528
1344421532446171136
1344421470689177603
1344421431690620930
1344421393551814657
1344421378397769728
1344421366657916936
1344421285661716483
1344421279324106754
1344421138114506752
1344421042631143437
1344421038348668930
1344420912989278208
1344420897202053120
1344420811277537281
1344420774594170882
1344420733871673352
1344420678053879811
1344420654859362306
1344420607035920385
1344420549209042950
1344420381243953153
1344420337648365576
1344420308128817152
1344420284657446912
1344419876493029376
1344419810042642439
1344419689540292612
1344419634808819712
1344419607285796881
1344419524985184256
1344419519058620418
1344419385667186690
1344419333049626659
1344419286304088066
1344419104845946880
1344418996523835393
1344418995731103746
1344418982321737729
1344418942769573888
1344418935140200448
1344418893058682883
1344418853099511808
1344418852298498049
1344418823886299137
1344418799928414210
1344418776469667841
1344418713274093568
1344418660258086916
1344418641790578695
1344418641144647680
1344418439159398405
1344418417860898817
1344418232145477634
1344418212960751617
1344418205834633216
1344418013940953094
1344108045618585601
1344107815753949187
1344107647277142016
1344107071768244225
1344106938724978688
1344106806889635840
1344106505302368262
1344106430505181184
1344106129765367820
1344105748268265476
1344105720002711552
1344105519791755265
1344105227285192705
1344105134838706176
1344104951392268289
1344104543685107723
1344104519207186432
1344104458079272960
1344104207519985669
1344103999696322563
1344103812030754816
1344103451467411456
1344103181106597890
1344103079424221185
1344102868907741184
1344101810659876866
1344101622847311873
1344101504102219777
1344100821949054976
1344100687446114307
1344100566574759936
1344100293349429249
1344100214991421441
1344100149363146752
1344099645857943552
1344099229757804544
1344098568953618432
1344097852331589632
1344097763936641025
1344097743950786560
1344097723847483393
1344097633908916224
1344097473267171329
1344097004746641410
1344095572165328897
1344095520923426816
1344095386730946561
1344095266077630464
1344094672227078144
1344094637535993857
1344094298766249984
1344094258245087234
1344094230780796932
1344093866392231936
1344093523327512582
1344093464099753985
1344093264417320960
1344093001463853056
1344219407699079169
1344219077527674880
1344218972615532546
1344216864084385793
1344216755196080131
1344216746727759874
1344216371538894848
1344216212708978693
1344216048816566272
1344215071384162309
1344214747558895617
1344214176466665472
1344214030085464065
1344213970325016579
1344213377539858432
1344213164708212737
1344212920352256001
1344212162026360833
1344211830818934785
1344211034429538304
1344210878892306437
1344210232348708866
1344209906971402243
1344209809843879941
1344209009369350146
1344208378080485376
1344207397829681152
1344207356637405184
1344207218309124096
1344206262750175232
1344204632994807811
1344327004460560384
1344326972055306245
1344326888001400835
1344326734615781376
1344326694237298694
1344326175280275458
1344326114936807425
1344325890738704389
1344325869578412033
1344325863412817920
1344325509409353732
1344325491466137602
1344325395722723329
1344325321533890562
1344325218131730435
1344325160841580545
1344325002737446916
1344324945590046720
1344324856129744897
1344324843987030022
1344324669239947264
1344324599786446850
1344324458769747968
1344324447239626754
1344323721000062976
1344323456838623235
1344323242786320384
1344322982513147904
1344322787343790080
1344322511354400768
1344322400578625540
1344322162837086210
1344321976203149313
1344321949686779904
1344321378078629893
1344321300139970560
1344321276869922816
1344321225045245956
1344321192359038982
1344320739281801218
1344320716901122052
1344320543345037313
1344320385358163969
1344320232488366085
1344320130663260161
1344319962698158082
1344319839477911552
1344319155256737794
1344318564770041857
1344318171235414016
1344317851038060544
1344317356454064131
1344316945491963911
1344316746891718656
1344316152785338371
1344315977010450432
1344315551779225601
1344315067261616128
1344314949179494401
1344314766349774854
1344314532475383809
1344314219756400645
1344313991905079297
1344313842298458115
1344313778998038531
1344313532385525762
1344313368031719425
1344313217552506881
1344313202381877248
1344312854091018241
1344312822176616448
1344312820876374017
1344312747618672641
1344312674885259264
1344312110071779328
1344312053973049346
1344357318897577984
1344357295375982595
1344357238375374855
1344357229491875843
1344357228694876160
1344357191688531968
1344357125875761152
1344356939812188161
1344356907075694593
1344356892202704902
1344356881779843073
1344356859034132481
1344356858547625985
1344356819272151040
1344356800800415744
1344356795683397636
1344356764330975232
1344356728977158145
1344356689076756481
1344356652938649602
1344356515948482561
1344356460898246656
1344356429206081536
1344356429164113920
1344356334607757313
1344356300684193792
1344356288122249221
1344356277418389504
1344356273450573825
1344356253934497792
1344356238256177152
1344356225589391360
1344356123063803905
1344356089450663939
1344356052641468425
1344356048728190978
1344355987751374849
1344355983418650624
1344355960127676420
1344355941295251459
1344355893966761984
1344355791751536642
1344355787783741441
1344355744649515010
1344355688781385731
1344355630497357825
1344355603083362306
1344355515753766912
1344355487312183297
1344355431318249473
1344355405271601152
1344355366956650496
1344355337957220352
1344355329660907527
1344355322916446217
1344355210341343233
1344355136408313859
1344355125465329667
1344355123779268611
1344355053952507905
1344354964777394178
1344354921714507782
1344354890999623686
1344354880216039424
1344354871005360128
1344354867310186497
1344354764302254089
1344354725450444804
1344354663148224514
1344354648358932480
1344354575961231362
1344354506201563136
1344354500128219138
1344354454297071618
1344354427491266561
1344354405345353730
1344354375582543873
1344354346155307018
1344354336802041857
1344354284817829892
1344354168832725002
1344354156207812610
1344354118882766856
1344354062389620736
1344353957884407811
1344353890968494085
1344353848899596294
1344353819564658690
1344353805438230531
1344353804146380802
1344353766661902337
1344353666657112075
1344353665612705793
1344353593458094084
1344353513351094273
1344353393364635657
1344353232664059904
1344353103966035970
1344353090892402690
1344353039050813443
1344353017869574146
1344352912588333057
1344352872432099329
1344352703187714049
1344352688377618439
1344352515312246784
1344352444172689414
1344352345119989761
1344352313104883712
1344352242799927300
1344352200601038851
1344352146830086146
1344351965233508352
1344351527163617284
1344351526853160962
1344351485577089026
1344351296820805632
1344351048610304003
1344350970462040072
1344350904988950534
1344350875276496905
1344350817353166856
1344350803453161473
1344350727779602436
1344350712562556928
1344350643176275969
1344350518240563201
1344350388741435395
1344350374996697100
1344350366993948673
1344350332848119808
1344350306616930307
1344350210403799040
1344350175201013762
1344350139830448135
1344349910070665217
1344349871591968768
1344349852998791168
1344349780047237121
1344349762095620099
1344349649709232131
1344349558390841349
1344349552434937857
1344349521686499330
1344349499871920131
1344349461728927744
1344349396452958208
1344349337648828416
1344349300378185729
1344349214453747713
1344349085445328901
1344349015262044161
1344348920869244929
1344348896433209344
1344348806876459011
1344348789126131713
1344348678388142084
1344348673644392448
1344348549669138433
1344348458363351040
1344348409608728576
1344348391397093376
1344348326200750089
1344348218608537601
1344348200736612361
1344348195946717187
1344348157241659392
1344348130398134272
1344348120717602818
1344348016711520259
1344347961388634114
1344347943994851328
1344347917084221440
1344347848666656770
1344347818484510725
1344347813916909568
1344347665983795200
1344347625038827520
1344347621276712968
1344347617589866500
1344347606835732480
1344347591568478215
1344347584337477635
1344347554801135619
1344347550560772103
1344347516549140481
1344347462606188545
1344347459565269002
1344347362043559944
1344347298671820804
1344347257672491010
1344347226353659911
1344347219785375746
1344347201988911104
1344347178349842432
1344347134091522050
1344347026440515584
1344347002101002241
1344346966831075328
1344346956274008067
1344346950234157058
1344346909289435136
1344346865979056135
1344346862455844870
1344346724341604353
1344346707333623811
1344346647912984576
1344346597795254272
1344346542627500032
1344346477339041792
1344346462700900352
1344346340348854272
1344346320992165891
1344346261797785600
1344346247881240576
1344346219829727233
1344346212204490758
1344346082038460416
1344346052548308992
1344345972864937987
1344345963301892096
1344345916405379078
1344345896746684424
1344345875901001729
1344345854170324992
1344345783563272192
1344345666684936197
1344345590231162885
1344345461444980736
1344345434416959488
1344345419011260417
1344345320134758401
1344345287423356929
1344345268632883203
1344345255882203136
1344345252971356161
1344345234327687168
1344345159769739264
1344345145790124034
1344345139469316096
1344345125670039563
1344345106535612416
1344345071144103945
1344345045676265476
1344345032913022976
1344344959625928712
1344344874552864775
1344344861764427786
1344344815014719491
1344344809520181249
1344344790142484483
1344344744835624964
1344344664510521344
1344344589180809221
1344344508713066496
1344344494502801409
1344344462642864130
1344344449980256262
1344344447849541632
1344344443093209091
1344344420955656196
1344344354828201985
1344344321550671874
1344344319625334784
1344344318677573638
1344344283386667014
1344344182916321281
1344344083041579010
1344344075294679045
1344343989235765250
1344343961943552001
1344343889566642178
1344343859619364866
1344343815721791489
1344343670024269824
1344343652882128896
1344343647358230534
1344343551388352513
1344343543826026496
1344343508505780224
1344343496908529668
1344343479690932225
1344343477509890051
1344343427341807616
1344343387311370240
1344343292092284929
1344343235422990342
1344343213595832321
1344343195589734403
1344343185661820931
1344343124760522752
1344343099628281857
1344343074361782275
1344343049078517762
1344343028987797504
1344342944359317506
1344342789316890625
1344342783214153729
1344342761487683585
1344342757775712262
1344342739643748353
1344342617358819328
1344342575382204416
1344342473653559306
1344342421832953856
1344342403138818052
1344342379776659457
1344342374454091776
1344342362982674433
1344342362961686530
1344342353868447751
1344342276710006784
1344342234985066502
1344184290024812544
1344184132801351680
1344183560576626689
1344183435045130241
1344182686970068992
1344182540542734336
1344181897321009153
1344181496601485312
1344181337050075139
1344181075581435904
1344180875039186946
1344180795129298944
1344180617433337857
1344180292752453633
1344180195150888960
1344180061293797378
1344179948005670914
1344179918108684289
1344179849922048000
1344179743692713986
1344179709949702144
1344179469875965952
1344179368348635136
1344179280184442881
1344179260089462784
1344179162307706884
1344179048985972738
1344178537591402497
1344178291327049728
1344177924363198464
1344177475325202432
1344176966849744896
1344176441899016194
1344176270477651968
1344175552513630208
1344175439535857664
1344175414978101249
1344175241241612288
1344175230902697985
1344175070390878209
1344174925020418048
1344174866086293505
1344174833756762113
1344174750956843009
1344174696292487169
1344174248793927680
1344174066698215425
1344172572783480833
1344172370567725056
1344171373002780672
1344171260532559872
1344171191204945925
1344171119495028737
1344171110099804160
1344169661210873857
1344169601840672769
1344169555296284674
1344169270964436992
1344199798145081344
1344199425363742723
1344199029996007424
1344198241978609664
1344197685897789440
1344196421705216001
1344195984327208960
1344195180400955393
1344194739361480704
1344194040254898176
1344193587341365251
1344193419334332418
1344192413523472386
1344192381965524995
1344192352395677696
1344192302785437696
1344192273769263105
1344192235055800322
1344192206257713152
1344191229798432768
1344191182776147969
1344190808312918016
1344190504100048896
1344190162318737414
1344189309977554945
1344188544982642688
1344188537319645188
1344188109747982336
1344187692708286465
1344187250997743620
1344186709471330306
1344184937734352897
1344417917077749768
1344417896919949312
1344417758931525632
1344417757547409408
1344417668636540931
1344417651641221120
1344417602240712708
1344417554379505664
1344417550491385872
1344417529700216839
1344417430282518528
1344417384384393219
1344417300141764615
1344417259121500164
1344417255984046080
1344417252213485569
1344417242172293127
1344417234727407628
1344417230566678528
1344417147947257858
1344416798695895040
1344416752780926976
1344416730735640579
1344416702436667394
1344416688016646146
1344416616948314117
1344416341877534721
1344416298520997889
1344416290321084416
1344416122783866882
1344416097542541315
1344415976725618693
1344415758269472775
1344415747167182855
1344415685582196737
1344415662094086144
1344415636294950921
1344415633501532160
1344415541851783169
1344415523921141760
1344415501037039617
1344415464940859400
1344415447966490624
1344415338260213760
1344415301966979075
1344415204550057986
1344415119166627846
1344415079291379718
1344415051441172486
1344415031233011714
1344414989176737793
1344414924555083776
1344414851079221249
1344414844196417540
1344414823220736002
1344414795458617345
1344414696263344129
1344414695843913730
1344414646787313667
1344414592819191811
1344414537429250060
1344414477974958087
1344414359955664896
1344414281937395712
1344414255198728192
1344414236307558406
1344414189725609985
1344414018681921537
1344413842693087234
1344413819091619840
1344413814687735813
1344413812963815431
1344413810862518273
1344413788079063042
1344413537075134472
1344413243805151238
1344413167783473154
1344413154395226120
1344412960135983106
1344412934907305984
1344412726119030786
1344412718263136259
1344412663279923202
1344412658896875524
1344412490692747264
1344412456437870593
1344412433369206791
1344412259255279619
1344412256168251394
1344412072566730758
1344412042564923394
1344412038945255425
1344411918346366979
1344411851266916353
1344411796208316416
1344411671754919936
1344411345425412097
1344411188843704320
1344410975139745793
1344410959213973511
1344410896865476608
1344410866205253636
1344410823742140416
1344410784806404097
1344410771049099265
1344410745719689218
1344410692447825942
1344410676895260673
1344410663284838400
1344410644230119425
1344410571802898439
1344410558100107264
1344410550420312064
1344410535421497346
1344410435391516674
1344410402499784706
1344410271834656770
1344410271218085888
1344410264825901059
1344410223730171909
1344410091102081024
1344409922105180160
1344409870032887808
1344409833412431872
1344409788814225408
1344409677497589761
1344409536627679235
1344409477873852420
1344409456227057666
1344409439261106177
1344409427470934016
1344409407262748676
1344409331337465862
1344409305727062016
1344409130233180161
1344409018241052674
1344409009332375558
1344408942714232837
1344408819200352259
1344408804595679232
1344408803975036930
1344408776737247235
1344408627076071424
1344408578677997569
1344408561359736837
1344408542086897671
1344408497493069824
1344408476882243591
1344408208102850560
1344408121226260484
1344408045615505408
1344407892288532480
1344407793026150401
1344407770947330051
1344407637706887171
1344407568828026882
1344407449101606915
1344407426079084545
1344407381753663489
1344407329748512773
1344407316460957699
1344407309557100546
1344407239512223746
1344407184633782272
1344407153529020427
1344407146755186695
1344407036910592000
1344406908283854855
1344406872015704064
1344406829053435904
1344406583481147393
1344406510101803010
1344406462416695304
1344406435292090368
1344406382674587650
1344406281604354048
1344406232237563908
1344406121168183297
1344406073948725255
1344405889072115712
1344405879718866951
1344405840896413698
1344405840657317889
1344405835271852033
1344405781060448256
1344405772118192131
1344405761787633666
1344405671031283716
1344405575657021443
1344405570460258307
1344405512784211969
1344405472527470592
1344405452822519808
1344405300162555910
1344405263336566784
1344405232021860353
1344405125650116614
1344405108868730881
1344404984696360962
1344404806044102660
1344404780723163138
1344404703891894272
1344404537638072321
1344404528083460103
1344404481967067137
1344404325456601088
1344404166974779393
1344404107029786625
1344404035688914944
1344403914624540677
1344403895544500224
1344403818574917633
1344403663012442115
1344403634449231878
1344403554317045764
1344403353577676800
1344403327358963712
1344403290877026317
1344403285353127936
1344403275299360768
1344403247679868929
1344403217417969664
1344403207863361536
1344403153412829189
1344403006549319681
1344402945736126471
1344402933232914434
1344402893491884035
1344402838265409543
1344311499087605764
1344311427100782592
1344311131691773953
1344310968902246400
1344310741659246593
1344310734591643648
1344310641448939521
1344310541599256578
1344310357372899329
1344310095241486336
1344310090141036555
1344309771453739011
1344309771420110850
1344309751627325445
1344307109719126016
1344307005415108611
1344306784899629059
1344306306660913152
1344305736126492672
1344305616119074822
1344305547810627588
1344305182562258945
1344305014731370496
1344305011019415555
1344305010620985347
1344304831029252096
1344304502090948608
1344304349451751425
1344304304979660801
1344303768448475139
1344303726144708610
1344303285793120256
1344303215102353409
1344302539869728768
1344301549649072130
1344301070588268545
1344300912756609024
1344300716949696512
1344300592160714755
1344300380646121477
1344300147589734401
1344299966878117888
1344299829862785024
1344299484084318210
1344299317096493060
1344298804808450053
1344298745022787584
1344298043223416833
1344297745486639104
1344297526476775425
1344297350643277825
1344297168367210497
1344297087966461953
1344296987739516930
1344296583219740672
1344077048634073088
1344077036726304768
1344076681397624833
1344076620265627651
1344076501210300417
1344076379504054275
1344076113077792768
1344075939869847552
1344075701650001920
1344075272606404609
1344075262074507265
1344075142612221954
1344074947052781568
1344074906888151041
1344074737228468225
1344074470919720960
1344074323917619200
1344074183932694530
1344073955548655616
1344073715907256324
1344073652677955584
1344073441939390464
1344073212695621632
1344073079039930374
1344073023066943489
1344072806062034950
1344072617570029573
1344072490243547138
1344071967838756865
1344071932044402688
1344071430003187712
1344071209135329280
1344071144031334400
1344071139295899655
1344071042877317127
1344071029803642881
1344070963693019137
1344372420703096833
1344372365283778561
1344372321964990464
1344372273692762112
1344372259901865989
1344372219695280128
1344372160681418754
1344372127428980736
1344372002489032708
1344372002438701061
1344371975519690754
1344371962949361665
1344371889918124033
1344371732673654784
1344371565908131842
1344371482571513856
1344371476246503426
1344371450820616193
1344371358910849024
1344371338979528704
1344371307950067712
1344371293047676932
1344371292875710464
1344371226509193218
1344371178572554241
1344371170699784193
1344371081692532746
1344371036029128705
1344370992307691521
1344370968907677696
1344370922116050944
1344370858949812225
1344370828113281027
1344370778683355136
1344370625314480137
1344370568947245070
1344370561045164033
1344370458930638848
1344370380295831555
1344370355310366720
1344370347714478097
1344370331146989568
1344370317968420869
1344370306656464898
1344370292521578497
1344370231834251265
1344370144517246977
1344370136111865859
1344370059997798400
1344370017782128646
1344370007980044289
1344369995967561740
1344369951805726723
1344369950018985989
1344369918792376321
1344369900505088001
1344369826236665860
1344369730908540930
1344369721274150913
1344369701342773248
1344369659001319425
1344369648469504013
1344369556035424256
1344369555762720770
1344369523177234433
1344369480324046849
1344369373054582784
1344369355375726593
1344369345674276865
1344369301990625280
1344369290779258881
1344369263084269576
1344369215592148994
1344369200584945667
1344369169719025664
1344369168636932096
1344369161724715010
1344369050500128768
1344369011467935745
1344368985815609349
1344368984309833728
1344368979259830272
1344368937396482050
1344368931650334720
1344368848099807233
1344368824536223744
1344368811701657601
1344368797596209154
1344368611188764680
1344368555916206080
1344368545816334336
1344368508034052101
1344368497699254272
1344368418640850945
1344368380896272392
1344368321836290048
1344368279092129793
1344368232074010627
1344368204110553089
1344368099244564481
1344367999021703169
1344367959452614656
1344367953001775105
1344367928087601159
1344367923402518528
1344367920542060546
1344367897708290049
1344367894063407112
1344367872458555408
1344367828103786497
1344367770918502400
1344367760399282176
1344367725746020352
1344367715113431041
1344367539695005697
1344367511127666689
1344367454567489536
1344367433424003074
1344367422996951042
1344367419838640128
1344367392001040385
1344367364238929925
1344367329380065286
1344367328872558598
1344367321238835200
1344367118591131651
1344367115730608130
1344367099658067973
1344367006779400197
1344366983953977344
1344366883693326338
1344366867658514432
1344366860012236800
1344366859357978626
1344366714469941253
1344366707658387456
1344366707050217474
1344366688729518081
1344366595943104523
1344366498706554880
1344366453353574403
1344366410454228992
1344366370788700162
1344366347694829570
1344366332645617665
1344366330863087616
1344366310780760064
1344366267780751361
1344366250688974849
1344366219932151808
1344366215012225024
1344366166542848002
1344366154597486594
1344366042529865731
1344365969309913089
1344365960879370241
1344365945075232771
1344365887097368577
1344365863873486851
1344365805996269568
1344365727558594566
1344365622680047623
1344365560570798081
1344365534842916873
1344365524441030657
1344365443088343040
1344365438591971333
1344365396946726912
1344365339073794050
1344365161033969666
1344365136941727744
1344365057845694465
1344365052909002752
1344365047355736064
1344364986588680193
1344364952778375168
1344364863762685953
1344364862982512641
1344364833584590850
1344364704748236805
1344364578516459522
1344364575886598144
1344364552968957952
1344364427940868104
1344364350526672897
1344364280913809411
1344364279915536386
1344364240233246726
1344364182024691714
1344364109874274305
1344364041356120067
1344364040227872769
1344363908908404743
1344363885067972613
1344363823499780097
1344363760178360327
1344363640712015878
1344363628959563786
1344363593945526274
1344363581119279109
1344363498743214081
1344363468980424704
1344363437535727616
1344363407324160000
1344363368581386240
1344363353481756672
1344363287274774529
1344363186804436995
1344363103992098817
1344363053886922754
1344363029954179079
1344362904347435009
1344362887536541696
1344362875092164608
1344362835594407941
1344362765620711427
1344362764089892865
1344362664848457728
1344362631671459842
1344362591552847872
1344362587308367872
1344362587052453888
1344362559877603328
1344362528684572672
1344362526348369924
1344362518098141185
1344362457859567616
1344362442986573827
1344362434115510272
1344362430386876419
1344362418084982792
1344362399902670851
1344362326695305217
1344362323528527873
1344362316784160769
1344362281119797248
1344362265194229760
1344362138865971201
1344362096625123330
1344362064807153664
1344361837253570561
1344361755066167297
1344361746551681029
1344361710908530692
1344361629442596865
1344361599642071040
1344361589902888962
1344361549813723137
1344361532751273984
1344361515277803520
1344361413188481025
1344361361304924161
1344361352169721857
1344361346947809283
1344361291440402439
1344361284435922944
1344361276949082113
1344361265301499911
1344361159017820160
1344361149211549711
1344361091812511745
1344361013907492864
1344361002629017600
1344360937873154049
1344360920974295042
1344360904629112835
1344360892314525696
1344360785611526147
1344360739465801728
1344360710902575106
1344360692590239744
1344360680665837568
1344360638752190466
1344360611795390464
1344360563883831296
1344360550474653698
1344360463820320773
1344360454563516419
1344360378038427648
1344360338121220097
1344360323617230849
1344360319137812480
1344360303174299655
1344360279233220610
1344360211696418816
1344360172844679168
1344360105941348352
1344360051377659906
1344359992888012800
1344359899803779072
1344359895236292610
1344359892719726596
1344359889108348932
1344359860360654848
1344359857193955328
1344359796980543490
1344359794250035203
1344359781297958914
1344359769944051714
1344359609046339584
1344359589739966465
1344359531359436800
1344359525818761217
1344359518478753794
1344359508777304066
1344359429198774273
1344359415873478656
1344359389852008449
1344359389340295170
1344359378628071424
1344359351453147137
1344359341227454465
1344359269106331648
1344359251926519818
1344359250143948800
1344359243693101065
1344359227062689792
1344359184691818498
1344359182653394945
1344359103926329346
1344359059189850113
1344359042907566082
1344358984795488256
1344358956639072256
1344358935290114048
1344358856550449153
1344358814620016641
1344358797905719303
1344358772236574723
1344358772119113745
1344358761457135622
1344358689801707520
1344358674131804161
1344358625482055688
1344358556959731712
1344358546394263553
1344358501016023040
1344358490593230853
1344358419898183681
1344358398121402371
1344358329083170823
1344358322808500227
1344358302583582723
1344358293771333632
1344358288339726336
1344358284057333761
1344358278667534336
1344358270912188416
1344358207981035521
1344358146689671169
1344358135503474697
1344358128108896256
1344358099952545797
1344358031207837697
1344357906569961474
1344357832037191680
1344357726592364547
1344357672024498183
1344357637438238723
1344357636750368769
1344357635022348289
1344357632543518721
1344357627606740999
1344357587353964544
1344357546610593793
1344357433393750016
1344357424594112512
1344357400229376002
1344357374077898753
1344357372895100930
1344357347620225025
1344357329861545986
1344265523253702658
1344265479192535042
1344265476193574912
1344265394576523266
1344265182940442625
1344264598732623872
1344264458705711109
1344264378879717376
1344264097903366146
1344263967435337728
1344263147503411202
1344262954993156098
1344262525920149504
1344261626510405636
1344261329859842051
1344261175098433540
1344260837540818945
1344260584850776065
1344259235195072513
1344259049517412353
1344259028885655553
1344258983243239425
1344258564185985024
1344257876114747393
1344257718912106497
1344257605003137024
1344257444474716162
1344257109345644550
1344256601851621379
1344256500089446402
1344256365217386497
1344256350264684546
1344255537672806401
1344255451106570249
1344255264929804288
1344255198362017793
1344254429013438465
1344254355680190465
1344253993447550977
1344253667654955010
1344253044729540608
1344252649751928832
1344252084699467776
1344251732113682432
1344251314419740674
1344251099780362240
1344250657566584836
1344250586296971264
1344234926116364288
1344234888145195009
1344234223134191616
1344234106780065793
1344233911367286784
1344233782124158977
1344233682828025859
1344233617266933761
1344233483405672449
1344233336449818628
1344233306959867905
1344233190345490434
1344233084653211649
1344232965170032640
1344232816062705664
1344232733908873217
1344231980708360192
1344231907677134850
1344231452171509760
1344231145202982912
1344230346095640576
1344228226143559681
1344228076071366658
1344227884177575936
1344227560104759296
1344227542274879488
1344227436129447937
1344227297058906113
1344227146517020676
1344227128745852930
1344226884318420992
1344226850080497674
1344226708409311232
1344226519980396550
1344226493610614784
1344226194116382720
1344225992345329666
1344225460784222208
1344225441931030528
1344225250855235584
1344224782074560512
1344224691238518789
1344224573533908992
1344224111485214721
1344224087544102913
1344223417889787904
1344223027513470976
1344222620426919937
1344222314305626115
1344222205710884865
1344221915171463170
1344221732991856643
1344221691895975936
1344221311112011778
1344220998007066624
1344220935289778177
1344342175937671168
1344342078495608834
1344342044974702593
1344341884584550402
1344341852762333185
1344341426151301126
1344341320198889473
1344341243355131906
1344341124891238401
1344341031890903041
1344340895341146112
1344340669633097728
1344340440279994368
1344340397884112896
1344340380947513352
1344340322176929792
1344340130279149570
1344340116735721475
1344340017846636544
1344339557785993216
1344339468589928449
1344339087096905728
1344338671374364674
1344338517556482049
1344338510124359681
1344338493577814016
1344338244209618944
1344338164022796288
1344337700376207360
1344337214566768641
1344337079291969536
1344336867039338497
1344336844155187201
1344336556270776327
1344336537564053504
1344336448225476608
1344336359171960835
1344336319837831175
1344336251747512321
1344336037649272832
1344335979579133952
1344335810737414144
1344335739723649026
1344335641337802754
1344335606839713795
1344335122997374978
1344334809724760064
1344334304659337219
1344334296828555271
1344334129140293632
1344334051629527041
1344334051323375620
1344332738468438016
1344332707858415623
1344332568661995520
1344332458783879170
1344331877449146373
1344331527199617024
1344331399038435334
1344331112408109056
1344331063745794049
1344330983064145921
1344330789740306433
1344330666083835908
1344330333626503168
1344330115581431809
1344330054499614723
1344329703889522695
1344329639037165576
1344329621412728832
1344329462939328515
1344329363609833473
1344329348409602048
1344329293510438912
1344329193912414213
1344329166108454912
1344329119417454592
1344328886872645632
1344328148775788546
1344328084607160323
1344328016982380547
1344327891757109249
1344327863433105411
1344327812921118720
1344327758067990528
1344153780628152322
1344153390360756224
1344153162416939008
1344152921563344896
1344151990335463424
1344151362196668416
1344150690793459712
1344150275506860033
1344150252312522752
1344149480539471874
1344148275075682305
1344147959471071234
1344147884090933249
1344147151492935680
1344146919858335744
1344146672817942535
1344146378759544833
1344145974533435394
1344145382109044736
1344145130157010945
1344144888380747777
1344144342651428864
1344143884490829825
1344143585558585345
1344143585076240384
1344143287326797824
1344142521757282305
1344142036207865856
1344141884269211649
1344141880041365505
1344141790794805249
1344141280520114177
1344141125565628416
1344141036206120961
1344140727870083072
1344140712267436032
1344140709591334913
1344140662032261120
1344140588753580032
1344140447522951168
1344140044529889282
1344139887826497536
1344139428109889544
1344139197045760006
1344139020050305024
1344280894606094337
1344280720064319488
1344280593777901570
1344280558831071233
1344280436407742466
1344280017023459331
1344279259976617984
1344279256407429121
1344279176476549122
1344279092271656962
1344278959144529921
1344278618369904640
1344278289431592961
1344277846039126019
1344277754217443329
1344276974722805761
1344276264715223040
1344275768264814592
1344275007673872385
1344274812944965633
1344274327684968448
1344273489105199116
1344273480100032512
1344273154806599680
1344273088691785728
1344272940645363715
1344272903416721408
1344272874891341826
1344272408409235456
1344271907890335744
1344271261963145217
1344270321017303043
1344269922365550592
1344269458257416193
1344268881947406336
1344267789914107905
1344267286467682304
1344267232831041536
1344267059723706369
1344267058855424002
1344267027469500421
1344266811332820992
1344266801270693889
1344266622136168449
1344266553676722176
1344266478531588096
1344266121344667648
1344266024250732545
1344265941983629312
1344296286577713152
1344295667691302913
1344295541136646146
1344294412050948096
1344294277950697474
1344293215910961154
1344293157035528195
1344292551600300033
1344291476084305921
1344291413022945281
1344290211161903111
1344289877349818368
1344289862803976193
1344289363211988994
1344289172413149184
1344289061771554817
1344287926436438017
1344287722412900352
1344287321902997506
1344287117258743814
1344286819563745280
1344286812039217154
1344286605360697344
1344286545658982401
1344286348404994048
1344286153944530944
1344286153432838145
1344285886813450247
1344285644412104704
1344285550262542336
1344284573509836800
1344284274866987008
1344284113696657409
1344283861736448000
1344283816316301315
1344283815578132480
1344283641099255809
1344283450891771904
1344283420445163520
1344283413407272962
1344283207852826625
1344283106073858048
1344282875735068682
1344282609233387520
1344282278810288128
1344282246187020289
1344282118277521415
1344281742002302978
1344281405514244096
1344281240921382913
1344250079176241152
1344250062990401538
1344247892438097921
1344247744052011010
1344247200059187200
1344246867585064962
1344246575560876032
1344246256961466372
1344246043576299521
1344245975418892288
1344245950441795585
1344245934746710017
1344245904434335746
1344245807709642758
1344245721856421893
1344245592533430273
1344245546077315073
1344245427550511106
1344245053498265601
1344244876548796416
1344244776896401409
1344244653080670209
1344244532368482305
1344244059855069186
1344244024132182022
1344243179323682817
1344243081143410688
1344242522617483265
1344241675460374529
1344241425194610688
1344241277387354112
1344241234169057281
1344241213759655937
1344241060122394624
1344241013850828800
1344240835618091011
1344240681477435393
1344240490171019264
1344240197572050945
1344240169285799937
1344240119604150273
1344239671891656704
1344239570443853824
1344239236954927105
1344239099469828096
1344238981223862272
1344238847035637762
1344238302564552709
1344238189674950657
1344237936892669953
1344237545941422081
1344236836747505665
1344236637853798402
1344236371360169985
1344235994812473349
1344235593312645121
1344235518498910209
1344235509153984513
1344235469429731328
1344235374147743745
1344235310683623424
1344235222955679746
1344235171206332416
1344235065056878594
1344235047755268096
1344123153270923265
1344122658875711497
1344122450108280833
1344122281463869441
1344121923228348416
1344121770102693888
1344121596647108614
1344120921683087361
1344120723909079041
1344120439136800768
1344120367720374273
1344120364868231169
1344120275625889792
1344120213952995328
1344120186341912576
1344119682064760833
1344119443375468549
1344119232733335552
1344119170665857024
1344118854495199235
1344118198384398336
1344117191000657921
1344116863895273472
1344116397157326851
1344115284542689281
1344113952247037953
1344113920655691777
1344112958759198721
1344112815569829888
1344112715963351041
1344112503744303111
1344111176481984512
1344110325742895108
1344110138483990529
1344109450702024708
1344092714443436033
1344092315065982981
1344091825716551680
1344091174647300096
1344090908166410240
1344090759969058817
1344090734366867456
1344090290706149377
1344089669143851010
1344089394639216647
1344088297891639301
1344088244791734272
1344087896131833857
1344086802554966018
1344086465618259968
1344085798736588804
1344084982394982408
1344084909594443780
1344084575274868736
1344084329698373632
1344083251766439940
1344083120379863043
1344082468329181186
1344082339295604736
1344082239416541184
1344082062987436032
1344082043970326528
1344081414468284421
1344081265654333443
1344081073567887361
1344080616908795906
1344080213643292672
1344080132701642753
1344079649341657093
1344078829900455938
1344078273551208449
1344078203665702914
1344078153984184321
1344078144614105088
1344078122589667331
1344078110090784769
1344077766149484544
1344077640022556673
1344077638667796492
