1260661047003877381
1260660773300232192
1260660105088864257
1260659393533632514
1260658932457984000
1260658522468913152
1260690128055476224
1260690055791652865
1260690002037690368
1260689262732816387
1260689126254350339
1260688883303493632
1260688723068534784
1260688384420347909
1260688283111165953
1260688018320625666
1260687812657057792
1260687766570049538
1260687639986024448
1260687397941129217
1260687199240159237
1260686891403186176
1260686449227313152
1260685901501472774
1260685848632340481
1260685638879399936
1260685044219248640
1260684809342455811
1260684576957095936
1260683957961732100
1260683952018374663
1260683583368421377
1260683101073747974
1260682811436085250
1260682699758546944
1260682693190221829
1260682121187692544
1260681755247497218
1260681751539613707
1260681502431555592
1260681497884975105
1260681313947877381
1260681087589642240
1260681076747440130
1260680502245314560
1260680017031430147
1260679805529468928
1260678794295287809
1260678494582968320
1260678350248579073
1260677577464860672
1260676793926893571
1260676529564114949
1260676449981390855
1260676119948341248
1260675851110285312
1260675775084322817
1260611777794015232
1260611714720174081
1260611172941787136
1260611149244125185
1260610608535416832
1260610497931591686
1260610362602336260
1260610199389384708
1260610134922985473
1260610111376183300
1260609830924046343
1260608487534493696
1260608298660753408
1260608068561354754
1260607820082212864
1260607328031780866
1260606417670529025
1260606233905512449
1260606198346366976
1260605908956176384
1260605651207806976
1260605305077071875
1260605303193812992
1260604432879935491
1260604426211020801
1260603843995451398
1260603634687127552
1260603469028667392
1260602428371668992
1260601741822787585
1260601439174434824
1260601202586333184
1260601106800967681
1260599505772318722
1260599111579045891
1260599092687896576
1260598837439270912
1260598788059791365
1260597653206958082
1260597544582873088
1260596757093744641
1260657724678782978
1260657442012033026
1260657221974716416
1260656891882909697
1260654987459219458
1260654967821496322
1260654514387869697
1260654033968066560
1260653588482715648
1260652662682353664
1260651920420564992
1260651677092216833
1260651355481374721
1260650881223024640
1260650640855851009
1260649018532622336
1260648203369603072
1260647499599134738
1260646954733670400
1260646913793089538
1260646784595976192
1260646271083134977
1260645898008182784
1260645805934829568
1260645671662583808
1260645481006292999
1260645395320856576
1260644913449861120
1260644345125801985
1260644176288337920
1260643986504482817
1260643857949061121
1260643756082003968
1260643476892454912
1260642947952898048
1260642878818324480
1260565486980431872
1260565127935545346
1260564781637013509
1260563666790825984
1260563282575884290
1260562684166225926
1260562110657986560
1260560013682147330
1260559823495589890
1260559303095668736
1260559215866728448
1260559153182814208
1260558351710248960
1260557610320891905
1260557586178256900
1260556685640437760
1260555401197694978
1260555299074772992
1260555202073178117
1260554591793528832
1260554183503237122
1260553827989798912
1260552412529639429
1260551599207919616
1260551240636907520
1260551011187507200
1260550678289608706
1260550585826316288
1260360069591556102
1260360023567470594
1260359585405104128
1260359287865475074
1260359196911955968
1260596356676231173
1260595429097562112
1260595230094626817
1260593871832170499
1260593249124786177
1260593182309601280
1260592990441046035
1260592873466183681
1260589886731681794
1260589142662090756
1260588811236630534
1260588327150985221
1260588220733104136
1260588211136540680
1260586891340120066
1260586843361423360
1260586523461914628
1260585677638586374
1260585367197097984
1260584520279101440
1260584517301153796
1260584457901350913
1260583784287744001
1260582410669961216
1260582225013325825
1260582202968080388
1260582053877370882
1260581819067621378
1260581731205296139
1260581565114941440
1260581459695452161
1260581310625710084
1260517853674958849
1260516798081970176
1260515455292157953
1260514410071617537
1260514063517442049
1260513923796594689
1260513580694343681
1260513225692418049
1260512273753399297
1260512187296157700
1260511053907099649
1260510396429078529
1260510114362068992
1260509721896931330
1260509544645615617
1260509168336846848
1260508773883527169
1260508404520550401
1260503603820859394
1260470789503102976
1260470763196383234
1260469350949060610
1260469138016919559
1260468625099628545
1260468571924246528
1260468197708496897
1260468045794983938
1260467321975574528
1260466385110564865
1260464591664041986
1260464490140835844
1260463571315671040
1260462892861833216
1260462827053232130
1260461148475981833
1260461062094295042
1260459810769850368
1260459514949783556
1260455819080056832
1260375328901472258
1260642259894251521
1260641333833871367
1260640799445975040
1260640545971503104
1260640160036896773
1260639523110899713
1260639193522409479
1260639128099655682
1260638744933273604
1260638515261472768
1260638443169894401
1260637632960266242
1260637498721611782
1260637488705650693
1260637087059058688
1260636978007158788
1260636642672627712
1260636465589112836
1260636293060493314
1260636269664583680
1260636249523736576
1260636136617246722
1260636041045737473
1260636023723134976
1260635199206907904
1260634967186583552
1260634899750490114
1260634483725918208
1260633937363243008
1260633888763850754
1260633789795119105
1260633772933906432
1260633716558364673
1260633255906349061
1260633249354788864
1260633192362541056
1260633002360614914
1260632842935177223
1260632354219003905
1260632087201288192
1260631619926396929
1260631353747476483
1260631346424274944
1260631321921060865
1260630955154432000
1260630387979546624
1260630084341370880
1260629874944901120
1260629562003730433
1260629543989186561
1260629443447410688
1260629353584623616
1260628841401331713
1260628738447982595
1260628270183309312
1260628108648079360
1260627792527454209
1260627675405672448
1260627644003094528
1260705698578665472
1260705202287652868
1260704827404808192
1260704625998671872
1260704243465555968
1260704032504586246
1260703977634779136
1260703514457669632
1260702911778009089
1260702725609644032
1260702696962736134
1260702636417986561
1260701985499754496
1260701785251078149
1260701329120546817
1260701162275291136
1260700903897628677
1260700887925874691
1260700577517973505
1260700557934641152
1260700251498962945
1260700178350292994
1260700099010801666
1260700035123228673
1260699235520933889
1260699170006056960
1260698958889988096
1260698132817510409
1260698032741457921
1260698017138724865
1260697360805568534
1260697230618570753
1260696751952011269
1260696492509200385
1260696448657752071
1260696171003117569
1260695962651148289
1260695937174974465
1260695933358166017
1260695714843299841
1260695300924112898
1260695270897172480
1260695173039824896
1260695052344528896
1260694989300019202
1260694764556615688
1260694575016009729
1260694565301948422
1260694404047736833
1260694326608363522
1260693992511016969
1260693991919693825
1260693810943799304
1260693677866807297
1260693049329549314
1260692995277496329
1260692719757692928
1260692327858704384
1260692176457158658
1260692084698370048
1260691620900548609
1260691522087006209
1260691494622638081
1260691273050206209
1260691244423868416
1260690899518009345
1260406461064192000
1260405618877386752
1260405116093509633
1260404432304513028
1260401856280436736
1260401319988334598
1260401161766649858
1260399712865333255
1260398773060038656
1260398657666506754
1260395867862941696
1260395168332541952
1260395012069752835
1260394164551811073
1260391837338083332
1260391549793382400
1260391443945918466
1260534105307054080
1260533241246822405
1260533038594785282
1260533004713238528
1260532717827088385
1260532254134206464
1260532110177308673
1260531765942386689
1260530895481643008
1260529762188972032
1260529460719296514
1260528748467818497
1260527546342551552
1260527131681054720
1260526947085533185
1260526316962578433
1260526239703609347
1260526145717571584
1260525551795625984
1260523608285167620
1260523574508621824
1260523520985088000
1260522420810760192
1260521644298207232
1260521331772317697
1260519897878220800
1260519371828539392
1260455203914072068
1260454465301291011
1260452326789218304
1260451446232952834
1260450254178209792
1260447454664761346
1260446803738189825
1260445646680719362
1260443517912055815
1260442034911019009
1260441267076464642
1260441091217731587
1260440574294974465
1260502602728517632
1260499786844815361
1260498413109551105
1260498248290181122
1260496057605201922
1260495797914828800
1260493122162786307
1260492757468172294
1260492643504721922
1260490269595783169
1260490241921683463
1260488778046746630
1260487921011953665
1260580707195379712
1260580259189096449
1260579666051637252
1260579121391960064
1260578482926637062
1260578473426460672
1260578039425044485
1260577627884175364
1260577613082484738
1260577384056721408
1260576674552467457
1260576460810657793
1260576124981121027
1260575678371639296
1260575377816268802
1260573563200983041
1260570946991202313
1260570556564475909
1260570423827271683
1260570295628374024
1260570177084755969
1260569871626252288
1260569128106184712
1260569077724205056
1260568891169931269
1260568649431203843
1260568526223560705
1260568239081508867
1260568223201865733
1260567835652370435
1260567398362611717
1260565671668264962
1260422601798811648
1260422261892317184
1260421785104920577
1260420722649731072
1260420564612677639
1260417413784506369
1260416145871368193
1260415833215340546
1260413507566276610
1260411159318081536
1260409503612391425
1260409370136858627
1260408932981329920
1260408757151916032
1260439186253000705
1260438186955812866
1260437551720140800
1260436548639756290
1260434307702718475
1260431505572147200
1260430910232690688
1260430739465740298
1260430186744602624
1260429661433221122
1260429357069320192
1260426163102666756
1260425635232731138
1260425557730299905
1260424639836295170
1260390556527665159
1260390325044084737
1260390206445928455
1260389673886715904
1260389366796439554
1260389125515083776
1260388820387876864
1260388390232567810
1260388171235209216
1260387459696693249
1260387230079692801
1260386828571471875
1260386441621901312
1260386077195423745
1260385394056728576
1260384630386995201
1260384477555105792
1260383041593229312
1260382920490938368
1260382547013439491
1260382454709473282
1260382429958664193
1260382109702582272
1260382068846010383
1260382037627801602
1260381578213154823
1260380814690435073
1260380641218015232
1260380409503707143
1260379280112070657
1260379034288078849
1260378223650766849
1260378186254217217
1260378052309196800
1260377678911242241
1260376652342673408
1260376212771389440
1260376184778440706
1260375968931368960
1260375907207802880
1260375725233799174
1260627073065877504
1260626981747675137
1260625503569969154
1260625317506486274
1260625297998831617
1260625229132554240
1260625205208154112
1260624642181660678
1260623739663810560
1260623114318295040
1260622870654472202
1260622718531067905
1260622448686444544
1260621717338304513
1260621708748132352
1260621703140585472
1260621650162339842
1260621378908303365
1260621133709099013
1260621058362814471
1260619819466047489
1260619776101146624
1260619367370326025
1260618727386644480
1260618069648396289
1260617617091571714
1260617515043926016
1260617493938348032
1260616943658295297
1260616679765262337
1260616674086191111
1260616631857938433
1260616461271224320
1260616110426095618
1260615750202601480
1260615136542371840
1260614450844798978
1260614195328008192
1260613704480993286
1260613673325862921
1260613415514574849
1260613337861193730
1260612602461380609
1260612286831628288
1260486321048621059
1260485271788888064
1260484097232834563
1260483734702362626
1260483541521125376
1260483194689904642
1260482627494129664
1260482387881996289
1260480316667564032
1260479064806129671
1260478970518257665
1260477648758767618
1260477533226754048
1260476608588234765
1260476533409447939
1260476380707459074
1260475590391607296
1260474770312790016
1260474437738082304
1260473160991940609
1260472726634090496
1260472241944440832
1260673607190999041
1260673437875437570
1260672355136950273
1260671804223426562
1260671472684740610
1260671431169449984
1260671290635157508
1260671062339092486
1260670337135644672
1260670234610077697
1260670197029122049
1260669677161807872
1260669545926332416
1260669320729853953
1260669248441126913
1260669184918331395
1260668829304328193
1260668790129471496
1260668163005444096
1260667968922345472
1260667626096910343
1260667263138619404
1260667151431675907
1260667075812622338
1260666867477286912
1260666815048372225
1260666541605105664
1260666188977385475
1260663504534736897
1260663398511054855
1260662634333876225
1260661867166355456
1260661817040306178
1260661710827982849
1260661587066548224
1260661305062633473
1260661166990225408
1260374368565080064
1260373972304252928
1260373968512565249
1260373742275850240
1260373519524704257
1260372820477050882
1260372702264799233
1260372677149294593
1260372082518614016
1260371792591372290
1260371727282044930
1260371543449796608
1260371389091102721
1260371191833001985
1260370646435016711
1260370641699692545
1260370626860245003
1260370539069177856
1260370097144770562
1260369620390883333
1260368111016050688
1260367780240637954
1260367705749819395
1260367635230846982
1260367612569169921
1260366785976496128
1260366594229878785
1260366480648142848
1260365599521288195
1260365473746694145
1260365120560984064
1260365090999554048
1260364675461648385
1260364662547329031
1260364558671269892
1260364240529035265
1260363657596112896
1260363596820774912
1260363481255153665
1260362840214470656
1260362606327537666
1260362427125948421
1260362110636371976
1260362048036364289
1260361794285166594
1260361554811379713
1260361546158358529
1260361517872095233
1260361266641551361
1260361173817425920
1260360820694880257
1260360535998033922
1260550212919181312
1260550156912439297
1260548672435019783
1260548576716877824
1260548453861675009
1260548348651675650
1260547047570227201
1260546083891097605
1260545798502301696
1260545707280220171
1260545050725036032
1260544677507477505
1260544279589650433
1260544265937092608
1260543480561987584
1260542950892687360
1260542845200617472
1260542185147183104
1260541639820525568
1260541370936119297
1260541009773158405
1260540202931687429
1260539798411976705
1260539750861074433
1260539589938352129
1260539549941469184
1260539128967499777
1260538993474707462
1260538476447047682
1260537750387691521
1260537725259841538
1260537025087889410
1260536865553252353
1260536862789251073
1260536418985803776
1260536376090439680
1260535857775349760
1260535586437451777
1260535546729902080
1260535500558958592
1260721032933097472
1260720051679907845
1260720043844870146
1260719502309961730
1260719368306143234
1260719150357516288
1260716984448233474
1260716824590610434
1260715422682357760
1260715085300891659
1260714106644029443
1260714028462157824
1260713949353226241
1260713902490476544
1260713824786821123
1260713377111760896
1260713024484249604
1260711397966610434
1260711286008156161
1260711085293948934
1260710348589420545
1260710173225541632
1260709963825131526
1260709393961811970
1260709268543533057
1260709214802128896
1260708712903323649
1260708417523589120
1260708315044040710
1260707917218660352
1260707508995477507
1260707463336206337
1260707269596999681
1260707196494426112
1260707161191133186
1260707105499209728
1260706388608724993
1260706388067733511
