1367549921528844290
1367549877652193286
1367549807015903232
1367549790469451776
1367549753953771528
1367549716762927107
1367549678053707778
1367549664212512773
1367549575045734402
1367549528925220866
1367549494733242379
1367549445727002628
1367549418967355393
1367549418820554753
1367549363141160965
1367549344405143555
1367549307105271810
1367549287815647238
1367549259789332487
1367549232257900547
1367549229330219019
1367549183918567427
1367548922307244034
1367548667327115269
1367548583344545792
1367548386350690312
1367548281807654914
1367548084155277312
1367547864902078465
1367547702574202892
1367547650434809861
1367547203951218692
1367546980289888257
1367546945380704258
1367546867052077059
1367546840330166274
1367546795564404748
1367546760659427332
1367546754544115715
1367546709891551232
1367546666136535049
1367546641545383937
1367546633668427781
1367546561656422415
1367546518073470980
1367546460133326848
1367546406790119429
1367546392890257410
1367546315408887810
1367546274917085184
1367546229224321029
1367546189839753221
1367546170046771202
1367546160836210690
1367546138090500102
1367546090145341455
1367546068074954753
1367545810158821383
1367545760615645184
1367545727019339786
1367545657708412929
1367545619695435783
1367545576787767309
1367545540104306690
1367545482852118542
1367545297614831618
1367545016349044739
1367544586072182784
1367544244597047301
1367544144458055685
1367544120831475713
1367544099541311496
1367543976518115329
1367543720678199303
1367543717389873154
1367543715426951168
1367543678189846533
1367543500770701316
1367543234432483329
1367543111988092928
1367542887660085248
1367542206966370308
1367541729386237955
1367541688764309504
1367541547328147458
1367541415589289984
1367540934439804933
1367540783214125064
1367539673418113026
1367539605080313856
1367539543411290113
1367537616439148544
1367537595379376129
1367537345545728003
1367537236342943749
1367536988568481792
1367536624985395208
1367536356281503751
1367536188848939010
1367535631031803904
1367535386281574400
1367535264202129410
1367535222078775297
1367441728941092864
1367441449751568384
1367441230519562245
1367440576497475585
1367439977026646020
1367437976591097858
1367437694696046601
1367437219473063943
1367437030729388034
1367436893512753154
1367436711148552192
1367435908526596101
1367435545920430084
1367435445001461767
1367435380283367424
1367435084442304514
1367435080214450179
1367435034119004162
1367434614822891520
1367433926894051328
1367433862981312515
1367433102423973888
1367433081469173775
1367431660027990018
1367431658849378307
1367431631531880450
1367431423028781056
1367430768142802948
1367430762723643398
1367430600165122049
1367430508951597056
1367430438013333506
1367430416404258816
1367430266076209154
1367430000673226752
1367429147799216128
1367429092635779072
1367410492591996940
1367410144099913728
1367409706189402112
1367408219857899522
1367407400349794307
1367406059913101313
1367405550875639810
1367404902306242562
1367400575587991554
1367400262839721989
1367400163619180554
1367399913072463873
1367399730523742211
1367399638228164609
1367399589918121986
1367399415825141760
1367399344635322376
1367398710175490049
1367397896312807425
1367397417985986561
1367397254580076550
1367396841906577417
1367396433234710528
1367395847885922304
1367395591924445186
1367395471732465670
1367395421866389507
1367286296700481536
1367285497064804352
1367284760519794689
1367284727175122944
1367284588305809409
1367284340317585413
1367284286152318980
1367284202996121610
1367283773897928705
1367283617135812615
1367283523854299138
1367281097072021509
1367280943803879424
1367280486918291457
1367280111234523136
1367279815284334594
1367279044337807369
1367278771871612932
1367278678162423809
1367277726042882053
1367277435511730181
1367277403857371144
1367277019529027587
1367276567706165249
1367276559523082247
1367276463813103616
1367275840195727368
1367275801729712129
1367275233736986629
1367274389776044032
1367273930872909824
1367273866393833474
1367273214494318595
1367272592248238080
1367271785348165634
1367364275237507073
1367364266643378180
1367364236234653696
1367364116873060356
1367363827264856066
1367363592379641856
1367363308039372802
1367362554981351432
1367362457640001536
1367362170053226501
1367361898774228992
1367361774438260736
1367361567587663874
1367361265111232512
1367360988903800833
1367360952283373569
1367360921195208707
1367360854887342083
1367360687438254082
1367360306486407168
1367359123772170240
1367358561999720449
1367356191609921539
1367356163168358400
1367356007576346625
1367355959128055808
1367355954396880901
1367355749601472513
1367355640906190849
1367355138181054474
1367355136310403080
1367355082484899845
1367355029301174275
1367354883880419328
1367354847226433541
1367354798501150720
1367354767496929280
1367354732466089984
1367354732189265921
1367354554329743362
1367354524604780545
1367354394165927937
1367353081512476673
1367352556226293760
1367352533065359365
1367351987172474882
1367351887213834240
1367351369838043145
1367350862511824897
1367350713861382145
1367350637160202246
1367349668947124225
1367379625547079746
1367379282293571585
1367378913538711552
1367377681923375106
1367377527690436610
1367375906822451207
1367375902502506498
1367374659122044930
1367374292552458240
1367374201645109249
1367373842784608256
1367373384032673792
1367372861896294410
1367372641821200388
1367372544542703629
1367372048255844355
1367371031195906048
1367370588210290689
1367370342013009922
1367369487973023746
1367369477709561856
1367368917518340100
1367368594254934017
1367368327048409091
1367368261394907136
1367368181174697995
1367367750130180097
1367367601689559046
1367367518386585603
1367366616812511233
1367366326487023617
1367366286381056002
1367366132886290433
1367426425989464072
1367424931579846658
1367424776457744390
1367424625857224704
1367424201674682368
1367423575519596544
1367423379519676416
1367422863104503808
1367421418825203712
1367420294202294272
1367419484898619394
1367418626471567360
1367417317236346885
1367417209375633410
1367416811516555264
1367415395347542017
1367415062823133184
1367414946045325313
1367413269435146241
1367412998713839616
1367412975997489153
1367412466662051843
1367411983042150407
1367411521903415298
1367472575278952454
1367472007022018560
1367469852651368448
1367469519476785157
1367468543206383622
1367468112904413193
1367466640955252738
1367466531156873219
1367466357651030016
1367466190948474882
1367466078662754308
1367465678207406084
1367464917914198019
1367464633347547140
1367464256761982979
1367463966809747460
1367463476327813122
1367463260052738048
1367462411880587284
1367462332583010307
1367461920912142338
1367461492463972358
1367461439288578054
1367460493036818432
1367460184466071553
1367459509921275905
1367459393181278216
1367459329687777287
1367457681280135170
1367488008929296397
1367487833032785923
1367487585635958785
1367486795550756873
1367485657933881345
1367485635729227776
1367485347513442308
1367485154919387149
1367484900916350976
1367484871388594179
1367484852501680130
1367484149834088454
1367483631531352064
1367483334054588418
1367482327635492871
1367481694413086721
1367481435200892933
1367480130046750722
1367479068921376769
1367478323501174787
1367478122862493696
1367477729411629062
1367477713288622086
1367477445973184514
1367476502128975872
1367476322071683079
1367475524692492290
1367475336011780096
1367473521266479107
1367625892235792386
1367625594708590592
1367625236800274433
1367625136845774855
1367624277445468163
1367624269707038730
1367624241739407366
1367622890607112194
1367622130976890888
1367621852055687179
1367621429114540035
1367620732130258945
1367620363010637825
1367619748268277762
1367619545431756805
1367619521968824324
1367618825131229186
1367618726913261568
1367618612542988289
1367618296275730441
1367617801381363716
1367617633135247360
1367617143890657289
1367617132830351403
1367616788628983809
1367616748573364228
1367616449934721027
1367615660604477447
1367615288364072961
1367614903373201409
1367614859819507714
1367614560316833797
1367614297371770885
1367613452055941120
1367612997489852419
1367612571847598081
1367611498965716992
1367610989324029952
1367519307958128646
1367519021948686345
1367518962817335299
1367518650631151622
1367518501808799747
1367518480153505794
1367518290759864325
1367518230881984513
1367517952472354817
1367517949716803591
1367517680056627208
1367517648930697216
1367517584866836482
1367517384404135937
1367516330795159557
1367516037067902976
1367516034429689857
1367516027232215041
1367516021804834817
1367516019422490625
1367516005887594496
1367515719303385093
1367515655264690179
1367515628479926275
1367515518014349312
1367515403300335616
1367515115071881219
1367515102853947393
1367515063662174210
1367514650099785731
1367513581382758404
1367513389078044673
1367513215370850306
1367512753573928967
1367512737211899912
1367512467857883140
1367512325096239104
1367511174519078914
1367511050720051201
1367510831915671552
1367510120129781760
1367510027653816324
1367509683716689920
1367509464790671360
1367508702132011014
1367506705974784001
1367506300607807490
1367506083712028683
1367505022867636225
1367301555246886914
1367300818114932740
1367299696423673857
1367299667554426882
1367299505612189697
1367299160718921731
1367298727535337476
1367297738048638976
1367297562030538753
1367297253510017026
1367296883333337090
1367296505757888512
1367296158784192514
1367296072830373889
1367295522919370752
1367295007753969665
1367295001957306373
1367294274576949251
1367294152010964995
1367293602116870146
1367292558364143616
1367291830749048838
1367291311733284870
1367291003246411780
1367290585967697926
1367289604680732673
1367287976141615105
1367287915848425472
1367287482090328065
1367287355779018754
1367456903144562690
1367456710584131584
1367454431458041858
1367454130508361730
1367453953517002757
1367453538138357763
1367452863799193604
1367452663168851968
1367451445923086338
1367450859177570305
1367450671587418112
1367450367076745218
1367449678137061382
1367449577960464386
1367448284298686468
1367448267596976130
1367448218594852866
1367447882400477187
1367447740469370881
1367447091748995075
1367446191265492993
1367446068221390854
1367446063175581703
1367445884519251971
1367445537910308865
1367444846328373248
1367444424716861440
1367444378999017484
1367444254449139714
1367444081446703106
1367444065986498565
1367443918204379140
1367443696107585536
1367534740274896901
1367534648314757129
1367534526424047616
1367534498066366467
1367534448057679875
1367534435462045705
1367534200665104387
1367534177411866629
1367534006020038662
1367532124597870598
1367531693201055744
1367531163720556552
1367530741878382597
1367530670394867715
1367530600673009664
1367530538102382598
1367530269931053056
1367530102393884676
1367530070487670784
1367529866632056832
1367529625434419201
1367529603175227392
1367529237998092290
1367528720639143941
1367528702087733254
1367528441562685446
1367528239330123778
1367527668967755779
1367527442815066119
1367527330403545095
1367527194248044546
1367526803347288065
1367526648627748869
1367526312319938571
1367526176810397698
1367526033440854017
1367525743995985923
1367525587368239109
1367525465699856386
1367525277342048265
1367525000698359818
1367524978996834309
1367524702353321988
1367524432768610306
1367524407263035395
1367524392671010822
1367523957235191812
1367523220589449216
1367522826614317058
1367522667155263492
1367521976034721794
1367521891041312771
1367521789115531271
1367521719003607047
1367521525327405064
1367521129506734086
1367520783489265665
1367520691084525571
1367520162325426176
1367520119107248148
1367519841230422030
1367519806342193156
1367332840585715714
1367330532971929605
1367325806146572290
1367324934805082117
1367323270786277376
1367323219716304898
1367321531030917124
1367320417300402177
1367320381195841536
1367319561427681280
1367319103892058114
1367318950665744387
1367318448280244225
1367595567317139462
1367595552926404608
1367594799142866947
1367594163483537412
1367593891768188928
1367593815998103554
1367593701015453699
1367593494261366792
1367592891913146375
1367592391922778121
1367592129678118913
1367592087449788420
1367591892716679175
1367591741373653001
1367591721421262853
1367590834380492807
1367590813937532934
1367589859544555526
1367589790443442178
1367589122127196168
1367588701082062850
1367588249997254657
1367588065103863821
1367588029687234563
1367587746051620868
1367587532238581765
1367587022592864259
1367586948081086465
1367586827369021440
1367586295086686215
1367585549616316417
1367585459342241793
1367584925159804928
1367584579251433474
1367584351735660545
1367584211952005121
1367584044163211264
1367583860976852993
1367583803770773506
1367583381345734656
1367583280124616706
1367583104341278721
1367583060636692482
1367582791953756161
1367582729949351940
1367582455029362689
1367582453259403268
1367582422494306318
1367582415842082821
1367582405972918273
1367582169040830471
1367581885996568576
1367581773270372353
1367581600880427019
1367581365743550469
1367581234294046722
1367581154128314368
1367580916395216896
1367580657770246146
1367580616246648833
1367565024923807749
1367564338098282499
1367564296322973701
1367563595312099329
1367563284577067008
1367562706220384272
1367562698297327617
1367562232431841284
1367562167684374531
1367561830328057857
1367561691064659972
1367561553894117376
1367561456145686528
1367561273609752576
1367561018931568646
1367560603401863177
1367560166330294276
1367559193109032960
1367558739440599042
1367558316407324673
1367558266163658755
1367558212157857797
1367558080129495040
1367557933106561024
1367557897354436608
1367557847786078212
1367557791964135434
1367557335019778049
1367557001564188674
1367556916541546496
1367556148270931972
1367556084559278080
1367555902333542402
1367555484442574848
1367554980341768209
1367554765664714754
1367554433618485256
1367554416446894082
1367554196254437381
1367553783325208576
1367553137469440001
1367552179788128256
1367552151958867968
1367552129448243204
1367551730355826690
1367551514710052876
1367551192662949904
1367551146596966412
1367551095665524739
1367551038430064642
1367550996986101764
1367550993383178246
1367550953503793159
1367550940786667522
1367550903071485959
1367550851271819264
1367550814085070849
1367550770367901698
1367550746003206151
1367550726004736004
1367550696338382854
1367550211648798723
1367550011270168579
1367549952944185350
1367503314259165187
1367503110046945283
1367501840187850759
1367501733044375553
1367501662005436418
1367501604115673099
1367501585044148237
1367500019885039620
1367499686333083659
1367498632153477121
1367498631914409990
1367498408697692168
1367498359896948745
1367498160067792900
1367497000065851396
1367496996949491714
1367496536591126534
1367496445599903751
1367496302360150022
1367496285910106113
1367495802306899992
1367495436366413827
1367495031024738310
1367494821858988038
1367494740158078979
1367494597790879748
1367493933702512645
1367493610351054853
1367493601551409152
1367493341659746316
1367493064516902912
1367492983558447117
1367492925077209097
1367492887060094976
1367492586999582733
1367492522801561603
1367492377498300422
1367492328265551881
1367492301732384769
1367492141140889604
1367492095787880455
1367492017639608329
1367491616617947139
1367491611593220099
1367491528776679438
1367491208113770504
1367491067973689348
1367490264017883149
1367490062750015494
1367489917299875850
1367489625179230217
1367489397000704001
1367489341359013894
1367488847152611334
1367488703329947666
1367488257420910611
1367580322070736904
1367580299815768068
1367580100850561025
1367580022467399693
1367579921980211200
1367579797484879874
1367579742212415494
1367579661232988161
1367579443011665922
1367579382013960193
1367579282885722115
1367579022520160258
1367578915741593601
1367578896204525570
1367578730583916544
1367578512354398217
1367578387783458816
1367578293990424577
1367578191666241549
1367578189946568704
1367576918443368450
1367576622518460418
1367576516507234305
1367576229533126657
1367575657513951238
1367575504287657985
1367575366441787392
1367575118864523266
1367574904288251914
1367574658866958341
1367574395779244035
1367574135887572999
1367573658802225156
1367573526241157120
1367573519828193285
1367573471560105984
1367573341020782592
1367573211492286470
1367573168441806849
1367573103056887808
1367572744188092424
1367572680761872388
1367572356164648962
1367572220776710150
1367572078287679488
1367571872657723395
1367571431035457543
1367570923822460930
1367570826623660036
1367570693127368707
1367570514219307008
1367570398901018625
1367570387203026945
1367570380550938624
1367570180151398406
1367570142419320832
1367570108114210816
1367570078150000640
1367569649177669635
1367569403949314051
1367569318817509379
1367569296163958784
1367569049429954572
1367569041938911235
1367568662849220610
1367568441587216385
1367568338214400004
1367568071788011522
1367567778438279168
1367567095106592770
1367567094640951297
1367567018203881472
1367566740880785409
1367566357768904704
1367566177438994432
1367566089366953986
1367565957271597068
1367565828338708480
1367565785950994439
1367565386464509954
1367565337147953152
1367610728098725894
1367610446837141508
1367609113035890689
1367608745421864966
1367608335273517056
1367607975477534723
1367607622174711817
1367607322206490632
1367607182179631107
1367606971441045505
1367606965862596610
1367605917785739269
1367605863964422146
1367605234802032643
1367604921084895234
1367604908048998400
1367604839425925120
1367604315788087303
1367604187832451075
1367603974371741705
1367603565875793922
1367603478562934788
1367602394440364032
1367602352543453186
1367602341361422339
1367602225279889414
1367601869632208898
1367601639239090183
1367601014875029510
1367600805591801859
1367600547776315392
1367600159568269314
1367599774170574851
1367599598425026560
1367599547409645568
1367598917668507651
1367597884766621698
1367597445266497536
1367597127682174983
1367596734227095554
1367596577284620299
1367595709852127237
1367317194158268420
1367317175589949442
1367316818227056641
1367316735687356418
1367315946105372672
1367315903331721218
1367315858217861124
1367314823554289664
1367314590493777920
1367313353388007440
1367312731976646660
1367311215807102983
1367311011892633600
1367310995174141954
1367308665141796873
1367307490463903746
1367306335814111235
1367305857399197706
1367305458680217601
1367305169071984642
1367305068874203139
1367304894831595521
1367304688559812614
1367303909627228165
1367302468741320707
1367395003018969089
1367394093496680448
1367393358855823360
1367393108502196227
1367392744939814913
1367392686647500800
1367392321218699269
1367392037398585346
1367391623492083713
1367390322297241600
1367389606149242880
1367389210362007555
1367389093848625157
1367388333073137673
1367388001853202432
1367387495403573248
1367387302151024644
1367387180663009282
1367387160962347017
1367386313608073218
1367386140370681859
1367386065577906177
1367385308908634113
1367385253824892928
1367384865407176704
1367384393602375681
1367383683381014535
1367383574245085185
1367383138238926854
1367382987139080194
1367382846663512068
1367382546623979522
1367382260484169729
1367271102360281089
1367270824164655106
1367269911215579136
1367269535540260866
1367269409174216708
1367269139002232832
1367269122351001600
1367268891525865475
1367268578215526408
1367268308802662405
1367268145359110146
1367267940261912578
1367267819532992512
1367267798175596549
1367267699349475328
1367266946585141253
1367266933645656064
1367266816574300165
1367266737327112194
1367265671567060992
1367265669683814400
1367265667561447424
1367265664998776832
1367265659546132481
1367265533549187076
1367264839987585027
1367264098384240648
1367348776596172805
1367348731876499462
1367348541249699843
1367348201527930881
1367348109257420805
1367348028512829443
1367347607538958342
1367347582717075456
1367346566751809538
1367346050718068737
1367345209156259840
1367344811620057088
1367344707882344451
1367344423043031044
1367344211037667328
1367343195818881028
1367342826154057729
1367342174572974080
1367341104266240003
1367340284883836936
1367339017818099712
1367338852097089538
1367338789853671425
1367338448881782786
1367338331412037632
1367337965073039360
1367336879025098757
1367336038595665925
1367335948598439937
1367335524403347457
1367334285653467143
