1378104179500048387
1378103598735896578
1378103596257001476
1378103587843244041
1378103564933992448
1378103274491023363
1378102680296378368
1378102574591655939
1378102276175372290
1378102228490194946
1378102137671024644
1378102124928774147
1378102071317164033
1378101983601700864
1378101649051414536
1378101541522014215
1378101433808121858
1378101209958117377
1378101023844270085
1378100663595458560
1378100626651971584
1378100083707744256
1378100078938849285
1378100046177140739
1378099959501832192
1378099771404132352
1378099746468995077
1378099735068770304
1378099550913757184
1378099505372000256
1378099182079201284
1378099078442184710
1378099076693172232
1378098885151821824
1378098689227550720
1378098318769799168
1378098297081057285
1378097774307201026
1378097728090177537
1378097721421164545
1378097473646956548
1378097411197919236
1378097267744378882
1378097229488066564
1378097111250665472
1378096929075265537
1378096861366616065
1378096823307534342
1378096220468563969
1378096030126858245
1378095909230280704
1378095838006804488
1378095607680802821
1378095598872764421
1378095484703809538
1378095374045483009
1378095306114355205
1378095253840887812
1378095080528080897
1378094929180786688
1378094835882725383
1378094794824646656
1378094599210688512
1378094582672588801
1378094406348251138
1378094310659391488
1378094268041023488
1378094150038458371
1378094109450199041
1378094023316008967
1378094006803005446
1378093962653667328
1378093825781071878
1378093614836891653
1378093351170375689
1378093280597049348
1378093236212936704
1378092892766543875
1378092824843927567
1378092803402706944
1378092794556911617
1378092781948825604
1378092404746694657
1378092250689904644
1378092051863068673
1378091968752988167
1378091958770544640
1378091810682249219
1378091349535289346
1378091198578102278
1378091175891116036
1378091124594774027
1378091068105891841
1378090940636803073
1378090928020283392
1378090677804892164
1378090632326041600
1378090484309102592
1378090003151093762
1378089920686870528
1378089831260160007
1378089759894016000
1377921175423082497
1377919886718951429
1377919870063480835
1377918424840540162
1377917283457236992
1377917165958012929
1377915069409980417
1377914646942846976
1377914096369164288
1377913725051604994
1377913334201221120
1377913221315710976
1377913215301128194
1377912959272386563
1377912093576474625
1377911210646011906
1377911055981154304
1377910998494023683
1377909872797364224
1377909657927360515
1377909312715157506
1377909148860436480
1377909114521714690
1377909106715975682
1377907991647825931
1377907754229202944
1377907702446317568
1377907644711772164
1377906825807413250
1377906561356423168
1377906316589600771
1377906186339545090
1377906111509057537
1378058081142198272
1378058043674427396
1378057428541992960
1378057156348555264
1378057080083509249
1378057061276205066
1378057059761987586
1378056986999279626
1378056881026043905
1378056792412991495
1378056769394577409
1378056738973306881
1378056529216217089
1378056517715382272
1378056491438112770
1378056372395380738
1378056271983677443
1378055711637307398
1378055711519834112
1378055557630857216
1378055510906310659
1378055415397748738
1378055383734968326
1378055333898297344
1378055156516810752
1378055122060722187
1378055015659499521
1378054648691494915
1378054614193483781
1378054553799684098
1378054435134377986
1378054086671618059
1378053985177767936
1378053775567560711
1378053724426362882
1378053540321525761
1378053411174768641
1378053331285905418
1378053224410841089
1378053061504073729
1378052992889458692
1378052968663113730
1378052734331486209
1378052575233253379
1378052573723246592
1378052475349950468
1378052321490296832
1378052258823168002
1378052235217735689
1378052090459734019
1378051993566990337
1378051813979590660
1378051397535608832
1378051358641782784
1378051183609253894
1378050996031590400
1378050987701723136
1378050821707956225
1378050685120475137
1378050649665986562
1378049948357382148
1378049753985003526
1378049660372332545
1378049269052010498
1378049134452600833
1378049123681587200
1378049109345644551
1378049100768292869
1378048719698952198
1378048638514036737
1378048493806313476
1378048377246543872
1378048348100423681
1378048337669132301
1378048261148139520
1378047921287991299
1378047759958343686
1378047676311306240
1378047658280030208
1378047654060388352
1378047511080894469
1378047407519318017
1378047389022310400
1378047365781856256
1378047357837848587
1378047250375528453
1378047206436057091
1378047178489229312
1378047137255194624
1378047137192239104
1378047091428179972
1378046886498689024
1378046741396656129
1378046655564447745
1378046409518252033
1378046113102491650
1378045939512979456
1378045724852649988
1378045721191022597
1378045717466472453
1378045553007714308
1378045526701146115
1378045426893488129
1378045281862836224
1378045213034344449
1378045149201248262
1378045050647576576
1378045031026671619
1378044916757114880
1378044778940665857
1378044412039725058
1378044315109298178
1378044235681824769
1378044204346118146
1378043634923225093
1378043596016914446
1378043529595822083
1378043446045372416
1378043415057870848
1378043375589466114
1378043238423130119
1378043059636686853
1377996976084557825
1377996946103734274
1377996868295262211
1377996724728430594
1377996535447875590
1377996445509296130
1377996218824069120
1377996035331592196
1377995855261761541
1377995736919511040
1377995708897361921
1377995547991289860
1377994882866892802
1377994877762424836
1377994724196413441
1377994571376889856
1377994548308180997
1377994377457328139
1377994301632868361
1377994259975053314
1377994146640760834
1377994084573384707
1377994045872611333
1377993967447445517
1377993928687898627
1377993798509289474
1377993706255523851
1377993658776031233
1377993362641281024
1377993360917553157
1377992944356098050
1377992819034492930
1377992689988349958
1377992427236073477
1377992405945831425
1377992326799355906
1377992081302519809
1377991944450756611
1377991894903484420
1377991755791003652
1377991640913039361
1377991203250171904
1377990753431998469
1377990600646131713
1377990177038217222
1377989927590322177
1377989607237824512
1377989578636865539
1377989372897763334
1377989266647744513
1377988772684529668
1377988709560295426
1377988682632794115
1377988514537742338
1377988018204766208
1377987370847506436
1377987102349099008
1377986931376730112
1377986777680601091
1377986539448324099
1377986352973705222
1377985653850394625
1377985486506110984
1377984989422350336
1377984669183000581
1377983876505686019
1377983833526648844
1377983558195744773
1377983250631598084
1377983216791953412
1377983059509841922
1377982962214445057
1377982572551081989
1377982353742704643
1377982274868805632
1377982257080717312
1377843968277278722
1377843677276614659
1377843587271036928
1377843193006321669
1377842628381700104
1377842146808639489
1377841817232703490
1377841796944781313
1377841708038152195
1377840876874006529
1377839956580651118
1377838619977687041
1377838367346409472
1377837426274529280
1377836194533269507
1377835947681742853
1377835933895131141
1377835693498458119
1377835692491894786
1377835689362911238
1377835127569588227
1377834230466547719
1377834095430934528
1377833645621321734
1377833468235808770
1377832568045903873
1377832492179329026
1377831928221548546
1377831868515676162
1377831600105402368
1377831520111636481
1377831122135027712
1377831072638119936
1377830418355916801
1377830104034729987
1377829862048681986
1377829160555577344
1377890279882027009
1377890114139947008
1377889567634776064
1377889207365029889
1377889073113620480
1377888638093131780
1377888083870314500
1377886524361035782
1377886347730378753
1377886117941284866
1377885680878157825
1377885285124603914
1377884792855875585
1377884126909374467
1377883561945075712
1377882071872458752
1377882007900917761
1377881530396200969
1377881499647713280
1377881306042920964
1377881232281796608
1377881132662947840
1377880130832502787
1377880117372944384
1377879413711368194
1377878898273292289
1377878436237152258
1377878072330969089
1377877007669858304
1377876846155456516
1377876588239462400
1377876359524016129
1377951525608230918
1377950109216964608
1377949595712548870
1377948851236184064
1377777322149953541
1377777226884599809
1377776885380354058
1377776331539193856
1377776082473127937
1377775924180049925
1377775197680361475
1377774455011880960
1377774368131055631
1377774036432867331
1377773840537882640
1377773802566905858
1377773342564962304
1377773209110646787
1377772825327591435
1378027846514450433
1378027839916797952
1378027534525288451
1378027426266157073
1378027283336851458
1378027229821743107
1378027219356909570
1378027113798844416
1378027019745775619
1378026881023369223
1378026857757609986
1378026831585116161
1378026813729964032
1378026805643337729
1378026701989552128
1378026665834594304
1378026501686321155
1378026467632746496
1378026278427615233
1378025861304233990
1378025780031201283
1378025639165448194
1378025590998118404
1378025503794282501
1378025256573603841
1378025200269283330
1378024926351917058
1378024864112635909
1378024636290502658
1378024512978096129
1378024275467251713
1378024252385984513
1378024025901854723
1378024019962830850
1378023689908805636
1378023607398494209
1378023255018180608
1378023227646214144
1378023083219562497
1378023067658620929
1378022845704515591
1378022567219503107
1378022354916376587
1378022292526149632
1378022157767311361
1378022139069104140
1378022119683014669
1378022062304989189
1378021919031705600
1378021752861818883
1378021716912451584
1378021535303098374
1378021518526058496
1378021453673676807
1378021445712932868
1378021155370635264
1378021134747205637
1378020898872131585
1378020766399279104
1378020470436544513
1378020261597827075
1378020197911646209
1378020141670227971
1378019954352607232
1378019848995934209
1378019751360880642
1378019709568815107
1378019596763078656
1378019342286266372
1378018847232454658
1378018824125964288
1378018687693766659
1378018471817195527
1378018307975086089
1378017762736533508
1378017621136842756
1378017600324706304
1378017350390317056
1378017273647149063
1378017241829150722
1378017166298132481
1378016802492530691
1378016707864838148
1378016370093387777
1378016152979435537
1378015692264464391
1378015571858575360
1378015356997013507
1378015354543280141
1378015236465303559
1378015012380364801
1378014546774872067
1378014155735769100
1378013886499160066
1378013775610195973
1378013666436599810
1378013326110818308
1378012817987665923
1378089191989506048
1378088872815566848
1378088760689225729
1378088387253563397
1378088373672366083
1378088364134514695
1378088178603720707
1378087778760716292
1378087503471775748
1378086774216531968
1378086760585035777
1378086738833326081
1378086576715096068
1378086498155819015
1378086430904307712
1378086071838384131
1378085961637191689
1378085575945752579
1378085420991401993
1378085194285129737
1378085162567745538
1378084960507150339
1378084689639047174
1378084443609501698
1378084308599050242
1378084006240092162
1378083818477912065
1378083743752146952
1378083521051426820
1378083482996510720
1378083175335780352
1378083031689256960
1378083023472762886
1378082873194987521
1378082685424300032
1378082471292645376
1378082211514159104
1378081887839731720
1378081748865585155
1378081482485342208
1378081419482779651
1378081337006043140
1378081283356626950
1378081233339609100
1378081181942571009
1378081129501179905
1378081112069705730
1378080299972710404
1378080284000800768
1378080023991705602
1378079724530974721
1378079211504730121
1378079146438488067
1378078941559291904
1378078927961391106
1378078897724661770
1378078781965996032
1378078609819205632
1378078272521637889
1378078141919412229
1378077944879276032
1378077907856191488
1378077727446601728
1378077396939776003
1378077386957262858
1378077192328986624
1378077088566161417
1378077005363691521
1378076923256012814
1378076606435102721
1378076511929008132
1378076247939485707
1378076139013423105
1378075687358185480
1378075515588861955
1378075372932132864
1378074977526812673
1378074516719611907
1378074352399253504
1377798183498174464
1377798165647159300
1377797493212200971
1377797245823643654
1377796741357989888
1377796663633440774
1377796534796869638
1377796309885722625
1377795884067385346
1377795500926066689
1377795385905840133
1377795349532786692
1377795318796873729
1377795061224722440
1377794896451407876
1377794894517899267
1377794412525199363
1377794327620030466
1377794104315105282
1377793846117986305
1377793840027992066
1377793575987994624
1377793332898799618
1377793194637725698
1377792814969364485
1377792356271845378
1377791665990205440
1377791079043358728
1377790629757980673
1377790564549201920
1377790172650209281
1377789484239093764
1377789018608336898
1377788519826006016
1377788388150022146
1377788275960786950
1377788252535599105
1377787675365629953
1377787098170810368
1377786392563056642
1377786350624239619
1377786256332054529
1377785969097777154
1377785424773586947
1377785401444859904
1377784722697379843
1377784598965350402
1377784530942189569
1377783906930413572
1377783906750111744
1377783860461776903
1377783674226216960
1377783597914943490
1377783593842438145
1377783561659514885
1377783532970446849
1377783392356474886
1377783135556022273
1377859461721817089
1377859368499154944
1377859191084261377
1377858967066439684
1377858707548119041
1377858430283620352
1377856710828679168
1377856680034238464
1377856430741585920
1377855830410792962
1377855475748892672
1377855235360710664
1377854996339949569
1377854915079368705
1377854735307390976
1377854049119264769
1377852964723859456
1377852853365133316
1377852630446206976
1377852527186690050
1377851931486384131
1377851207646121988
1377849481442385926
1377848979149455361
1377848583018455040
1377848444132323328
1377848122039283713
1377847215578882050
1377847086838816772
1377846987891085313
1377846850762338304
1377846657686118400
1377846406577291269
1377845714341011460
1377845570518274048
1377845539316891650
1377845329576386564
1377844725080674306
1377981752006828036
1377981552982958084
1377981443939430400
1377981307116994563
1377981288733405193
1377980993253093388
1377980684141277184
1377980599726706691
1377979671598497794
1377979644272648193
1377979533563858947
1377979435010383879
1377978980750352384
1377978592425091076
1377978521868513286
1377978252518637574
1377978090605977602
1377977912947785732
1377977163077537797
1377977149718675458
1377976394576187392
1377975767083188226
1377975562963189765
1377975214198390785
1377975064574955522
1377974979766185985
1377974859737796608
1377974291275386881
1377974118419681281
1377974068109053955
1377973995266396160
1377973552096419846
1377972841891692550
1377972605576228867
1377972300851466244
1377971965470851072
1377971875343663110
1377971864769757184
1377971829332176899
1377971189650448388
1377970907826814986
1377970603127402499
1377970467168980993
1377970113702420486
1377970099295031300
1377969623199518722
1377969304646336514
1377969061531942921
1377968976551051265
1377968879218089988
1377968810045669377
1377968617824862212
1377968598103203841
1377968568894169088
1377968380653764617
1377968298256646145
1377968044299980805
1377967502890831874
1377967094780866568
1377966877050290178
1377828424513912833
1377828018240909320
1377827858417082370
1377827742373310466
1377827230596874241
1377826820372930560
1377826379379605511
1377825084379820037
1377824896433188864
1377824648390303745
1377824630254239746
1377824582246170624
1377824497907163150
1377824451128143872
1377824432295579650
1377824315148804097
1377824200853839874
1377824125599711233
1377824111259496450
1377824053839470592
1377823950370037764
1377823814021742592
1377823717816893441
1377823549327601673
1377823122670370817
1377823061458759684
1377822233259732992
1377821968401985537
1377821791331188736
1377821671772446724
1377821443648589825
1377821443610849281
1377821015221305346
1377820867040747530
1377820845427589121
1377820616359878657
1377820394724417539
1377819614017683459
1377818978198769668
1377818627961876484
1377818621553037321
1377818540443541505
1377817957586325506
1377817938976194560
1377817550495612931
1377817477711814657
1377817401606086659
1377817393691512833
1377817390491308033
1377817329363513345
1377817301232222209
1377817188904660993
1377817137448951808
1377816992158248961
1377816988089610241
1377816712318316545
1377816582412333058
1377816554876891136
1377816492507467780
1377816433145483265
1377816377105510404
1377816316753584129
1377816192816046080
1377816155289657345
1377816048578093059
1377815266852212736
1377815258266411013
1377815195150520329
1377815099134500872
1377815027218964483
1377814942624153601
1377814802743971842
1377814790999998464
1377814743411351552
1377814706971283460
1377814706589589507
1377814651761745921
1377814448497303560
1377814361260007425
1377814358617645056
1377814206297174020
1377813897818820608
1377813361958776840
1377813332497821697
1378012218994749440
1378012010261139460
1378011403412455429
1378011055973105668
1378010923567353861
1378010859939766277
1378010401716252674
1378010303187845124
1378010232731934721
1378010043967229955
1378009679989706755
1378009460187267072
1378009419175374849
1378009144767172608
1378009136454062086
1378009094053892096
1378008804198133765
1378008647893065728
1378008642184699908
1378008519534841857
1378008493563723781
1378008393911263233
1378008198892912641
1378007876921389064
1378007389882871810
1378007313236246528
1378007231589969920
1378007177231802369
1378006571280707590
1378006511734128644
1378006378720153606
1378006221622501377
1378006178471497730
1378005991963422725
1378005817606160391
1378005775767982084
1378005064867061766
1378005049385844737
1378004779935338500
1378004376216862722
1378004090400215042
1378004031986106379
1378003777983295493
1378002693004873728
1378002379791077382
1378002366574821385
1378002094062329858
1378002009840873472
1378001759050797059
1378001741480857603
1378001230904053764
1378000919632089092
1378000832038322189
1378000281003294728
1377999890127716357
1377999598174765064
1377999568881782785
1377999468734332928
1377999273950842882
1377999189100130311
1377999187535671298
1377999071768686594
1377998515377348616
1377998277048737794
1377998079283052544
1377997923510677504
1377997806032543747
1377997313080168453
1377966649387720707
1377966466000171008
1377966049723883520
1377965963900022789
1377965835378171905
1377965651424337925
1377965604141928449
1377965443357544452
1377965196593885186
1377965148044922881
1377965141388623874
1377964776056324096
1377964158176665601
1377964145816010753
1377963914286223370
1377963885295247360
1377963438719254529
1377963376198975490
1377963260083855360
1377963211182473222
1377963178605346821
1377963089665097730
1377962958584750080
1377962804225970177
1377962749150527493
1377962704774701056
1377962193313001475
1377961900894478345
1377961881202270215
1377961648925908996
1377961299485847560
1377961079465213954
1377961061396152326
1377960896455180292
1377960792700690433
1377960568133419008
1377960261454286849
1377959484375625729
1377959154988548096
1377959071131766796
1377958896606851075
1377958833151221767
1377958448885870592
1377958382288666627
1377958265754169344
1377958166932119554
1377958136452120577
1377958068298874883
1377957989177561093
1377957868775874561
1377957762710302720
1377957661992493058
1377957657273905153
1377957536926724098
1377957312720166913
1377956374315986944
1377956246083534849
1377956235178352647
1377955503331012614
1377955296685998083
1377954799556063237
1377954502821752832
1377954393140551681
1377954076839747595
1377953640250490880
1377953385362636802
1377952988866691074
1377952374883545089
1377952094439759878
1377951944061431810
1378104520685801475
1378104514813775880
1378104507402309637
1378104440712884225
1378104271665823753
1377948680976805889
1377948072169312259
1377946924435791874
1377945291903664130
1377944870229311489
1377944817036972037
1377944792550809600
1377944565798293510
1377944399829630977
1377944204693897220
1377944044454563848
1377943502210785282
1377943353363337217
1377943125251948544
1377943091152359426
1377942994419126272
1377942636913426435
1377942108586143746
1377941785612279808
1377941250788179969
1377941219477745665
1377940103906136068
1377939157457235968
1377938403514331136
1377937632290832386
1377937418721038337
1377937055506952192
1377936678585823233
1377936576504868868
1377813324721704961
1377813144903516160
1377812973859770370
1377812495109263362
1377812402033586181
1377812294294380544
1377812115642146818
1377811981139279874
1377811801618849795
1377811666012803072
1377811566654017539
1377811565215240200
1377811302312206345
1377810968374255617
1377810892428091394
1377810564571877376
1377810230399049735
1377810202209161216
1377809507275902977
1377809400870604800
1377809338236956675
1377809120254783488
1377808842541572096
1377808657585369092
1377808383911161864
1377808330488381445
1377808159432052737
1377807923955437571
1377807808381485057
1377807800571678720
1377807203147653127
1377806986314608641
1377806724581711874
1377806327485960198
1377806001836015617
1377805929719205888
1377805403950563329
1377805069391908870
1377804847064440833
1377804309073600520
1377804122443935747
1377804043939151879
1377803730855153666
1377802973414223873
1377802926115069956
1377802834071019521
1377802700809629699
1377802524942536705
1377802469825187844
1377802464506830848
1377801626375884803
1377801259898519553
1377800676021923840
1377800321620176900
1377800307090976770
1377800281971429381
1377800053792837633
1377799762175483911
1377799562774085647
1377799443399983105
1377799392896315394
1377799335677583361
1377799230690037766
1377799205482270722
1377798343762526210
1378119639436247047
1378119603994378243
1378119158655766530
1378118777141919744
1378118698376986627
1378118289503744001
1378117738837770243
1378117436071936004
1378117335567925252
1378117157565923336
1378116980117536768
1378116724420132865
1378116577338474496
1378116334408642570
1378116260949585922
1378116005923274753
1378115345177661445
1378115210335068161
1378115064708784129
1378114687188017161
1378114634838773763
1378114060693204994
1378113318905253889
1378113302740406272
1378113164961808385
1378112789231861765
1378112757011263492
1378112579546058752
1378112545756749828
1378112456556433410
1378112320111513605
1378112299819487232
1378112126234025985
1378111891222958083
1378111773103038469
1378111662666965000
1378111403329007616
1378111401131139073
1378111221514256385
1378111198785331202
1378110896891953156
1378110817271484416
1378110813559476225
1378110691496824836
1378110644990394370
1378110207180427264
1378109474515324936
1378109271842250753
1378109254167621633
1378108739585249283
1378108282179444736
1378108225795543046
1378108061064249344
1378107806155411458
1378107629168422912
1378107266700865538
1378107255480983554
1378107230227034119
1378107158093516804
1378107134408331270
1378107069673451523
1378106849380216836
1378106848369250305
1378106630626234368
1378106328036544512
1378105543420690433
1378105333432860678
1378105220065067011
1378104946147659784
1378104745412460544
1378104744862957578
1378104719034441730
1377906030718357507
1377905950485585921
1377905736739659776
1377904969437822976
1377904623164461059
1377904259975368711
1377904236701253633
1377903781166387200
1377903679806730244
1377903576475914240
1377903151207088136
1377903071334834180
1377902636905693186
1377902318449012736
1377902219945766913
1377901991079387137
1377901509803905024
1377901059562213377
1377900888140972033
1377900412255268864
1377900287470530562
1377899552968179712
1377899403134992390
1377899312768778245
1377899210838831109
1377899153003528192
1377899067712344064
1377898857238044672
1377898600882135040
1377898000551444482
1377897710896963586
1377897350572609540
1377897231253135362
1377896439569874945
1377896274251374593
1377895976799703040
1377895680476336129
1377895596812566528
1377894921642852353
1377894717694824448
1377894465420025858
1377894397916897284
1377894001567801351
1377893819501400064
1377893511354314754
1377893090778832897
1377891842168139777
1377891144915374082
1377890967034941442
1378073812672020481
1378073792845598721
1378073720544190467
1378073349453193222
1378072594566504452
1378072558499680257
1378072353419227139
1378072195348463617
1378071717793443844
1378070893583273987
1378070834586222592
1378070818782056451
1378070317642493953
1378070285790875650
1378070101681790978
1378069378718109699
1378069367506735104
1378069323009421313
1378069097104211969
1378069077869137924
1378068988102647808
1378068313662754819
1378067839421190144
1378067554976067591
1378067494326439937
1378067415133794308
1378067347202773000
1378067263111065601
1378067195402534916
1378066896273207299
1378066796289343491
1378066614214664193
1378066534707429377
1378066508648157185
1378066420257452034
1378066374912790530
1378066219337715725
1378065933881647107
1378065924813688833
1378065634097995776
1378065580545208322
1378065563277217792
1378065507476193281
1378065044836081675
1378065030382448642
1378064959532335104
1378064589418545160
1378064076333518856
1378064036961509381
1378064000127225856
1378063993424781317
1378063624665583617
1378063601152499724
1378063560409026561
1378063546232274953
1378063520395317251
1378063340925288451
1378063264609927176
1378063155537059841
1378063128823484416
1378063114189611008
1378062632951894021
1378062614702481411
1378062581370347521
1378062340281749511
1378062215723552773
1378062186371747845
1378062109146296331
1378061966221119489
1378061892602753027
1378061796259422208
1378061694925160453
1378061448182632459
1378061247501983744
1378061219584733184
1378061218401902594
1378061162361856012
1378061004228149252
1378060838007808001
1378060624190656513
1378060535858610178
1378059965152129026
1378059947674533892
1378059629373104134
1378059221934161920
1378058906962960401
1378134941981159427
1378134928441810946
1378134563113865216
1378134185202835459
1378134126079922181
1378133558435459074
1378132928778092544
1378132700796649473
1378132564637052928
1378132311330422789
1378132248571039744
1378132166002024457
1378132076969349122
1378132076642377729
1378131954760040458
1378131892516614157
1378131650966605824
1378130887485820928
1378130647512834052
1378130421897043970
1378130308088922117
1378130254925979651
1378129007623856132
1378128798147883008
1378128753591787529
1378128340251521026
1378128288351150081
1378128198400143365
1378127707645562880
1378127643174916096
1378127413104807939
1378127216308011012
1378126753386860547
1378126667235917824
1378126505813934081
1378126176288440324
1378126065558818825
1378125584715370500
1378125437101031424
1378125339151364097
1378125088353091584
1378125074864160773
1378125040907091972
1378125000075534338
1378124424663076864
1378124395101761540
1378124241527132163
1378123948391534593
1378123743143342085
1378123740047892484
1378123621915369476
1378123267995799553
1378123142909022211
1378122629333217281
1378122462475427840
1378122405521018881
1378121573924802563
1378121021442682880
1378121001456840704
1378120949220962306
1378120912227164162
1378120813036064768
1378120697751347201
1378120558781591552
1378120470369873920
1378120386722717696
1378120176273661953
1378119845909237762
1378042970788802562
1378042810096619524
1378042794267308038
1378042551266119684
1378042520962228226
1378042504461885444
1378042485092585475
1378042378607599622
1378042226643714050
1378042189977030657
1378042136470249474
1378042135820312580
1378042077615898625
1378042076315652097
1378041921197776897
1378041899001466881
1378041749155745795
1378041609330245633
1378041575889076225
1378041008085200898
1378040988908843017
1378040788806987777
1378040785795309569
1378040742325592070
1378040600159776769
1378040444010041356
1378040419154530304
1378040242586943494
1378040216422912002
1378040111322038274
1378040014764933120
1378039731972374529
1378039729292124160
1378039711818731524
1378039502745300998
1378039460831621131
1378039266975088641
1378039250176851969
1378039011894296577
1378038984438382600
1378038401455259648
1378038380106280963
1378038361559068679
1378038206243999754
1378038073850699777
1378037651350118406
1378037650574217216
1378037260550086657
1378037159635136512
1378036970484551683
1378036590409318402
1378036374079688708
1378036225827860481
1378035901574615042
1378035871920836614
1378035830858555397
1378035818883874816
1378035774160044035
1378035694908674052
1378035553896128512
1378035249968467970
1378035094863147009
1378034904416587776
1378034869419311108
1378034787617796098
1378034590695235584
1378034471526666276
1378034438966292481
1378034162347692035
1378034059402752001
1378034042277355521
1378034023319101448
1378033989827629056
1378033805508947979
1378033648306372608
1378033596074708996
1378033383343808513
1378033152501948419
1378033073250521095
1378033047233302531
1378032860267941888
1378032785936543749
1378032735298670596
1378032716231274496
1378032695213576196
1378032468671000581
1378032211979554820
1378032161765351426
1378032130383548416
1378032096309051400
1378031924401295364
1378031921863794689
1378031389061349383
1378031293829672960
1378030938710536193
1378030902140354565
1378030834104610821
1378030599043170306
1378030539630841865
1378030327868821504
1378030299389497352
1378030037753008129
1378029951312654339
1378029936108261378
1378029662010548228
1378029415356055557
1378029216143450114
1378029169133633540
1378028771257815041
1378028536947212290
1378028483524358144
1378028365672812546
1378028342016929793
1378028196877197321
1377874943698993159
1377874880331345926
1377873235971346433
1377872882035007489
1377872749901778945
1377872045787217920
1377871879432597504
1377871522522484739
1377871408601108481
1377871066874449922
1377870526274805760
1377870469643259905
1377869980621025283
1377869748088795136
1377869643491205121
1377869180867903493
1377868821659287556
1377868469992095745
1377867092074983429
1377866436815753216
1377866148902023169
1377866014076104705
1377865158198915077
1377864889599807491
1377864680371277824
1377864474410033153
1377864231417171969
1377864036499529729
1377863936628858880
1377863646047535104
1377862775100354562
1377861867327000583
1377861867075342339
1377861866249089027
1377861664624631810
1377861484500377603
1377861321727823888
1377861201267466241
1377860821829697536
1377860678283898881
1377860603205795840
1377936409437237256
1377936361513234433
1377936278482653184
1377936217241612289
1377936098869964807
1377934820228046850
1377933811468488706
1377933807672643585
1377933610909589508
1377932099555106818
1377931581134938114
1377931519012958209
1377931242092564480
1377929397718683648
1377927672744050688
1377927273400082444
1377926237906157569
1377925432704704513
1377924369960333312
1377924322401136643
1377923649102082048
1377923454750629889
1377923393769639938
1377923164290842624
1377923020937904130
1377922993125462017
1377922796165210113
1377922561309302785
1377783044967399425
1377782692087877635
1377781936668647429
1377781858876981254
1377781834877128705
1377781190418108421
1377780573859680256
1377779949646581763
1377779540332789778
1377779469721698304
1377779322648289282
1377778964719153154
1377778697462239234
1377778660619350016
1377778284730089473
1377778274814865409
1377778246511702018
1377778170359808001
