1346591984358543360
1346591537485012995
1346591523421388800
1346591215081426944
1346591209809203200
1346591159934722048
1346591146592628744
1346591139864997889
1346591028204040195
1346590872964636672
1346590761748475904
1346590674381135874
1346590646556094466
1346590557271973896
1346590422236356608
1346590137845645312
1346589915270828032
1346589733166583808
1346589637050060800
1346589415565570052
1346589302487089153
1346589298074771456
1346589258023378947
1346589098241355778
1346589080310730755
1346589062233280513
1346588931102539778
1346588801544593411
1346588790379438085
1346588666941026306
1346588438506721281
1346588385490706432
1346588253026181122
1346588226056843265
1346588078756999169
1346587901577097216
1346587579584569344
1346587574857584641
1346587483723718658
1346587365435973633
1346587353943519232
1346587285807099904
1346587044261343233
1346587036061487106
1346586975436849152
1346586960291373057
1346586886052012032
1346586711271350279
1346586636533035013
1346586539841744899
1346586446036168704
1346586400074952716
1346586353409122306
1346586325550559234
1346585988190101504
1346585884263518210
1346585817398059009
1346585783038320640
1346585567186792448
1346585113577058304
1346584848232820736
1346584751231168514
1346584723779321856
1346584319825993733
1346584247923056643
1346584247436410880
1346583961254961161
1346583903285329921
1346583725363113984
1346583705758949378
1346583682606358534
1346583587475382277
1346583515480150018
1346583393002250244
1346583327130722312
1346582876729565184
1346582528480698369
1346582419646930947
1346582285823471617
1346582248087314432
1346582109884985348
1346582075302821888
1346581865575145473
1346581787150082048
1346581750722551809
1346581597777223681
1346581534988521477
1346581486921723905
1346581415236927490
1346581410472218629
1346580956472373259
1346580926499872769
1346580861643325440
1346580759126159360
1346580542091911169
1346580457320800258
1346580391755472896
1346580326508875776
1346580241058320389
1346579915462877184
1346579675850665984
1346579659157360644
1346579590123294721
1346579098802520064
1346579073900945413
1346578780891078657
1346578767007899648
1346578464376238081
1346578413528571906
1346578383128424448
1346578331123126273
1346577756398755841
1346577512005054471
1346577443537231872
1346577434615812104
1346577394077982722
1346577270492844033
1346577040036794375
1346438715518943232
1346437931351691265
1346437787046866947
1346437737809850369
1346437588069076995
1346437509446848519
1346437293175959559
1346437091933229057
1346435021524054016
1346434321209585664
1346433006358192128
1346432843925381120
1346432672449634304
1346432216784646144
1346432168524992512
1346431421695463427
1346431245442551808
1346431193676353538
1346431115184267265
1346431001631862784
1346430823667527682
1346430443575533568
1346430433664380928
1346430096039665665
1346428817599029249
1346428005749501954
1346427929778135047
1346427534687268865
1346427457470021632
1346427346262372356
1346427223469944834
1346426865356042242
1346426770917097472
1346426573382156288
1346426468503584768
1346426380213514241
1346426380083286016
1346426289343713282
1346426254656987137
1346425780700655623
1346425058651201543
1346423979238699011
1346423878734770177
1346423823378206722
1346299006796795905
1346298740085145601
1346298620920942594
1346298599718543360
1346298376233439234
1346298015108247553
1346297629827866624
1346297233138860033
1346296892980772865
1346296430156279809
1346296365262000131
1346296149741809665
1346295414157402114
1346295401977171970
1346294571207073794
1346293837690388480
1346293510534795271
1346293409842135040
1346292805828796416
1346292710873968644
1346292216763879426
1346292012627197960
1346291467782938632
1346291277457833984
1346291230402080768
1346291168556929025
1346290840562446344
1346290647775502336
1346290386373775366
1346289928020262913
1346289795908202496
1346289790656913418
1346289646175744000
1346289073653075968
1346289036315545603
1346288997367214080
1346288878374842371
1346288481337815040
1346288471069970434
1346288410936320000
1346288333895442433
1346288056937099264
1346287996459495424
1346287769102868480
1346287590324973573
1346286851188002816
1346286599332450304
1346286260139266049
1346286259539378179
1346286109475524608
1346285460079992833
1346284800123039745
1346284475089645569
1346284317253763072
1346284259695325184
1346284247615758336
1346284183123939328
1346284008712278017
1346253484623073282
1346253408743915522
1346252121407164416
1346251737913548800
1346251702173917186
1346251636495298565
1346251587627442183
1346251036487544837
1346250346046353409
1346249866222170112
1346249740036485120
1346249485656207360
1346249015860539401
1346248979412119554
1346248917244129280
1346248718958252032
1346248201452597248
1346247935240134656
1346247731824783360
1346247731199827970
1346247341502771201
1346247134987902980
1346247057846239233
1346246836634472454
1346246783454756864
1346246647026651136
1346246393153941504
1346246093772894208
1346245980857925633
1346245847663652866
1346245816881700865
1346245442586210306
1346245440895918081
1346245430515007488
1346245411833606145
1346283810464428038
1346283586924675072
1346283370469154817
1346282827067908097
1346282722923327489
1346281994729078784
1346281974042931205
1346281622782550021
1346281565278507008
1346281496143941632
1346281463856054272
1346281372525199360
1346281320532631552
1346281316858421249
1346281308205576192
1346281265989705728
1346281185631236096
1346281161673363460
1346281147358187522
1346280236569276416
1346279998928392193
1346279807756234753
1346279403538571276
1346279376980160522
1346279257719394304
1346279033479307265
1346278757888233472
1346278343809912832
1346278203556552707
1346277499387441153
1346277088190349313
1346276686267097089
1346276454565294080
1346276236180516868
1346276002595536898
1346275903735791617
1346275861906026498
1346275811813437441
1346275770826694657
1346275717756059648
1346275657974771712
1346275394652164096
1346275027927314432
1346274621075677190
1346274132208578560
1346274019788660736
1346273958048522242
1346273804130127872
1346273534709030919
1346273343809449986
1346273292840275973
1346272984441495554
1346272244893364225
1346272120305717248
1346272090241064966
1346271974159503363
1346271740981366785
1346271530280509440
1346271405558689795
1346271112917889024
1346271033570025472
1346270729394905088
1346270170285830145
1346270072772423680
1346269874021138434
1346269563730669568
1346269371820343299
1346269276349603840
1346268925596753920
1346268807711629312
1346268803144044548
1346453829341097984
1346453694351634432
1346453665599664129
1346453623035846656
1346453409642242049
1346453323596124160
1346452810745794568
1346452725979095043
1346452362580414464
1346452305508446209
1346452249082556417
1346452180115611648
1346451934375383040
1346451613905526784
1346451207745724416
1346451201508986883
1346451008185106435
1346450918896791552
1346450560992636928
1346450115872104448
1346450000314712065
1346449393155780609
1346449320904712194
1346449225912086529
1346449043602382849
1346448900669009922
1346448579146092545
1346448193458896897
1346447704449294336
1346447658794315776
1346447064637591552
1346446840372338695
1346446621203070978
1346446461295181824
1346446315962716162
1346446202112512001
1346446025850982400
1346445615337795588
1346445606793998341
1346443055046426624
1346443023316439043
1346441770243141639
1346441503736963072
1346441229379125249
1346440960595652608
1346440443303587845
1346439752174731264
1346439678602350592
1346439632519647234
1346438942845972481
1346561256610811905
1346561247341203456
1346561034912485376
1346561015425732608
1346560956525129731
1346560779974283264
1346560662462316549
1346559959526473730
1346559808254730240
1346559799253733384
1346559499746877441
1346559445141221378
1346559293332586496
1346559093704712193
1346559053674196993
1346559045419872256
1346558948162338818
1346558815492333568
1346558798735974400
1346558746634366979
1346558234740580352
1346558067832455168
1346557923154157568
1346557838466887683
1346557381321306113
1346557317970599937
1346557234017411073
1346556755090829316
1346556740901474307
1346556526123737089
1346556021561503745
1346555764131958787
1346555708217634823
1346555615724888064
1346555588952678403
1346555533331984385
1346555522833641472
1346555459004551168
1346555238120099840
1346554952559243264
1346554909802553346
1346554761680715776
1346554714972971009
1346554511985430530
1346554346578837504
1346554306779033600
1346554238550355969
1346554230463725569
1346554222851076099
1346554197878206467
1346554196598747137
1346554011558830081
1346553854926663680
1346553794096754690
1346553658826252290
1346553517205454848
1346553135490281472
1346552693536550913
1346552627044249601
1346552445787369480
1346552349314179072
1346552091041542150
1346551907129700352
1346551852305940483
1346551337077641219
1346551162154180609
1346550923087269892
1346550845769351168
1346550806779195397
1346550632409272320
1346550613899948033
1346550381854273538
1346550211569717250
1346549904236187648
1346549750292733954
1346549611977003008
1346549422319140864
1346549269856215044
1346549214415900675
1346549171399090183
1346549067879489538
1346549001945030658
1346548280390520837
1346548235368849413
1346548038446309376
1346547956267290629
1346547775333396485
1346547496902938625
1346547378241888256
1346547304686379013
1346547300001341440
1346547183043145736
1346547018718609409
1346546636324016129
1346546176951259139
1346469590109356037
1346469437080125448
1346469397745942530
1346469317693513730
1346469212122824707
1346469208045993984
1346469033013510156
1346468904026001411
1346468709343219712
1346468344916897795
1346467969669349383
1346467937473892353
1346467925985689600
1346467692799135744
1346467178589999104
1346466968841326598
1346466712997150720
1346466619002736644
1346465852342874112
1346465743819272192
1346465669739544577
1346465254096572420
1346464971346104320
1346463574575763456
1346462979961876484
1346462652403335168
1346462276853919744
1346462209891651587
1346462195652157440
1346461851589042177
1346461656641986560
1346461037944582158
1346460923788226560
1346460513073463298
1346460454135148550
1346460314196463617
1346460207098941440
1346458717185826818
1346458489498042372
1346458480379629568
1346458468295782401
1346458048550858752
1346457466968694793
1346457439282094080
1346457069835190272
1346456874627960837
1346456117237280769
1346456101886304256
1346456039219212290
1346455751502524416
1346455077070974985
1346455013963538432
1346455005470056449
1346454864977567757
1346454852415721472
1346377394693795840
1346376915565891585
1346376842698084353
1346376744576671751
1346376367584239616
1346375402353115136
1346375386456797184
1346374232796590082
1346374048666836993
1346373925559623680
1346373744768524288
1346373397907992577
1346373249580617734
1346372113066647552
1346371695221723136
1346371673889656832
1346371670081228802
1346370611971567616
1346370452596338689
1346370422342905856
1346370253882703872
1346370229643960321
1346368925580275712
1346368888896802816
1346367973351698433
1346367087875338240
1346366933902495744
1346366931205562368
1346365521550315520
1346365505645514753
1346364702369185793
1346364530071384064
1346364071164088320
1346362861552103424
1346362555296591872
1346362353168887808
1346330337190633475
1346330012455206912
1346329937133768706
1346329595188924417
1346329587496722433
1346329482127355905
1346329370764435456
1346329342243196930
1346329341395918848
1346329294142906368
1346328691308171265
1346327203710025728
1346327168230563842
1346326691040301056
1346326605896048646
1346326548526190592
1346326503030542336
1346326343391334400
1346326310856110081
1346326291642019840
1346326271123402752
1346326250076467205
1346326249749307396
1346326229855719425
1346326212034109440
1346326196175462402
1346326163371810817
1346326143817969664
1346326121902649345
1346326102625677312
1346326083273154561
1346326061706059778
1346326044891090944
1346326027237285889
1346325343909654529
1346325312091598848
1346325291417874433
1346325252461088769
1346325239874154496
1346325117736017920
1346324965394550784
1346324923078369280
1346324670136553472
1346324580529557504
1346324528515985408
1346324475680198659
1346324266514526208
1346324135736193028
1346324022049456128
1346323862280052739
1346323643920474114
1346323531487854592
1346323370090975233
1346323130675941376
1346323017001881602
1346322886273896448
1346322851272548352
1346322827079802882
1346322823522914305
1346322680241246208
1346322363814592512
1346322255966474242
1346322181484126209
1346321762854662145
1346321452946124802
1346321424101879809
1346321287610654720
1346321255750905857
1346321237354676225
1346321154076762113
1346321023252242432
1346320977161019394
1346320950174879746
1346320591838736385
1346320269653270528
1346320179505016836
1346319616683855875
1346319504608026626
1346319456956542976
1346319356205043712
1346319324928221185
1346318301702496257
1346317761706819584
1346316209445343234
1346315917760684032
1346315914761875456
1346315872323964928
1346423606994206721
1346423187341504515
1346422612122095616
1346420955338326016
1346420358937784320
1346420140167065613
1346419874919112704
1346419785073127424
1346419715602841600
1346419368993959936
1346419080828481537
1346418832294912002
1346418105002717184
1346417725288165376
1346417356113809408
1346417171056840705
1346417080011206662
1346416899664605185
1346416811294642177
1346416291179941888
1346416080223256577
1346415816208773122
1346415728723861504
1346415391057342466
1346414843541204992
1346414751140745216
1346414190957834242
1346413604975882241
1346413061419089920
1346412149611003906
1346411609871233025
1346410846369492992
1346410042409545729
1346409904379219969
1346409507484803072
1346409442565214208
1346409396629368834
1346409369282424832
1346409334427643906
1346408831027392512
1346268693768986625
1346268282060382208
1346268007455203333
1346267753083240449
1346267236173025281
1346267174789267456
1346267132112330752
1346266782605172736
1346266203896090624
1346265245430415360
1346264971018121217
1346264581753221120
1346264240856969219
1346264059142950912
1346264049357615105
1346263866578268161
1346262835656085510
1346262656634789890
1346262404364177409
1346262390124511234
1346262247702724608
1346262231021805568
1346262131184971776
1346261725180432384
1346260940342386688
1346260428054265857
1346260339164233729
1346260182809141248
1346259811009245195
1346259773835112450
1346259632063393793
1346259546247987200
1346259363690901505
1346259306472222720
1346258877390745602
1346258794708393987
1346258702886719488
1346258610121277441
1346257817376673793
1346257130924359687
1346256854020665344
1346256639310004225
1346256463161921536
1346255909287292937
1346255759278014466
1346255624116477953
1346255559436210176
1346255548614848514
1346255492927148032
1346255479782207489
1346254989795020802
1346254642527805446
1346254166692421635
1346254092159561728
1346253896344338432
1346253715829874689
1346253616634540033
1346607215780761603
1346607175192481795
1346607169022541826
1346607105457807361
1346607010213736449
1346606999593771009
1346606822338285568
1346606700002992128
1346606694672068609
1346606679807332354
1346606615466823680
1346606547523293185
1346606393340682242
1346606245801820162
1346606215611244547
1346605832457302017
1346605678589313027
1346605600789176320
1346605589653196800
1346605557915000832
1346605376993681408
1346605244243869697
1346605145581355008
1346605014383554562
1346604675534094336
1346604585608241152
1346602952090415105
1346602864416854018
1346602425206018049
1346602370420125697
1346602290183102466
1346601645665349633
1346601481403658240
1346601469206781953
1346601453838868480
1346601370477064194
1346601320900341762
1346601119951310851
1346600822608523266
1346600802404749313
1346600641150537728
1346600639061626880
1346600618656493568
1346600615372333060
1346600224526053377
1346600166321750019
1346599786322001922
1346599682231984130
1346599494499098628
1346599428304629761
1346599383840813057
1346599254329077760
1346599016809832448
1346598981711912963
1346598814686343169
1346598511861764098
1346598411290750978
1346598222639218689
1346598194847866881
1346598185964351488
1346598103848247296
1346597741946957824
1346597633125740546
1346597616881029122
1346597275959664640
1346596760165167105
1346596750212161537
1346596593135464449
1346596557832007680
1346596363669299201
1346595839368601600
1346595791255851008
1346595759429443594
1346595628151959555
1346595492617195525
1346594917464719361
1346594712329703424
1346594650199642113
1346593931719548936
1346593907891605504
1346593646305488896
1346593605398319105
1346593558707523590
1346593099628343297
1346593077222400000
1346592764138377217
1346592758904061952
1346592502665666562
1346592276001169409
1346392702359904257
1346392629878075393
1346392286750535680
1346391477178552321
1346391460829138945
1346391336929419265
1346390897357959170
1346390712468733952
1346390690356363264
1346390643048935424
1346390538023534592
1346390496378290176
1346390335153311744
1346389411194433537
1346389144956792832
1346388072611651584
1346387444820832256
1346386887464857600
1346386775523037184
1346386672066449408
1346386427295240193
1346386405753118720
1346386349755166721
1346386067193266177
1346385912268206080
1346385592372912128
1346385425825411072
1346384301848481792
1346382879786463232
1346382767806844928
1346382427967647744
1346382330823233536
1346382251056013312
1346381769864605698
1346381190979334145
1346381034418532353
1346380733032480768
1346380163890593792
1346380162229800960
1346378878554492931
1346378825249251328
1346378743821062144
1346378733758914561
1346378501457387522
1346378115723964417
1346314578758660097
1346314354053029888
1346313983339409410
1346313438079938560
1346312610216611840
1346312321828872195
1346311389045018626
1346311258031591427
1346311140255485957
1346310227897929730
1346310214023327744
1346310033999446021
1346309701626040321
1346309031313469440
1346308938984083461
1346308752862019585
1346308647975059456
1346308392235667456
1346308156582891520
1346306064489172992
1346305953059246081
1346305777326178304
1346302716214202369
1346302436714172417
1346302300827111425
1346302093024505857
1346301281132941314
1346300878068846593
1346300853464956929
1346300664104636416
1346300415499931649
1346300297820467200
1346300058434560000
1346299780507471872
1346299646369382405
1346299510369075200
1346499870186745858
1346499639567134721
1346499380656816129
1346499086569058305
1346498884353183744
1346498591838392320
1346497956787212288
1346497935312240640
1346497766797828097
1346497742789554181
1346497432847265792
1346497150658686980
1346496936237522945
1346496849201553410
1346496573455396872
1346496478223552512
1346496141693767680
1346496076157751296
1346495943915528192
1346495660351057920
1346495506516623362
1346493874185887744
1346493440935276544
1346493263876820993
1346493208998633478
1346493164580966402
1346492851094491137
1346492840902340609
1346492771268493318
1346492425288753153
1346492343785021445
1346492323635503104
1346491631541882889
1346491468458975232
1346491357033095169
1346491033618706434
1346491000538226688
1346490862344273931
1346490598904229896
1346490148477927425
1346489732952416259
1346489724794531842
1346489678111895553
1346489381499129856
1346489205711486978
1346489205439025152
1346489199571083264
1346488448719474688
1346487733682909188
1346487611641090048
1346487433689493512
1346487342639570945
1346487059511455750
1346486494458994688
1346486101784088576
1346486096696401923
1346485891804647424
1346485870837325829
1346485827904233477
1346485769268060163
1346485479764537349
1346485476866355202
1346485441822748672
1346485213816369152
1346530704503529475
1346530665911758849
1346530635993767937
1346530535619915776
1346530197869371394
1346530142886252548
1346530033863700482
1346529201776693255
1346529115315253251
1346529108424093696
1346528972465725442
1346528810779467776
1346528552209051648
1346528527223500802
1346528305760112643
1346528052088631296
1346528023839965184
1346527671887532032
1346526653992861697
1346526492478431232
1346526302359187458
1346526176316157959
1346526166799118336
1346525901916278785
1346525777475473408
1346525204986650631
1346525093841805314
1346525044227321856
1346524972374781953
1346524778392412162
1346524719001051136
1346524193433772033
1346524167097765889
1346523871843934211
1346523748426514434
1346523741472354305
1346523719053709313
1346523651340812288
1346523588753502208
1346523102092660737
1346523021469741056
1346522686311309313
1346522233179578370
1346522000215449600
1346521902932639744
1346521286487535617
1346521151737110529
1346521100772134913
1346521085240602627
1346521044664901632
1346520965883318272
1346520666451935239
1346520225450254339
1346520204512288772
1346520147863994369
1346520096567652352
1346520013163868160
1346520001512144899
1346519637878583298
1346519573366005766
1346519459566071808
1346519395384885248
1346519379719172099
1346519176047964164
1346519085383782401
1346518912997994497
1346518885143617537
1346518816474488832
1346518660484108290
1346518445186297856
1346518379637559296
1346518299518128128
1346518224981041153
1346518039764856840
1346517982558756875
1346517800966352903
1346517614537842689
1346517596535988224
1346517416625496065
1346517289101897731
1346517284324405250
1346517213516353536
1346516777015115777
1346516759554101253
1346516490242019329
1346516464082296836
1346516411192139776
1346515951890685954
1346515912627777537
1346515874946101253
1346515820160184322
1346515710906871810
1346546097976700928
1346546057795297281
1346545915553865728
1346545911271469056
1346545874244087809
1346545674809184256
1346545398190661636
1346545284055236608
1346545243378823169
1346545114957680641
1346544855573528578
1346544655291228161
1346544019648741382
1346543939982127105
1346543754044461058
1346543504663707648
1346543333632602115
1346543280633339908
1346543239021678593
1346543056196136968
1346543055294357504
1346543017407242240
1346542851241472001
1346542813140426754
1346542710673399808
1346542422529110018
1346542258359824386
1346542193121652736
1346542067837792264
1346541929891131393
1346541880100601861
1346541717298753543
1346541557965578241
1346541216226299904
1346541072386838530
1346540941604225024
1346540809588510720
1346540610551996416
1346540570907435009
1346540530210115584
1346540210603999232
1346540125681926144
1346540074217975809
1346540051111489539
1346539903287513093
1346539833603334144
1346539527406374913
1346539390185713664
1346539160237191169
1346538873388748800
1346538764856913924
1346538744258695169
1346538620275060736
1346538534430244864
1346538440624627712
1346538351571173377
1346538340896665603
1346538244540915713
1346538060826238977
1346537779279269888
1346537644713533446
1346537569060855809
1346537291150462977
1346536627963899906
1346536594241703936
1346535996926685184
1346535866743844866
1346535831658491905
1346535726364680198
1346535253503053825
1346535171936432131
1346535105607704582
1346534811578449920
1346534494317260801
1346534351878684672
1346534164254904328
1346533972982059008
1346533940153245698
1346533883416870912
1346533849203924993
1346533592927793155
1346533513017769985
1346533414409650182
1346533372194127878
1346533249867264000
1346533141368897536
1346533026503815174
1346532941665611782
1346532832714383362
1346532730079768577
1346532507316064261
1346532428387594240
1346532282337812480
1346532272267259907
1346532214767550465
1346531877981716486
1346531748226752513
1346531717507649538
1346531640911265793
1346531238279077888
1346531224442056704
1346531218154782726
1346531208633659395
1346531200610033664
1346531147141046272
1346531087380582404
1346484738383613952
1346484666577117185
1346484162614730754
1346484102464217088
1346483505270820866
1346483458785292288
1346483458206433283
1346483450895855616
1346483416724865025
1346483336382976000
1346483108103667716
1346482885587439620
1346482764787249152
1346482744965046272
1346482734290489344
1346482713059012608
1346482503192756225
1346481636657881088
1346481002554642434
1346480916063866880
1346480424076288000
1346479815306616833
1346479038240419841
1346477997432311809
1346477946584748034
1346477612403572737
1346477533848510474
1346477391162482692
1346476871941177344
1346476785727225857
1346476622145228801
1346476577396121600
1346476368960266240
1346476217784930310
1346476192128323586
1346475704133644291
1346475298376753157
1346474517812506628
1346474436610781184
1346473704935493635
1346473301334343684
1346472989911498762
1346472793798393857
1346472653184409609
1346472614374477828
1346472439820161025
1346472373994733571
1346472290549002242
1346471800977309702
1346471204815683584
1346471090449649666
1346470503007936526
1346470142020997121
1346470066506747904
1346470038560153612
1346470025457147906
1346469910797373441
1346469799900008450
1346469706610343942
1346469642554884108
1346361562433343489
1346361289887666177
1346360280406765568
1346359851816022017
1346359563713331201
1346359235190419456
1346359206396321792
1346358450981400576
1346358312938323970
1346357584740167681
1346357385363939331
1346356945398198272
1346356366148071424
1346356112916967425
1346355766836547584
1346355380486594567
1346355173812178945
1346354647083184129
1346354611762782208
1346354308321849350
1346354219238961156
1346353552520667138
1346353062475046915
1346351974183301121
1346351860047892480
1346351614878167043
1346351550122373121
1346351471386914817
1346351380794118146
1346351258563731458
1346350393555615745
1346348529799741440
1346348056308977665
1346347931851489280
1346347871138938885
1346347326214873088
1346347258086785025
1346408183443714048
1346408096353157120
1346406366492168193
1346404823441272833
1346404322691723264
1346404246028242944
1346404144664424448
1346403834344710144
1346403281267019776
1346403026316115968
1346402766890160130
1346402191934951424
1346401974183288832
1346401485274427393
1346401448083423232
1346401276636979200
1346401109330567168
1346399247067918336
1346398971112075264
1346398696070656002
1346398688046960640
1346398582941876225
1346398174739648513
1346397985295503360
1346396708775878656
1346396556396818433
1346396128548323329
1346395994922090496
1346395673734901760
1346394777290379265
1346394680691466240
1346394395596099588
1346394382992289793
1346394351597998080
1346393783244644352
1346393657855848453
1346393351021617152
1346515116540493833
1346514652067409922
1346514142039928832
1346514111933382657
1346514009261027328
1346513926788411393
1346513860912701442
1346513855179075587
1346513826162860032
1346513491163815941
1346513137827196929
1346512964241776641
1346512750231642113
1346512652479160324
1346512276178800642
1346511805418504192
1346511433421479941
1346511382620106758
1346511344284135426
1346511282145521667
1346511255713026051
1346511069305516032
1346510937604431872
1346510856142643202
1346510566534340611
1346510456786186240
1346509839107813376
1346509427940208641
1346509165863305225
1346508888351404034
1346508576043528195
1346508158282305536
1346508062652305408
1346507968129486849
1346507807848235011
1346507799186919424
1346507699870179330
1346506152071323648
1346505948727308288
1346505546162188288
1346505297406390280
1346505114664783872
1346504931231096833
1346504600073990144
1346503768918142979
1346503206013202433
1346503201932124167
1346503164636393472
1346502875200040961
1346502722262994949
1346502509712568321
1346502440242335750
1346502333593751555
1346502319836340224
1346502293265534976
1346501998129143810
1346501776850235392
1346501675671019520
1346501663633399808
1346500956935086084
1346500887242539008
1346500700898021377
1346500490176192521
1346500277986340864
1346500225561747458
1346576587056160771
1346576132749938689
1346576060159307776
1346575188738138112
1346574280163807233
1346573978928820225
1346573906967220224
1346573752746668032
1346573737018142721
1346573693774929924
1346573680520929281
1346573523612000257
1346573484302901248
1346573314706329603
1346573284557672448
1346572995045765120
1346572704632233985
1346572619370409986
1346572418685530117
1346572320345886725
1346572257758507008
1346572141429485568
1346572123993726979
1346572035225513987
1346571931609407496
1346571886742941696
1346571215163584513
1346571062876774401
1346571036133875712
1346570747083370496
1346570681664888833
1346570608440725506
1346570602216349696
1346570502374973440
1346570282417283072
1346570239757189126
1346570211093262339
1346570164834344962
1346569972542271488
1346569517590306816
1346569359250976768
1346568498999418881
1346568464522219528
1346568424042983424
1346568268631453697
1346568246712020994
1346568162490408965
1346568153548136452
1346568113144303617
1346568088070852609
1346567580941750272
1346567455322365956
1346566924797358080
1346566681116561408
1346566660665319425
1346566547834331136
1346566458852085760
1346565999760441348
1346565977052487682
1346565687762944006
1346565679269498884
1346565662500659200
1346565659719856128
1346565327048601607
1346565275651629059
1346565088967327755
1346564678160437248
1346564550162845698
1346564391697833987
1346564386605957121
1346564329408258051
1346564255387148289
1346564176806694913
1346563615076319234
1346563508075458560
1346563041178116104
1346562670376472576
1346562635035103233
1346562585575960577
1346562234026082304
1346562180628553729
1346562066509930498
1346561930027270146
1346561871294435331
1346561700913422336
1346561630562377730
1346561494540976129
1346346052941537282
1346345847118680065
1346345781335363584
1346345068203020288
1346344850392756225
1346344311462502400
1346343472777879552
1346343303109881857
1346343198646362113
1346343098561998848
1346343029569945600
1346342872736550913
1346342845636984833
1346342728637046787
1346342602891800577
1346342543961829376
1346342495832182784
1346342482100056064
1346342480824967168
1346342277078253568
1346342142248161280
1346341999666933760
1346341947829583872
1346341811321794561
1346341767419981825
1346341216124866562
1346341107249147910
1346340783788589057
1346340593157476353
1346340354946166784
1346339906088529920
1346339368416518145
1346338809928167425
1346338591983751168
1346338533167013888
1346338285199757313
1346338131415543808
1346336906724995074
1346336612611883010
1346336562515243008
1346336550007799808
1346336434572111873
1346336173900357632
1346336139234328576
1346335703773405184
1346335698580770816
1346335640166645760
1346335628334653440
1346335486143574022
1346334926447255552
1346334333657780224
1346333858531336192
1346332025700065281
1346331927993790465
1346331150348783616
