1360964905667543050
1360964528234770432
1360963837021798402
1360962738684653568
1360962601379901441
1360962582610399236
1360962500498395142
1360961964479025154
1360960944730382342
1360960790979883012
1360960790409465856
1360960733328990211
1360960423219126273
1360960352935149569
1360960212367073280
1360959911333531648
1360959732366852096
1360959723244195846
1360959692457959424
1360959539625873408
1360959377839058952
1360959063899729923
1360958876934418433
1360958560323186692
1360958415518900225
1360958137403121672
1360957922029801475
1360957741532086274
1360956922413875201
1360956668415270921
1360956372553244676
1360956278508572675
1360956210279809029
1360955616265703428
1360955404755296259
1360955350254555137
1360955315018223620
1360954883180875777
1360954785902567431
1360954108144984066
1360954080642822149
1360953758356807682
1360953438893449219
1360953326884560897
1360953308853239811
1360953254847381505
1360953203085377542
1360952693477539851
1360952459678674948
1360952381983379456
1360952211136782336
1360951672948760581
1360951502827905025
1360951352202055680
1360950015129223172
1360949887655940098
1360949864562102275
1361026802706169863
1361026592470831104
1361026439458541575
1361026294130049032
1361025917389328385
1361025831255031829
1361025604720726021
1361025174951370756
1361024670661771265
1361024368579592196
1361024110059470854
1361023970447876104
1361023051186532353
1361022813382008835
1361022763805343747
1361022141429403648
1361021626700210177
1361021337439899648
1361020479650291712
1361020348829995012
1361019912349749259
1361019863330881542
1361019491765932034
1361019212227956736
1361019022951735302
1361018995177119750
1361018898850615298
1361018741564338176
1361018562203185155
1361017993162072068
1361017973817884674
1361017424590462979
1361016528636944384
1361016328342093824
1361015619202797569
1361015516832399363
1361015512264810496
1361014998840057856
1361014936550408192
1361013490387980293
1361013436042407938
1361012902518472709
1361012331346497540
1361012209527230469
1361011868014411778
1360760833912016900
1360760682287951873
1360760655314186243
1360760466662961152
1360759553890074625
1360759510093160449
1360759435698843654
1360759297957789697
1360759253460525059
1360758739444244483
1360758125167534085
1360758103940227074
1360757822695247874
1360757540347383809
1360757062649606146
1360756480987697153
1360756420098973700
1360756311370194944
1360756206328025095
1360755299003596800
1360754515490734085
1360753279525863424
1360753069726793728
1360752927061790720
1360752103778619397
1360751598255931396
1360750820787019776
1360750409745371137
1360750351071072260
1360750307018375169
1360749913211027459
1360749845754093568
1360749483617837059
1360749334334177283
1360749170374578176
1360748887628275712
1360748583893483521
1360748501253160961
1360748247598456833
1360748098474147843
1360747745615745024
1360747168395636737
1360747113152446465
1360746969732427778
1360746933829033986
1360746815960870913
1360746808578895879
1360746767269191681
1360746530458714115
1360746385457508354
1360746229290958848
1360746163348140032
1360746140082331650
1360807127367831552
1360806770654994432
1360806066959785984
1360805081327800333
1360804906790125569
1360804436680048642
1360804222019723266
1360803713875668992
1360801865831755776
1360800472077131779
1360800451734609926
1360800234897465344
1360799878042034176
1360799800011161601
1360799677650587651
1360799465465147392
1360798258474409984
1360798025262637058
1360796650625765376
1360796557604315139
1360796224899534849
1360795110804508673
1360794201965944832
1360793853813432320
1360949520863875075
1360949140490969092
1360949000292216833
1360948949763375109
1360948869685776389
1360947877711810560
1360947789119643650
1360947141083029510
1360947005900611585
1360946937252384772
1360946611355066368
1360946460578230272
1360946436829900806
1360946359881334787
1360946278952292353
1360946174333755397
1360946105580716033
1360946075780198401
1360945764692811781
1360945514821386246
1360945477936701441
1360945438841397253
1360945166065037315
1360944976524414979
1360944523371806729
1360943834088136709
1360943813720702981
1360943672276250626
1360943628386992133
1360943421897203712
1360943170293551104
1360942942630809606
1360942299597864963
1360941957065883649
1360941898379182081
1360941399982628864
1360941343049084929
1360941259427373058
1360940938680561668
1360940917633536000
1360940843226583044
1360940517987598337
1360940470466211843
1360939405733675011
1360939257267970049
1360939172995940360
1360938866082017283
1360938765959782404
1360938739841650697
1360938653074264066
1360938194359975940
1360937842566922245
1360937789601308674
1360937409253376000
1360937221524627462
1360936171585609728
1360936077478006787
1360935898519654406
1360935582826979329
1360935080751992835
1360934961298178048
1360934687561113602
1360887762539397124
1360887276566290434
1360886761593921539
1360886494731390977
1360884971184021505
1360884850669064193
1360884678580961280
1360884579889012738
1360884484833476614
1360884391019503621
1360884299390611460
1360884025519464450
1360882751721848832
1360882433621655553
1360881923191672832
1360881917525172225
1360881899649048578
1360881621877030912
1360880826498625536
1360880635896877056
1360880447786516480
1360880044676153346
1360879689498247168
1360879467082747907
1360879310593089536
1360879004476203010
1360878488346058752
1360878471204003843
1360877203773358081
1360875708604637189
1360875389392982018
1360874605762740224
1360873840906231812
1360873839874494466
1360873419454226432
1360873210376376322
1361087727169634313
1361087692260462594
1361087607250239491
1361087420951908352
1361087337564897281
1361087284494368771
1361087265443876870
1361087252483493889
1361087219990200320
1361087186116968452
1361087162901532680
1361087144224313345
1361087120740409345
1361086997109108746
1361086939198332929
1361086890443685891
1361086839986216963
1361086837691940865
1361086775150714883
1361086661204049921
1361086410112000000
1361086312086839298
1361085446793666561
1361085428091265027
1361084976242978817
1361084813986430990
1361084516568363011
1361084245268135944
1361084224506331141
1361083670149406720
1361083509427830785
1361083507615936512
1361083165289373697
1361082404845232129
1361082247709794305
1361082168362086407
1361081801226276866
1361081701787705349
1361081672909938697
1361081530353930242
1361081265949138949
1361081073401290754
1361081059270656000
1361079705747808256
1361079071602601988
1361078962340913157
1361077637943357445
1361077390500368390
1361076841042313223
1361076812621692934
1361076600968724481
1361076530978435073
1361076014324006915
1361075735377641474
1361075606230863874
1361075530406240263
1361075279158984706
1361075060426031106
1361075003341570048
1361074854607212544
1361074678920577025
1361074565716262913
1361074539690676225
1361074311042387974
1361073985056886786
1361073917050281986
1361073474765258760
1361073406574223368
1361073322306531333
1361073284549337088
1361073277356175363
1361072791886331911
1360791674885189638
1360790520432381953
1360790274742620162
1360790063370625025
1360789756284575747
1360789647652245508
1360788003128561664
1360787510444625930
1360787014140968962
1360786201263837188
1360785695237931013
1360785357252493318
1360783753279324162
1360783400777490432
1360783202403700741
1360783035155636229
1360782544933904384
1360781204279164928
1360781176990928896
1360781092924448771
1360780078947307520
1360779020934250499
1360778835663282177
1360778766084153344
1360778614657200131
1360778509237518340
1360777753465880577
1360776605132496898
1360995834326884354
1360995351629455365
1360995249666015233
1360995211527081990
1360995209451028483
1360995111618768896
1360994423916519431
1360994272816816132
1360993928577773573
1360993073476567041
1360993050781224960
1360992890978250758
1360992727626833921
1360992621750087686
1360992486806736898
1360991581973676033
1360991105962008578
1360989893615378434
1360989602715213831
1360989450344554496
1360988890300047362
1360988542655029248
1360988174017683457
1360988122356547586
1360987422138503176
1360987229355671555
1360987209088794627
1360986756632444933
1360986218402631687
1360985734921019392
1360984984299982853
1360984940695945216
1360984554585149443
1360984309918691330
1360984157288079370
1360983678860468229
1360983146867658754
1360983072179650562
1360982897457520642
1360982850548486145
1360981952069857280
1360981801645277189
1360981476301545477
1360981408555143171
1360981219022942214
1360981181987225606
1360981046385405959
1360980918295552003
1360934382752706563
1360934119480446977
1360933776789016579
1360933478582218752
1360933064826703874
1360933033638002688
1360932968366280706
1360932653562789891
1360932247696789506
1360931754262089728
1360931406583529472
1360931219278622722
1360930777861681155
1360930103212052485
1360929831446216708
1360929551858171904
1360929416768065537
1360928921068388357
1360928688196485127
1360928340354465792
1360928091296722946
1360928023562846211
1360927656368300033
1360927549673467906
1360927157774471174
1360924193316028425
1360924097920794624
1360923982996926464
1360923521317302276
1360920952188645376
1360920766083129345
1360920699389509634
1360745206140739585
1360745137522040836
1360744895158378498
1360744751071338499
1360744154125467653
1360743990556000256
1360743795986489349
1360743612594737152
1360743398039240704
1360742964721459201
1360742700098674696
1360742692146339847
1360742623556886529
1360742600240738306
1360742555516887042
1360742287735721993
1360742200456458242
1360741463085228039
1360741348610084867
1360741267605512198
1360741069646921728
1360740760262483969
1360740650044575747
1360824569293070336
1360824071936643074
1360823854646583296
1360823600240988168
1360823494720839680
1360822812307427331
1360822402007986179
1360821417902805000
1360821209190043648
1360820624541814784
1360820622817980418
1360820512654389250
1360817030551773186
1360816064699990019
1360815768565350409
1360814508164358145
1360813562684399616
1360813528026910720
1360813389832880133
1360812399280939010
1360811184409092097
1360810524829757445
1360810386061197312
1360809493702062080
1360980189820428291
1360980108320858124
1360978176197951492
1360977841173708801
1360977832940236805
1360977748244668417
1360977314490777601
1360976547809792000
1360976127133708288
1360975635741618178
1360975175911698434
1360975125202542600
1360975001264996357
1360974934084902914
1360973933638516747
1360973330212397066
1360973317277114372
1360972835989188612
1360972350364127238
1360972230436524034
1360971807998754818
1360971496525606912
1360971179192954880
1360970725985763330
1360970688308391938
1360970505570910212
1360970183075102724
1360970166692175874
1360970059254956034
1360969469015838722
1360969259527069702
1360968360637435904
1360967990620004353
1360966850176286720
1360966284481990657
1360965953295691779
1360965909532323840
1360965870546259969
1360965822190153731
1360965279484936192
1360965159985020933
1360872268574916608
1360871766978039809
1360871247249362945
1360870976972607488
1360870310610886657
1360869870452244482
1360869261380624384
1360868909562400769
1360868420665958400
1360868132022288386
1360867581255630848
1360866605752856576
1360865897662074880
1360865362770804737
1360865318328012807
1360864823941169153
1360863779316187138
1360863672625602561
1360862995518164996
1360862937729036292
1360862386433925120
1360862352455831553
1360861633774383105
1360861569333272576
1360861203015294978
1360860082490245120
1360859895399124993
1360858229186658307
1360858161737961473
1360858107610619904
1360857667049320449
1360857588762611716
1360857512992534530
1360840393076731911
1360840236813615109
1360839994735292416
1360839934186164228
1360839838551973891
1360839700420775936
1360838712339349506
1360838026251939841
1360836255718797313
1360834987583434756
1360834746234728448
1360834529997578240
1360831282851192842
1360830905087102977
1360829932117532672
1360829367895662592
1360829243593289729
1360828915753750528
1360828710136541186
1360828091514445825
1360827688890609664
1360826742252859399
1360826282418659328
1360826115267428354
1361057416306122753
1361056765736071171
1361055127973560325
1361054412916072465
1361054316816175106
1361053967350923265
1361053862359105538
1361053600638623747
1361053397923885061
1361053314918584326
1361053275018117121
1361053267082571778
1361053202934886401
1361053017366233088
1361052746749796357
1361052721848139778
1361052689535291401
1361052667162820613
1361052638612238341
1361052638524174340
1361052546970882054
1361052510086135810
1361052263746273281
1361052135270608896
1361051366031036416
1361051208123826179
1361051116696440837
1361050987558031361
1361050585160630273
1361050388825321476
1361050267236638720
1361050198521376772
1361050012826877954
1361049820887011328
1361049773369921542
1361049595799830530
1361049018101620736
1361048949818331137
1361048885511258112
1361048835489996801
1361048776652251139
1361048709623140356
1361048669844344838
1361048627058204678
1361048585777913860
1361048555109113857
1361048483105562624
1361048456391974916
1361048393838194697
1361048355380596739
1361048354583678980
1361048332014075913
1361048286359093252
1361048261797281793
1361048194545811462
1361048166615945216
1361048156801294339
1361048127122395145
1361048125130104834
1361048060118327297
1361048034994495488
1361048013989412867
1361048003482648577
1361047977868017666
1361047926949236740
1361047375461175297
1361046986217164806
1361046860291600384
1361045377319919616
1361045234726166528
1361045191059271684
1361045132989063170
1361045082284122114
1361045041809137673
1361044987258023938
1361044969855795209
1361044912473522176
1361044867401580544
1361044785587486723
1361044778297798660
1361044759553470470
1361044719644647426
1361044638870732808
1361044556280700940
1361044351263121408
1361044001214914563
1361043569809760256
1361043377060421633
1361042950826950658
1361042611117711367
1361042428527050755
1360918594641481729
1360917879005220864
1360917320634277889
1360916876411498496
1360916619720069123
1360915821887897602
1360915734294130688
1360915540236251138
1360915195179204608
1360914594278080512
1360913590602113026
1360913164880150533
1360911798808047618
1360911142588211202
1360910448749670401
1360910072042446849
1360909965679075328
1360909878143950851
1360909824662376451
1360909545837649923
1360908691902496771
1360908598403092483
1360907973128822785
1360907952501239810
1360907927842918403
1360907891192909824
1360907805486645249
1360907769893715968
1360907529618812928
1360907526309576704
1360906902297866248
1360906893129093121
1360906774224789506
1360906610567221248
1360906095288602624
1360905489731715074
1360905132418990080
1360904811382792195
1360904303729205248
1360903525753061377
1360902866546876417
1360902390606532609
1360901577691832321
1360901253988044803
1360900927818002436
1360900685194272768
1360900618299211778
1360900270993993731
1360899975543205889
1360899754247528453
1360899724186943489
1360899636701982721
1360899277501923330
1360899083800440834
1360898511915675648
1360898181387575298
1360898043432861699
1360897443798396929
1360897363783606275
1360896884823519232
1360894443348516867
1360893631503204353
1360893381648416772
1360893258197516289
1360893137196097538
1360893091499159556
1360893024713273345
1360892830462472193
1360891143819509767
1360891115042443264
1360891080217145345
1360890977385340931
1360890937271009282
1360890220665798656
1360889952398106625
1360889413191016453
1360888489491980290
1360888009319735296
1361011463863865346
1361011445392097286
1361010563774619657
1361010404067930116
1361010090124443650
1361009736393588736
1361008547174223881
1361008416118956032
1361007171295666183
1361007070200418308
1361006919322861581
1361006907163607045
1361006651948564480
1361006192462602243
1361006073445048323
1361005968109285376
1361005692618948615
1361005028757102597
1361004980715552769
1361003957548699652
1361003857573277697
1361003782730047489
1361003533349265411
1361002966250106885
1361002529425936391
1361002461109051394
1361002395057213446
1361002012196888577
1361002011827798016
1361001682864381954
1361001579860664320
1361001475976101889
1361001430778265604
1361001391314108418
1361001351409504256
1361001311056105478
1361001306274607111
1361001292852781056
1361001288587046912
1361001252893712384
1361001164293160963
1361001114741661697
1361001083825508361
1361001045300772869
1361000936018165767
1361000900161114120
1360999909181120514
1360999400869400591
1360999191984672771
1360998810055548930
1360998710294020099
1360998615590789126
1360998437609693184
1360998201516507140
1360998140334252033
1360997955927441416
1360997246779748355
1360997088029474819
1360996990180601857
1360996552093884425
1360776224134623233
1360775905958797313
1360775413614731265
1360774221039861760
1360773666066300930
1360773370959302658
1360772782045360129
1360772463857045504
1360770646687379457
1360769306838134786
1360768835637235717
1360768613561606147
1360767464674631684
1360767351227047937
1360765765151051780
1360764233781284864
1360763277488316416
1360762959358787584
1360762861107245057
1360762849342152710
1360761910619033601
1360856210174476288
1360855655750529027
1360854565931876352
1360854483555745792
1360854153291993090
1360853854812852225
1360853025506680833
1360852769423384578
1360852530096467970
1360852329856045057
1360851296564166662
1360850925259259906
1360850915142619138
1360850760100163584
1360850525890166785
1360850132548386819
1360849693870325761
1360849572524916738
1360849026489475072
1360848952673767430
1360848860919259138
1360846503120695299
1360846104380645378
1360845866421133312
1360845144904380417
1360844132843888643
1360844033619234817
1360843941654921216
1360842884925194246
1360842740905443328
1360841583625711617
1360841532094484483
1361072626236547072
1361072535228600324
1361072523924959236
1361072468832698368
1361072444589682689
1361072161105018882
1361072119874994180
1361072047158394882
1361071995413270528
1361071990866661379
1361071779817603080
1361071577824174080
1361071484467351555
1361071115003695105
1361071043310456832
1361070972875517955
1361070750141194246
1361069652957421568
1361069485445242890
1361069448451530755
1361069437433094149
1361069315475136512
1361068962574962688
1361068701617967113
1361068443211038724
1361067713049882625
1361067586507722753
1361067344609558529
1361067259280715777
1361067032792489987
1361067029743173634
1361066749299417091
1361066590490554371
1361066548341923853
1361066466917945351
1361066426245799937
1361066408566734857
1361066400882831365
1361065944269942785
1361065655680827395
1361065291413790720
1361064424585322502
1361063217380937730
1361063008609263618
1361062015289208832
1361061816470802437
1361061815153790976
1361061489365327873
1361061288613318656
1361061114621005825
1361060342827266055
1361060176413999105
1361060165034901507
1361060096269295619
1361060017038909442
1361059971379699714
1361059919844290562
1361059793293705218
1361059738570620932
1361059726717575173
1361059673705771016
1361059646832848897
1361059623382491142
1361059594617954307
1361059436467544075
1361058763680063488
1361058747452329986
1361058731908333568
1361058106453729285
1361057599202983940
1361042092416520199
1361041713012166658
1361041414403076101
1361041125700734982
1361040903822077961
1361040164714393602
1361039718180397060
1361039231913779202
1361039212649324545
1361039170815336448
1361038704257728525
1361038499139452931
1361038469527719940
1361038268691845132
1361038131944898568
1361038086231101440
1361037556838727680
1361036764719251456
1361035806308188169
1361035798662033412
1361035796107640834
1361035792362135558
1361035791263227904
1361035711504392198
1361035646098411523
1361035596144254985
1361035473255337989
1361035248352518154
1361035144891539456
1361034643768803336
1361034516714852354
1361034126195851267
1361034085200715782
1361032847813971976
1361032805019504641
1361031779491151872
1361031708066381833
1361031338967629824
1361031280830406658
1361031179680505856
1361031117273501697
1361031051649441793
1361030992732057600
1361030826373177344
1361030684668788740
1361030605253861381
1361030306548097034
1361030069305622528
1361029561778077698
1361029135099912198
1361028733944041472
1361028268183478278
1361028194120445953
1361028032849469441
1361027790846521345
1361027787084222471
1361027384892252160
1361027056033751050
1361102839179804675
1361102743893639169
1361101643463458829
1361101196539305988
1361101077194682370
1361100729138708484
1361100157274750977
1361098530715291656
1361098346803306500
1361097922054651904
1361097875032322048
1361097556466434049
1361097201326424067
1361097182741483520
1361096612525858817
1361096337459044353
1361096266214563840
1361095805306687489
1361095092518457351
1361095044321566724
1361094998037520384
1361094938151247880
1361094873269497859
1361094784807485440
1361094709444292608
1361094274130063363
1361094163647918080
1361092714016702469
1361092655141249025
1361092632877928449
1361092367005138947
1361092036967997444
1361091797250945025
1361091200405667840
1361091147184041987
1361090811891507203
1361090794380230665
1361090769424105472
1361090462375944192
1361089270916804608
1361089259726200837
1361088712847851520
1361088475999531008
1361087817967927296
1361087783914274817
