1384021406678020097
1384021307881267210
1384021222887878662
1384021203946401803
1384021002900754436
1384020290930233349
1384020076446117892
1384019776322752514
1384019747415543808
1384019329700691969
1384019300315373570
1384018925071966209
1384018904964423685
1384018809309130753
1384018779068256259
1384018270198538241
1384018007735738375
1384017572136251395
1384017474673287171
1384017025140281344
1384016767488462853
1384016733468385283
1384016175403704322
1384016144231657472
1384016089084956674
1384016056226697219
1384015940694642694
1384015571277156355
1384015465467453445
1384015282616758286
1384014923194269699
1384014429348450307
1384014182605938697
1384014174561263617
1384013877118050307
1384013751175630852
1384013483793010694
1384013433612357640
1384013399072272387
1384013189256335360
1384013159699140608
1384013084528758785
1384012889074278402
1384012792483639297
1384012739450863620
1384012662502158337
1384012626737254405
1384012555153076226
1384012332204888074
1384012261426008067
1384012222574198784
1384012206254170114
1384012141011759104
1384012085042900999
1384012064595734530
1384011786957955078
1384011731957997575
1384011452864884737
1384011319959904259
1384011034965385220
1384010658262372352
1384010583079489537
1384010570236502019
1384010562363805696
1384010207462711296
1384010169848193026
1384009942890278921
1384009833993494528
1384009783166922753
1384009527868026883
1384009402001227785
1384009258258223104
1384009096374853632
1384008708292710403
1384008588721483778
1384008550414880778
1384008257463750660
1384007778998439937
1384007681669697536
1384007517991174146
1384007492426887168
1384007279507230720
1384007245738889220
1384007217276358662
1384006959397883906
1384006533684494339
1384006387353624579
1384006329346392079
1384036522307899397
1384036518709186563
1384036499641954304
1384036152143802369
1384035860094492679
1384035837407420418
1384035482506383361
1384035325215862789
1384035092004102146
1384035064183353356
1384035028015869957
1384034626784481285
1384034524489650176
1384034276606320640
1384034241101451265
1384034050139066377
1384033834006552579
1384033754734219265
1384033680595701767
1384033662291759109
1384033352227852295
1384033315783512069
1384032926388555779
1384032551677829126
1384032427320832012
1384032423638306816
1384032288678105090
1384032202036445185
1384032180603527168
1384032123795873795
1384031954194952192
1384031917796847619
1384031727056678916
1384031382528172038
1384031356053716994
1384030326268198916
1384030260329521158
1384030245695541261
1384030236438794244
1384029825996713994
1384029677346459649
1384029474572816391
1384029445279809540
1384029434416549894
1384028968571994114
1384028587867525131
1384028567407788036
1384027879827066881
1384027091910291461
1384026566301126660
1384025051662405634
1384023697745346567
1384023653340237830
1384023625754320900
1384023303820480513
1384023279686414339
1384023064350904321
1384022808477372417
1384022385515384834
1384022150965649412
1384021902767792128
1384021692196933638
1384051665792245760
1384051545956708353
1384051451161288710
1384051388389289992
1384051272316116992
1384051219702816774
1384050925166227460
1384050832295956481
1384050776188755974
1384050673788997634
1384050478992924677
1384050460500185089
1384050411007447044
1384050243017220097
1384050152999030788
1384049937281814528
1384049896584409091
1384049832701038597
1384049628014809094
1384049553561686021
1384049170344943617
1384049117823864834
1384048891528548358
1384048714608648196
1384048468319109123
1384048365952901122
1384048280129085442
1384047967145844737
1384047966885797888
1384047580150079489
1384047309063819269
1384047250544889858
1384046641913552903
1384046632405069828
1384046474644787206
1384046021613740035
1384045795108818947
1384045561624481794
1384045376907333637
1384045162314158083
1384044251512590338
1384044019139846150
1384043954769862658
1384043886461427718
1384043493752901634
1384043423250874372
1384043348290195459
1384043170959294479
1384042761054158853
1384042321168068614
1384041867856125963
1384041571591409664
1384041104140496896
1384041039577554959
1384040988155416577
1384040823466065921
1384040744009142273
1384040663021330432
1384040290739048453
1384040258434572298
1384040214721490948
1384040166122168320
1384040015693455366
1384038825719046152
1384038489096740871
1384037752631488513
1384037482149253122
1384037375890710531
1384036927565832194
1384036571796578306
1383975840447270912
1383975502906490881
1383975368650985476
1383975150341672964
1383974918648303623
1383974810296881163
1383974800612200453
1383974723751596039
1383974376165371907
1383974290513530892
1383974107763544066
1383974066134999043
1383974038611972097
1383973876607045636
1383973868717543431
1383973712064512007
1383973479641350152
1383973388322934789
1383973096151949315
1383972818824556547
1383972778383056908
1383972713711038472
1383972659797499907
1383972585306611712
1383972449352486918
1383972441995694089
1383972359686615044
1383972256989073417
1383972182313734151
1383972151099740171
1383972147974926339
1383972114001129474
1383972037073403904
1383971937316007937
1383971894534172673
1383971825537802242
1383971558746574848
1383971469261037570
1383971379200946179
1383971334355517443
1383971308682190854
1383971302415818756
1383971011125600262
1383970898256928770
1383970545662763017
1383970385670983684
1383970348379504644
1383970065393983489
1383969682638589952
1383969461120638977
1383969410927398918
1383969239728484354
1383969154516930566
1383969084056883202
1383969072740659201
1383968994802036737
1383968749217144837
1383968514906591237
1383968396274925574
1383968372522590210
1383968182508003340
1383967946410663942
1383967906950619142
1383967802529259524
1383967527420588032
1383967479760781333
1383967475469930501
1383967409384542216
1383967249732554754
1383967165649358849
1383967063723499531
1383966966885470210
1383966910862086148
1383966811427803137
1383966753504432128
1383966726631550976
1383966562466422793
1383966108885995523
1383965409028710409
1383965141469782033
1383964989975711748
1383964938595565574
1383964718637871106
1383964529634074634
1383964076032679941
1383964053387628551
1383963687581470723
1383963684104380422
1383963254796427264
1383962584513056769
1383961946790109198
1383961946135797761
1383961799431708672
1383960943089000450
1384127626273456142
1384127608963559437
1384127400687009796
1384127120666816525
1384127044741599241
1384126952643063810
1384126904265895945
1384126851623243777
1384126848083193862
1384126797227327496
1384126579626766336
1384126295219445761
1384126225644363776
1384125907590283271
1384125560079540228
1384125464101355526
1384125463166013441
1384125215647539206
1384125198002102284
1384125165596942350
1384124745923235849
1384124635986337794
1384124619653750789
1384124384210604042
1384124154761252865
1384124065393221635
1384124063224795137
1384123993733562380
1384123951924670469
1384123807166652419
1384123790343380994
1384123593966034945
1384123519789797389
1384123401195847683
1384123151232077830
1384123143640420355
1384123092490866691
1384122921321320461
1384122869416824840
1384122754719379459
1384122671709917187
1384122648188243972
1384122493443592192
1384122361323036674
1384122286030999560
1384122214304260103
1384122129063415816
1384121589558435850
1384121440111259663
1384121431923978241
1384121339791896591
1384120851449057288
1384120374758055940
1384120164510097413
1384120042959237125
1384119902387118082
1384119710032166920
1384119563055296523
1384119445304483841
1384118903144534025
1384118654913056778
1384118238150156288
1384118212791455746
1384118150359257088
1384118085066448896
1384117781369552902
1384117494344916994
1384116964755329027
1384115741050376193
1384115614914998274
1384115118011609093
1384115072138502152
1384114815510081538
1384114565294694404
1384114530221920267
1384114489197424649
1384114480452300808
1384114116298637314
1384113990557523974
1384113628735963139
1384113538692632576
1384113477577367561
1384113071266832393
1384113029722169352
1384112816022429709
1384112628146966528
1384157938315501574
1384157859760394248
1384157847638855686
1384157786301370369
1384157725282631681
1384157570256949253
1384157539592409092
1384157124234674176
1384157089308635136
1384156958362509314
1384156696394620936
1384156687083270148
1384156646096572422
1384156619596963845
1384156590488506379
1384156509043494917
1384156386842472454
1384156338645651462
1384156226020274177
1384156210576781314
1384156067492286468
1384155869336641546
1384155703586086925
1384155664512012291
1384155639643918338
1384155504172167169
1384155445380608012
1384155360819236867
1384155259920994311
1384155152727171078
1384154809377296385
1384154782059810817
1384154750543794183
1384154630251171854
1384154580766711810
1384154529021579271
1384154526215675913
1384154519433400330
1384154496473858053
1384154470875996169
1384154458943225858
1384154417469943817
1384154305163235338
1384153869215703050
1384153731634106370
1384153676416126981
1384153624566063105
1384153557499219968
1384153519893057543
1384153436329938944
1384153397972979722
1384153334613897222
1384153271481245711
1384153264225062917
1384153229403951108
1384153209137029120
1384153090794811401
1384153018547933191
1384152793896812548
1384152720060272649
1384152709138292744
1384152341742440453
1384152272049897478
1384152270212714506
1384152235651653633
1384152067938209801
1384152025097670668
1384151992956641290
1384151989529964555
1384151980717731847
1384151962736676865
1384151535001563139
1384151489539575817
1384151427023478799
1384151409046679559
1384151241446420480
1384151045941743616
1384150795780726789
1384150713454845954
1384150621532557320
1384150554708889601
1384150460697767943
1384150311472820237
1384150131344244738
1384150053451829256
1384150049681133579
1384149949563113480
1384149799469944836
1384149792599666702
1384149433781088257
1384149431285534723
1384149331356176386
1384149320891465741
1384149300792356891
1384149289450967052
1384149201487994884
1384149160060874759
1384149157108064263
1384148939989929984
1384148911338582026
1384148760981229577
1384148746368217089
1384148741381259272
1384148665212624903
1384148549768597511
1384148524716072963
1384148330750435330
1384148308449316865
1384148003846463492
1384147788531859470
1384147650379800595
1384147595484749835
1384147443319676929
1384147413972099072
1384147312864227350
1384146878720200711
1384146786621693953
1384146757722918915
1384146729377812480
1384146713535942667
1384146419733319683
1384146360442580995
1384146215642693633
1384146158809804805
1384145973140545541
1384145848431300616
1384145560685322260
1384145412903239691
1384145301708021768
1384145113836777480
1384145110300909579
1384144965547094029
1384144871376572427
1384144780519637000
1384144759183142921
1384144698726522894
1384144616300052485
1384144543717617674
1384144172148400132
1384144005533892612
1384143925103845384
1384143531623600128
1384143179918630919
1384143013715189764
1384142969758838784
1384142938276462598
1384294733867102209
1384292165342298113
1384290499662471170
1384288170364211204
1384285139086110723
1384282300293140484
1384282228125954057
1384281883966525442
1384281850936369160
1384281663505461259
1384281614587371525
1384281572447191041
1384281509239037952
1384281339923374083
1384281292217352197
1384281230183567365
1384281096716623881
1384281072007929864
1384280933075886085
1384280771964248074
1384280652820860937
1384280637209677824
1384280428916314119
1384280357655121922
1384280153648340992
1384280008949043205
1384097309638598664
1384097193397669888
1384096965240057862
1384096939700981760
1384096616978608128
1384096504818790400
1384095951808176138
1384095835856662537
1384095661855940609
1384095596567359494
1384095526375755785
1384094397906653186
1384094047795441672
1384093980493717505
1384093867700461571
1384093784422584321
1384093686410055692
1384093377839321092
1384093351733915656
1384093325863444484
1384093235371331585
1384092752544030730
1384092750950199296
1384092365275623424
1384091887926091780
1384091841482481665
1384091839574122506
1384091548703285256
1384091300748685319
1384091087753543686
1384091073304141825
1384091008703467523
1384090942802513926
1384090662857969669
1384090588358742016
1384089962476281864
1384089960140075012
1384089955979337732
1384089716694208516
1384089698478354442
1384089631419899909
1384089603917766664
1384089469515567118
1384089103256358919
1384089068024205312
1384088989238398977
1384088842349678595
1384088697721683973
1384088660383911938
1384088420872441857
1384088140126691340
1384088078231293956
1384088033608101892
1384087982085316611
1384087871183724547
1384087707886882816
1384087512470024194
1384087215957975046
1384086979730558980
1384086855293931522
1384086512984227841
1384086328501882881
1384085901198860299
1384085887957430278
1384085881871429632
1384085369348517888
1384085158760906754
1384085083284328448
1384085082613305344
1384084980649791492
1384084909321457669
1384084886005239820
1384084799111897095
1384084710888927233
1384084704798773253
1384084693310611459
1384084687610548225
1384084613006454789
1384084538918281216
1384084522539438085
1384084421788065798
1384084369220849670
1384084359708389376
1384084284001030144
1384084219882729478
1384084056472580097
1384084029591277572
1384083988281581574
1384083926575042562
1384083627571515403
1384083510382583813
1384083505194307604
1384083230089834497
1384083047901847552
1384082951101583374
1384082891982852102
1384082853596520464
1384082724256841729
1384082453661306883
1384082271339040779
1384082232457908231
1384173166277193729
1384172985972445190
1384172985460748294
1384172783647617041
1384172773304533000
1384172741620756484
1384172581775822854
1384172518261460999
1384172386480652296
1384172156796370947
1384171969004785666
1384171856400244742
1384171707481526280
1384171569337880583
1384171554464944132
1384171533732438027
1384171494255697922
1384171335526408197
1384171298436227074
1384171232937922567
1384171158799409152
1384171106945224712
1384170968877191173
1384170913860489218
1384170742791643140
1384170718091304970
1384170666803425285
1384170573534695430
1384170488230940682
1384170246139834368
1384170215781519373
1384170128904921104
1384169636174786569
1384169464770404361
1384169390992597000
1384169321237082113
1384169264907636742
1384169206489382920
1384169171643113476
1384168993976504334
1384168888741466118
1384168623409811465
1384168443998474244
1384168414231420939
1384168238993477638
1384168055362658311
1384167888378945544
1384167761006395393
1384167707067654155
1384167487126659078
1384167349184434178
1384167302128553990
1384167213158916101
1384167186286010375
1384167071882256386
1384166991670374403
1384166990227464197
1384166844131516420
1384166264663285762
1384166242286653447
1384165970168606730
1384165954242826243
1384165860307193859
1384165817122578443
1384165589891964942
1384165293845409813
1384165213801353216
1384165178992779273
1384165032645128198
1384164980451205123
1384164942727680008
1384164803199922183
1384164800935067649
1384164795880857608
1384164467148161043
1384164433233018881
1384164339368693768
1384164243574902789
1384164145751236615
1384164128688726020
1384164078101229586
1384163976502677511
1384163905069490195
1384163887457587206
1384163842230349827
1384163838128316420
1384163817999929344
1384163780263743489
1384163663150415875
1384163658075230221
1384163656951160840
1384163531868708864
1384163231866834955
1384163075469635590
1384163065621483529
1384163036995276807
1384162850243940354
1384162766294982657
1384162673999286285
1384162479144460291
1384162452221222912
1384162235883220998
1384162156132798467
1384162141582680064
1384162018664480773
1384161829929189387
1384161685934538769
1384161594137989126
1384161440890724354
1384161341590544391
1384161316651208713
1384161293200855054
1384161288809422854
1384161281133797382
1384160921510047749
1384160832469159943
1384160742950068227
1384160704375099398
1384160640005120005
1384160634737070082
1384160570346065926
1384160522208088068
1384160453081780225
1384160309112307723
1384160286853111812
1384160268716953603
1384160091423666190
1384160000822497282
1384159844370849798
1384159760367308806
1384159667740233729
1384159660458921987
1384159609150074890
1384159511317938192
1384159496809848838
1384159337539530760
1384159297911672839
1384159234846183426
1384159183407222788
1384159160019812357
1384159149370445840
1384158986866282500
1384158964716212232
1384158923217784840
1384158694212988928
1384158637317189636
1384158584771006479
1384158535542403079
1384158516005404673
1384158435709648902
1384158346496811017
1384158282030358528
1384158153038696449
1384081951577935878
1384081949212364802
1384081898742288387
1384081765682143232
1384081292380184578
1384081086221750279
1384080941547540482
1384080678396985344
1384079775132618752
1384079077452124170
1384078831858831368
1384078795439689737
1384078782143688704
1384078420166905856
1384078211856826372
1384077652739334149
1384077641125228545
1384077603959496708
1384077560758243329
1384077357292552198
1384077337327665153
1384077037749432323
1384076583300853760
1384076440958693379
1384076410600394761
1384076309588942850
1384076301888225280
1384075040119951365
1384074637659672576
1384074452690825225
1384074280489553928
1384074208649486339
1384073865211437057
1384073833276088321
1384073654208647170
1384073651855581196
1384073625460899848
1384073485593452547
1384073485006172161
1384073446636724227
1384073247927328770
1384073171305857025
1384073032436576259
1384072743600091141
1384072468386652161
1384072447687725062
1384072423591477248
1384072360681033733
1384072114043428867
1384071829602455555
1384071602162204678
1384071564006592515
1384071322381082628
1384071207541116930
1384070893660348427
1384070152711335941
1384070108507623426
1384069925694709764
1384069812700123140
1384069796203876356
1384069509556817927
1384068706699907078
1384068690698588173
1384068644850737164
1384068117802803205
1384067963053953024
1384067840592936977
1384067780610195458
1384067611999145991
1384067515039436802
1384067410257346563
1384067357887193094
1384067050486722565
1384066888523603974
1384264239565602819
1384264085609476106
1384263824669241346
1384263577322758144
1384263307469619207
1384263298741280776
1384263195196416007
1384262892682285066
1384262770267287556
1384262589052379147
1384262411272613890
1384262338186944513
1384262227666997252
1384262197690343425
1384262192787124228
1384262176702038017
1384261939878977539
1384261687641927683
1384261270979760138
1384261224183975943
1384260782725103623
1384260098692771845
1384260089641459714
1384259957546049546
1384259953091698695
1384259947974729735
1384259876403048462
1384259800012263437
1384259562732015617
1384259501323292676
1384259264504426498
1384259244254326786
1384259143750459406
1384258856830705664
1384258805374980104
1384258655072133133
1384258544405409800
1384258508510490629
1384257652000124934
1384257512824709121
1384257274005258243
1384257178500956163
1384257064558489600
1384256891732168709
1384256836442812434
1384256574172979205
1384256426105655296
1384256403972378633
1384255935716093952
1384255887796150274
1384255788533751808
1384255680173858820
1384255627610836997
1384255527203471365
1384255524351348737
1384255483809206273
1384255388678168587
1384255168754061319
1384255109081694208
1384255097438310402
1384254849689165829
1384254788854902800
1384254739144077320
1384254071511523344
1384254032936529925
1384253414540922880
1384253398850052109
1384253378557976582
1384253375353561092
1384253042111913992
1384252689765130244
1384252666759442437
1384252654658854914
1384252366745071620
1384252289309806595
1384252209810919424
1384252179121262593
1384252178387202053
1384252167536611332
1384252060145577997
1384251856398938114
1384251652069236737
1384251504459096076
1384251364599992323
1384251156625457162
1384250839422750723
1384250624405958657
1384250605619671048
1384250598225154056
1384250542302502913
1384250459238461449
1384250357551751175
1384250280762503179
1384250249917566982
1384250246675402752
1384250066437775361
1384249875932475401
1384249824631918593
1384249743472173057
1384249481646903296
1384249411245510663
1384249317368602629
1384249316794007553
1383990952310628352
1383990949878013970
1383990288205549568
1383990058475130880
1383990010085445639
1383989632652615684
1383988892525731844
1383988846631690244
1383988667115474952
1383988392292061196
1383988390471766018
1383988122392797184
1383988086816710660
1383988035168075779
1383987941039480844
1383987902913204227
1383987097934057475
1383987065398775815
1383986990379458565
1383986799605735426
1383986720203370500
1383986686594478080
1383986637592428559
1383986636707438603
1383986562703118341
1383986485934759939
1383986051597832199
1383986046224900099
1383985888808488960
1383985236619325449
1383984820137512970
1383984624334893061
1383984485545365505
1383984388497494022
1383984286735368193
1383984009764491267
1383983727773032452
1383983647020093453
1383983519576190987
1383983510742913029
1383983384599224330
1383983372062523398
1383983316022349827
1383983268404502539
1383983250096361472
1383983150334844937
1383982958810320904
1383982942007959552
1383982823204265987
1383982780955074561
1383982775934492680
1383982631897886725
1383982526855671812
1383982370215190532
1383982020519358471
1383982011346423814
1383981888839114752
1383981556469956614
1383981429185417221
1383981424986923015
1383981190999273474
1383980969720307716
1383980927303311360
1383980694917971977
1383980686495739905
1383980391040643079
1383980314054201347
1383980139394985988
1383980109971918850
1383979985312964612
1383979960512094208
1383979829393956869
1383979433493630982
1383979084204544000
1383978945159196676
1383978349404381185
1383978300813373448
1383978116834414595
1383978053609562115
1383977895052210182
1383977703288672260
1383977664004845588
1383977642118946829
1383977439349542921
1383977416473808905
1383977130661355520
1383977102391713794
1383976906219945984
1383976776561426437
1383976715366526977
1383976638438809607
1383976535430811648
1383976500341268483
1383976394883887114
1383976373585207299
1383976346611720198
1383976292597395462
1383976190688448516
1383975869102780417
1383960730911723520
1383960675702083587
1383960387419213827
1383960277624901634
1383960105041817600
1383959717609828363
1383959689776427011
1383959653042692100
1383959517952569355
1383959494175064073
1383959282937339904
1383959093551931397
1383959092763369474
1383959024350105607
1383958628281896963
1383958615149608967
1383958551844974597
1383958432605081600
1383958312656375810
1383958143063842818
1383958119135412233
1383957983214792704
1383957517521219590
1383957290101792776
1383957265221185538
1383956653553328138
1383956447063515139
1383956358681169932
1383955214365904912
1383955036531695616
1383954915920211971
1383954593508335621
1383954040371900417
1383953777615462406
1383953521188376585
1383953175909060611
1383953026382106630
1383952952675639298
1383952365611487234
1383952302453579778
1383951618551390209
1383951585751957507
1383951483964563461
1383951302141505536
1383951289671839746
1383951163058388993
1383950771473948677
1383950720953556998
1383949698826866690
1383949483453468674
1383949238103470085
1383948551613390850
1383948272578879491
1383948114889908230
1383948033872711681
1383947996455313408
1383947551401930752
1383947478999863299
1383947070793404422
1383946219030859776
1383946203688099840
1383945899701805058
1383945808433750023
1383945780348653575
1383945689202188288
1383945666737569797
1384188297686122496
1384188222503194624
1384188209635106830
1384188182636367878
1384187950640943109
1384187814049312773
1384187754662137859
1384187660051238912
1384187458938499076
1384187405138239499
1384186817147068416
1384186394050908166
1384186255320129546
1384186112382423049
1384186058598862849
1384185796186411013
1384185687478456326
1384185563821969414
1384185434872238088
1384185284057702401
1384185211596861452
1384184878770495495
1384184831748149248
1384184751473315845
1384184745261637637
1384184711543545872
1384184630052462602
1384184302254968842
1384184290112544768
1384184086986559496
1384184076546953223
1384184011908476931
1384183996595068932
1384183812716855300
1384183783524429835
1384183509955215361
1384183491063996421
1384183471694696452
1384183285048250371
1384183152281743362
1384183148678836228
1384183133512245253
1384183025915744269
1384182931434868745
1384182910933078026
1384182871452053505
1384182816917753872
1384182668150001686
1384182591356432405
1384182561660751873
1384182509869559814
1384182469344186369
1384182438541234194
1384182420681859073
1384182352067186705
1384181903364747266
1384181871374790667
1384181661600940034
1384181609859936258
1384181489256976392
1384181477043097616
1384181364241489920
1384181327432355845
1384181295073300487
1384181251087638531
1384181192912621573
1384181100847632396
1384180976197066758
1384180922921086985
1384180915996266497
1384180835876704262
1384180755492839431
1384180724333350926
1384180625641410571
1384180553507737600
1384180527108739080
1384180502135939072
1384180487518707719
1384180465238634499
1384180346984427520
1384180308254150665
1384180221033652246
1384180155686342662
1384180109687492616
1384180074388230145
1384179974282747909
1384179950094217220
1384179890967126021
1384179674645864460
1384179562465042444
1384179492696989707
1384179469829632002
1384179450833620993
1384179429203582979
1384179381438869507
1384179342817693709
1384179289126440962
1384179186126884868
1384178997261586445
1384178763827531776
1384178723662962689
1384178695842058243
1384178628561235968
1384178508474175495
1384178485652979720
1384178470494691332
1384178188473880578
1384178108215926793
1384178101119197186
1384178021448392706
1384178013072355333
1384177963994812423
1384177926954909703
1384177378717433863
1384177264640679947
1384177128795561984
1384177116019789824
1384176968694833154
1384176901179068426
1384176828969996292
1384176740411482120
1384176072774672388
1384175898514006016
1384175841463078914
1384175631257112578
1384175404986953735
1384175231892262913
1384175200988585997
1384175087188774912
1384175083241893897
1384175080045879302
1384175045879033857
1384174937632481284
1384174880782835712
1384174824918949895
1384174340426502156
1384174296570810374
1384174173140836352
1384173876452622344
1384173790809137163
1384173479583358984
1384173321281892353
1384173299207327745
1384173240633872387
1384142771854843910
1384142759183876109
1384142727441383432
1384142714401263618
1384142110631202817
1384142046810701831
1384142001327656963
1384141889385861120
1384141868829581312
1384141772499034120
1384141766715076624
1384141757307256842
1384141738638409739
1384141737648549895
1384141456365916161
1384141434094112775
1384141365060063240
1384141324824154117
1384141190212186115
1384140996544319502
1384140950042136577
1384140925685796865
1384140780659302405
1384140486776999942
1384140374466203651
1384140365746229259
1384140365448372231
1384140342123929616
1384140252902658055
1384140085440835586
1384140053115404289
1384139961029390336
1384139448187715592
1384139287545847831
1384139226766213124
1384139193002061828
1384139160525545491
1384139097598357508
1384138797978251272
1384138737290907656
1384138698606800902
1384138361904926724
1384138082077659138
1384137948942135296
1384137912007028739
1384137693559279623
1384137544112119810
1384137478437703690
1384137250930192389
1384137165316136969
1384136992653398019
1384136708548009988
1384136544982687752
1384136538112499722
1384136457107824645
1384136401545928706
1384136223787151372
1384136155197706252
1384135917112201225
1384135886619611145
1384135788439371784
1384135775172718592
1384135728494387205
1384135693933301772
1384135579697221633
1384135565193318406
1384135542980284422
1384135443709530121
1384134928527282185
1384134155240308736
1384134089582669830
1384134049539579909
1384134048776261646
1384134048000274433
1384133992895582208
1384133825442172940
1384133359031390227
1384133338068230145
1384133324906459137
1384133311161769986
1384133299052814343
1384133283525529604
1384133280065212429
1384133273723437072
1384133055476994056
1384132957921677312
1384132924593754113
1384132834990772231
1384132820008767491
1384132744721039363
1384132193975291917
1384131959761215489
1384131818903924742
1384131734107607040
1384131599562776578
1384131560744443907
1384131354556731396
1384131224126455816
1384131199929520130
1384131189271777292
1384130802275946500
1384130754116919306
1384130698324238345
1384130686143975431
1384130679688990726
1384130498067263509
1384130312251211789
1384130059443732485
1384129424493142027
1384129228375949320
1384129156867182593
1384129066882650123
1384129002667855874
1384128996904869893
1384128995214516233
1384128951430238219
1384128919947812864
1384128873772699652
1384128867447689219
1384128659422814210
1384128558868484110
1384127967530340353
1384066834865950720
1384066593504727040
1384066194240536585
1384065681050587137
1384065562045603843
1384065323360415745
1384065289394876416
1384065205588480006
1384064680730120203
1384064214189309952
1384064207541334017
1384063659555442691
1384063378398748675
1384062849530568704
1384062703350677510
1384062436387348480
1384062433275174912
1384062191368695817
1384061860320710656
1384061517608357892
1384061340617117696
1384061248711446528
1384061201626267650
1384060930372169730
1384060913066463232
1384060643360141312
1384060600473374720
1384060337192767489
1384060257333243907
1384059815043891202
1384059336796762122
1384059186216988683
1384059088548483078
1384059034412544009
1384058895136559110
1384058567670468608
1384058485281759239
1384058438179704832
1384058320575614979
1384058113389600768
1384058047434137601
1384058038332493824
1384057981159960582
1384057850066980866
1384057797411696640
1384057750586478601
1384057640188186625
1384057444075143173
1384057325023993856
1384057106785980421
1384056789151358982
1384056718456356864
1384056356970266626
1384056341291933698
1384055932611485704
1384055249623687168
1384055231051288581
1384054845464711181
1384054717890719746
1384054040498036736
1384053978854412292
1384053944758935555
1384053923904770048
1384053683910938627
1384053554680266753
1384053364372107268
1384052828293898248
1384052768399261712
1384052671435345922
1384052665399668739
1384052394825109507
1384052094873657346
1384052060589490176
1384051768800124929
1384218660068229125
1384218623384846345
1384218534142570497
1384218195876192262
1384218126317801480
1384218112329863172
1384218061721374721
1384217973947125766
1384217934243893248
1384217701657108486
1384217675245572108
1384217661823803397
1384217577061175314
1384217529132802052
1384217417253933061
1384217414225727488
1384217348849106944
1384217274572107781
1384216905184006150
1384216841992609797
1384216693832962049
1384216687294124032
1384216441591787530
1384216283202220037
1384216210523385864
1384216195767754752
1384216108341764103
1384216024136908800
1384215965278248974
1384215914132824069
1384215758545190913
1384215700797939713
1384215650441170947
1384215616089858049
1384215570388635653
1384215353635397638
1384215282059649026
1384215209355583495
1384215198467121152
1384215171749453838
1384214872943038473
1384214804340953090
1384214629019119621
1384214429634498561
1384213986757935108
1384213778544304139
1384213611258662917
1384213502655537157
1384213283402444813
1384213269871665159
1384213207447834636
1384213077051117575
1384213071111987205
1384213060382986248
1384213018263777286
1384212967017705475
1384212959891574787
1384212788352995336
1384212708946366466
1384212696376041481
1384212687660351490
1384212665849896962
1384212637571899401
1384212605527490573
1384212595062677517
1384212556076617746
1384212387599843333
1384212384781275144
1384212364971573255
1384212307903795200
1384212289306316802
1384212124335951873
1384212000125849612
1384211984699191298
1384211839991521295
1384211602799435777
1384211360158867462
1384211318547177472
1384211275673075717
1384211044822749186
1384210994939846671
1384210972315815940
1384210894553374726
1384210851859550208
1384210702013853700
1384210122830802953
1384210116757528578
1384210033743863814
1384210012633849867
1384210008368324621
1384209682315632647
1384209476748681216
1384209457803010052
1384209389523857412
1384209160275857411
1384209148640784392
1384209148565356550
1384208938753675264
1384208855614165003
1384208755940757504
1384208625741144076
1384208547710341123
1384208489073889280
1384208396279181320
1384208389496967177
1384208347881041930
1384208320274128901
1384208091667783687
1384208069521862667
1384207967709319186
1384207786985156611
1384207697768173571
1384207695272579084
1384207608127492101
1384207558768873473
1384207496517017607
1384207242145062912
1384207097617805320
1384206922920824840
1384206672634126338
1384206581986861064
1384206494502035461
1384206421298802688
1384206403041067010
1384206253866438671
1384206235185016837
1384206212808384522
1384206112367411204
1384206033095053318
1384205983371591683
1384205309153931266
1384204977422290951
1384204933398859785
1384204800603037699
1384204787411947523
1384204656008581135
1384204443982319623
1384204440354181121
1384204421215580168
1384204388218986498
1384204262511505411
1384204214130274307
1384203998761127940
1384203869878513666
1384203863327076354
1384203745500692481
1384203730686382092
1384203624310403077
1384233892945678336
1384233851958956037
1384233593300348929
1384233589064167424
1384233579979239424
1384233516884365328
1384233477122318339
1384233448378753031
1384233425482125328
1384233400664346631
1384233354569011206
1384233291943866374
1384233287955087361
1384233276622004228
1384233244221083652
1384233217922719746
1384233205159522308
1384233202886201358
1384233164516728837
1384233144329510915
1384233120212209672
1384232964758794249
1384232881984204805
1384232819149312010
1384232777726390274
1384232739717541897
1384232684017176591
1384232653096849417
1384232607680921601
1384232565725220866
1384232409424490499
1384232386972454920
1384232353346723853
1384232309885263883
1384232127818977288
1384231954476716035
1384231919739539467
1384231868476772366
1384231598455885829
1384231546098360330
1384231081570750464
1384231040957308928
1384230793703084038
1384230715764613120
1384230689839599618
1384230402018005006
1384230318115201028
1384230106122448897
1384230100195893248
1384230062443024393
1384229871375634437
1384229673299636226
1384229650927259648
1384229437093203973
1384229347012136963
1384229330717351939
1384229320978145280
1384229315034767361
1384229252350894081
1384229137582198788
1384229136973983745
1384229115134242816
1384229034037432321
1384228801765265411
1384228529387106312
1384228473149919236
1384228433874407429
1384228386839556098
1384228275489153030
1384228093733179400
1384228090176446468
1384228036996866055
1384227950791299085
1384227882629693441
1384227691772055561
1384227631231475721
1384227625967652865
1384227546573664262
1384227444635234316
1384227285646020612
1384227240326565888
1384227217924759562
1384226987892350980
1384226922616426505
1384226917570646019
1384226877460545539
1384226865695518727
1384226667715956736
1384226641325395970
1384226577769144323
1384226542851559433
1384226360701247502
1384226357186498562
1384226334751137797
1384226254069518340
1384226221538430991
1384226087895371777
1384226086226067467
1384225579885502469
1384225572390260742
1384225525447622659
1384225445571297282
1384225433827168259
1384225192847699973
1384225155061215234
1384225102930223104
1384224993333051402
1384224985128992774
1384224955508805641
1384224919949434884
1384224726155812869
1384224497620766720
1384224465630896133
1384224378238341124
1384224279152128005
1384224246767919110
1384224201578405893
1384223844534132736
1384223839098339337
1384223648127483910
1384223643052347400
1384223622378627077
1384223610861023234
1384223539138494470
1384223500278243338
1384223473187233793
1384223423950327814
1384223418522894346
1384223386318950406
1384223370468683784
1384223361610354696
1384223307336065027
1384223275132223494
1384222806120964103
1384222800773148676
1384222773782859778
1384222652387127302
1384222461118455821
1384222438913810432
1384222418391031814
1384222346211258380
1384222201100992515
1384222182214049793
1384222173615689735
1384222165952700424
1384222150018568197
1384222146436550664
1384221997895356420
1384221980459601921
1384221602406043652
1384221530020712453
1384221424898908168
1384221249396613127
1384220980608847874
1384220765143240706
1384220648570986503
1384220642648547330
1384220496359673867
1384220494644215815
1384220384501764101
1384220230776279043
1384220215685226511
1384219948248014865
1384219938143887362
1384219771802066944
1384219233983229955
1384219226211115009
1384219155075715086
1384218811176341511
1384203556312391701
1384203435180924934
1384203399491514372
1384203241349541896
1384203173133389829
1384202918224568327
1384202865074262023
1384202843490422793
1384202584785780741
1384202516099829766
1384202442267521026
1384202371689959431
1384202369240428546
1384202328442474497
1384202274415681538
1384202050460782596
1384202033985507334
1384202020182118411
1384201941085954048
1384201870722289673
1384201809795764237
1384201679977865221
1384201669785784328
1384201638076837891
1384201560813539337
1384201083967262724
1384200684786962440
1384200608429744142
1384200532420530183
1384200485326921729
1384200341361594369
1384200168170393609
1384200148511719424
1384199850347036683
1384199743916568578
1384199422360231939
1384199380182265859
1384199332069474306
1384199178985766917
1384198642479755274
1384198516126347268
1384198001581715458
1384197993738301449
1384197734479982597
1384197671695437827
1384197565680283651
1384196893241057281
1384196803361349635
1384196785837535242
1384196752006258693
1384196708700094465
1384196708465213442
1384196706368065549
1384196504940810249
1384196492814995465
1384196387642904577
1384196368118390785
1384196144419414023
1384196079265058824
1384196032129486850
1384196024449699847
1384195907604779008
1384195827330011143
1384195798276001794
1384195372046716932
1384194832604692483
1384194805475934216
1384194478374735879
1384194303791009799
1384194290843152392
1384194268726644736
1384194246534516754
1384194084856680453
1384193535268704261
1384193196066938885
1384193127087427591
1384193085513498628
1384192983881318400
1384192938117263362
1384192840775864326
1384192805363281932
1384192721431109641
1384192640111894537
1384192564798976001
1384192279456350223
1384192126297133059
1384191956570427405
1384191759509442576
1384191655738179589
1384191302951071758
1384191167785410568
1384190969768079360
1384190943973183488
1384190920715763718
1384190678125617155
1384190568209653766
1384190287329718276
1384190114335576067
1384189881987993617
1384189719387336713
1384189356521312265
1384189070935420929
1384188846653378562
1384188530822287366
1384006102782648320
1384005920095571970
1384005868820209670
1384005717569409024
1384005332955926531
1384005077812203523
1384004901311631364
1384004874539462657
1384004788686180352
1384004130058891272
1384003964476092417
1384003909987880963
1384003617087131651
1384003162038702086
1384002929472856066
1384002730247671819
1384002521023193092
1384002462604926980
1384002187567648773
1384001689036881921
1384001503594090501
1384001407997472768
1384001228850434049
1384001055730507777
1384001013707804679
1384000689739767813
1384000583925858305
1384000479038873608
1384000361468284929
1383999994739392514
1383999919384535043
1383999836203098115
1383999738807156738
1383999669651447808
1383999529188425731
1383998788398841859
1383998170124804097
1383998102269435908
1383998064763932682
1383997862137143297
1383997701700808711
1383997647732711428
1383997553272713216
1383997509735907333
1383997462403190789
1383997417008230402
1383997364734619651
1383997300872126464
1383997234572787722
1383997006138404864
1383996991965859844
1383996872356859913
1383996527861899272
1383996415504912385
1383996175418748939
1383996066693976070
1383995991284584452
1383995824632307713
1383995641135697929
1383995490753122305
1383995396226097156
1383994691704672270
1383994250589655042
1383994095996080130
1383994015024963592
1383993813727776770
1383993381940994056
1383993304245698565
1383993263174995975
1383993168383791114
1383993069352062979
1383993059713585152
1383992995347718147
1383992950204424199
1383992621735968779
1383992244672204805
1383992191056367616
1383992116582359041
1383992100178432015
1383991927159222278
1383991764785131523
1383991700901617666
1383991596853596164
1383991568646868998
1383991103146233871
1384249067249672193
1384248893798453250
1384248875557429249
1384248839134056463
1384248738311331843
1384248665175257088
1384248607814012930
1384248595088433155
1384248591456243713
1384248480399462406
1384248467371872269
1384248450112397320
1384248365286780932
1384248362426277895
1384248268402532361
1384248064794263558
1384247871092838403
1384247862351990786
1384247750825447425
1384247279062716417
1384247188692246537
1384247124385165317
1384246698831007745
1384246230218285065
1384245877842202627
1384245835609698306
1384245788818100225
1384245671717261317
1384245660619218945
1384245169210355712
1384245046925434880
1384244830260264962
1384244748643291136
1384244687981006849
1384244666401390592
1384244595974807556
1384244561459892230
1384244551770984451
1384244488000794632
1384244393062764558
1384244375438249988
1384244280907104271
1384244280042999816
1384244102217093126
1384243900139773954
1384243876043522054
1384243813267374089
1384243780212035595
1384243656408715270
1384243646942253056
1384243360769081348
1384243316552650752
1384243245828300808
1384243065930453013
1384243056958861319
1384243013451350016
1384243006807547905
1384242696135479299
1384242693933469699
1384242654842523656
1384242649805164554
1384242604561235969
1384242551754936328
1384242442241646595
1384242369730543616
1384242259277742089
1384242148560625671
1384241981480599553
1384241962815922187
1384241898412396544
1384241772444803080
1384241633315594243
1384241596929957896
1384241538926989318
1384241431024345090
1384241339907203080
1384241099498131464
1384241077524172805
1384240988902674432
1384240754931818496
1384240488144728068
1384240486785847297
1384240395098365956
1384240296020480009
1384240158787051521
1384240063551139861
1384239768146378758
1384239729181290505
1384239672994402305
1384239653142765575
1384239603859607552
1384239570603053056
1384239493763387393
1384239237101277188
1384239129391554566
1384239124261998613
1384238889519378441
1384238788486909954
1384238714134532096
1384238663974887443
1384238634212069381
1384238554952343560
1384238404141916160
1384238345174142979
1384238262147903498
1384238261447446539
1384238195362074625
1384238141075189766
1384237995276967946
1384237784760676353
1384237749457149955
1384237742675038208
1384237687893217287
1384237685150076929
1384237470141665288
1384237447488282631
1384237401011154944
1384237308690395138
1384237291854450689
1384237162120368136
1384237069107535879
1384237046848397316
1384236793558568960
1384236533880815628
1384236322395623439
1384236305895157761
1384236292129521669
1384236121417076746
1384236102588923907
1384235983130927104
1384235888935268355
1384235834535149573
1384235783557500929
1384235630360551435
1384235554212966406
1384235545572757508
1384235360390025230
1384235290164793349
1384235284758360070
1384235230593130499
1384235171931561984
1384235009838440450
1384234970332364804
1384234953999667209
1384234824446005256
1384234819723292684
1384234662097145863
1384234581738483712
1384234578454343694
1384234562088181763
1384234556912398344
1384234546330169344
1384234514843508736
1384234505607680001
1384234439824142342
1384234428466036744
1384234362716098570
1384234291203170309
1384234262002507779
1384234241072922632
1384234234135552003
1384234195669557256
1384234176895864832
1384234148252971013
1384234121589784585
1384234059002380298
1384234018057560066
1384233989997617155
1384233989028802569
1384233987804041225
1383945533916532745
1383945476316098577
1383945083561529351
1383944769504563203
1383944413810872327
1383944223137812483
1383943463910088708
1383943363850735624
1383942958248992769
1383942802145366017
1383942674462384139
1383941761232347137
1383941724767019011
1383941719423475716
1383941664868167681
1383941357362839561
1383940694415314944
1383940500751716356
1383940144932089859
1383939994880933890
1383939958516289539
1383939947778908169
1383939892703469568
1383939700914675715
1383939390234259462
1383939360521740298
1383939297540149253
1383938878696935430
1383938843645153300
1383938246300758018
1383937976330178562
1383937972517564421
1383937803898134528
1383937597739704322
1383937527803908098
1383937471407292416
1383937427782266883
1383937303270215681
1383936974378045446
1383936901346840577
1383936186020876289
1383936027706888192
1383935843677597708
1383935193845620737
1383934997476777997
1383934971300114433
1383934911430545414
1383934844376289284
1383934795407712261
1383934160771837958
1383934064260911114
1383933733489704971
1383933691685048325
1383933632943779843
1383933533492703236
1383933436507811852
1384112492314382340
1384111917795446784
1384111789131010049
1384111756251828228
1384111730855342081
1384111665961050118
1384111131094966278
1384110955584360463
1384110944758820871
1384110871119421443
1384110718383915013
1384109893444009989
1384109890377977864
1384109750795726864
1384109663482880003
1384109656344199181
1384109354312364041
1384109164725555207
1384109125747937290
1384109120874110984
1384109036262494210
1384108770356121608
1384108689888464898
1384108601938038784
1384108488196988930
1384108402863792139
1384108124743733262
1384107583644979200
1384107330896220160
1384107197915832323
1384107008463233033
1384106782792970240
1384106768616198155
1384106706364289031
1384106584872165379
1384106582393327624
1384106395654447112
1384105878941429762
1384105577656160261
1384105138277679105
1384104864242798598
1384104491411075072
1384104400038240259
1384103982382018560
1384103969467682817
1384103756837449730
1384103755080077312
1384103482437763086
1384103393296146440
1384102896921243650
1384102384977076225
1384102237891272713
1384102212805136393
1384102169868079112
1384102129875374083
1384102114364854272
1384101935737835529
1384101631482994699
1384101537413091343
1384101078459772928
1384101053931528196
1384100999220977671
1384100944040763394
1384100792559304704
1384100774205034507
1384100467936874503
1384100338408378369
1384100288299094017
1384100013739896838
1384099466030895114
1384098568407896073
1384098226228187139
1384098161115897859
1384097970522517513
1384097889907986443
1384097825395384320
1384097642754437122
1384097620931403784
1384279625686163458
1384279601619161091
1384279559374209028
1384279517305327617
1384279446975258629
1384279393426546693
1384279210647179266
1384279205198712841
1384278995005362185
1384278989162700803
1384278944690556933
1384278430380793856
1384278351183958016
1384278312550236166
1384278162322845698
1384278110351200262
1384277968462049285
1384277961780568067
1384277957057736712
1384277808248090628
1384277724605206529
1384277621274419206
1384277355686887433
1384277257368133635
1384277206080245772
1384276910503456769
1384276659822481409
1384276570928340997
1384276506436767747
1384276143524642820
1384275990264700935
1384275784685146118
1384275616388853761
1384275363484758022
1384275264708878340
1384275203174268931
1384275190641659904
1384274873099321353
1384274371183734789
1384274356084174857
1384274244360544256
1384273998498783239
1384273838754582528
1384273482997927938
1384273191422492673
1384273172208394242
1384273150595141634
1384273148531466251
1384273100192108553
1384272964481216518
1384272681386713092
1384272635614224386
1384272478013313030
1384272310031425544
1384272206742528001
1384271907252432902
1384271781062594569
1384271639416774665
1384271616696193024
1384271587143159812
1384271546118598661
1384271499331194891
1384271495942184968
1384271174717169666
1384271130790285315
1384271032320626699
1384270937013440516
1384270823842742273
1384270725159084039
1384270706683248640
1384270463199629315
1384270080100294664
1384270006771355648
1384269975800586241
1384269699861540869
1384269673504546825
1384269448178069504
1384269426053185542
1384269390443520002
1384269120183492609
1384268906487967754
1384268604544217088
1384268595098570756
1384268464844525570
1384268404480036864
1384267595419840523
1384266687545974786
1384266546927706124
1384266451184349191
1384266275006803971
1384266223593029643
1384266212520071169
1384266147273469954
1384266081427066887
1384266064893149187
1384266058224177156
1384266049567137799
1384266033851080716
1384266022002184194
1384266021452738561
1384266010853707779
1384265999155793922
1384265916343414799
1384265799951552513
1384265732196769797
1384265709673349122
1384265689502871555
1384265007475556361
1384264965352087556
1384264897286991877
1384264797588377603
