1364271884355981317
1364271598845497348
1364271288714428417
1364270850086731779
1364270833552752642
1364270338452959232
1364269435217928192
1364269211749519361
1364268764091604996
1364268745628274693
1364268171813933058
1364268052070637569
1364268047033372675
1364267890258681860
1364267786042802183
1364267692082032643
1364267669701103616
1364266527168622598
1364266363855007744
1364266203670282240
1364265938279931909
1364265737360146439
1364263716762566656
1364263438755778565
1364262898147672065
1364262885241847815
1364262757093298182
1364262642731393027
1364262441211863041
1364261969763696640
1364261736589578240
1364261567949381634
1364261500030959617
1364261383148363779
1364261031464357889
1364260891374542860
1364260563069583360
1364260419280506880
1364260114115555333
1364259801891495937
1364259235786354700
1364258944957480965
1364258729693089794
1364258723754086407
1364258671773933569
1364258300234059778
1364258280089018375
1364257858142031872
1364257457648726016
1364256867309015044
1364023300628697088
1364023290763894785
1364023273860792322
1364022223586144261
1364022038176944128
1364021628653469697
1364021443961511942
1364021436671688704
1364021332489420809
1364021305897582592
1364020697555689472
1364020315978756099
1364019653954002945
1364019648157597698
1364019560387547136
1364019555627065351
1364019245495934978
1364019123454238721
1364018451547906048
1364017342737354753
1364017239754633220
1364016919469154308
1364016873239683074
1364016622139105283
1364015767151255553
1364015652101586947
1364014588472291335
1364014269403172864
1364014209630142468
1364013943195328521
1364013849632927745
1364013755680645122
1364013479351312388
1364013317254094848
1364013119417253889
1364013079969759234
1364012919956983811
1364012874734194689
1364012211627122693
1364012095168249863
1364011748076888067
1364011624898564101
1364011321042337797
1364011155216232448
1364010994423447552
1364010885883301890
1364010837271212033
1364010479203414020
1364010055650131969
1364009923806441473
1364009333294436354
1364009070383034369
1364008558732349443
1364101309708656647
1364101302129618948
1364100214743846914
1364098955324186624
1364097880739307523
1364097469978730496
1364095532092817408
1364095225400938502
1364094779013783554
1364093306842583040
1364093190849122304
1364092960812326914
1364092431680090119
1364091937792253959
1364091531968192512
1364091442637934592
1364089949230821376
1364089841512714243
1364089123498172417
1364089016493117440
1364087289132052480
1364086842748985349
1364210476108943360
1364210286526275587
1364210181832376321
1364210147850133504
1364209768265633792
1364209719330693123
1364209362399600646
1364209169193033733
1364209051391778823
1364209004931518464
1364208908114550785
1364208897817411589
1364208838719590400
1364208778749440002
1364208772055506944
1364208499085901827
1364208440864878593
1364208421243920391
1364208234781810695
1364208209947467776
1364207938576003074
1364207750092324867
1364207539357954050
1364207168086491140
1364206957045948417
1364206864171290630
1364206567407702016
1364206553612566535
1364206326050525184
1364205726793568267
1364205662981394439
1364205517690789891
1364204731078504451
1364203793014022146
1364203492550787072
1364202543191121921
1364202348030091267
1364202133239848968
1364202056462962695
1364201546670510082
1364201518556209154
1364201310166388750
1364200794606641161
1364200653048877060
1364200636858916865
1364200615765807107
1364200528155185154
1364199437438832642
1364197985568047111
1364197047285481472
1364196030426849284
1364195549080035336
1364302386030854145
1364302214605365249
1364302111664721921
1364301800321482753
1364301796248866818
1364301792830447621
1364301704389398530
1364301328697102338
1364300906364366851
1364300375025573893
1364300327101505536
1364300241445351425
1364300124046954497
1364300008485498882
1364299861999423490
1364299747926900739
1364299685100412928
1364299593635278852
1364299457622376449
1364299244878794752
1364299187051970568
1364298957908828166
1364298786873335808
1364298664370405376
1364298465195356160
1364298280176353282
1364298197900877824
1364297679094874122
1364297583871619072
1364297475343998976
1364296962242183174
1364296809414352902
1364296411408453634
1364296048722739208
1364296003415732226
1364295841440268291
1364295754530099201
1364295671990407172
1364295575382814721
1364295349565673473
1364295248562716675
1364294660022276099
1364294541130559493
1364294523677990912
1364294426168811527
1364294339137073155
1364294015227682820
1364293864052432898
1364293823384350721
1364293123732623368
1364293122507866114
1364292904198557697
1364292158728134660
1364292110472671235
1364291777054855171
1364291592274739205
1364291496195870721
1364291411236036612
1364291330696876033
1364291289609601028
1364291113117483015
1364290954371493890
1364290927175421955
1364290827690868737
1364288920566059014
1364288838181478402
1364288735802753029
1364287903149432833
1364287610642923524
1364287522881343495
1364287361840865280
1364008173405753347
1364008069248778240
1364007932531150851
1364007671427383296
1364007340622675972
1364007313548353537
1364006443620392960
1364006400498745349
1364005893851996161
1364005838382374912
1364005699009867780
1364005240270450689
1364005057465896964
1364005041783341060
1364004321000448003
1364003692542914565
1364003537773068293
1364003400849838080
1364003031654801408
1364002980735963137
1364002833574551565
1364002600497139712
1364002375493689349
1364131926739664900
1364131724330893317
1364131672191549440
1364130455696666624
1364128858165796867
1364128338177126401
1364126923597762563
1364126853322055681
1364125301500825606
1364123905091244039
1364123460658737159
1364122907731845121
1364122698323013632
1364122529997103104
1364121517940871168
1364120787163238402
1364119686154047495
1364119004902793216
1364118152410402822
1364117898222993410
1364117865562013699
1364116988390473728
1364318142613381131
1364316879020580869
1364315965199167498
1364315722491527172
1364315466538311686
1364314645117378561
1364314632609927171
1364314511839293440
1364314154199363585
1364313724589199361
1364313606741966856
1364313556339077120
1364313512151904263
1364313475879743489
1364313181116506114
1364313105564598272
1364312898957434882
1364312875213316097
1364312336497008643
1364312325180829702
1364311497552195585
1364311424261115906
1364311035876954117
1364311002268004355
1364310705156083715
1364310408547487748
1364310310161584130
1364310023472619521
1364309963896676355
1364308479519977478
1364308333738553344
1364307456764092424
1364307089489874949
1364306975861989376
1364306974796611584
1364306197193629698
1364306189757079555
1364305891080638466
1364305717491040258
1364305281723817988
1364305052316360705
1364305015482032128
1364304317067513856
1364304289422856192
1364304103493558274
1364304073369993221
1364304019141894147
1364303967749087243
1364303674378453000
1364333415873478660
1364333357694394371
1364333274781392896
1364333074394214400
1364333044446998529
1364332758588420102
1364332730314616841
1364332137013514241
1364332056671645697
1364331928292192258
1364331910051356677
1364331833643716611
1364331810579222538
1364331639598428166
1364331585470943233
1364331545826189313
1364331489954066435
1364331333179355136
1364331295640330244
1364331276795281415
1364331148936155136
1364331088089387009
1364330714142040070
1364330695896793096
1364330668654792705
1364330478078029826
1364330409971101700
1364330359974887425
1364330357634568195
1364330345148145666
1364330292039856134
1364330223173468162
1364330075584425984
1364329941697970177
1364329493733789701
1364329460057653256
1364329413039513600
1364329173247021057
1364329020280737799
1364329011644690432
1364328995320430602
1364328935710941184
1364328921727180800
1364328883223486468
1364328798418857986
1364328402652651526
1364328222666551297
1364328215091773443
1364328169092878336
1364328146514939910
1364328060280070147
1364327730276425731
1364327459563442178
1364327330638880770
1364327193074106368
1364326805675606020
1364326770778890240
1364326768551858183
1364326685923926017
1364326654185644032
1364326477945319424
1364326352615133191
1364326348290949126
1364326237091426304
1364326022615867392
1364326021139423242
1364325825957552128
1364325804977627136
1364325756562599937
1364325337044246529
1364325111667580940
1364324953223536652
1364324904682872832
1364324698365034496
1364324322022670343
1364324108704636930
1364323961266462723
1364323646714560514
1364323615060226057
1364323410315214849
1364323354375819264
1364322724794007555
1364322661229334537
1364322328230912003
1364322013532348424
1364321444130398213
1364321389411328003
1364321235220357121
1364321136515940352
1364320870601158656
1364320849826893826
1364320671732555780
1364320643337093125
1364320393134288898
1364320217623449600
1364319923565195264
1364319880334352386
1364319591749607427
1364318909118246913
1364318770483912705
1364318530934571013
1364318378198896640
1364287101534019586
1364286847329980417
1364286785753387011
1364286537974833152
1364286521730334720
1364286442307002372
1364286223456624644
1364286052253511682
1364285707817127945
1364285530360451073
1364284912434622465
1364284468077486082
1364284274233511938
1364284162874613761
1364284150748827651
1364283470638374918
1364283020602077185
1364282527742001153
1364282483047608322
1364282221478227971
1364282181728825347
1364282048966393857
1364281678080995339
1364281430088507398
1364281120381100033
1364281087166472198
1364280199605489665
1364279859397099524
1364279653842755588
1364279643940016128
1364279639183605763
1364279427807531010
1364279385797369859
1364279369972125696
1364279230607986691
1364279164782735360
1364279096218378241
1364278814000439310
1364278605124161545
1364277959545262082
1364277846210994181
1364277460867637250
1364277434099650560
1364277092989329408
1364276988433735683
1364276825577373701
1364276726180765703
1364276490645495808
1364276487118012416
1364276427789590528
1364275806516617216
1364274566592356352
1364274346588594183
1364274238522327052
1364274180301066245
1364274030832934915
1364273837270048778
1364273828134748162
1364116501918277632
1364116074954907648
1364115998576549888
1364115584342839296
1364114992925040642
1364114828206333952
1364113837167841280
1364112601106378756
1364112378158284801
1364112312035024896
1364110136751493123
1364109359983157248
1364109332183347204
1364108692141056001
1364108105747861507
1364107560106614787
1364107469748723714
1364106868839374849
1364106478882344960
1364106331347591168
1364106258572279808
1364105251033350145
1364104655299518466
1364104280722927616
1364104187576004609
1364104176867893250
1364103952275447815
1364103754971295746
1364102771318915072
1364038589512753152
1364038238411706370
1364038025433538561
1364036779825913867
1364036671893774340
1364036379559174148
1364036334050963457
1364036232456462340
1364036077674106884
1364036029594951682
1364036027065634821
1364035290336231426
1364034565917057026
1364034207719305217
1364033410377875456
1364033037361500164
1364032793697656834
1364032652433494016
1364032441506226176
1364032106611970052
1364031418393853952
1364030970186272769
1364030966801465344
1364030904709091331
1364030765000974336
1364030341544112128
1364030127680720896
1364030010504474626
1364029924953235457
1364029830426095617
1364029319270514693
1364029207135870976
1364027824433168385
1364027475622174721
1364026353947992066
1364025705454043136
1364025148857286660
1364025058096803842
1364025028459773954
1364024599931928579
1364024476673974273
1364023773419216896
1364023613284876291
1364023569211142147
1364256681211871232
1364256485564293121
1364256269264068609
1364256012077658118
1364255453023252483
1364255398702833669
1364255336820060163
1364255286001881088
1364253717504131073
1364253602215247875
1364253056490115075
1364253052019109888
1364252573490950146
1364252411620167683
1364252037832179712
1364251759313494016
1364251280189894662
1364250197891706881
1364250020741066754
1364249647578025987
1364249165539270660
1364248994239508484
1364247309542821888
1364247270183550979
1364247014884577288
1364245568667672583
1364245111790587905
1364244747435597826
1364244001147260928
1364243341303558144
1364242512794120193
1364147152709156872
1364146965529903104
1364146617788420105
1364144235532804106
1364143892522807300
1364141966691348482
1364141898265292800
1364141380533035013
1364139551887822848
1364139459424505861
1364139356429062147
1364139303794802690
1364138992099160064
1364136610980392961
1364135435027546114
1364134668665249792
1364134435973525510
1364133860955615232
1364133809298567171
1364133726209388544
1364133214030336003
1364132858730799104
1364132532766339073
1364132062630993920
1364069248633434112
1364069128714207234
1364068954625425410
1364065244285444099
1364064386365579269
1364064335832756224
1364064221898579969
1364063724139667460
1364063722512257024
1364063485043245057
1364060700595773440
1364060685928333315
1364060351348768777
1364059870840913920
1364058925276930048
1364058375881916420
1364057928253075459
1364057706869321731
1364056829014245377
1364056543553933315
1364056371218575360
1364056213961535493
1364056096655233024
1364055947400814598
1364055826365874178
1364055788164030467
1364055427995025408
1364055415827259392
1364054535027703819
1364054360888541192
1364241059635736580
1364240656504393731
1364240474928803842
1364240397053038594
1364239682184306693
1364239264859447297
1364238787275022343
1364238575345278979
1364238055587086338
1364238040307097604
1364237571782365188
1364237513972416513
1364235749005156357
1364235458914508800
1364235422306459648
1364235234431139843
1364234821141200898
1364234476801376258
1364234350141845507
1364233843952164867
1364233659599888388
1364233068177887233
1364233058744999936
1364232383281704969
1364232101529321480
1364231761396432899
1364231472211783681
1364231134796787713
1364230500320215044
1364230063533658115
1364229989374173202
1364229925830492162
1364229504839909378
1364228636618854401
1364226693074882563
1364226402917048324
1364226375373131783
1364226372298674176
1364226226710188037
1364162866190893060
1364161924951396353
1364161095578103811
1364161047351992320
1364160820222046208
1364160687405232132
1364160575291285510
1364160455355346945
1364159954274430976
1364159855573880832
1364156960975691776
1364156014636003329
1364154150771130377
1364153905903452160
1364153030887632904
1364153030745026560
1364152682861232128
1364152660161482756
1364151982097715203
1364151553813225475
1364151245909336064
1364151208966049796
1364150903339507718
1364149955343114242
1364149548134891521
1364149458922053636
1364148391391813633
1364148144251019268
1364195096871239680
1364194772265631744
1364194034365964288
1364193843319627784
1364193552520146945
1364192980303826945
1364191774940549125
1364191440918708226
1364191434857979904
1364189380278165506
1364188571213651968
1364187683669626890
1364186190706929668
1364185940248440832
1364184278347755522
1364183445497384962
1364182599623671811
1364182525048885252
1364181346843848708
1364181161661132804
1364180359664041984
1364084857278582785
1364083061181145090
1364080988351995910
1364080245280702466
1364079156074598401
1364078021033005057
1364076991520133120
1364076470918905862
1364076469920559109
1364076178395435010
1364075888418168832
1364075475136434186
1364074638049906689
1364074401013104640
1364074052818722817
1364073771368333314
1364073766536445952
1364072831449923586
1364072352951267332
1364071637721620486
1364070954641616896
1364070504022343681
1364069959765266432
1364179082611580931
1364178780206620672
1364178477864259588
1364178087240425474
1364177479435509762
1364177262623424512
1364177027130138628
1364176732392218627
1364175962846339073
1364175895779401729
1364175705282514948
1364175458879696899
1364175218219102208
1364173718432477185
1364171653631127554
1364170589062131715
1364170504412622853
1364170486473711616
1364170417091579909
1364169638733516801
1364168926045868034
1364168868818681857
1364168357570895874
1364168015458099202
1364164084015398914
1364364032531075073
1364363707262902273
1364363638564216834
1364363260980510723
1364362629469396999
1364362528210391043
1364361881406865408
1364361863589289984
1364361731519184899
1364360927567515651
1364360856826490886
1364360419079557120
1364360098831867906
1364359793406861314
1364359696891604995
1364359440082866176
1364359163510353923
1364358943431155719
1364358671421956096
1364358568716230658
1364357924387053571
1364357454658732040
1364357393505738752
1364357200517472258
1364356999929069570
1364356962624954372
1364356691156959235
1364355926921146371
1364354987082600455
1364354351439912960
1364354099077148677
1364353633496702977
1364353399777542148
1364352414405525506
1364352042769162243
1364351980731269120
1364351898455846916
1364351394019500040
1364350899804663812
1364350719575400457
1364350387109691397
1364350225582862336
1364350169068810240
1364349226029703168
1364348972853256195
1364348534301065218
1364348404663545856
1364348147909218305
1364347899254087686
1364346958219993093
1364346630057639936
1364346345738301440
1364346074069164040
1364345448132186113
1364345307459424269
1364344767581093891
1364344680708718603
1364344503570694147
1364344253053362177
1364344166860251136
1364343690387406848
1364343689766576128
1364343659798364161
1364343284978438145
1364342992304103425
1364342918291492866
1364342889929732098
1364342561591058433
1364342500941529092
1364341483806076931
1364341451941949446
1364341327731716096
1364341210698182660
1364340996381802499
1364340697222942724
1364340558370648068
1364340369480056833
1364340214299295752
1364340036540510216
1364339556401750017
1364339520121020418
1364339472201101313
1364339194701762560
1364338792430252041
1364338717838647296
1364338446542639113
1364338296063741955
1364338274127462400
1364337725176971265
1364337596587991049
1364337592175448064
1364337432850792453
1364337141447294976
1364337103350423553
1364336870235250696
1364336704220508160
1364336670708035587
1364336187016634368
1364336185427054592
1364335855133986816
1364335788842913799
1364335489919184899
1364335487075295236
1364335360671690752
1364335298801459200
1364335137920442371
1364335079183507460
1364335013953634306
1364334940251435011
1364334776568721409
1364334758503866370
1364334646822117383
1364334643571384321
1364334617331924992
1364334565934862336
1364334547761037312
1364334418802991113
1364334234157133824
1364333479366918148
1364054023708491783
1364053875234279424
1364053864018710528
1364052583136985092
1364050954673410049
1364049429515370502
1364049091836055552
1364048309611036672
1364048026537398273
1364048023429541894
1364046604345487361
1364044580618928129
1364044164296400896
1364044055529721857
1364043421028020230
1364043379345027077
1364043345425752071
1364042724010295298
1364042389749383171
1364042338637647876
1364042143648673792
1364041607096467460
1364041469997309952
1364041449109659656
1364041408022155267
1364041194624348161
1364040981117505544
1364040655446630401
1364040134937767938
1364039883971579905
1364039502201643014
1364039279354277889
1364225829203374081
1364225537628020745
1364225151437574144
1364225076703293445
1364224917038723084
1364224729062727680
1364224720267145224
1364224140463382531
1364224046968172550
1364223518066450432
1364222849469145101
1364222138077483015
1364222037565214728
1364221956661252099
1364219790940774406
1364219595482095616
1364219280590573571
1364219177163132936
1364219129826320387
1364218933306421248
1364218768772255746
1364218494145847296
1364218220668887042
1364217881269968897
1364217542470868994
1364216684496609280
1364215875855908868
1364215833384407045
1364215320429363207
1364214753422422016
1364214522546974726
1364212833299419136
1364212785605996544
1364212634896261120
1364212444017664008
1364211259844030466
1364210968603975686
