1347750931786584067
1347750885565362176
1347750527686230016
1347749892463198208
1347749808593793027
1347749796824535047
1347749705027973121
1347749623218143232
1347749614552817667
1347749588338434048
1347749352593182722
1347749276441583618
1347749242387968002
1347749238441037828
1347748940725112834
1347748925264986114
1347748917354622977
1347748892616642560
1347748583546773504
1347748027293790208
1347747979692793857
1347747559134154762
1347747525931921413
1347747373888512001
1347747040256778241
1347746886795587586
1347746730075414530
1347746328252702721
1347746320564408323
1347746206840205313
1347746139743821828
1347745873275596800
1347745845228146688
1347745582618714113
1347745357862637573
1347745010268061701
1347744974151032832
1347744554926153732
1347744222775042058
1347743986446950401
1347743922047610881
1347743767017771010
1347743647576412161
1347743504949276674
1347743308823592960
1347742530553720837
1347742501755441158
1347742292300410880
1347742135236358144
1347742113811865603
1347742060078620675
1347741974053310464
1347741881170423810
1347741676085923843
1347741264867897346
1347740690508247040
1347740670497153030
1347740411490689024
1347740088902422529
1347739946413662208
1347739873134825472
1347739871939497991
1347739841610485761
1347739537699606529
1347739456841928704
1347738935775031296
1347738922114277376
1347738291265826816
1347738284408131584
1347738254842490883
1347737819456925698
1347737473997103104
1347737332540198913
1347737093527764998
1347736884433326082
1347736807572709376
1347736652190523394
1347736398577758208
1347736138748981250
1347736083774238720
1347735953213775872
1347735937527107587
1347735900642541568
1347874332186353664
1347874007358566400
1347873743289405440
1347873696942182401
1347873672044957696
1347873621616844802
1347873504721395716
1347873341319872514
1347873241742921728
1347873230791520256
1347873189662228481
1347873185329504256
1347872909021175811
1347872744717885440
1347872665298759680
1347872617244581889
1347872595199356930
1347872544444047361
1347872182777507847
1347872092608348165
1347871646552629248
1347871611072995334
1347871582417510400
1347871334294933505
1347870823621799936
1347870048778649603
1347870045943296011
1347869934085431296
1347869831824105472
1347869694837985282
1347869499429584899
1347869381427154944
1347869379719925762
1347868984474021890
1347868630898401286
1347868624879554564
1347868534848827394
1347868425293594625
1347868243990609921
1347868232787447811
1347868184326660096
1347868142995955712
1347868111236640768
1347868078927990784
1347868008530776066
1347867770134913024
1347867750757183490
1347867667806478336
1347867666745339909
1347867640702750721
1347867500235649024
1347867475967418369
1347867470875545601
1347867290117828616
1347867278663012355
1347867262884188164
1347867198438723592
1347867053856858113
1347867012333260801
1347867000505331713
1347866907131736065
1347866894720708609
1347866775095017472
1347866754245079041
1347866544127283200
1347866406415593472
1347866243001413632
1347866223476961281
1347866028949209089
1347865898095407104
1347865752343375874
1347865712157622272
1347865606775857152
1347865569874370560
1347865497858154496
1347865231431757825
1347865120416935936
1347864917681065984
1347864775712239617
1347864707655290880
1347864637296041984
1347864471092539393
1347864390859632640
1347864178569129986
1347864043084787712
1347864029486669827
1347863843138109442
1347863805154516992
1347863789920612353
1347863780991135745
1347863743242362881
1347863716075868160
1347863666981408769
1347863534521049090
1347863512194887680
1347863480939016192
1347863125991763968
1347863083276926978
1347862968353001472
1347862963995205632
1347862957858967552
1347862597652066304
1347862538680197121
1347862275563122688
1347862196454187008
1347862156147044352
1347861686724698115
1347861523394424832
1347861049190572033
1347860811558002690
1347860673288695808
1347860564995960832
1347860553163821056
1347860366244634626
1347860332748959744
1347860151076839424
1347860111600050176
1347860075331907584
1347859631293534213
1347859474535641090
1347843722910846976
1347843708897566720
1347843603385769993
1347843536914440192
1347843460028637184
1347843197809139712
1347843186266411008
1347843120239620100
1347843096671899648
1347842886172340228
1347842849992302592
1347842746946523136
1347842711353757697
1347842683583262720
1347842628860055553
1347842593107927040
1347842520512827397
1347842337599156226
1347842254195585025
1347842098444132353
1347842009130622978
1347841917934067713
1347841834706296833
1347841727311335426
1347841628812283904
1347841594624503809
1347841580355383297
1347841577423577091
1347841490534457346
1347841465687420928
1347841182970368000
1347841100296425473
1347841073238974465
1347841031098667010
1347840969367048192
1347840919802937345
1347840841541431304
1347840810222436354
1347840643226238976
1347840635890511874
1347840600536719363
1347840397633069061
1347840232142487554
1347840016467193856
1347839861487759360
1347839853929648129
1347839851127828480
1347839772572737536
1347839612375293955
1347839517156376579
1347839458930876418
1347839285181837313
1347839145234886658
1347839073596174336
1347839049587978240
1347838899083685889
1347838285821968386
1347838240393363456
1347838218780205057
1347838082318557184
1347838003155238912
1347837982741393410
1347837941792481283
1347837789841272833
1347837778638344193
1347837750481985536
1347837642206023680
1347837615496638468
1347837583997480960
1347837438950043650
1347837354820710402
1347837302249119748
1347837240202956800
1347837182262722560
1347836841802792960
1347836628757225474
1347836611288051714
1347836250544353283
1347836234220113920
1347836188661403649
1347836106453241858
1347836021883494403
1347836006645592064
1347835939746435072
1347835882963922944
1347835734678528002
1347835389420179456
1347835009311203328
1347834902792830976
1347834733296820224
1347834232580820993
1347834115425329153
1347834103341711362
1347833598741770240
1347833492080627719
1347833211796271104
1347833200370999298
1347833098008985601
1347832961241124864
1347832858338078720
1347832737227546625
1347832640041205762
1347832460088799237
1347832253137739777
1347832241154633735
1347831855056179203
1347831594271141888
1347831527850135555
1347831275479060486
1347831152598511616
1347831132830752769
1347831091747577856
1347830833856602112
1347830683394256897
1347830559360356352
1347830470332055554
1347830272755175424
1347829827328499714
1347829781157523456
1347829733476626433
1347829597153464320
1347829085809111040
1348011117717696512
1348011077343326209
1348010900272373768
1348010885248413697
1348010797029613568
1348010748807696389
1348010536609447936
1348010519232446473
1348010499326308363
1348010443865026562
1348010327670202369
1348010321613443073
1348010320288243713
1348010099646853131
1348010026011676675
1348010003295334400
1348009725716287507
1348009665481875459
1348009546862755842
1348009482341683201
1348009468504592385
1348009451572363271
1348009147606863872
1348008917390020610
1348008894338113536
1348008732551127042
1348008474584752131
1348008392766402560
1348008187262332930
1348007923239297024
1348007627469557760
1348007526353129474
1348007378369785859
1348007307968356353
1348007278146891779
1348007155710889984
1348007045870575616
1348007005730926592
1348006882506649604
1348006834238472193
1348006832422400003
1348006430712987650
1348006428892569600
1348006359816499200
1348006232221757442
1348006162336075776
1348006147467468802
1348006132695113735
1348005923139121153
1348005661645426694
1348005652296187906
1348005405717250048
1348005201379119106
1348005193317818373
1348005170890895364
1348005074245726211
1348004946168303616
1348004820171575307
1348004561479479301
1348004509910519811
1348004495867994119
1348004439353929734
1348004239667326976
1348004115583029266
1348004019009179654
1348004017184649219
1348003876084068363
1348003711134662657
1348003614615171072
1348003528459968515
1348003509287972870
1348003028281020417
1348002960178106368
1348002864220790788
1348002794486304769
1348002613644636174
1348002286715326464
1348002264900907008
1348001921773277189
1348001918610653184
1348001711785467909
1348001694135812098
1348001672514007040
1348001650770849792
1348001430460792833
1348001204018827266
1348000910299918336
1348000868394741764
1348000848648015872
1348000656540524544
1348000450872799233
1348000398288834562
1347999747995561989
1347999715791552512
1347999697466744833
1347999553904107523
1347999502628777985
1347999489395740678
1347999487185268737
1347999428846575619
1347999135039946753
1347999124969295874
1347998783934779392
1347998745477083137
1347998732583886849
1347998460189036546
1347998367813660674
1347998106181361664
1347998003697737730
1347997844746199042
1347997804749352962
1347997794007707649
1347997732338851843
1347997443397459978
1347997223389442049
1347997038538063875
1347997037581635585
1347996952026357761
1347996614619787270
1347996582810181632
1347996477457539073
1347996428887420930
1347996262499549185
1347996040574738434
1348026401132318724
1348026213844058113
1348026045346279424
1348026019907731456
1348025855163965441
1348025276337446913
1348024946992193537
1348024904013250560
1348024611095650305
1348024413468418049
1348024313526554626
1348023479988330496
1348023449608970241
1348023137615687685
1348023060071383050
1348022933625532416
1348022778797060097
1348022608009310209
1348022580591128578
1348022441394712580
1348022060245803008
1348021902170853377
1348021814426021892
1348021803499843586
1348021795291623425
1348021387596861443
1348021323042316289
1348021286195355648
1348021240016084992
1348021136831905792
1348021063968567298
1348021059119812610
1348020968049025029
1348020962738974723
1348020914135425025
1348020787450683392
1348020785521319939
1348020772892258310
1348020770858037251
1348020684237189123
1348020551961485318
1348020545741352968
1348020386601037826
1348020377507794945
1348020376887058435
1348020138654584832
1348020116991180802
1348020116210941952
1348020109789589505
1348019986925805571
1348019976012259331
1348019806193250305
1348019796974170112
1348019630045069316
1348019522008072195
1348019512948518915
1348019494929784838
1348019352201736194
1348019180285661184
1348019010009493505
1348019009053020160
1348019000177922050
1348018847924813826
1348018824436723715
1348018791851188230
1348018592143470593
1348018430780338178
1348018352317411331
1348018350887202816
1348018342335041541
1348018231689289730
1348018012121608194
1348017987329150976
1348017740481777665
1348017663503699974
1348017614103212035
1348017383412170754
1348017336180211712
1348017258455511042
1348017253082685442
1348017104398782465
1348016926363164673
1348016641544773633
1348016519696044033
1348016319472357377
1348016264082546696
1348016166585966592
1348015541961814023
1348015540984545280
1348015433107070976
1348015304794910726
1348015299673677831
1348015288764272642
1348015271617982468
1348015252181544960
1348014905996304402
1348014662772617216
1348014331536023552
1348014152472788993
1348014109388845056
1348014060277813252
1348014058428129283
1348014050853187591
1348012869984641024
1348012619995766784
1348012574323822592
1348012441817522177
1348012418723672067
1348012263299575808
1348012169846272001
1348012090871656448
1348011834050191362
1348011564486582285
1348011477844815874
1348011324392042504
1347859101024460801
1347858932929343488
1347858894882791424
1347858893343498240
1347858869243019264
1347858713110044673
1347858681887481860
1347858466455629827
1347858312730206209
1347858084501229569
1347858070777393154
1347858009830133762
1347857985914212352
1347857585811173376
1347857501841223681
1347857349122396160
1347857227449831424
1347857140397047810
1347857079156015104
1347856817892716544
1347856517756825600
1347856505379430400
1347856417382924288
1347856039572598784
1347855910878720001
1347855831929397250
1347855444287524864
1347855163848056832
1347855114950897664
1347855097687060482
1347855096365912064
1347855018045669376
1347854868178866176
1347854728722411520
1347854700004188165
1347854244179750913
1347854221484429314
1347854207592763398
1347853819393273856
1347853672076763138
1347853625465458690
1347853564148903936
1347853447157182464
1347853330534387712
1347853240776404992
1347853026590130176
1347853010899259393
1347852903361482752
1347852851452657664
1347852776387317767
1347852358353514496
1347852296214994945
1347852134155481091
1347852106938650624
1347852065947619329
1347852052425306113
1347852030790930433
1347852001556754432
1347851801303932929
1347851607866810372
1347851588195516416
1347851557275136002
1347851360256090112
1347851330799476736
1347851251678142466
1347851151794987010
1347851060757585921
1347850867739742208
1347850055437471746
1347849849358716930
1347849725744017409
1347849612317626368
1347849259085807617
1347849071562805248
1347848831476576258
1347848561308938240
1347848327174311936
1347848199952879624
1347847935434829824
1347847887426883584
1347847624255287296
1347847579279781894
1347847565056815104
1347847475059687424
1347847413508276224
1347847362874634244
1347847221593710594
1347847220796788737
1347847136512237568
1347847035534249984
1347846923894534146
1347846865958490114
1347846766071308294
1347846629295058944
1347846524508766214
1347846500932587522
1347846367440375808
1347846289162199042
1347846162569711618
1347846104617013249
1347845721035313154
1347845627959414786
1347845571470626816
1347845539400998912
1347845456525623297
1347845408299642881
1347845261515575297
1347845227688697861
1347845139331506179
1347844914965577728
1347844786724732928
1347844758970929154
1347844743749922817
1347844634245029888
1347844623776047105
1347844517538504704
1347844248687800322
1347844220158169088
1347844091544023042
1347844025982730241
1347828492633825280
1347828366540374018
1347828323330777089
1347827495140286465
1347827410754891778
1347827382426759169
1347827031866814464
1347826327831904256
1347826325898321920
1347826284856893441
1347826108528537602
1347825162348081154
1347824883074555904
1347824812501192706
1347824678015000578
1347824480576393216
1347824464323465217
1347824388616294400
1347824322715389953
1347824160341311488
1347823990463729665
1347823792421294081
1347823233979080706
1347822943959740416
1347822686421086208
1347822192894107651
1347822022559211520
1347821771597238272
1347821762684350469
1347821683860713474
1347821518059954178
1347821313814102017
1347820990139486210
1347820669648723969
1347820330430169088
1347819395528019968
1347819380441108481
1347818982208802822
1347818825710899202
1347818729334317056
1347818665371193345
1347818399867392000
1347817760114561024
1347817739147214848
1347817117433868288
1347816962072653824
1347816845223489538
1347816803318308864
1347816612498337792
1347816577081745408
1347816537428779008
1347816369497071618
1347816239402373123
1347816183685410816
1347815374453170177
1347815323341365248
1347815274226053121
1347814490776039426
1347814444240396289
1347813756324241413
1347813726574030848
1347813611436036096
1347934927812251656
1347934891602833415
1347934781087113217
1347934716389949446
1347934603235844104
1347934388508631040
1347934353360347137
1347934330962776068
1347934274876563458
1347934198041075713
1347934143192166403
1347933439786446853
1347933424456122369
1347933279673049088
1347933067739095040
1347933038324441094
1347933016887336963
1347932970108248064
1347932874654277632
1347932831675244547
1347932724699475974
1347932715442720768
1347932629321056256
1347932523712704512
1347932426572619777
1347932348059443203
1347932318036586498
1347932065082322944
1347931973147381762
1347931968168550403
1347931764308717568
1347931752623431682
1347931702157598720
1347931278742614017
1347931260275089409
1347930945505157121
1347930676742467590
1347930641690550272
1347930361804840960
1347930288354066433
1347929899953233920
1347929705786306560
1347929653089079298
1347929565440729088
1347929351443066882
1347929260284116993
1347929185554194433
1347929171129987074
1347929021095444482
1347929017710731265
1347928926203633669
1347928893446086663
1347928568660193290
1347928280939311104
1347928201369157632
1347927835227414529
1347927833595809792
1347927730256490499
1347927535263350786
1347927312805801985
1347927268782460928
1347927225232977920
1347927091766059008
1347927042294226946
1347927007250817024
1347926959217586177
1347926752400699397
1347926740132392962
1347926733161435144
1347926707748134912
1347926685300256768
1347926597953744896
1347926532694691840
1347926528240332800
1347926475752812544
1347926468769284096
1347926278402437129
1347926247448453120
1347926168071188480
1347926139327676419
1347926021945884679
1347925985379950599
1347925951171219458
1347925888650924033
1347925862314893312
1347925753506258946
1347925729133133824
1347925678595985409
1347925602632916993
1347925565379108866
1347925535125626880
1347925365151453185
1347925287691051009
1347925058673664000
1347924792553451522
1347924761079406592
1347924583454748673
1347924357876748288
1347924205627715585
1347924137096880129
1347924113013301248
1347924024106606592
1347923984730386433
1347923981358264320
1347923854333796352
1347923459653984259
1347923388191428609
1347923336765054982
1347923312865927168
1347923121207128065
1347923094627901447
1347923042173857792
1347922898481242112
1347922739252879363
1347922607950110720
1347922585447788546
1347922584063467522
1347922566015545344
1347922545002098688
1347922527205560321
1347922460419579907
1347922423765733383
1347922269889310720
1347922193129336833
1347922059729448964
1347922042750971904
1347922002288537600
1347921991093932034
1347921891282079744
1347921829508354048
1347921797589708806
1347921734721220609
1347921726424948736
1347921723681873921
1347921673765453825
1347921465761525761
1347921452192948226
1347921441258401792
1347921378201235457
1347921231572561921
1347921214698905606
1347921074839638023
1347921031122591745
1347921028220145666
1347920910334889988
1347920859302752259
1347920729149468674
1347920612564619270
1347920390862082056
1347920265523597313
1347920241876234240
1347920227326169089
1347965517068431365
1347965492091367426
1347965062674321410
1347964968239509504
1347964913780744194
1347964772780797952
1347964744507002883
1347964737615704065
1347964695878234117
1347964491577708547
1347964448519151617
1347964208747573248
1347964144406958081
1347964023757824005
1347964012500283393
1347963933727064065
1347963747185389568
1347963666667364352
1347963544285822976
1347963401079836675
1347963277473705984
1347963025920323587
1347963020375371779
1347962984149229570
1347962975840317441
1347962790569517065
1347962715764097027
1347962586122350595
1347962573765939204
1347962572025307137
1347962356115116034
1347962254205992960
1347962222945959936
1347962203438247938
1347962161813991424
1347961595385663491
1347961316942639104
1347961259971510272
1347961200802410498
1347961032715755520
1347960994631475200
1347960872229081101
1347960848325746695
1347960727701757952
1347960645866708994
1347960443114020864
1347960198066008066
1347960115262070784
1347960080000380929
1347960055459676162
1347960009758449664
1347959848990814209
1347959562196934662
1347959514876801028
1347959336669220866
1347959331959013381
1347959286043979777
1347959270403403776
1347959003737894912
1347958877384540160
1347958710627303425
1347958494276837378
1347958447074111489
1347958368678375429
1347958262151446530
1347958163232980993
1347958140340494340
1347957967992336386
1347957856419647489
1347957803252670465
1347957784575307777
1347957529511342084
1347957364490645504
1347957356748017666
1347957193828667393
1347957121829269512
1347957065273241603
1347956973413679104
1347956728516763648
1347956535578808325
1347956462623072260
1347956296230825993
1347956216459194370
1347956156749250560
1347955864972517385
1347955620968869888
1347955518820773889
1347955221520068609
1347955045371949058
1347954985988976643
1347954965193613315
1347954941919424518
1347954848239644673
1347954714630107137
1347954663253950464
1347954586305388552
1347954124151803904
1347954105575239683
1347953666909757448
1347953528053129218
1347953509648510979
1347953251765923840
1347953213903921154
1347952931509735427
1347952874064642048
1347952680858214402
1347952674315100161
1347952558950772737
1347952419414683649
1347952412804440071
1347952311008690179
1347952108717309956
1347952060474552321
1347952015167660041
1347951786544414720
1347951684228583426
1347951571783413760
1347951466242334720
1347951441126813696
1347951426090242048
1347951388849008640
1347951023432851456
1347950986774589440
1347950880310636547
1347950831295897603
1347950826988441602
1347950666401120257
1347950629713539072
1347904629028179974
1347904608031666176
1347904309481123840
1347904240501583872
1347903962343759872
1347903832454475778
1347903734098108417
1347903724564447233
1347903720042934272
1347903715039174656
1347903577029832705
1347903555655630849
1347903472134287362
1347903460226850823
1347903025109753856
1347902757928390657
1347902752081534976
1347902593893281792
1347902554533982208
1347902520191037440
1347902321431220225
1347902258621636609
1347902058029084674
1347902053633429506
1347902033907621891
1347901970414141443
1347901802864390144
1347901794148614146
1347901789069217793
1347901774049538051
1347901702800887810
1347901632311418881
1347901534613475329
1347901361497780225
1347901182531006464
1347901103631966210
1347900952641064962
1347900903223918594
1347900863554101249
1347900736164810753
1347900573199323138
1347900530522271744
1347900399240536069
1347900065210253312
1347900055928274946
1347900006582243332
1347899827032645635
1347899743549218817
1347899733197479939
1347899703761854464
1347899660199890946
1347899548719583233
1347899441160876034
1347899290551787523
1347898933507403778
1347898823763484672
1347898351870742529
1347898287391711232
1347898174636228610
1347897874869342210
1347897772448514054
1347897621046767617
1347897578654892038
1347897512200437760
1347897036297875458
1347896948943187971
1347896909416050689
1347896672127479808
1347896368514408449
1347896089861632001
1347896049654968320
1347895989194149890
1347895943698534401
1347895760428404741
1347895686197637123
1347895476977283075
1347895476507406336
1347895469637304320
1347895405720313858
1347895334748434439
1347895211540828173
1347895146357075970
1347895110890106880
1347894859881869313
1347894827803947010
1347894694815150081
1347894618285858817
1347894552556941316
1347894506562215936
1347894500404776961
1347894485188042752
1347894457996292096
1347894457434320903
1347894348155916289
1347894190894690306
1347894134783283202
1347893948942049280
1347893929602113539
1347893906567028736
1347893861440479236
1347893845850091522
1347893787561873408
1347893368748089346
1347893321419599873
1347893294802591746
1347893073511112704
1347893048643084290
1347893006880313349
1347892809089622019
1347892709835476993
1347892657708785669
1347892309258600449
1347892261732962304
1347892170905284608
1347892081214238720
1347891982035804161
1347891872182788099
1347891734508875776
1347891724560031744
1347891674140323842
1347891669371392002
1347891543194038276
1347891389552414723
1347891276541284359
1347891214301995010
1347890929768787972
1347890871228747776
1347890858335608832
1347890627925708802
1347890078731927553
1347889877145309184
1347889716104994817
1347889660526292992
1347889545220599808
1347889536316145664
1347980752814686209
1347980749568434176
1347980469070032896
1347980414527397905
1347980399243358210
1347980272525078528
1347980231206981640
1347980100353093640
1347980053485817856
1347980031562293248
1347979972892389380
1347979867443376129
1347979838137708544
1347979831573704705
1347979821092110342
1347979750334226432
1347979712979677190
1347979695938281475
1347979359764836353
1347979353460781056
1347979335962124293
1347979112091148297
1347979098052845569
1347979004419170305
1347978947179368448
1347978933128622085
1347978875909902337
1347978680845414402
1347978520140468225
1347978505636761600
1347978454583545857
1347978383867703296
1347978334777565188
1347978317270568963
1347978168167243777
1347978143353561088
1347978133153177605
1347978129927770115
1347978001397506050
1347977910309810183
1347977889296359424
1347977850268372997
1347977749596659714
1347977705204158465
1347977656420196357
1347977648614596609
1347977544197353475
1347977541961842689
1347977485451812865
1347977465570930688
1347977429898424320
1347977400336994305
1347977354870747138
1347977341079855104
1347977331072262145
1347977327611940868
1347977291440271363
1347977221961510912
1347977099374718983
1347976998682042376
1347976913135034371
1347976902267568129
1347976804389236740
1347976769714991104
1347976640677089280
1347976434103574528
1347976410569166849
1347976407637495814
1347976387932651523
1347976363714646016
1347976319129313281
1347976230205673472
1347976217216114691
1347976193040023554
1347976174459363328
1347976055584391172
1347975976295272451
1347975885278879754
1347975762670923778
1347975731574407172
1347975630533644296
1347975503114870788
1347975433959178245
1347975334235312131
1347975312194338819
1347975262609305600
1347975128588685324
1347974998766608386
1347974905405562883
1347974873965076483
1347974853329104896
1347974794592063493
1347974785301688320
1347974768788692993
1347974539624521732
1347974532355780611
1347974512151830528
1347974420313350145
1347974402751782913
1347974219221577733
1347974149633957894
1347974141580898308
1347974130616967170
1347974120659701763
1347973993593241600
1347973921564459008
1347973879906627587
1347973839137902595
1347973825095458816
1347973787988451329
1347973374664986627
1347973275691999233
1347973223506436097
1347973197602422793
1347973092614803459
1347973000570621952
1347972594675417094
1347972577717846020
1347972572533710848
1347972472260481026
1347972441222623234
1347972418015555587
1347972365142077440
1347972335421300741
1347972183616856069
1347972097604165633
1347971985079353344
1347971953613819905
1347971923892789248
1347971897913438208
1347971875201290242
1347971518945349634
1347971460258787329
1347971360388214791
1347971191026425856
1347970813115379716
1347970771361083392
1347970657699704847
1347970552053592065
1347970546676465664
1347970382746288131
1347970378564558848
1347970223782191107
1347970222871994368
1347970198616338433
1347970149232631811
1347970114981945345
1347969773192310785
1347969765441155075
1347969650466967555
1347969474465386496
1347969423462838280
1347969420199657478
1347969408904421376
1347969240171569152
1347969155862061056
1347969037238738946
1347968797840338945
1347968682912317441
1347968563173273610
1347968557292904452
1347968505862303746
1347968280724692993
1347968076340408322
1347968025476145152
1347967833519640582
1347967805220597761
1347967442547576832
1347967408099700738
1347967151483744256
1347967119846219776
1347967061138546688
1347966896889622528
1347966874215215105
1347966847228944384
1347966763053539329
1347966748767694851
1347966651673796609
1347966586167164944
1347966507855335428
1347966445490204673
1347966369686437889
1347966332256530432
1347966288337883136
1347966280637284354
1347966099858534400
1347966066513817600
1347966060897722368
1347965970695000066
1347965965003182080
1347965780021940228
1347965769527783429
1347965744085135377
1347965700699283458
1347995935553560582
1347995831165714433
1347995822844227584
1347995768964096000
1347995464264650754
1347995448070590466
1347995263328256002
1347995076119699475
1347995006741655552
1347994980942540801
1347994704017645568
1347994590779854848
1347994387570184192
1347994140114563076
1347993583526285312
1347993537061773312
1347993520888545282
1347993502534266880
1347993228717424640
1347993186753523713
1347993186564669441
1347993018528370690
1347992777720782848
1347992717972938759
1347992640390881280
1347992512863072256
1347992511302807553
1347992510124224513
1347992481271525377
1347992367274463232
1347992351059402759
1347992308608888835
1347992264660946944
1347992262379261970
1347992176458944515
1347992125808381952
1347992064198262784
1347992010347593729
1347991906228334609
1347991843703816194
1347991247131090944
1347991244937457666
1347991224209305606
1347991156022538240
1347991106575859715
1347991091153432576
1347991089672810498
1347990936492630018
1347990826039844867
1347990819786076161
1347990725133279234
1347990707294842885
1347990687938203651
1347990633856839687
1347990414419226624
1347990183262756865
1347990105269489664
1347990088769294343
1347989841124978688
1347989838176415746
1347989630252179456
1347989572282687489
1347989572119121920
1347989444016697353
1347989289221693440
1347989185198743555
1347989155461148672
1347989029736820737
1347988959788470272
1347988661103714305
1347988571131674624
1347988513103351810
1347988260690259981
1347988113163837440
1347988057778253827
1347988002656710659
1347987727892017158
1347987698070528006
1347987664000192513
1347987491673042944
1347987453001388033
1347986981914075139
1347986902306205700
1347986594297503747
1347986544687263746
1347986523774361600
1347986458745987073
1347986099042459650
1347986038233288706
1347985526670970888
1347985503317073920
1347985436111638533
1347985209162141696
1347984968505384962
1347984742570930179
1347984710899814400
1347984678284914696
1347984640963960832
1347984619010838533
1347984604150390785
1347984588690382852
1347984470423580673
1347984423292174336
1347984409283219466
1347984384385806337
1347984383488233472
1347984287975542791
1347984237950083075
1347984199190532101
1347984086871236608
1347984035277115395
1347984034123685896
1347983924287434753
1347983896533733378
1347983639435481088
1347983635836788738
1347983617230835713
1347983549547376641
1347983490084704257
1347983405967757313
1347983379887624192
1347983283070636032
1347983232256651274
1347983213470179330
1347983041260609536
1347982928341573632
1347982890441859072
1347982862973239298
1347982825895522304
1347982692244189186
1347982610690138113
1347982594478993409
1347982561671344129
1347982449851080705
1347982412517691392
1347982388224208906
1347982277062627333
1347982136171765761
1347982129523814411
1347982124566110212
1347982092274069504
1347982063417389057
1347981941237305348
1347981728112021507
1347981613158772743
1347981471349436426
1347981465330413571
1347981465024221185
1347981418887077890
1347981312766791681
1347981278298169351
1347981212921565189
1347981194953191425
1347981096370188289
1347705377425661958
1347705207489224704
1347705082842927105
1347704814357114886
1347704665916530690
1347704283446259720
1347704143318802435
1347703952528322560
1347703676283056129
1347703583513473027
1347703578668969984
1347703228251693058
1347703020537012224
1347702997023789056
1347702887972012038
1347702497637494790
1347702210503720960
1347701870496608256
1347701728292995075
1347701675285487624
1347701566120185858
1347701344988254214
1347701119632465926
1347701094965600260
1347700719881777158
1347700672884568073
1347700405132611584
1347700399591940098
1347700322240659456
1347700049413693446
1347699931625222150
1347699929045614593
1347699687956959232
1347699643006791683
1347699621217275906
1347699611721293825
1347699439629164546
1347699403935649795
1347699384444620800
1347699340068810753
1347699217154920452
1347699203749928961
1347698943338176512
1347698822961647616
1347698505012404226
1347698389580845058
1347698343141666826
1347698190179569672
1347697849895710724
1347697470076235778
1347697367139708930
1347697338391924736
1347697248533061633
1347697206627860485
1347697188697202697
1347696936615219203
1347696795980353541
1347696752703512576
1347696724765147137
1347696522830499843
1347696520993386497
1347696367607672835
1347696351224725505
1347696306463125504
1347696289803362305
1347696263798652930
1347696234342047746
1347696172991991810
1347696095812485121
1347695820024414208
1347695504285601792
1347695261343211527
1347695135291658241
1347694997043245057
1347694814494679040
1347694814423351297
1347694716238880770
1347694695112200193
1347781432907849728
1347781385721958400
1347780138537140225
1347779605013303300
1347779098039369728
1347778883471372288
1347778879071473665
1347778797970493441
1347778422798340096
1347778330590908417
1347778221341892609
1347778187045072897
1347777981482029059
1347777775697092608
1347777662782083073
1347777640934084616
1347777626690228225
1347777017983377408
1347776968352280581
1347776838358028294
1347776753209630726
1347776446933172232
1347776409540784129
1347776385893474304
1347776250379722752
1347776008276086784
1347775500001943553
1347775467219263488
1347775466833252354
1347775447229034496
1347775376269987841
1347774752811728897
1347774693152067585
1347774643122278404
1347774386393137154
1347774285440405505
1347774234504830977
1347773807818321922
1347773803192049665
1347773747378311168
1347773547620524032
1347773464954900482
1347773308226461704
1347773211220586500
1347772982714896384
1347772693836345344
1347772433319694336
1347772147574272001
1347771908885008392
1347771727120629762
1347771710897008642
1347771669813862401
1347771524464345089
1347771516000165889
1347771486111674377
1347771448643833857
1347771255286616064
1347771223858585603
1347771202719293443
1347771166262439936
1347770587830231048
1347770522214551553
1347770317578633218
1347770182794571777
1347770023348080641
1347769990523588610
1347769768850415617
1347769642656403456
1347768999136866305
1347768388475625472
1347767980294369285
1347767788077805568
1347767421478821891
1347767262292357121
1347767213491630082
1347767200988463110
1347767162526707712
1347767056293363713
1347766880992325636
1347766538112278528
1347797337888886785
1347796693912150016
1347796528228835329
1347796504338165760
1347796112577490945
1347796105900158981
1347796086312890369
1347795925121572871
1347795878933798914
1347795510766096385
1347794966224007169
1347794572240367616
1347794483711250433
1347794441176707072
1347794371668824065
1347794219151355904
1347793850748821509
1347793832818089984
1347793792460582913
1347793774626426880
1347793728333877250
1347793698936025088
1347793670335049730
1347793641566310403
1347793613124734976
1347793567859793921
1347793537925074946
1347793508539752451
1347793479833935873
1347793450062782464
1347793420362907648
1347792975871537158
1347792307739910145
1347791777927999491
1347791748580466689
1347791651440308227
1347790820456476672
1347790730648018944
1347790121412792320
1347789186796027906
1347789156349448192
1347789113940799490
1347788151415132160
1347788094049837056
1347788016450990080
1347787948922597377
1347787907147440128
1347787812003860481
1347787776205475841
1347787467089457153
1347786602093928448
1347786582586220544
1347786477867040768
1347786416151998465
1347786336200056833
1347786319900995587
1347786273621237761
1347785712603684864
1347785601702121475
1347785513168756736
1347785498438361088
1347785466947399680
1347785156724101122
1347785034371985414
1347784674433757185
1347784158148517888
1347784071645024257
1347783949079244800
1347783874445778946
1347783721022156801
1347783714445557762
1347783439072845825
1347783272533618688
1347783181164900352
1347782936540676097
1347782935877976067
1347782900238798850
1347782324658823169
1347735795894013961
1347735760078843910
1347735646350102532
1347735418800893953
1347735409061748738
1347735195139633152
1347735140882116608
1347735019465412608
1347734842495164416
1347734589473652736
1347734576492392450
1347734568904904716
1347734509396008960
1347734504060854272
1347734485740081156
1347734397194280963
1347734163131133955
1347733913700085761
1347733856888049666
1347733708745428992
1347733447398334466
1347733364221075457
1347733346789462017
1347733330855387136
1347733313541165058
1347733281027059713
1347732825248772097
1347732687684050944
1347732554099539968
1347731815386251264
1347731510640726018
1347731460774633478
1347731448678273027
1347731256012845058
1347731186429341698
1347731064861634560
1347730929213722627
1347730903162785794
1347730842341183488
1347730817762484227
1347730796266860545
1347730526262554625
1347729932693200898
1347729687674499075
1347729565280559110
1347729344060338178
1347728978996563969
1347728968108150786
1347728791897042944
1347728689904164866
1347728403726741504
1347728340866785280
1347728177863544833
1347728095868903425
1347728084343001089
1347728062172057600
1347727951253688327
1347727739214848000
1347727557416738816
1347727348246990854
1347727328479072256
1347727248510472193
1347727057573216260
1347726924391587840
1347726796368662529
1347726754811666435
1347726694690525184
1347726659743584257
1347726606043930624
1347726585651208193
1347726562792255488
1347726289357000705
1347726247187656706
1347726133563961345
1347725998322831361
1347725978072739840
1347725967767130117
1347725611062607872
1347725283126755328
1347725151727587329
1347725150507175939
1347725011914784770
1347724927349100544
1347724591838490624
1347724575543599104
1347724551640264707
1347724509995016192
1347724333603573761
1347723974680195079
1347723796120158210
1347723700250968065
1347723630126501889
1347723604515983360
1347723408902074369
1347723375771348992
1347723266505502721
1347723107876753408
1347722969922076673
1347722875801923585
1347722715981967360
1347722712077066246
1347722686005469184
1347722382493036552
1347721815972577285
1347721728127070208
1347721725471977473
1347721511189229568
1347721314010804226
1347721276354424832
1347721221404819456
1347766181848109056
1347765777689145346
1347764908755197954
1347764748176207872
1347764699740463104
1347764608648429568
1347764504160051202
1347764218511155200
1347763971454066689
1347763927468400640
1347763741618794497
1347762992033751040
1347762863587405824
1347762522334650370
1347762489891692545
1347762169270521858
1347761988617654274
1347761966996201474
1347761850591576064
1347761683687739394
1347761453852487681
1347761375146356736
1347761354363596802
1347761025815179269
1347760417691508737
1347760270664376322
1347759867558297601
1347759811702661122
1347759653833334784
1347759584199405568
1347759564503076864
1347759558203203587
1347759329089355783
1347758983428382724
1347758776271728642
1347758431189434370
1347758399438483457
1347758389711962114
1347758268903354368
1347758212498546688
1347758208065155074
1347758154747142144
1347757876203429893
1347757781739327490
1347757560242192384
1347755953588940802
1347755551573336067
1347755500457365504
1347755381490135041
1347755309138403330
1347755034184970240
1347754637072293889
1347754528007835650
1347754363691925505
1347753939366645763
1347753812333793281
1347753726484865025
1347753594871828481
1347753390474985472
1347753249143721990
1347752981698146306
1347752900211077121
1347752456088903681
1347752375503757313
1347752214131970050
1347752197761728514
1347752178346319873
1347752145668464640
1347751870744256513
1347751717631266819
1347751648450457609
1347751633279717376
1347751568972648448
1347751380447088645
1347751352596901888
1347751277967585283
1347751235672186880
1347950234945650691
1347950185805209600
1347950181359251462
1347950045040095236
1347949623235784705
1347949441920196608
1347949418495029252
1347949258150961153
1347949249221292032
1347949225082900480
1347949207236321280
1347948975790419968
1347948811579236352
1347948751986585600
1347948718767693825
1347948565281255426
1347948563247095811
1347948534625148931
1347948486231257091
1347948292907425792
1347948256911880193
1347948067497140235
1347947917311676417
1347947916996972545
1347947738198118411
1347947708485693442
1347947613337751553
1347947487768829952
1347947159681966085
1347946983634268160
1347946957407461378
1347946795423457291
1347946630264270849
1347946472793403393
1347946472151642115
1347946347257851905
1347946322373070849
1347946220761866240
1347945991035621383
1347945988158345216
1347945982877528064
1347945982508544001
1347945938489368577
1347945767416320001
1347945762211180545
1347945742409805825
1347945726798680064
1347945590018207746
1347945475966644224
1347945446635933698
1347945400871870466
1347945312632111104
1347945172416557056
1347945063368839169
1347944860075122692
1347944349791825922
1347944254593781761
1347944239590764546
1347944234008064002
1347944174746787843
1347944084317597698
1347943896903512065
1347943890511409154
1347943873394446336
1347943844768325633
1347943723372589056
1347943540198944768
1347942840740032516
1347942809500848131
1347942559302250497
1347942391496531971
1347942224370262017
1347942087216553987
1347942022481526788
1347941909772308480
1347941839450595329
1347941820400070657
1347941734303617026
1347941655765266433
1347941510130634759
1347941459434106880
1347941437242044416
1347941430514343936
1347941170291372035
1347941028435791876
1347940755680190464
1347940412862980096
1347940289567223808
1347940202996768771
1347940000453844993
1347939696354193410
1347939657464483846
1347939487213527040
1347939416120176641
1347939392581722112
1347939285434044416
1347939124100149249
1347939108962922496
1347938892490670081
1347938828590452736
1347938737188204545
1347938732092116992
1347938560461172736
1347938557722304515
1347938490441469955
1347938350297133056
1347938261730209794
1347938123347582976
1347937961082437634
1347937765091106816
1347937749307949057
1347937743431614464
1347937608962289666
1347937536488972290
1347937409913270275
1347937144073900034
1347936979690737665
1347936972095057920
1347936939589197827
1347936789848354828
1347936519915450377
1347936415838048259
1347936384250748929
1347936085083443200
1347935982818099202
1347935958688264192
1347935722184073219
1347935592282271745
1347935589094596608
1347935453815611396
1347935363214548992
1347935301931388929
1347935298097995776
1347935295254237184
1347935162118660096
1347935141881131011
1347813173290807297
1347812564986695680
1347812385403228161
1347811884506996737
1347811728814387200
1347811324542246915
1347811151757926401
1347811136327086081
1347811084749701121
1347810691428851722
1347810035137732609
1347809647479156736
1347809623861055488
1347809540675424258
1347809086692331522
1347808985475330048
1347808859730055171
1347808668054663169
1347808487515058176
1347808041316409344
1347807753725739009
1347807714555035650
1347807694535716864
1347807618824286208
1347807489744658432
1347807380776615937
1347807161338847232
1347807043051089924
1347806992312590336
1347806832253935618
1347806778898210816
1347806456121339904
1347806332682989568
1347805703176556544
1347805669378953218
1347805320849010688
1347805064136695809
1347804859324637184
1347804549352878081
1347804309048717313
1347803988515713026
1347803982631219202
1347803930688946177
1347803645069430784
1347803516316823552
1347803213831946240
1347803171641430020
1347802659600916480
1347802060230635522
1347802047991566338
1347801589852106753
1347801552535302147
1347801522902618114
1347801488207323139
1347801442980159494
1347800956344414208
1347800623987765248
1347800211595300867
1347799455446261761
1347799393018150912
1347799304166117378
1347799063425638400
1347799013140156416
1347798970911707141
1347798960090464259
1347798918910730241
1347919792322310144
1347919650835763202
1347919625267265536
1347919595286323200
1347919566115135488
1347919400985374722
1347919287462342664
1347919223893471232
1347919200619261952
1347919043160891392
1347918680101941252
1347918661592506374
1347918654684348416
1347918607284662273
1347918519216779269
1347918436777672704
1347918253264416769
1347918055758831616
1347917754976841728
1347917451946815489
1347917296786923521
1347917000732004353
1347916837544206337
1347916775023915008
1347916395737194497
1347916164245106691
1347916101896777730
1347916035199029248
1347916012486877185
1347915631123947523
1347915569090203648
1347915286167646210
1347915275384053760
1347915205964144640
1347914914673926149
1347914841814683650
1347914795689902082
1347914671630802946
1347914597852966913
1347914553452015616
1347914546053320707
1347914429912866818
1347914143865692160
1347914066942111746
1347914053696544768
1347913942316814337
1347913809197936642
1347913748246355974
1347913681452064769
1347913566343417857
1347913550874898435
1347913509842145283
1347913485166936068
1347913298738638851
1347913298499526660
1347913220984594432
1347913125513846785
1347913011596558338
1347912980730621953
1347912940377300993
1347912912506118145
1347912541872082944
1347912478295007234
1347912244332531714
1347912037041635328
1347911933534601216
1347911914513379330
1347911811551567874
1347911691368075266
1347911685818916865
1347911421137473537
1347911334726430724
1347911294960218114
1347911115590807552
1347911107135074305
1347910995168141312
1347910632318799874
1347910628594352135
1347910613385797632
1347910455323451393
1347910422519816194
1347910402647191556
1347910387862278145
1347910317930516485
1347910258392494081
1347910174107959296
1347910067300012034
1347910004301557762
1347909971309174784
1347909911112425472
1347909858943770624
1347909670267138050
1347909628961681408
1347909613333704704
1347909571768147973
1347909481317982210
1347909329333202945
1347909231215865861
1347909154602692609
1347909114102501377
1347909051871424515
1347909036642070529
1347908696836341763
1347908511490043906
1347908490707292162
1347908377880498176
1347908063236395008
1347908060929515520
1347908043317473281
1347907954289352709
1347907872110292998
1347907853563154434
1347907778615128066
1347907597454745607
1347907228603457536
1347907157170282503
1347907043882135555
1347906928660410370
1347906872121155585
1347906864558845952
1347906808158023682
1347906792043511809
1347906615224233985
1347906530876780544
1347906400463302656
1347906095738662912
1347906047298646019
1347905797632651268
1347905742750289922
1347905676392148992
1347905509530202112
1347905406354468864
1347904960432922624
1347904895404433410
1347904780467904512
1347904741049847809
1347720600035483658
1347720526278651907
1347720440110673920
1347720364239949830
1347720231154802693
1347720041190588417
1347719992385671171
1347719811812438019
1347719635005698050
1347719583956930563
1347719395699810307
1347719351038840835
1347719165381992450
1347718925195366400
1347718735176626178
1347718669070184450
1347718197374541826
1347718189199679489
1347718173336825856
1347718126604070912
1347718011470241793
1347717999189499909
1347717968805965830
1347717879949647872
1347717842750197764
1347717518329327616
1347717487060635648
1347717225810194434
1347717224396591106
1347716941797056513
1347716858015674372
1347716831793065986
1347716813539454979
1347716776558088193
1347716631083036679
1347716622467932162
1347716466381099008
1347716379227561987
1347716345975201792
1347716113925345290
1347716032199335937
1347715978549997568
1347715788766117888
1347715766339059712
1347715711397883904
1347715685007417348
1347714916355100673
1347714884654428162
1347714623026302976
1347714583415447555
1347714517980114944
1347714474267049994
1347714457795846146
1347714375528767490
1347714262316281857
1347714242338844679
1347714226547159040
1347713963711225856
1347713952298491904
1347713628594696193
1347713553516564481
1347713320074190852
1347713300088426498
1347712867030740995
1347712858503708672
1347712747392311296
1347712635798749184
1347712526323220486
1347712395397918722
1347712391459594240
1347712218423468035
1347712216942977026
1347712188627230726
1347712075544592387
1347711918216249345
1347711899832639489
1347711785223204873
1347711733499006976
1347711682034876417
1347711606281695235
1347711590313947136
1347711325200216065
1347711230052626434
1347711207910739970
1347711160494284803
1347711105922191362
1347710990276718594
1347710806797021186
1347710792465063937
1347710584284962825
1347710584054296576
1347710335847948291
1347710178423169025
1347710037897183235
1347710031425318912
1347710008138481664
1347709906871349248
1347709577840762881
1347709485855379457
1347709358487068678
1347709260075991042
1347709145516969991
1347708969301774337
1347708812736815105
1347708553839190022
1347708542036402179
1347708458955493376
1347708302709252101
1347707780623462403
1347707706388348929
1347707696074477571
1347707677871382528
1347707668778119170
1347707485398904832
1347707309703589892
1347707178132647938
1347707157785923585
1347707150915788800
1347706933936009221
1347706929511079943
1347706739513192448
1347706726586478592
1347706587519938561
1347706507723468808
1347706392698880002
1347706176029544450
1347706091560427521
1347706082110660608
1347705860181684228
1347705703100780544
1347705673778425856
1347889465688268803
1347889328974946305
1347889293050732544
1347889151606190083
1347889042449256451
1347888972471685123
1347888971582480384
1347888926598385670
1347888802942038019
1347888764169957376
1347888654488895488
1347888482216255488
1347888429036691457
1347888280457515010
1347888220370038785
1347887858833616896
1347887744756965378
1347887656521371648
1347887553735766016
1347887547666624512
1347887388547284992
1347886978478518273
1347886970421334018
1347886952075448322
1347886945607811072
1347886789223198722
1347886750245416961
1347886700064698371
1347886612949192709
1347886608226381825
1347886588227956736
1347886586801885184
1347886535207743489
1347886495546413057
1347886339207913473
1347886318932668417
1347885873581477888
1347885809068871683
1347885690038726666
1347885619234660354
1347885559755243521
1347885423150784513
1347885333678084096
1347885312442298368
1347885304246661121
1347885266988650498
1347885195169587202
1347885175301152770
1347885015447777280
1347884877450866690
1347884865115590659
1347884752771153921
1347884717002149888
1347884347567829004
1347884271307018240
1347884267637006337
1347884258896080902
1347884211768799234
1347884137366040576
1347884116491067395
1347884095657938944
1347883778740523014
1347883505901039620
1347883492219232259
1347883434996359168
1347883411915100161
1347883387344846849
1347883302389243905
1347882976307249152
1347882783625121793
1347882684333305857
1347882546822930435
1347882484164407297
1347882366417723393
1347882363888361487
1347882357295034369
1347882311547822080
1347882191435526150
1347882147818954754
1347882072518619136
1347882005246177285
1347881893862240261
1347881782457344002
1347881556011061255
1347881234379149315
1347881219451621378
1347881110093639680
1347881046101135368
1347881021228937219
1347880899896078337
1347880871005724673
1347880851137306625
1347880759844085764
1347880649399676929
1347880619766853633
1347880332121411589
1347880311753945088
1347880222717186049
1347880064524972033
1347880001698410498
1347879898778505219
1347879862988636160
1347879787658760193
1347879652216500227
1347879525976256512
1347879482670129157
1347879453360316416
1347879239975055360
1347878733542264832
1347878564952096770
1347878343669112832
1347878339118301185
1347878172218552320
1347878163993534468
1347878107097784321
1347877647418761219
1347877547464392706
1347877267997941762
1347876957879414786
1347876831760846849
1347876581604085765
1347876451903827968
1347876343384571906
1347876236815552513
1347876143656009731
1347875637176971264
1347875480188416002
1347875410063859717
1347875388161019904
1347875134875463684
1347875123941023744
1347875014700367874
1347874898375540737
1347874435487977472
1348056696862744576
1348056507439591428
1348056393350201345
1348056205961400326
1348055958015127554
1348055732101337088
1348055472209858560
1348055349585207296
1348055080843489281
1348055070575890433
1348054853998804998
1348054770125180930
1348054634506539008
1348054399533408257
1348054256423759876
1348054218964406272
1348054201268658176
1348053992287465472
1348053985056477186
1348053975879315457
1348053950034046977
1348053820098621448
1348053784560246785
1348053354170105858
1348053305738620928
1348053238868815881
1348053087345201153
1348052982324224005
1348052957523300365
1348052475413221376
1348052427988107264
1348052410896412673
1348052329153527812
1348051920808783874
1348051881692639234
1348051757075734529
1348051551261114369
1348051192149127171
1348051077925629955
1348050981620244486
1348050900321849344
1348050810433904641
1348050761821937666
1348050526911520768
1348050405918441472
1348050361534173186
1348050209067200515
1348050035301351431
1348050024836419590
1348049999876272129
1348049972638478341
1348049806871166979
1348049763384643586
1348049743096782848
1348049676608577537
1348049651656749056
1348049558954147842
1348049159287414784
1348048803195187200
1348048755837313027
1348048694990483457
1348048510822834180
1348048374533074947
1348048318832766977
1348048297823506436
1348048249962156033
1348047921766408193
1348047629259862023
1348047283766636544
1348047197485596673
1348047049451827206
1348046996968534016
1348046729271255043
1348046536983388161
1348046208355471360
1348045994957697024
1348045946005970945
1348045909481832448
1348045895150039044
1348045827663667200
1348045524973318144
1348045490038972419
1348044876953346048
1348044839682760705
1348044385825423361
1348044366271684612
1348044269752344578
1348044147479998464
1348044065502228481
1348043899533668354
1348043834249375748
1348043594301661190
1348043489993486338
1348043392492728324
1348043149579456512
1348043136241602560
1348043121645510657
1348042985947197448
1348042905643053056
1348042857798488065
1348042823724118018
1348042771945447427
1348042392180580352
1348042347817410561
1348042189109080070
1348042159866445826
1348041980056653828
1348041960272101378
1348041930043650049
1348041867980640257
1348041592167297024
1348041215804014592
1348041176167886850
1348040657118633987
1348040436670201857
1348040212237193219
1348040161460957186
1348040123485716480
1348039922427465728
1348039634857697283
1348039383719567364
1348039235882815489
1348039182040457216
1348039177376555011
1348038434347249666
1348038186228998145
1348038088434528256
1348037930275770370
1348037663824228353
1348037621428191238
1348037517199732745
1348037477366439938
1348037473092427776
1348037168124604422
1348036922678128642
1348036899521384449
1348036829832876033
1348036825642799105
1348036589390278657
1348036576463319040
1348036271520714752
1348036240826839040
1348036146505256960
1348035605062688769
1348035400611340288
1348035319573192705
1348035306214322179
1348035014009696258
1348034952433045506
1348034881020780544
1348034808220422145
1348034751358246912
1348034310893408257
1348033909720715267
1348033759195537408
1348033702589296642
1348033659866120192
1348033448418684930
1348033383218245634
1348033299952889863
1348033118549250052
1348033054883934210
1348033054191742976
1348032979281461257
1348032660053123077
1348032650100006915
1348032505866293250
1348032493463678984
1348032470277451776
1348032192044277760
1348032158955397123
1348031998984646663
1348031947235352577
1348031788992647176
1348031697368076291
1348031618808598528
1348031409823354880
1348031376730304512
1348031362108973057
1348031080255922177
1348031077340901385
1348030994851491840
1348030915918897154
1348030712381902848
1348030600238821376
1348030233094533125
1348030126886440966
1348030121463205888
1348030074143059968
1348030000251985927
1348029730998521859
1348029604527792129
1348029453406851072
1348029371903315981
1348028770683408384
1348028657927917571
1348028540290273281
1348028330654769155
1348028290553049088
1348028121027645440
1348028113251401730
1348027882514350088
1348027749148073996
1348027610123575298
1348027357559341058
1348027265188122626
1348027079418400770
1348026727222673415
1348026652174016518
1348026643672145920
1348026613963767809
