1353747090581684235
1353746620425375746
1353746256808595457
1353745715575459841
1353745616191406081
1353744769583898624
1353744720946724865
1353744225544916992
1353743060400828417
1353743035046260740
1353742323599998976
1353741984779923457
1353741874947887105
1353741075446439938
1353740587195912199
1353738832299122689
1353738752376631299
1353735622817533952
1353735566731464704
1353735350829592579
1353734560337563651
1353734368875966471
1353733885167689729
1353733541088141313
1353733335642681347
1353733250204766208
1353733131384315905
1353732819009339392
1353732799778467840
1353732758426841090
1353732181588238337
1353732172595793921
1353732058372132864
1353793715089920004
1353793049508401154
1353792940947234822
1353792871212736513
1353792711858520066
1353792599174352898
1353792305271074818
1353792048353189890
1353792045555593223
1353791908208930818
1353791424718888960
1353791312714223619
1353791096573349889
1353790816611950592
1353790779584634882
1353790737721266176
1353790689843310592
1353790649619935232
1353790442786193408
1353790357021077506
1353790224967602178
1353790223235342337
1353790135838633986
1353789804866121729
1353789769382289409
1353789761589284866
1353789498912600068
1353789277151195136
1353789249829658625
1353789057952862209
1353788564400607233
1353788542724366341
1353788522457690112
1353788271856209920
1353788165555892229
1353788158576615424
1353788149475008513
1353787852946071558
1353787487588593664
1353787198093598720
1353786711923425284
1353786561196941315
1353786535968198657
1353786507404963841
1353786457446621186
1353786107784278016
1353786063685373957
1353785762433683456
1353785722650693648
1353785529649786881
1353785435890327557
1353785381406171136
1353785302268207104
1353785154519576579
1353785050597384192
1353785020989796354
1353784958805008400
1353784911124168708
1353784823509344256
1353784699856973824
1353784571045818368
1353784477387001857
1353784468574756866
1353784187661246465
1353783860400685056
1353783572063203328
1353783363581128710
1353783327631749120
1353783321621393408
1353782756178800640
1353782508895301632
1353782367765336068
1353782247233646592
1353781995495682051
1353781781758152707
1353781680763412482
1353781352001318913
1353780942238871553
1353780824030769153
1353780598356275201
1353780525794816001
1353780245749444608
1353780239697117186
1353780195594010624
1353780045949636609
1353779949249974272
1353779775366639617
1353779212457537538
1353779166508945411
1353778996153085953
1353778821309341697
1353778679634161665
1353714505415446529
1353714425027457024
1353714272069709828
1353714232659857409
1353714020650524672
1353713778416824321
1353713571167920129
1353713506927964161
1353713368683700226
1353712896983896072
1353712857347547136
1353712771570036738
1353712436503851008
1353712432129191945
1353711957799538689
1353711816266944515
1353711736445140995
1353711139398561793
1353710359924928513
1353709479569797120
1353708717473210376
1353708681028841474
1353708680139714560
1353708649873612800
1353708169021820928
1353707038434582530
1353706514884780038
1353706325075779584
1353705986968723458
1353705986587033602
1353704823577849858
1353704308643139584
1353703612057321473
1353702855287386119
1353702695916478469
1353702333176229888
1353702229732163606
1353701952979349511
1353700478413131777
1353700008407818240
1353699897879441410
1353699689124794369
1353540454797684736
1353539928408383488
1353539840781017092
1353538749989220358
1353537286600679424
1353537164869472256
1353536513921986568
1353535285779263489
1353534237278920704
1353533789813809153
1353533002958184448
1353532558559113216
1353532414023397377
1353532239590486016
1353532216379404290
1353531003797721089
1353530074759389184
1353529244652105731
1353528947552653313
1353528883463790593
1353528454117945347
1353528407607410689
1353527764654014464
1353527236243189760
1353527231142715392
1353527113140350977
1353526182063570944
1353525705481613315
1353525535440334849
1353525445023707136
1353778030859210754
1353777873434390531
1353777863355473922
1353777764814483456
1353777759714160640
1353777279818727427
1353777014789054469
1353776679663984647
1353776157070647298
1353775873254678529
1353775603707736066
1353775018250022912
1353774931788648449
1353774309874028544
1353774214621384707
1353774168316243976
1353774104214728704
1353774067921387520
1353773981187375104
1353773979811647491
1353773960022908928
1353773952192176129
1353773808583401472
1353773667361107969
1353773363672588288
1353773174723375104
1353772127636365313
1353772097106022410
1353772012791947264
1353771229111578626
1353770706530693123
1353770666328121346
1353770563471368192
1353770538783682571
1353770421112418304
1353769781397250051
1353768844997898249
1353768733588811776
1353768590525288453
1353768503275380736
1353768438347522050
1353767638615339009
1353767105502601218
1353766748860932097
1353766670335143938
1353766428504170497
1353766333201182721
1353766020658290688
1353765867847356419
1353765440837677056
1353765362899279873
1353765280237936642
1353765106446905344
1353764978466152449
1353764720176738320
1353763740534059011
1353763695919308801
1353763604865163272
1353763398488645632
1353763332197519361
1353493772387164161
1353493739927429120
1353493476898443264
1353493218726469633
1353493135268130816
1353762748505722880
1353762526094389248
1353762397400477698
1353761990494326789
1353761706669875200
1353761478352973824
1353761374317510657
1353760738704289792
1353760664305758209
1353760402098819072
1353760107859996682
1353759964079271936
1353759114556534785
1353758873828651009
1353758438107570183
1353757690917396485
1353757636777320448
1353757604699385858
1353757479931424772
1353757301065322496
1353756586645315584
1353756405547888640
1353756136068034561
1353755858199588865
1353755835491643399
1353755009800933376
1353754674348908549
1353754627401986052
1353754456349962241
1353753946087690243
1353752713872384000
1353752690615062529
1353752617369935872
1353752530304589825
1353752476424531971
1353751754282684416
1353751538909511680
1353750948519272449
1353750921373745152
1353750825336774656
1353750670151659523
1353750114293215232
1353749802316652545
1353749678744072192
1353749531704385541
1353748661482754050
1353748512975028231
1353747826782646273
1353524888347283456
1353524642737057792
1353524188909346818
1353523785060610048
1353523714688692225
1353523321376276480
1353523193814814720
1353522968580657152
1353522328336879616
1353521693638053888
1353521130468904961
1353519834764619777
1353519590668689408
1353519509215260673
1353519357368930305
1353519134961758209
1353519085213069314
1353518688994025477
1353518046619512833
1353517806617309184
1353517632989913088
1353517588568027136
1353517579134935041
1353517225869778946
1353515459832909824
1353515447174504451
1353514770603900934
1353514463102717953
1353514005353144321
1353513451767951360
1353513352912363522
1353512593000980480
1353512417343504384
1353512331389632512
1353510811994566657
1353510736677507074
1353839801645019137
1353839519414546433
1353839485922979841
1353839396437581824
1353838187219570689
1353837999730077699
1353837488943620097
1353837150765277184
1353837116531167232
1353836733541068800
1353836292107362307
1353836258385133569
1353835852607016960
1353835731131768834
1353835571857281024
1353835208311762944
1353834885899837440
1353833982526451714
1353833931582304256
1353833596755304448
1353833528908255235
1353833218911436800
1353833105207877640
1353832804363153408
1353832547592130563
1353832493867278337
1353832116539293698
1353831858413428737
1353831586416869376
1353831545598058498
1353831276319531008
1353831137852977155
1353830927533801473
1353830848160788481
1353830822068031488
1353830197955584000
1353829701618438145
1353829655267012609
1353829613508718593
1353829139502018561
1353829073731145730
1353829018638938114
1353827789514944512
1353827665371922433
1353827505560571906
1353827395573178369
1353826992421015554
1353826781510287360
1353826493382746114
1353826332673777665
1353825808104771584
1353825478637838336
1353825280280858625
1353825278326304769
1353825256926965761
1353825230423085061
1353825201604022272
1353825160302792704
1353825138064678912
1353824943637581827
1353824448982380545
1353824396113137664
1353824148682911746
1353823889726431232
1353823598595764224
1353823444622835713
1353822958943424512
1353822650024517634
1353821917166395392
1353821192747180035
1353821095850364928
1353821056012677121
1353820645436633089
1353820623835979776
1353820141189029888
1353819944924835840
1353819579215040512
1353819403293491200
1353819151031275523
1353819019455975427
1353818582648553472
1353818415224532992
1353818387252727808
1353818179416551424
1353818106532139008
1353818055462297601
1353817663269728259
1353817658513358849
1353817419517726721
1353817368640724993
1353817237724004353
1353817234855120896
1353817087874101253
1353816757237141504
1353816617453563904
1353816613024395265
1353816537946320897
1353816320765267970
1353816284627136512
1353816234844946432
1353815071965782016
1353814255183790081
1353813052882358274
1353811430265520129
1353811053814157314
1353810935006294020
1353810793565986817
1353810311216836610
1353810029485424642
1353809541532684289
1353809364403052550
1353652574964998144
1353652374347403266
1353651719637499905
1353651142803263489
1353650367511351303
1353650251085844480
1353649981102510081
1353649793751347201
1353649030933344257
1353648640280166400
1353648289497964544
1353648283646910465
1353648278403997697
1353648272230019073
1353648263824551936
1353648257822560257
1353648251686281218
1353648245952622592
1353648240210665472
1353646102130679809
1353646018403962886
1353646000192303104
1353645832092979201
1353645317745500166
1353643402030624768
1353641862834180097
1353640969506349057
1353640658909749249
1353640445516115969
1353639946897289216
1353639177343000576
1353639137207840769
1353638818126196737
1353638727315148800
1353638601418915840
1353638336561221633
1353637983258349569
1353622096304353281
1353622040880803843
1353620971090042880
1353620870627905536
1353620803993165824
1353620083583692802
1353620034288033794
1353618645080039425
1353618169089433601
1353617771914010626
1353616949444415489
1353616813750439936
1353615425570041857
1353615020060532736
1353614773150167040
1353614176372060160
1353613405790347265
1353612409479589890
1353612367016423427
1353609846797594624
1353571088849129473
1353571001381105666
1353570230967140353
1353569300028641280
1353567188955897857
1353566708129271808
1353566419812802567
1353566285796413440
1353566153143062529
1353565493504987141
1353564263630004225
1353561951700398080
1353559111766573056
1353559060310851586
1353558928194465792
1353558030718124037
1353558024561033216
1353557823913771008
1353605290122502146
1353604448199831554
1353604344923488256
1353603468527886336
1353603353134161920
1353603006764355584
1353602806385664000
1353602020251471873
1353601472081092613
1353601407430123522
1353600629156024320
1353600203232849921
1353599781306736640
1353599720174718976
1353599117138812933
1353598991817052160
1353598920350429185
1353598548701454336
1353597951898214400
1353597687145263112
1353597446908223493
1353597301910958080
1353596496856363014
1353595957166759936
1353594885756968962
1353594797529952257
1353594178245160960
1353593494242209794
1353592338208067584
1353590273876623361
1353808817562202114
1353808530126610432
1353808464083120129
1353807152528453632
1353806772608368640
1353806674918862848
1353805758098362369
1353805586647965697
1353805558650785794
1353805129518993413
1353805064813600768
1353803775073517569
1353803753816784896
1353803393823813632
1353803126629924868
1353802594641182720
1353802582020513793
1353802580145680387
1353802029479686145
1353801757206441984
1353800984544198657
1353800331365392385
1353800062195924994
1353798668156104705
1353798151099084801
1353798039639613440
1353796789950963712
1353796498090307584
1353796345358733312
1353795480292106242
1353795337979392000
1353794649245184005
1353794208587522048
1353794115624988674
1353794095416631296
1353729648266383361
1353729083503501314
1353728844847591433
1353728083182944257
1353727985304670208
1353727909744287745
1353727067456753665
1353727006844841985
1353726569194336256
1353726173747019778
1353725865910272000
1353724347425431555
1353724059926847489
1353723527497740288
1353723161775280128
1353722755791908865
1353721815324004352
1353721572218036230
1353720917415899137
1353720806317170689
1353720452556976130
1353720184779857925
1353718872092905472
1353718478759464960
1353718454893891585
1353716889193615362
1353716581633728513
1353716079915364352
1353715954287579137
1353715484135469057
1353715191834402816
1353714717043392512
1353714667508690944
1353555644637306880
1353555519076593664
1353555065014013955
1353554911749955585
1353554778781966337
1353553682021765121
1353553240575660032
1353552214070087681
1353551920145772545
1353551832992378883
1353551575596326913
1353551237397032962
1353551204408819714
1353550545319989248
1353550230990553089
1353549529270910977
1353548670403289088
1353548413443436556
1353548053257613313
1353547255081525248
1353546158950412288
1353545986287788036
1353545840091136000
1353545628433973253
1353545480219856896
1353545332269985793
1353544773513187328
1353544600103825408
1353544584836632578
1353544496320028672
1353544283295420417
1353544125350600704
1353543981590851586
1353543871544782849
1353543864242597888
1353542606165139457
1353541522730278916
1353540754300301318
1353637426539859968
1353637172423909377
1353637102827696128
1353636981016678400
1353635373176377344
1353633230960939009
1353633027390369792
1353632822469263363
1353632572241305600
1353632451017535491
1353632135580680193
1353631634009026561
1353631444233564160
1353631444229349376
1353630216497680386
1353630185174822913
1353628797480923137
1353628387537940480
1353628322408787968
1353628283649323009
1353627764730032134
1353627641157398528
1353627392921616386
1353626877282447363
1353625957492527104
1353625307211833345
1353625187439300610
1353623636473749504
1353623507918323712
1353623471042015233
1353622366660784128
1353586844060028929
1353586505026064385
1353585872227225601
1353585382118588417
1353584718856523776
1353583069417009154
1353582928446545920
1353580389093105664
1353577726473601025
1353577008396005377
1353576906923233280
1353576178502627328
1353576012538380288
1353574453905600512
1353574222619156480
1353573203847745536
1353572315741761536
1353572094139883525
1353571752136167424
1353855083520389121
1353853963716669440
1353853614918430720
1353853547847299076
1353853372848332800
1353853173803282432
1353852903849676800
1353852263261855744
1353852069606793217
1353852042960396288
1353851686549389329
1353851555812880384
1353851554693074946
1353851393015238658
1353850690645479424
1353850400684843009
1353850295139373057
1353849714723098625
1353848983127470080
1353848755703795712
1353848206371786758
1353848093033295873
1353847977023074309
1353847446204518401
1353847306722955264
1353846980762624000
1353846827741827072
1353846029221851137
1353845914780237825
1353845716700041216
1353845659925946369
1353845515256025090
1353845481470889985
1353844781047287808
1353844307200004098
1353844221485191168
1353843504762511362
1353843485795901441
1353843408218034176
1353842992008859648
1353842950166507520
1353842924799188992
1353842795325349889
1353842585513541638
1353842498356051969
1353842421906481153
1353841525239635968
1353841432218505217
1353841245278371840
1353509107177644033
1353509037426540545
1353508917654003712
1353508369076604929
1353507732452749313
1353507057882836994
1353506133521035265
1353505914918232064
1353505844311203840
1353505709095194626
1353504915235237888
1353504535692660737
1353503801534279681
1353503663038189568
1353503644377886720
1353503514861957122
1353502636826390529
1353502627728928768
1353502601569062915
1353501742479118338
1353501701190295552
1353501645792043008
1353500989152784386
1353500715675652096
1353500177047425024
1353499093394329601
1353498903891464192
1353498902511681536
1353498451074547713
1353498367326777344
1353498314403151872
1353497179915075585
1353496692159635464
1353495733823889408
1353494910905802753
1353494273115779075
1353494068685234176
1353667738825273344
1353667599696080897
1353666563589734402
1353665341403131904
1353665233060057090
1353664732662738945
1353663186524844032
1353662953778774017
1353662786996461568
1353662149676179456
1353660612480524288
1353659695945363456
1353656638612402178
1353656596228829187
1353654852824543233
1353654730208243712
1353654368399216640
1353653999317221376
1353653929771462656
1353653131398230018
1353699058938998784
1353698797021487105
1353698468024487938
1353697888333950984
1353697785749659648
1353696821827293186
1353696620160970754
1353696576091414528
1353696425578803203
1353695970912063488
1353695946471858177
1353695685942636545
1353695416685047809
1353694504583196673
1353694351289950208
1353693491411476480
1353693471928946688
1353692985335173125
1353692979005972480
1353692626315218945
1353692531469512704
1353692494945513473
1353692442592210944
1353692334064545792
1353692313495732224
1353692098038550534
1353691725567549440
1353691084153614338
1353690955434635264
1353690567272771584
1353689969991299074
1353689222759084032
1353689161010712576
1353688877291233280
1353687635877879812
1353687317077127169
1353687272168816640
1353686072073531398
1353685728518156288
1353685722977464320
1353684321194926082
1353683978759368704
1353683307326746625
1353682204812070912
1353681373433917445
1353681121628794881
1353681081971650561
1353680969002344456
1353680961964302336
1353680053553553414
1353679860007370752
1353679511087267841
1353679160993001472
1353678994806198274
1353677759910875141
1353676223071744005
1353675655213441025
1353675546035593217
1353675499193569287
1353675496731664384
1353675430658772993
1353674551486504962
1353673873200467968
1353673595130535938
1353672459141185536
1353672121478688769
1353672091367706624
1353671796541763588
1353671181602316289
1353670933496606725
1353670398219587584
1353670045876948998
1353669824564654082
1353669418820136962
1353668805826899969
