1352009650791567361
1352009627114876929
1352009582370054159
1352009438299893767
1352009300684759042
1352009122632376320
1352009104290697216
1352008863608950788
1352008237638430720
1352008061267931142
1352007709487411201
1352007648703557633
1352007166220263430
1352007061853392898
1352007015686676481
1352006889949818880
1352006520142245891
1352006502886858755
1352006173571035140
1352005845400367124
1352005666915889160
1352005413877796868
1352004472445272066
1352004109340180483
1352003993782915073
1352003842997694464
1352003503322001408
1352003459436990466
1352003356110147585
1352003006473101314
1352002663362277380
1352002659633520643
1352002639257620486
1352002534915891210
1352002528620240896
1352001504845160448
1352001096957489155
1352000913565749261
1351999423677689865
1351999186829512705
1351998803860217858
1351998640554987524
1351998580752601089
1351998516223045632
1351998475433439233
1351998380898217984
1351998285767176193
1351998116929691648
1351998010364981252
1351997787605446667
1351997748686561280
1351997600061292545
1351873912813084674
1351873565902073857
1351873402668199937
1351873309151936515
1351873000866418691
1351872887070724096
1351872720414404609
1351872546283536387
1351872134419673094
1351871501780328450
1351871500677046273
1351871188767809536
1351871119712677892
1351870871653249024
1351870814161940482
1351870231237550080
1351870017676210176
1351869764633812995
1351869278153150470
1351869238600892417
1351868868008939520
1351868837583491073
1351868820315635715
1351868538571481088
1351868481491361793
1351868412746756097
1351868380312195078
1351868134727139329
1351868059062038534
1351867791138291712
1351867554407571457
1351866892881977344
1351866655400361984
1351866338428416001
1351865900866015232
1351865546313064452
1351865434543452160
1351865085975789569
1351864574832570374
1351864564539912192
1351863638714413057
1351863471554637824
1351863145762066432
1351863128783540224
1351862917939998724
1351862577370976256
1351861592745517057
1351861388784906240
1351861372192223234
1351861248548360192
1351861039525191683
1351861010794225664
1351860200182079490
1351859562450735106
1351951169925636096
1351950773798674432
1351950686188150785
1351949926503120897
1351949526953832451
1351949201404522496
1351949135646240768
1351949124866859014
1351949115203211267
1351948980159090688
1351948939793215490
1351948895987912704
1351948771404480517
1351948613090467841
1351948602491478023
1351948233564631042
1351948129029918725
1351948025611116550
1351947658232033282
1351947653743972354
1351947613524946944
1351947592725377026
1351947561104519170
1351947395530166274
1351947264877613068
1351947259630465025
1351947228395560964
1351947099424714752
1351947009675112452
1351946956805963777
1351946745484365837
1351946217337593856
1351946209322295297
1351945736473124865
1351945606814642184
1351945490989015040
1351944947730157568
1351944868117942272
1351944849038192646
1351944700626874370
1351944670872563713
1351944513724542984
1351944437967024136
1351944341040857092
1351943906368352260
1351943878862114824
1351943741171326979
1351942866801668100
1351942846715203586
1351942691303673859
1351942667966550016
1351942396003627008
1351941934911266817
1351941816673820673
1351941606467899392
1351941454483107842
1351940803476807682
1351940563021524992
1351940539453739008
1351940224620793856
1351939475094593542
1351938954224930822
1351938351599915009
1351938086540779522
1351938064059400194
1351937338671308801
1351937325400543243
1351936205395521536
1351981744375947269
1351981679456489474
1351981265982021639
1351981009324142592
1351980986339368964
1351980919662505992
1351980896056979461
1351980421077209101
1351980412525039616
1351980211940847618
1351979894566051840
1351979894473805826
1351979646775136256
1351979546216685568
1351979513652117505
1351979424527372293
1351979312820445187
1351979175339466752
1351979148198211592
1351979020930453504
1351978725265518593
1351978559523446786
1351978383392047105
1351978372721766402
1351978237459628036
1351977944193888258
1351977806981427200
1351977779642949634
1351977644900937732
1351977570577895427
1351977536645840898
1351977313840324608
1351976863237894146
1351976803359928321
1351976776742875141
1351976559670947841
1351976396420214785
1351975735855095814
1351975729718816769
1351974932700254208
1351974693440548865
1351974628445605888
1351974537861206017
1351974444693155840
1351974237825859584
1351974211124940803
1351974101179621376
1351974050181033984
1351973465587380233
1351973376282267649
1351973254240628736
1351972967702548480
1351972312824819719
1351972229987196931
1351971848544800770
1351971423963795462
1351970990499237898
1351970292474720260
1351970100216279040
1351970095560601603
1351970028577546243
1351969726507880450
1351969559251570688
1351969468231069696
1351969210205929476
1351968980492292098
1351968227983765510
1351967516717932546
1351967480080527361
1351967443703500804
1351967344189444096
1351967323444424706
1351967241840041988
1351966980287430656
1351936003431256064
1351935544855580672
1351935360473952261
1351935239124299782
1351935037848088585
1351934973968699392
1351934759417556992
1351934559630340097
1351934382794129408
1351934254008168451
1351934070704451587
1351933122649190400
1351932939676889095
1351931698360016903
1351931630168977409
1351931377311215618
1351996182256472066
1351996029844025345
1351996015327531010
1351995795873165314
1351994849617203201
1351994636441673736
1351994276369100800
1351994224426713088
1351994170764910594
1351993966414032896
1351993883161456640
1351993277722075136
1351993190744686592
1351993163012067343
1351992920698740737
1351992826528215045
1351992779900145664
1351992752649678849
1351992544238960640
1351992453570703368
1351992258816520192
1351991475140222977
1351991252619845632
1351991108662923266
1351990923165515776
1351990810183684096
1351990572479758336
1351989553268207617
1351989151688753154
1351988886294192130
1351988844409860096
1351988730110877697
1351988729011965955
1351987792939790337
1351987766427607044
1351987548869054465
1351987544423084037
1351987511338397702
1351986869626667010
1351986444773036041
1351986123564863491
1351985915564986369
1351985889908584448
1351985109369557000
1351984676475383810
1351983697386467329
1351983605585760257
1351983155775995910
1351983017745666048
1351982794575122434
1351982758483152897
1351982674093682690
1351982665457668096
1351982481600372750
1351982256009728004
1351982070445309960
1351795283940810754
1351795031229796354
1351794835167051781
1351794775402422273
1351794749020069889
1351794548763209728
1351794534787805187
1351793217163804672
1351792830142795777
1351792452311592960
1351792348477460480
1351790950549495813
1351789878757961729
1351789704820224001
1351788620215169025
1351788476170186752
1351788222976819201
1351788053686206465
1351788013064433665
1351787623921184769
1351787319460843520
1351787271834497024
1351787109015760896
1351786803779547136
1351786599818915841
1351786530520621057
1351786209752788994
1351786072955449346
1351786049345875970
1351785805820416000
1351785577671229445
1351785553717411841
1351783625679900673
1351783545753247744
1351782940037029890
1351782808197373953
1351782524830306306
1351782124010016768
1351781524673335296
1351781273241612288
1351780555893964800
1351717956988923905
1351717834192261122
1351717700528062465
1351717546936954880
1351717518386352131
1351717378439204867
1351717275313831936
1351716688253890568
1351716386649718784
1351716114317914121
1351716059611586560
1351716010932502528
1351716003437301761
1351715621743063043
1351714988692484097
1351714717782433793
1351714673339592705
1351714543593025539
1351714515117891584
1351714512823611392
1351714297647411201
1351714027882352644
1351713646230069248
1351713366914564097
1351713221892313089
1351713212106870786
1351713057102245888
1351713004132331520
1351712769867993096
1351712270380900352
1351712085189787650
1351712067515019264
1351711895309459456
1351711855560040449
1351711675913797632
1351711258496688128
1351711055739805697
1351710975427309568
1351710873287585793
1351710872847179779
1351710859374993408
1351710529484705797
1351710404209045507
1351710399117180928
1351710349700067329
1351710216111456259
1351710137405345793
1351709494464704513
1351709226595446784
1351708922068013065
1351708869635039235
1351708787464417282
1351708514708811777
1351708442998829057
1351708114723217410
1351707933927587843
1351707910330601476
1351707888251772928
1351707857436069888
1351707651953012737
1351707569421742082
1351707175815675904
1351706933913415683
1351706903571783683
1351706901474643968
1351706768871747584
1351706721291558912
1351706671861669894
1351706269648908288
1351706135754121217
1351705823815188480
1351705708786458624
1351705657255342081
1351705640679440391
1351705418985320448
1351705290840944644
1351705007234510854
1351704641952747521
1351704610969366528
1351704459450187777
1351704450348552193
1351704312578244608
1351704089122500614
1351703884750872576
1351703359611351043
1351703222289899521
1351966555417018370
1351966466531348481
1351966083813683202
1351965887578984449
1351965492769153030
1351965138207854592
1351964928224096256
1351964438061056011
1351964336072359939
1351963879606263814
1351963868789174275
1351963788677935105
1351963666674036739
1351963282660347904
1351963122374991872
1351962955450109958
1351962500678508549
1351962316313604107
1351962142505799680
1351962079033503745
1351961945310711810
1351961894442192902
1351961848715894787
1351961816134529030
1351961434394152962
1351961382430904323
1351961264566775811
1351961189920743429
1351960884143394817
1351813945011613696
1351813939131256832
1351813815982321664
1351813434313084932
1351813365912449024
1351813348178984960
1351812871332765696
1351812339868332033
1351812168996458496
1351811857087164416
1351811745862574080
1351811193921560576
1351919753686900740
1351919266052927489
1351919111622705156
1351918863773036546
1351918834098253827
1351918418115629062
1351918199483363350
1351918053253140480
1351917623169134593
1351916812150177799
1351916666637213697
1351915633202647040
1351914672639729664
1351914568734310401
1351914516213329921
1351914390396805124
1351914072430817280
1351913905841459202
1351913419579002885
1351913392584482818
1351912948873240585
1351912862516699136
1351912330217582601
1351912308180713477
1351911191313068037
1351910871140872194
1351910091155501061
1351908591905763331
1351908589976260609
1351908545474809858
1351908364993900545
1351908168943730688
1351907925359554560
1351907530876841984
1351907368431398915
1351907322998648832
1351906061637320707
1351905817277190149
1351905721898717185
1351905179147276288
1351904793808277506
1351702767312789505
1351702741396152322
1351702740582465538
1351702692461162498
1351702148648734720
1351701947976445954
1351701936727334912
1351701688873267208
1351700868677029888
1351700864369618944
1351700863325093889
1351700129766543360
1351699636105302017
1351699155589197824
1351699126178615296
1351698929084203017
1351698880405139456
1351698738322935810
1351698673424609280
1351698622744834049
1351698557552758786
1351698462023294976
1351697988322795520
1351697587598983174
1351697556225609731
1351697165773508608
1351696976144977920
1351696954896621571
1351696732933992448
1351696700944101380
1351696680584945665
1351696539626848259
1351696444894404618
1351696327843917824
1351696244473643009
1351696224060141581
1351696112047054854
1351695971525120001
1351695790167760898
1351695733091659784
1351695599565869059
1351695267612020739
1351695142059716611
1351695133536874497
1351694891676438529
1351694705311051776
1351694033752649732
1351693931965198339
1351693009931399169
1351692804561526784
1351692728946593792
1351692623996727297
1351692562478686208
1351692269452201984
1351692146269708291
1351692145024004098
1351692040162127875
1351691996646273025
1351691941004472320
1351691880782843904
1351691610183012352
1351691437419728904
1351691325553352704
1351691041796190210
1351690951945805827
1351690890545401861
1351690608956600321
1351690580091408385
1351690536026058753
1351690298490048514
1351690289958809600
1351690256567980032
1351690219066544132
1351690096009834496
1351689786273067009
1351689708796055558
1351689703611895812
1351689525039345664
1351689347460861954
1351689214564261890
1351689137305382912
1351688816646520837
1351688645103775744
1351688442422435843
1351688345055875073
1351688145473978371
1351688087336677377
1351687951424450562
1351687917350092805
1351687857342185472
1351687822168748032
1351687808231104512
1352027508275781636
1352027051822370817
1352026590507626499
1352026572291797000
1352026295337508866
1352025673393606657
1352025120861282305
1352025106780811265
1352024661912125452
1352024193592942597
1352024094309445632
1352023991515537415
1352022868796841988
1352022583844237313
1352022442974306304
1352022083140681731
1352022020997976064
1352021925195759619
1352021641669312516
1352021587420192770
1352021487721484288
1352021243277398016
1352020591230914562
1352020473220005888
1352020387522105352
1352020291195727872
1352019816803164161
1352019798625026050
1352019439349354499
1352018898783260672
1352018878562500615
1352018249295257600
1352018227690434564
1352018055656857600
1352017936093900800
1352017622255038465
1352017609978482695
1352017540705366027
1352017461814697984
1352017293128179717
1352017277370171394
1352017197758033921
1352016851824467970
1352016243763634178
1352016204974727170
1352015894579453955
1352015786152513538
1352015453682589698
1352015179849097218
1352014755322621955
1352014449192759297
1352014184209375232
1352013546247376896
1352013290101219328
1352013275756716034
1352013188607434752
1352013096080953346
1352013088829140993
1352012955630628864
1352012708158308354
1351997061969809408
1351997012892389384
1351996817773391873
1351996696608317442
1351996502424608768
1351996440718024704
1351996218331832323
1351838404468727808
1351838127724216323
1351837678904504322
1351837665432399873
1351835412067737601
1351834434220261376
1351834298387750915
1351833990546784257
1351833477763768322
1351832978469638148
1351832746985975813
1351831806987956224
1351831785915756544
1351830764497862656
1351830411647864833
1351830140804870144
1351829544605507585
1351828942836158467
1351828373580996609
1351827558795456515
1352042700925648898
1352041988540018694
1352041656237875207
1352041335046471683
1352041134462128129
1352041115424337927
1352040825694220293
1352040820904505349
1352040573264396289
1352040067133542401
1352039798081531905
1352039763138600964
1352039371189358593
1352038885300326408
1352038676088254464
1352038090458673153
1352037893720698882
1352037654783799297
1352037435761451011
1352036610406309889
1352035554406395911
1352035503474933760
1352034874337730561
1352034608360128516
1352034095438548994
1352034066909036545
1352033488036249600
1352033298286055425
1352033200449712128
1352032881460326402
1352032773876424706
1352032156151898112
1352032041265721347
1352031595167842305
1352031564637614082
1352031166057099265
1352031146507309056
1352031013900177408
1352030756240044032
1352030436579532800
1352030360645857281
1352029860500267011
1352029453589819393
1352029414821867524
1352028443622436869
1352028235652100098
1352028128210792448
1352028000083173378
1351889048118427650
1351888979935830017
1351888954715475973
1351888875384233984
1351888294091644933
1351888192216076291
1351887995650113536
1351886905575669766
1351886740626305026
1351886341148188678
1351886294008389632
1351886086864306177
1351886000923009025
1351885992471519232
1351885485115928576
1351885283302776837
1351885221373898752
1351884289173032960
1351884130125012992
1351883098980401155
1351882428411949056
1351882215051972613
1351882181942063105
1351881898923073536
1351880629202386945
1351880565293789184
1351880529101135877
1351879981652176898
1351879939293917184
1351879385545109507
1351879364749778948
1351879230624296962
1351878800720744448
1351878333458472964
1351877903114448898
1351877671341314048
1351877531322834944
1351877403283501058
1351877350963732481
1351877017969442819
1351877008096174080
1351876601047343104
1351876390619148288
1351876135748063232
1351876133474635776
1351875297256341506
1351874836612562946
1351874536380121089
1351874402523103233
1351874252010475520
1351874204627566594
1351874080618774530
1351780038732083200
1351779816182263810
1351779749652291586
1351779706509651971
1351779327646588929
1351778752401870848
1351778645224906752
1351778625293606921
1351778069439107076
1351778026313424898
1351777962018959362
1351777752643489793
1351776586937339904
1351776344686747649
1351776336302518272
1351776191657623552
1351775962384510979
1351775748529516545
1351775653281083393
1351775597375221762
1351775486779813891
1351774499612598272
1351774212982243328
1351774133286174721
1351774089719984128
1351773607307964416
1351773347562942465
1351773301220257793
1351773116456968197
1351772412413673472
1351772230900985857
1351772154946220035
1351772130631966721
1351771604229922816
1351771383894863873
1351770414377218048
1351769352291422208
1351768941576728577
1351768554111164423
1351768521169100801
1351768505964781574
1351768442592927748
1351768242428276737
1351767819474624512
1351767089497956353
1351766805879136257
1351766666837823490
1351766561657335810
1351765307333992451
1351765039858868225
1351765023673249792
1351825965383606273
1351825961776369664
1351825881254268930
1351825797888282625
1351825087687745539
1351824923933765634
1351824197228650496
1351823927102894080
1351823777911324672
1351823702753730560
1351823317741629441
1351823004053827584
1351822935938502656
1351822933816205312
1351822435201417218
1351822276191252485
1351821665437683714
1351821115946106881
1351821069263360000
1351820809224990720
1351820409591586818
1351820226363613185
1351820075183968257
1351819160431460354
1351818950846402562
1351818462918803456
1351818453695549440
1351818230676008961
1351818011481677829
1351817294209576963
1351817159773626369
1351816671640645632
1351816565314920450
1351816371982618625
1351816159637565440
1351815486787485697
1351815217475420161
1351815154892234757
1351815122650492928
1351814798594326528
1351960562213801993
1351960183581380609
1351959827048755200
1351959681099558912
1351959337095344130
1351959208577654785
1351959173605548032
1351959169214066691
1351959046987927552
1351958988997472257
1351958687536078851
1351958337047453701
1351958261688266753
1351957941927227394
1351957546597314560
1351956970870341637
1351956828591185928
1351956667404070913
1351956652094857216
1351956478719123456
1351956475846021121
1351956272132857859
1351956162355326983
1351955824856485888
1351955650771881985
1351955566227300355
1351955415676936199
1351955381011030016
1351955330608017412
1351955193513041923
1351955179827032064
1351955154086596609
1351954793594560512
1351954439175864324
1351954327330500611
1351954320070225920
1351954168848785408
1351954022425653258
1351953749091221504
1351953634100211713
1351953353274748929
1351953329467830279
1351953328515796992
1351953300556550148
1351953137259728898
1351953077373444104
1351952962160123912
1351952268363489282
1351951994395762692
1351951853110644739
1351951791148199938
1351951698521174026
1351951463279435779
1351749144436682752
1351748856434851840
1351748755545088001
1351748711857201155
1351748675702190081
1351748642298851328
1351748511017148417
1351748502230097922
1351748419346329600
1351747607857565698
1351747257163542529
1351746999968817153
1351746977122426880
1351746677300998145
1351746148470550530
1351746051221434368
1351745782408478720
1351745517471100932
1351745301430763522
1351745013244432386
1351745002808995840
1351744990280634371
1351744866225512448
1351744783287463938
1351744662759854081
1351744498129391616
1351744433134436352
1351744097569173506
1351744033572454400
1351743905344188416
1351743759587942400
1351743722283692032
1351743638305267712
1351743246788034562
1351743215150510081
1351742998862708736
1351742914360188933
1351742653306699776
1351741625979068419
1351741540213923840
1351740895499083777
1351740506619998208
1351740338927521792
1351739557973090306
1351738552317599747
1351738427796963331
1351738366488936450
1351738162876280832
1351737756066701313
1351737509064138758
1351737200405213185
1351736837941784576
1351736785676742657
1351736684732407808
1351736613517160448
1351736613420879872
1351736045646200836
1351736016176988163
1351735740871356419
1351735740573626368
1351735358766030854
1351735186334113793
1351735056960811008
1351734146331271171
1351857813027495936
1351857592964935680
1351857398449905666
1351857110959747074
1351856888829370368
1351855781180747776
1351855369220362240
1351854878264586244
1351854844462706689
1351854182647656448
1351854080927424515
1351853803205763072
1351852940601020416
1351852862138163201
1351851129961914369
1351849886602375168
1351848962412732418
1351848720132833282
1351848432252682244
1351848122188705792
1351847934770479109
1351847820979019777
1351847734358237186
1351847682663440386
1351846005302558721
1351845905515819008
1351845486404231168
1351845188088446977
1351844897851142147
1351842783867281411
1351810479224713216
1351810288132100097
1351809168685076485
1351809156383178752
1351808880330858497
1351807864063602689
1351807814818164736
1351805116081451008
1351805095092994050
1351804985449672704
1351804852783902723
1351804626224476162
1351804426718224384
1351804214830358528
1351803831923990529
1351800993462300674
1351800354879528960
1351800219743129600
1351799850262642692
1351798879621099522
1351798580403527681
1351797644335620097
1351797558046314502
1351797472453132292
1351797465754824705
1351797135990132741
1351796935557062659
1351796861980520448
1351796549303545856
1351796172084686848
1351796063309590528
1351795893968662529
1351795735604424706
1351931309887795225
1351930789924110336
1351930744227188738
1351930734794051587
1351930569542819843
1351930486482993156
1351930249228021760
1351929970751397896
1351929802454872064
1351929727150403584
1351929368940044290
1351929343153483777
1351929227348729859
1351929057022238723
1351928861718695937
1351928357101834240
1351928276843958275
1351927693030404096
1351927553984966667
1351927500641861633
1351927355699294209
1351927124672851968
1351926829960093698
1351926775551467524
1351926561881141249
1351925782097129473
1351925765433126920
1351925603147149312
1351925494812434436
1351925134794383360
1351925129106886657
1351924248131067908
1351924204862582785
1351924174856581122
1351923846325145602
1351923693568593922
1351923470658117633
1351923291590709249
1351923276809908226
1351923258464079877
1351922776974745600
1351922757353799682
1351922433989595136
1351922108016840704
1351921940932554754
1351921819536797699
1351921458654687233
1351733711545352193
1351733548097662978
1351733392769835008
1351733363925786626
1351733189887336449
1351732887377346565
1351732836580028416
1351732451215859713
1351732127168155650
1351731057356226560
1351730606858784771
1351730517276831748
1351730479183978497
1351730039562371078
1351729911908737027
1351729755670900737
1351729445518901254
1351729418910248964
1351729234239131648
1351728763369902084
1351728621610823683
1351728448373460996
1351728442333679616
1351728170701975552
1351728052242444291
1351727655977054213
1351727455577415683
1351727351185502211
1351727077334999044
1351727004102619136
1351726898016096256
1351726048535322625
1351725566408364035
1351725198320435202
1351724597666836481
1351724211358691332
1351724083822559233
1351723930730573824
1351723928981549059
1351723679659532293
1351723407742787587
1351722821588803588
1351722674465038337
1351722389545996290
1351722367094059008
1351722165750657024
1351722090064445442
1351722029138014208
1351721968815501312
1351721921818337288
1351721836313255937
1351721653227683845
1351721184673607682
1351720957849849860
1351720932176326659
1351720427186479110
1351720293417570306
1351719653287014401
1351719393047302144
1351719322717192193
1351718770985881603
1351718632972296194
1351687252506599424
1351686995748278279
1351686845311156225
1351686603874287617
1351686536857874434
1351686493845286912
1351686222498975752
1351686164370087940
1351686065153839107
1351685918034440192
1351685913387151360
1351685873755152385
1351685555428470787
1351685485014429697
1351685443570577408
1351685403598848000
1351685348955402242
1351685271218110464
1351684952258183169
1351684747097989122
1351684642248814592
1351684627627352064
1351684553912434689
1351684407996936193
1351684395996889091
1351684214534639617
1351684132330369028
1351684011127615489
1351683940789018625
1351683754394230784
1351683718163943425
1351683563977134081
1351683513515327493
1351683313522630660
1351683227958734848
1351683123189309445
1351683017031483392
1351683003500531712
1351682724755615744
1351682417069850628
1351682245296353285
1351682134230982657
1351682070389649416
1351681864256409600
1351681617518092291
1351681210079182848
1351681162012487685
1351681045171736583
1351681020756635650
1351681003555844103
1351681002775609344
1351680909682962433
1351904608239689736
1351904468913295364
1351903532157431813
1351903302418649096
1351903258206416896
1351903074642776065
1351902646341398530
1351902578381103107
1351902390820208641
1351902020609994752
1351901957586378754
1351901831086137350
1351901628962660353
1351901373907021825
1351901218239619072
1351900905956925442
1351900842958401539
1351900798821789698
1351900619947339782
1351899666376491008
1351899653911040001
1351899372775157763
1351899316399575040
1351899233272487938
1351899162284068865
1351898911443734535
1351898846830489602
1351898800978358274
1351898650331516931
1351898628454019072
1351898419439218688
1351898284252651521
1351897803790966788
1351897229762691082
1351896910475505664
1351896879806742530
1351896489254154240
1351896481582764034
1351896427136487424
1351896323721752576
1351896309490479104
1351896020993638401
1351895872859213827
1351895827627745280
1351895607498182656
1351895564028424194
1351895548907798528
1351895470990360578
1351895426136481794
1351895301381087236
1351895099681202179
1351894540026867718
1351894495604973572
1351894455863791621
1351893563546722306
1351892808513302531
1351892737545674754
1351892697263570945
1351892593722974209
1351892056788983810
1351891898856706050
1351891796809445376
1351891654316335106
1351891597378641920
1351890512668553216
1351890333773094914
1351890142135525379
1351889993241948160
1351889908244357123
1351889778430631936
1351842390701723648
1351842358669750272
1351842143699152898
1351842064816721922
1351842004234350598
1351841925922508802
1351841667494653954
1351841320118185991
1351841304163049472
1351840334813151236
1351840298826043394
1351839451404787712
1351839256197607425
1351839207283634176
1351838976685039616
1351838973757435904
1351838464183037953
1351764413968240640
1351764270887923714
1351764242278526978
1351764217603518465
1351763742497906689
1351763676718649346
1351763414771707904
1351762640612200448
1351762532323774464
1351762361825325062
1351762054068187136
1351761588945096704
1351761555587645440
1351761388453171200
1351761363237040128
1351760882636881921
1351760636347252736
1351760616986329090
1351760572237266945
1351760397682974720
1351759810753130497
1351759650866151425
1351759634051133443
1351759629630525443
1351759276436549632
1351759276151349248
1351758637388103682
1351758320420352007
1351757860657528836
1351757644772507649
1351757471417724931
1351757422449274880
1351756899960582145
1351756598956453888
1351756364377436161
1351755215373029379
1351754710286528513
1351754653684256772
1351754525036736512
1351754488433037313
1351754410536431617
1351754282429779968
1351753910617333761
1351753635894493188
1351752887584624641
1351749950498082823
1351749734411583490
1351749681701810177
1352012252396847107
1352011840746881026
1352011742675693572
1352011690842476549
1352011560219275266
1352011320158113792
1352011291678785537
1352011061843648512
1352010785673916424
1352010352049987585
1352010266787995650
1352009971886653446
1352009805548802050
1352009671742287880
1352009666222387200
