1357642343151620097
1357642336755474432
1357641988015808512
1357641942532767745
1357641638944808960
1357641573652135942
1357641530060787714
1357640624611147776
1357640591052427265
1357640258297483264
1357639894437396480
1357638938995929088
1357638618685329408
1357638433435484162
1357638212387241985
1357637682634100736
1357637259781165057
1357636939948716033
1357636743105814528
1357636654953996288
1357636183438729220
1357635746497130496
1357635689349738497
1357635220485271552
1357635042911145984
1357634947310186500
1357634492580642816
1357634486893223936
1357634134747791361
1357633928409006081
1357633721483096064
1357633616516427777
1357633457728458753
1357632965388468224
1357632706721558528
1357632635594567682
1357632355779813383
1357632212959641601
1357632143372013568
1357632088447582210
1357631735035547650
1357631580915785728
1357631569113059330
1357631556236546054
1357630988830928897
1357630350143479809
1357629618786873344
1357629314506842112
1357628242975424513
1357627979078242307
1357580744806174720
1357580311006228482
1357580238918737920
1357578861358284800
1357578710195400704
1357578201787170817
1357578036225466368
1357577659409080328
1357577365438689280
1357577144046661633
1357576227184287744
1357575895033077762
1357575645153406976
1357575128054382593
1357574779012673541
1357574031780831233
1357573698732056578
1357573175064879105
1357573156769210368
1357572969653039108
1357572290515460096
1357571787047993352
1357571470927486976
1357571455718985728
1357571233144004608
1357571170019782659
1357570787457261568
1357570694243115010
1357569696581578752
1357569668903436289
1357569618722758656
1357568460092362752
1357568005484535808
1357566795817902080
1357566696404434945
1357566546722308100
1357566371459076096
1357565832096862209
1357749521464369154
1357749317436649472
1357749297148788736
1357749092189954050
1357748976515239937
1357748962976014342
1357748478156414979
1357748469339930634
1357747877024571392
1357747516301864966
1357746926662414339
1357746906441658370
1357746601490583561
1357746490794467330
1357746257805115394
1357746204898172933
1357746198325710849
1357745767092518912
1357745694925352960
1357745284147798017
1357745213876404224
1357745185921376256
1357745009374736388
1357744844844711941
1357744535355457539
1357744529139466240
1357744398155579395
1357744035985719297
1357743962459635719
1357743812492353536
1357743621643108361
1357743299868655616
1357743247783825411
1357742989842472962
1357742656768598017
1357742537834905601
1357742493048127491
1357742468993802240
1357742117016264705
1357740774650236930
1357740644941275136
1357740300849065984
1357740012792672256
1357739799201914881
1357739667572023298
1357739562936774656
1357739414613594116
1357739192571289603
1357739172933505028
1357739067262263298
1357738631646044169
1357738587144548353
1357738556077277185
1357738515128348679
1357738399118065664
1357738379698466818
1357738170281046019
1357738019961376771
1357737873571778563
1357737507455176709
1357737374013292545
1357736872722718723
1357736523148320769
1357736271569895424
1357736201172570112
1357735018873913344
1357735017787650048
1357734824094494720
1357734479884939266
1357519929306738690
1357519896108752896
1357519728374411265
1357519614540980227
1357519325574426629
1357519134364377089
1357519125573062656
1357518990797602821
1357518101328330752
1357517837716357120
1357517816765829122
1357517735509569537
1357517610976301057
1357517331480592384
1357517200911958017
1357517082687078403
1357517082095665153
1357516910045372416
1357516874498662401
1357516312713527296
1357516120983502852
1357516072413392896
1357516070119219200
1357515993426362375
1357515901554335744
1357515517335130113
1357515080636760066
1357515036038676480
1357514977330954241
1357514673638305792
1357514497901146113
1357514376828260354
1357514319290920960
1357514219210612737
1357514186822094849
1357514164571414534
1357514139778904065
1357514041518866433
1357514017669931009
1357513454311993346
1357513415229657089
1357512996260610048
1357512991130996739
1357512759341178885
1357512750654758913
1357512632660549633
1357512366863319040
1357512318230294530
1357511889492844552
1357511731375984641
1357511712392568839
1357511647863177222
1357511616267358209
1357511596180869121
1357511030956560391
1357510965101793285
1357510793802092544
1357510701082959872
1357509883810041857
1357509865585864706
1357509390782377985
1357509006630277120
1357508944768466945
1357508919690735617
1357508852363763712
1357508832667303936
1357508624143183873
1357507108376350721
1357507097265643523
1357507028093186048
1357506859830288384
1357506623493853185
1357506503264059393
1357506468250017792
1357506269100331008
1357506239060713473
1357506043685834752
1357505670807961600
1357505404717068288
1357505339399241728
1357505271518560256
1357505209283407872
1357505159891480578
1357504999677431813
1357504931259764737
1357504916806270984
1357504910674317313
1357688611098009600
1357688439777411072
1357688426951229440
1357687703173795841
1357687545971298307
1357687493425061893
1357687485443285000
1357687031363739649
1357686579616047107
1357686244977700865
1357685355009474560
1357684969863315456
1357684608750485504
1357684555734528001
1357684107514380288
1357683940484644868
1357683930359562243
1357683612720787458
1357683463776829441
1357683425382121474
1357683322093248512
1357683232230285320
1357682770017927169
1357682428672962561
1357682074820489221
1357681837477400577
1357681804417921024
1357681794456252416
1357681712730411010
1357681380591718402
1357680880232316928
1357680526010814469
1357680091204042756
1357680039735754754
1357679494434344966
1357679147766730757
1357678665925033984
1357678520659501057
1357678234167635970
1357677989958475776
1357677401325654018
1357677046047125505
1357676904216723462
1357676149569179653
1357676052550717440
1357675822681907205
1357675741048016897
1357675659762544642
1357675476135776261
1357675341611995136
1357674967081619456
1357674875436077056
1357674838467506180
1357674650696785925
1357674413622235136
1357674342625206272
1357674196155863040
1357674105542172673
1357673822766383108
1357673599776264195
1357612039057903617
1357612002542313480
1357611966555127811
1357611781921800197
1357610328234749953
1357609676020412416
1357608546523901952
1357607527941365762
1357607119952961537
1357606729111007233
1357605888966721538
1357605777939259392
1357605367300173824
1357605096385892355
1357604779057426433
1357604657628119041
1357604638900502532
1357604544205762562
1357604240567451648
1357603968088756229
1357603916255494145
1357603872299077633
1357603601405927425
1357603510033010688
1357602260851847169
1357601974301188097
1357601000467628034
1357600951972941826
1357600909673562112
1357600721340936194
1357600699266269184
1357600666190049281
1357600566688575489
1357600513328578560
1357599153652699142
1357598716237144067
1357598668761804800
1357598157677420546
1357596983301705729
1357550326463799301
1357550135081897984
1357549915321335809
1357549767639896066
1357549564123881473
1357549180411994112
1357548801582530560
1357548666463076353
1357548647433588737
1357548271472955393
1357547947483947009
1357547490405400576
1357547098216931328
1357546927559172097
1357546857006845953
1357546832847638529
1357546551371984897
1357546539112148995
1357546424620220417
1357546286191439879
1357546026786242561
1357545430507286528
1357544334204293120
1357544198606577667
1357544188842102789
1357544108399751168
1357543607968882693
1357543531439509506
1357543136583577601
1357543047043702784
1357542996347076611
1357542715131629570
1357542485745160192
1357542118005219328
1357542076473352194
1357541738265546752
1357541594212270083
1357541569797177344
1357541539535335426
1357541312069836808
1357541209246474240
1357541145044254720
1357540732513394688
1357540731531923456
1357540609406377985
1357540399615737858
1357540090868883456
1357540068416626689
1357539994244706306
1357539986585878528
1357539942721855491
1357539887948443648
1357539720264183810
1357539581512589315
1357539294332784640
1357539038350213122
1357539025855381504
1357538967621693440
1357538918615429121
1357538511226720257
1357538206414114816
1357538020061286403
1357537986670333953
1357537672588234752
1357537547346411520
1357537063348953088
1357536958721871873
1357536766023135233
1357536424208326656
1357536197292269570
1357536087418241024
1357535818596970496
1357535588430319619
1357535448499949569
1357703820046962690
1357703152854650882
1357702991831134208
1357702792916385798
1357702600020418561
1357702598304931840
1357701759850991617
1357701566321418249
1357701244865896451
1357700742421893121
1357700685165285377
1357700597533786117
1357700057290723338
1357699941636931587
1357699930534600711
1357699518456860676
1357699003329216514
1357698836748259328
1357698678039842818
1357698611887357954
1357698486926475264
1357697585344094209
1357697486769520641
1357697468289458180
1357697315096567808
1357696958236876807
1357696761934925825
1357696653902381061
1357696554002489348
1357696297915015172
1357696186254295043
1357696038778396672
1357695996755537920
1357695769902481421
1357695734271922178
1357695515626979331
1357695515593433089
1357695306691801090
1357695099442876417
1357694711457320960
1357694564195332096
1357694487724703745
1357694482389565443
1357694475674476544
1357694359416803335
1357694325392617473
1357694029924827145
1357693721828069376
1357693653054062593
1357693281480675331
1357692613651030018
1357692126964908032
1357692088289271815
1357692015929028608
1357691857766133767
1357691839462178817
1357691685506023431
1357690897102761985
1357690623806107663
1357690360886132740
1357689833150365696
1357689761905926146
1357689532477497344
1357688783890702344
1357688760188743683
1357688749556199427
1357840912315998209
1357840904233615363
1357840804442742784
1357840557297467392
1357840403165155328
1357839229607411715
1357839207864147972
1357837912767930368
1357837736762343425
1357837674229288963
1357837576355205121
1357837382624698369
1357837028046630917
1357836899830882310
1357836842473639941
1357836692661538816
1357836262682558468
1357835507703685122
1357835122511331334
1357835105117511680
1357834903853756416
1357834882089648128
1357834374604087298
1357834316277903362
1357834288436240385
1357834258409267200
1357834228788912129
1357834122027282433
1357834098375618560
1357833979555164162
1357830518524542978
1357830467853115399
1357830439591809025
1357830368062287875
1357829967309131776
1357829287030763520
1357828789607178243
1357827776921935872
1357827608050757632
1357827510604603392
1357827212527943683
1357827146954203137
1357826738483572736
1357825644420333568
1357825627966038018
1357825443391537154
1357825392053256195
1357825064956289025
1357824556082237442
1357824476403150854
1357824397827059713
1357823817083682816
1357823671063228417
1357823525772492803
1357823510995869697
1357823136931184641
1357822973558816769
1357822926742056966
1357822602270629888
1357822365695057920
1357822345734467585
1357822026849939456
1357821752995414017
1357821189536768005
1357821113338744832
1357820965728772098
1357820942383124481
1357820901601992704
1357820876763324419
1357820625381916672
1357820141585719298
1357820031103602689
1357819534233767937
1357818728738672642
1357818071952547840
1357817841907605504
1357817584716894208
1357817471097569284
1357817187298398209
1357817184186032128
1357816954745159680
1357816862747205633
1357816574858563585
1357816258188611585
1357815776271499264
1357815774900011008
1357815681169952769
1357814991504744449
1357814844238385153
1357814759601635329
1357814674306314240
1357813970959278084
1357813953842315264
1357813812708200457
1357813690842701834
1357813089010405376
1357812943770050562
1357812614353608705
1357812401739997185
1357812079344947205
1357811958427312132
1357811572903673856
1357811488082264066
1357811208582275074
1357811192866033666
1357811110947217418
1357811097051496451
1357596404353560579
1357595307031289857
1357595055691870208
1357594647544160257
1357594527788392448
1357594495974592512
1357594458368401409
1357594341611433987
1357594114695561217
1357593963373359105
1357593378926510080
1357593081550262278
1357592698413322240
1357592628217352199
1357592543949697024
1357591717776605184
1357591234227834880
1357590570336727042
1357590565613948928
1357590198415224832
1357590148461060097
1357589871309647874
1357589799742431233
1357589625896853504
1357588770845937666
1357587922854232065
1357587911923884033
1357587221994475525
1357587162640732161
1357586835887845376
1357586761665286148
1357586677309575168
1357586558518444032
1357586556496863232
1357586319107629056
1357586129856430081
1357585859239944192
1357585693929783296
1357585441260793858
1357584916242780167
1357584075280814080
1357583658266337280
1357583165712441346
1357582747867508736
1357582616778661889
1357581553644277762
1357489711078461440
1357489645295202304
1357489629318946818
1357489581973786625
1357489480760983552
1357489478412103680
1357489201806245888
1357489082436321282
1357488893814181890
1357488818018914304
1357488807784939521
1357488716655153152
1357488589043499009
1357488555736596480
1357488253268615169
1357488111207534593
1357488056178204675
1357487985411973123
1357487879061204992
1357487853631016960
1357487852830023683
1357487551330856964
1357487416311906306
1357486994004221952
1357486617804435458
1357486445771034625
1357486132951461888
1357486066815676417
1357485738254860288
1357485574127509504
1357485516132921346
1357485390794420226
1357485202402988034
1357485056319770629
1357484552768339969
1357484489715437571
1357484460325752833
1357484453157863424
1357484422623334400
1357483747692675076
1357483682009866240
1357483631845928961
1357483281026064386
1357483052742639619
1357482861151068160
1357482539204575232
1357482389438660608
1357482297444864002
1357481871492452354
1357481515303731210
1357481501785522178
1357480992789782529
1357480738464165888
1357480666569449477
1357480537875709959
1357480407894134788
1357480331687976961
1357480300004204547
1357480187496181760
1357480145767063559
1357480013747126272
1357479843189956611
1357479711170043908
1357479533381906434
1357479471910068225
1357479456978448388
1357479392373477377
1357479252359323651
1357479238425841668
1357535173756280835
1357535081686917121
1357534246903164929
1357534214871212032
1357534184517079048
1357534097233612803
1357534031739375619
1357533933664100353
1357533585419468800
1357533582152073217
1357533337364160513
1357533099500867584
1357533018957615106
1357532582255206401
1357532400213848066
1357532388595793920
1357532047238176769
1357531808284487680
1357531721839890432
1357531413835378688
1357531322827354115
1357531281622503424
1357530117900222468
1357530108618235905
1357529852434341890
1357529645135126529
1357529485604777985
1357528892962136064
1357528870145183744
1357528728113270786
1357528640670625796
1357528450324594691
1357528341872578561
1357528252365959168
1357528251653124100
1357528219730268161
1357527980847857665
1357527199918788608
1357527153030684676
1357527119094370305
1357527095526776833
1357526672900296707
1357526598547832835
1357526322830921729
1357526317709819904
1357526284503515139
1357526257567731712
1357526031129788417
1357525763852017664
1357525617013526530
1357525345222746115
1357525331008081922
1357525255615639552
1357525229371854851
1357524972466556928
1357524746217398272
1357524561953058819
1357524155776778241
1357524127477866497
1357524107408072704
1357524073660743681
1357523623309901827
1357523495899570176
1357523306853920769
1357523215501971456
1357523048774139909
1357522700022013952
1357522648109109250
1357522569327489024
1357522225578975239
1357522083991937024
1357522074470858752
1357521544914870274
1357521138600062977
1357521052163854338
1357520993787523074
1357520533210996736
1357718964382613505
1357718890067951618
1357718567676968967
1357718513599844357
1357718050674515970
1357717576609107968
1357717223276740610
1357716391806308353
1357716251481681922
1357716017917685764
1357716006332948481
1357715990197510146
1357715985067868162
1357715758210514945
1357715737436065792
1357715677243723779
1357715237831647234
1357715207523610624
1357715137713479687
1357715118222692352
1357715002380091395
1357714617649274880
1357714551723220998
1357714044396986369
1357714039196037120
1357714014508310530
1357713717979467781
1357713553755693060
1357713358611505159
1357713143556931585
1357712941613776897
1357712886873939970
1357712655683887104
1357712311595782147
1357711590557184005
1357711478950920194
1357711407987511298
1357711404367773701
1357711248234749954
1357711163686060034
1357711095834808325
1357711029426388992
1357710644582178823
1357710540236345346
1357710457814085632
1357710427673792517
1357710197427302400
1357709963544514560
1357709492985724930
1357709272709218305
1357709218774716418
1357708466647924742
1357708380287229952
1357708265375862793
1357707817151528960
1357707795169222657
1357707412099203073
1357707158788341760
1357707115029270534
1357706763018108928
1357706533237370880
1357706464027156480
1357706355847610371
1357705782092050432
1357704090558615554
1357627189668114432
1357627169804087302
1357627039143120899
1357627032411267072
1357626731105038338
1357626685592584192
1357625696462516225
1357625371320086530
1357625203912826881
1357625183142617088
1357624857215840264
1357624738009464833
1357624272274001921
1357623784061227008
1357623708802666498
1357623541345189889
1357623405269250048
1357623083532623879
1357622634100502530
1357622490420310017
1357622094327144448
1357621875728392202
1357621868346433536
1357621711286521858
1357620267670007810
1357620208270123009
1357619152899493888
1357619082846228485
1357618674706903041
1357618404031684610
1357617686411431937
1357617094188269568
1357616917138259971
1357616787299438593
1357616575537414146
1357616335216406528
1357616060720152576
1357615869623476224
1357615748210962435
1357615712961986560
1357615602026897408
1357614806283526146
1357614718819647490
1357614565949919232
1357614445632094209
1357614359745359874
1357614145659670528
1357613703571648512
1357613401502056449
1357612452809043968
1357734202389725186
1357733852463075333
1357733062600237056
1357732674568388608
1357732621393022976
1357732586173337600
1357732444615671809
1357732205913636866
1357732110073815040
1357731867504558084
1357731783320760320
1357731537593257985
1357731385511927809
1357731290611666944
1357730333295333377
1357729911629205507
1357728783076319232
1357728498933133312
1357728332847214594
1357727658814148616
1357727554069688320
1357727410968530944
1357727362675134465
1357726611379007488
1357726136881577989
1357725986134126592
1357725270120292356
1357725156634951680
1357724795778068480
1357724628924399619
1357723470793211904
1357723291637723136
1357722777600593927
1357722415548178433
1357722403384795139
1357722281250856967
1357721878861910016
1357721752361648129
1357721659394977794
1357721187388899330
1357721106510188548
1357721040881909767
1357720886502191104
1357720863102091266
1357720831821045760
1357720659493806082
1357719867185655811
1357719832670720000
1357719642127667202
1357672903672815616
1357672850501623809
1357672782281252866
1357672384501850113
1357672383151304705
1357671644257538051
1357671610577260545
1357671184913944577
1357670823830704139
1357669712965033987
1357669590533353473
1357669013925617665
1357668101647695878
1357668088611749891
1357668033913831425
1357667557587714051
1357665604979863554
1357665536814034944
1357665497991557125
1357665356551184385
1357665231112196096
1357665164267552769
1357664943160627201
1357664880774549506
1357664017905500161
1357663912804700162
1357663640652980229
1357663446129606661
1357663248573550592
1357663077655736329
1357662614852108292
1357662444886188032
1357660933040918529
1357660779332456449
1357660699024048130
1357660164871114754
1357658940327174144
1357658621178445824
1357658528471785472
1357658504123809792
1357658446825287682
1357658252520153091
1357658018943492096
1357780076914475012
1357780013681115147
1357779686231838720
1357779331884474369
1357779051524616195
1357778523843354625
1357778161224871938
1357778124465913861
1357778119378284547
1357777907809210369
1357777655580528640
1357777641080840193
1357777565893672961
1357777500063977472
1357777487976144903
1357777288352391169
1357777216239771649
1357776678735462403
1357776420953616387
1357776261381242880
1357776233539452928
1357776074013364231
1357775048027873280
1357774979962667010
1357774967056826371
1357774936459386881
1357774873800695811
1357774675313528833
1357774368944910339
1357774006217244673
1357773789971369985
1357773650565414913
1357773305223254019
1357773259454955520
1357772708151513093
1357772527452495877
1357772499296137222
1357772332203466752
1357772325077331976
1357772170060042241
1357771751044874244
1357771709818957825
1357771406306643972
1357771182871838725
1357770355453083648
1357770303745576961
1357770209151623172
1357769967211597828
1357769338753802247
1357769314783424512
1357769120553586689
1357769039406395392
1357768676485824512
1357767803751825408
1357767441221382145
1357767310858141698
1357767302016548869
1357767068800712710
1357766924604760067
1357766810490310658
1357766114558771206
1357766114256822272
1357765761083842560
1357765669052416002
1357504825412390912
1357504598928465924
1357504323337527296
1357504268622790656
1357504215594250240
1357504200217944067
1357504137483718658
1357503816191549444
1357503705998893058
1357503623920558084
1357503408568107010
1357503337868984321
1357503244566749188
1357503173754310657
1357502982640840706
1357502583284264964
1357502397690621955
1357502392250601475
1357502050611953664
1357501733363146754
1357501562533285888
1357501275924013059
1357500616931737601
1357500532714164226
1357500440523329539
1357500202228285440
1357499783628349440
1357499679299149824
1357499551939063811
1357499373899436034
1357499346196049921
1357499322154307585
1357499289065435136
1357499029819584512
1357498799988506625
1357498794242416642
1357498362929545218
1357498153121943552
1357497903787372546
1357497633942589448
1357497226189275137
1357496953874100224
1357496905605869568
1357496737657737222
1357496549794791424
1357496538512175107
1357496339949527040
1357496153420558337
1357495818161451009
1357495569401454594
1357495294909272065
1357495044966653959
1357495014738321408
1357494926087507968
1357494835507208194
1357494625133559811
1357494430354206721
1357494104221974531
1357494058361389057
1357494049624719363
1357493958344015872
1357493924449910785
1357493723333070849
1357493575886454789
1357493493917224963
1357493464557105155
1357493373272289281
1357493344641769472
1357492946983997441
1357492824099454976
1357492775172911105
1357492639596228608
1357492588736036865
1357492582289465344
1357492461254361090
1357492431919415298
1357492320371789828
1357492249140097025
1357492123042521090
1357492100229652480
1357492043866664960
1357491787141697538
1357491556794724353
1357491530941030401
1357491364120956929
1357491267924418560
1357491229374570500
1357491086395113473
1357490877233385473
1357490711244001281
1357490666377531392
1357490448303087619
1357490399271477250
1357490324357210112
1357490306065702912
1357490219008864257
1357490078075920390
1357490059927310338
1357490003517972480
1357489851399102466
1357489847947194369
1357489773510819844
1357657602088439813
1357656267657859074
1357656214495088641
1357656136078532608
1357655728643792897
1357655479695134720
1357655143668350977
1357654920602787840
1357654696975077377
1357654311312982025
1357654286327504900
1357654084749299717
1357653856901943297
1357653040325677056
1357652203922747392
1357651367989563393
1357651290348802048
1357651235046912008
1357650089775349767
1357650087158161408
1357649979192582145
1357649923664211969
1357649898976518147
1357649678414671872
1357649530712432643
1357649331805966338
1357649184984293381
1357649104344666112
1357648143807107080
1357647903377006594
1357647826055024648
1357647685570994176
1357647642336124928
1357647223211835393
1357646849134452736
1357646822571966464
1357646780423409665
1357646772437409793
1357646665910521860
1357646610151452677
1357646452340703232
1357646427283988480
1357645486769995779
1357645351805673479
1357645328921620487
1357645261485584386
1357644793262841856
1357644543215226882
1357644186896449538
1357644097121624066
1357643750894362630
1357643133446676487
1357643114714783744
1357642978408468482
1357810326880849920
1357810243611357195
1357809811354750982
1357809790475399169
1357809645084151808
1357809291512733699
1357809020787068928
1357808605928566786
1357808471794671616
1357808350482681857
1357808109499031553
1357808063151935489
1357807854430941185
1357807851473928195
1357807810172575748
1357807803541434375
1357807560301051906
1357807403333521413
1357807353429590016
1357807301227339778
1357806955323150342
1357806950688329728
1357806599776047106
1357806542519554048
1357806288147795968
1357805712668205056
1357805684553842690
1357805606883762179
1357805592216174592
1357804610526695426
1357804565530365955
1357803545798602760
1357803482036789250
1357802968850911232
1357802587865509888
1357802313956622336
1357802301071761414
1357802173686448128
1357801585032765445
1357801070173564928
1357800970604969984
1357800621223608324
1357800561165312000
1357800448531587074
1357800299952488448
1357800197720522753
1357799738670780417
1357799705913282560
1357799638481387521
1357799427403116545
1357799299741057027
1357799117838143488
1357799047311093763
1357798931984490498
1357798521165000704
1357797880023687169
1357797768631259137
1357797636062007304
1357797318410534917
1357797266963263488
1357796911831539715
1357796820395716612
1357796814284591107
1357796805350670348
1357796768306634752
1357796666481475584
1357796374079819776
1357796333919289355
1357796330194808836
1357796178482634755
1357796170957996035
1357795918209191936
1357795893412569095
1357795885590081536
1357795687312752640
1357795524888457223
1357795395980640259
1357565461068713984
1357565053084565506
1357564983538839554
1357564659545604096
1357564134452248576
1357563984883376131
1357562709932339200
1357562655611887621
1357562339189489665
1357562016043397120
1357561886183546881
1357561875123363840
1357561784610263042
1357561662983741440
1357561319885398017
1357561116117897216
1357560881106870272
1357560655193255941
1357560647014354944
1357560367979798529
1357560075087454210
1357560068544282626
1357559846955008001
1357559717346697219
1357559700968071170
1357559339624456192
1357559259618283520
1357559230212042753
1357559114637844481
1357559032438022144
1357558465095471107
1357558392915546119
1357558336745570305
1357558128540344320
1357557834377027590
1357556765357985793
1357556360435662848
1357556115391668225
1357554715215732738
1357553665813348353
1357553391262707715
1357552796329865217
1357551403518971904
1357550540868227078
1357795223733207044
1357795033651564546
1357794740922679296
1357794675806130183
1357794653815398402
1357794642616606720
1357794598429466624
1357794401230151680
1357794337870913541
1357794211152691206
1357793533730635776
1357792937426444288
1357792678780485632
1357792432981737477
1357792144832929793
1357792139590193156
1357791404110544898
1357791327182860289
1357791319503077381
1357791264687730694
1357791202746236929
1357790847635439619
1357790724964630531
1357790405060743173
1357790329009823745
1357790088688730112
1357789970140975105
1357789822254010368
1357789719833247746
1357789688082411521
1357789609107800066
1357789577369563136
1357789432292790274
1357789118445543434
1357789101580238858
1357788778144948224
1357788571705303046
1357788454411722754
1357788145157292032
1357788099909148676
1357787952051544067
1357787841506467848
1357787766214508545
1357787363221639172
1357787345462980609
1357787268434583552
1357787171671965696
1357786996698193929
1357786879211560961
1357786661254434816
1357786644141666305
1357786488294014986
1357786397667639297
1357786381448265729
1357786191635111943
1357785932439633923
1357785925816885253
1357785841519755270
1357785811803062272
1357785657054273536
1357785158276042752
1357785118904057864
1357785078450036738
1357785077787353088
1357784767111065602
1357784739046916099
1357784447945351168
1357784375174324226
1357784253698887680
1357784075206086658
1357783563324846088
1357783266997239810
1357783096402280448
1357782758223990785
1357782509006843904
1357782281541271552
1357782162557255682
1357782088829841415
1357782055321542656
1357781877634052099
1357781629083791360
1357781362674171907
1357781352024842246
1357781124274130945
1357781106410414081
1357781050416594948
1357780983215390720
1357780958632497152
1357780769981296643
1357780318636367873
1357764814144167937
1357764113347313667
1357763978429136900
1357763776540413952
1357763541726597122
1357762900216193026
1357762551879065601
1357762285486428164
1357761996171714563
1357761882094977024
1357761597612187653
1357761334729924612
1357761004277481472
1357760926393458690
1357760721254236165
1357760587665723395
1357760575195987969
1357760199638016008
1357759828131778562
1357759520156581893
1357759442436173828
1357759400681889796
1357758347861241857
1357758281054265344
1357758142617186308
1357757855403704320
1357757458278719489
1357757409201180676
1357757121937494018
1357756890772602881
1357756800301297665
1357756678511366144
1357756371760914432
1357756310960414726
1357756251640373249
1357756113974919178
1357756067531403264
1357755807870369792
1357755722780405760
1357755661942099969
1357755338502639618
1357755164526923777
1357755071736532995
1357754678423871488
1357753736580497410
1357753569512992775
1357752975859531778
1357752904124358662
1357752688486866949
1357752629774934022
1357752147975278599
1357751027190087681
1357750976632000518
1357750948525793280
1357750833488814081
1357750833195212807
1357750455456129025
1357750451798687745
1357750425131372547
1357750392612933633
1357750186991353859
1357750061875294212
1357749760690708481
