1384867908845817857
1384867885768712194
1384867674577121286
1384867596944695297
1384867567555198978
1384867301007241226
1384867235597062149
1384867140193464322
1384867023256264708
1384866950736646145
1384866050114678784
1384865978987724802
1384865768026824708
1384865567199408133
1384865512220471296
1384865409648758785
1384865111584776197
1384864428664008707
1384864183989198849
1384864026740543491
1384863970943721472
1384863958222483458
1384863949175283717
1384863921933275138
1384863863334711297
1384863752600883201
1384863362362732551
1384863252283285513
1384863242959429636
1384863211456024578
1384863176676761600
1384863024519991306
1384862965908877313
1384862828050489344
1384862823772217353
1384862662891298816
1384862566220980224
1384862441834745859
1384862375363457026
1384862241103781896
1384861777960308736
1384861772167868425
1384861613531009030
1384861590122545154
1384861300174606337
1384861218016571394
1384860858082340866
1384860642197352451
1384860455219482631
1384860298063011841
1384860292853772290
1384859890418597893
1384859766527307783
1384859692711751680
1384859475815899137
1384859328759296000
1384859267925151749
1384858540939128834
1384858510245122050
1384858470126587905
1384858409862844416
1384858228199235584
1384858190689574913
1384858168874971141
1384857968852733957
1384857392228208649
1384857337362534401
1384856876244996098
1384856718551683073
1384856553002520576
1384856351248166913
1384856291168952325
1384856255894892544
1384856013082447873
1384855902910562305
1384855855334559744
1384855777324806144
1384855383907393542
1384855283797827584
1384855091467984898
1384855077605855232
1384854993023475713
1384854934521356288
1384854777058713600
1384854648180330499
1384854360337887233
1384854353194987521
1384854321129525248
1384853859554713602
1384853841682837506
1384853657334788096
1384853491722620928
1384853433988091907
1384853179129548800
1384853149354242049
1384853122074431488
1384852902439686146
1384852474629017600
1384852385969934336
1384852385479147520
1384851634002464769
1384851565773606919
1384851475663314948
1384851428582301700
1384851294809116675
1384850989300084736
1384850951165579266
1384850869171195906
1384850748568219648
1384850664497496067
1384850553298198529
1384850161344696328
1384850109674950656
1384849809207697408
1384849517447634946
1384849458794582024
1384849319853969408
1384849155839909894
1384849151570104320
1384848807314219009
1384848792600600576
1384848790797045762
1384848755061575681
1384848286020997122
1384848205381255168
1384848182396428290
1384847951982379008
1384847849465151489
1384847803445301249
1384847760659255297
1384847433079853056
1384847379988365315
1384847312652996609
1384847241479966721
1384847066707468288
1384846896028585984
1384846684245606402
1384846652729663488
1384846469337948164
1384846429936627713
1384846383069470720
1384846287049199618
1384846155180298241
1384846063270563841
1384846054416388096
1384845957305614338
1384845924111880196
1384845851634376711
1384845728078520323
1384845715839594496
1384845310254530566
1384844933983576072
1384844786222477315
1384844615854006272
1384844371833626628
1384844113246306307
1384844049522249731
1384843572642521089
1384843474407727109
1384843356396789762
1384843302927745027
1384843248397586433
1384842777033314304
1384842598674747392
1384842446442467331
1384842329446625281
1384841127124164608
1384841093401952257
1384841078835191812
1384840837071265793
1384840690132307968
1384840482681991168
1384840258789982211
1384839647751245833
1384839643863076864
1384839479567872000
1384839337733406720
1384839225581969418
1384839157323911172
1384838880839573506
1384838466668728321
1384838430375522306
1384838353749688320
1384838163483533313
1384838026543702017
1384837500598951936
1384837494592704513
1385020367656427522
1385020054039826435
1385019837949353987
1385019814574366720
1385019671854911488
1385019662254157825
1385019195914661895
1385019113584664579
1385018555062755331
1385018219631611908
1385018112983117824
1385017799081283584
1385017562556157956
1385016579620950016
1385016562462167040
1385016508548620288
1385016311416229888
1385015318427303941
1385015250190176258
1385015230275768322
1385015178031353858
1385014979863224321
1385014478446661636
1385014399463661569
1385014147407089667
1385013936085372930
1385013498330107913
1385013346189996034
1385012989653360643
1385012269654843392
1385012014645403651
1385011938623635460
1385011850656559111
1385011836693716998
1385011533986418688
1385011529968353281
1385011439501549572
1385011185620115456
1385011114379862024
1385010959001870336
1385010901527539713
1385010770778288138
1385010698766352386
1385010518067318785
1385010517815689216
1385010494461808640
1385010486186582022
1385010114940317704
1385009928553869312
1385009818390319105
1385009798911991812
1385009487375847425
1385009486302048256
1385009438881316864
1385009341493747715
1385008915751002112
1385008885434511363
1385008830199775232
1385008810918559746
1385008699954008065
1385008508316405762
1385008145227976705
1385008080941985795
1385007954814922755
1385007861827256322
1385007019917205505
1385007015299276804
1385006838949638144
1385006786197876739
1385006573131554822
1385006421906010112
1385006309985202179
1385005958905094149
1385005824200871938
1385005818215497729
1385005607867006978
1385005538791071749
1385005398394998791
1384837055356751872
1384836978588495879
1384836954202812417
1384836556855390208
1384836540954730503
1384836389183922177
1384836308883841026
1384836052632866817
1384835987893891077
1384835914292244480
1384835865646616578
1384835812379013126
1384835710478397440
1384835705751449606
1384835462041276423
1384835073237667843
1384835060491329539
1384834924318965760
1384834898238844932
1384834172087308288
1384833782637809667
1384833552093745153
1384833491586719744
1384833322208092160
1384833192021139461
1384833111700217862
1384833063159541760
1384832834628689921
1384832718467321858
1384832612217368578
1384832580856389638
1384832306582540297
1384832279810396162
1384832109928407042
1384831909956624387
1384831891665207297
1384831882848833536
1384831412835127299
1384831347458510850
1384831233117544449
1384831040972279810
1384830852740403202
1384830772650160128
1384830178266959874
1384830156347363328
1384830091541323780
1384830008665927680
1384829707414347776
1384829044185829376
1384828863822417922
1384828812945395712
1384828564109991941
1384828505389682692
1384828495054966789
1384828320995418120
1384828245342703621
1384828035459809285
1384828033605980163
1384827950290321409
1384827863656976384
1384827860779737089
1384827859546554377
1384827741686489091
1384827678482735105
1384827639207186434
1384827631439388676
1384827428690927616
1384827314702323715
1384827086603538433
1384826597090332672
1384826433533620229
1384826147914067972
1384826054100008961
1384826011062263809
1384825952895647748
1384825922054852611
1384825664117821445
1384825588867903488
1384825457040887809
1384825413424267265
1384825363809804290
1384825281597300737
1384825238966312964
1384825226106740742
1384824928873054218
1384824804939796482
1384824766159331328
1384824707455803398
1384824670449512449
1384824637519970304
1384824625885073410
1384824418690555910
1384824352231903232
1384824222304907267
1384824139295375363
1384823642626813952
1384823516084715524
1384823376120799232
1384823095152807936
1384823016861822978
1384823010956386307
1384822902462173186
1384822890923655171
1384822825807142912
1384822642654470148
1384822515772633090
1384822491319836676
1384822327624577025
1384822249568542722
1384822208481185792
1384822201069842433
1384822175362953216
1384684591819202561
1384683652551004160
1384683344168833024
1384683118720917505
1384683030493683714
1384682808350625794
1384682803023925254
1384682542486458371
1384682470247964674
1384682418905485312
1384682133218803714
1384681682557669377
1384681658473984000
1384681649036795906
1384681631886229504
1384681627167637504
1384681515465023489
1384681365606600714
1384681196924375040
1384680804060581888
1384680697328189441
1384679865119617024
1384679707728220160
1384679588588969986
1384679421882388480
1384679353531781120
1384678347997863942
1384678281467858945
1384678251465900032
1384677986293583872
1384677451364638720
1384677397220536324
1384677375653392386
1384677319474925571
1384677219126104065
1384676799880208386
1384676695765131265
1384676622356213760
1384676490760105984
1384676424678793216
1384675980044820480
1384675725257682946
1384675358797045761
1384675291541381120
1384675215150436355
1384675072762281984
1384675043293155328
1384674979929894921
1384674817476022273
1384674573443112960
1384674544561045506
1384674422699827202
1384674281838321664
1384674134555234310
1384674095099518976
1384673968901156872
1384673530399260678
1384673478536830976
1384673457548505090
1384673436602150913
1384673312144445442
1384672953070145543
1384672925148667905
1384672802909925377
1384672696605323265
1384672625234956289
1384672490077802500
1384672223814950912
1384672180722495492
1384671967656267779
1384671846973415426
1384671796381634563
1384671778581016576
1384671667260170240
1384671518127439873
1384671328284856322
1384671211607703552
1384670945294626816
1384670839426125825
1384670789119746048
1384670222460805123
1384670098703765512
1384670033675276297
1384670001953755143
1384913411025383429
1384913379421302789
1384913353521483776
1384913157781663744
1384913045001056258
1384912835562688514
1384912789853065226
1384912598328651778
1384912576958566410
1384912362654867459
1384912291221680133
1384912266261319686
1384912188012474370
1384912077572161536
1384911987981836290
1384911983116488712
1384911947854974986
1384911891290632193
1384911881064828933
1384911869459279872
1384911678777790471
1384911619822657536
1384911460141252613
1384911240317874176
1384911175767445507
1384911080791625731
1384910882585681923
1384910783142928396
1384910693804150784
1384910609020506119
1384910577806553091
1384910558986702851
1384910478246285319
1384910459426557952
1384910438748626944
1384910310771920900
1384910201623613440
1384910163484815360
1384909970244837380
1384909768771481600
1384909664312307714
1384909573245399041
1384909440596516867
1384909375131770882
1384909344614006787
1384909333792710658
1384909114246115333
1384909062425518082
1384909052375969796
1384909019492626435
1384908953109344258
1384908928887185408
1384908827447992320
1384908825543823369
1384908818681847812
1384908801850085385
1384908634241576962
1384908620681388042
1384908555166355457
1384908542411411463
1384908521817452551
1384908461776031745
1384908397917638656
1384908167713366016
1384908115506827266
1384908110083526661
1384907955020181505
1384907915027521540
1384907899508494341
1384907828251484160
1384907635607195649
1384907613238878208
1384907562231947267
1384907419541716993
1384907312746442753
1384907299001602056
1384907298712297475
1384907226591158272
1384907180869095426
1384907132273844224
1384907127223955457
1384907125370073089
1384907103207317508
1384906682887819266
1384906559218716675
1384906514629120000
1384906494831910914
1384906395384963074
1384906318264344577
1384906237062561796
1384906198357528580
1384906173573484545
1384905983856726025
1384905977263185920
1384905920858267648
1384905789870120963
1384905760921067522
1384905730453540866
1384905588853858308
1384905416149291011
1384905404493271048
1384905357617778693
1384905273597366272
1384905248066654210
1384905137303457799
1384905085424214017
1384905023717617666
1384904916658016263
1384904727360638978
1384904710768021504
1384904694317867010
1384904527216791554
1384904367803863040
1384903939041206279
1384903926064029698
1384903817117016068
1384903676452552704
1384903520915177475
1384903316572983298
1384903300563279874
1384903147286667267
1384902795027910658
1384902654866956292
1384902624646946816
1384902606997409795
1384902584574615566
1384902477053579265
1384902421915258887
1384902260380127232
1384902178607931397
1384901977360961537
1384901932607840264
1384901890731872261
1384901779159191553
1384901723920162817
1384901700172107782
1384901695684202496
1384901659608948737
1384901531208765440
1384901520886419457
1384901488477147136
1384901395506253824
1384901299100164102
1384901294041743360
1384901276757073922
1384901176743841793
1384901138051391488
1384901121618100225
1384901059664093188
1384900973181775872
1384900841660878854
1384900719984189443
1384900665445654535
1384900629609553921
1384900593148432384
1384900558444711942
1384900380279119875
1384900238239051782
1384900222502023168
1384899940938354691
1384899748877021185
1384899630933200898
1384899578592473089
1384899254397947909
1384899110843600899
1384898800339333123
1384898696626716673
1384898657024086019
1384898581535117313
1384989546069245957
1384989406059061250
1384989393044185088
1384989351914860545
1384989134041800710
1384988971101560838
1384988741912178690
1384988440253505537
1384988335173738501
1384988328332648448
1384988326256652294
1384988254878027779
1384988191850172419
1384988168261361665
1384988057913466893
1384987776160997376
1384987741037993985
1384987594996518914
1384987464591368194
1384987446408925185
1384987381221134337
1384986746476130310
1384986718042996736
1384986692042510339
1384986662594244610
1384986625885708291
1384986573318631426
1384986559485779979
1384986552963530753
1384986341461614592
1384986259005710336
1384986167481835520
1384986154517204996
1384986050712457218
1384985923847434248
1384985763238932481
1384985734981971970
1384985590479867905
1384985254990131201
1384985252083425282
1384985176086913030
1384984806136729605
1384984793805430792
1384984772603260929
1384984756010557442
1384984520261259264
1384984513944637444
1384984401604317192
1384983659497857024
1384983615742922752
1384983387396444162
1384983213983084544
1384982891650760704
1384982771530076174
1384982728551006208
1384982613497204737
1384982558660829187
1384982279353737217
1384982250626949132
1384982115792547842
1384982074533326850
1384982050445283328
1384981879636602880
1384981785394647041
1384981577457930242
1384981498424664064
1384981324230918145
1384981093317713920
1384981060681932801
1384981004901834754
1384980900878995459
1384980007622164482
1384979789400903684
1384979666662985728
1384979417299144715
1384979324978216965
1384978139026182145
1384978093559930882
1384978087079825408
1384977881839722498
1384977751568834562
1384977662301646848
1384977585717776392
1384977489739587586
1384977190278811649
1384977061417086976
1384976765240623104
1384976630553190405
1384976350935670788
1384976262087782404
1384976187311656966
1384976049017036801
1384975984244445192
1384975873032572930
1384975794091528195
1384975665145987076
1384975608506093568
1384975563404808192
1384975513010065408
1384974948649762817
1384776092976832512
1384776044662693889
1384775841457053697
1384775710519271425
1384775654261002242
1384775620090007555
1384775594815234049
1384775034804350981
1384775034774896644
1384775020451409924
1384774867120279555
1384774834886955008
1384774764095541250
1384774632763494400
1384774130017386496
1384774126989193218
1384774026921394176
1384773631969046531
1384773616080932870
1384773325755457537
1384773319946276872
1384773146167947267
1384772951531212802
1384772525054386184
1384772356527337472
1384772230224269316
1384772161605414920
1384771958617870336
1384771617914507264
1384771335029624838
1384771233066192898
1384771199339741185
1384771048076455937
1384770601185906689
1384770394637225986
1384770176139337736
1384770117985308674
1384770072854634497
1384770037609869312
1384769978549813250
1384769631949365251
1384769534826106880
1384769434976411649
1384769137000419333
1384768564712857601
1384768554453528584
1384767742796959749
1384767360893169667
1384767267217592320
1384767200750362624
1384767085419630596
1384767076531793924
1384767034437914624
1384766919308455936
1384766875708628995
1384766842770702344
1384766746792448000
1384766717377798144
1384766672519798786
1384766623383494657
1384766612625108992
1384766549047709697
1384766534959120384
1384766519234629634
1384766118619926528
1384766108343877633
1384765259286724609
1384764573832646657
1384764354197958658
1384764066309177346
1384763926664024068
1384763860188598273
1384763779871821825
1384763762247454722
1384763607632826368
1384763221282889728
1384763174931427330
1384762465058050048
1384762431340224512
1384762426990731265
1384762338528608257
1384762337467449348
1384762294970699776
1384761919354118144
1384761657793073153
1384974432373026817
1384974134543847428
1384973779038781443
1384973696738242562
1384973678446796801
1384973527711993864
1384973179861471242
1384973120520527877
1384973054472818693
1384973048739254276
1384973013775441927
1384972965436170252
1384972961279586312
1384972792807006213
1384972702008680459
1384972626901311489
1384972438702804992
1384972391047118849
1384972384231464960
1384972232582127622
1384972200458006529
1384972022019670016
1384971811624996865
1384971785897132041
1384971549434859525
1384971494854479874
1384971283725701121
1384971177337237504
1384971053810786307
1384970972864864257
1384970752886198273
1384970537353494534
1384970321594310659
1384970255919992834
1384970104476213259
1384970072398106626
1384970011467472902
1384970001485082625
1384969929439465473
1384969881087582211
1384969753001877525
1384969624274542596
1384969555370520577
1384969543559286785
1384969451062415360
1384969248183832576
1384969117065691137
1384968972047687687
1384968831379070978
1384968801842774019
1384968646552920066
1384968629947707400
1384968624453074952
1384968606681903107
1384968555058302978
1384968534405623809
1384968302003466246
1384968295288279044
1384968143756537862
1384968011916980224
1384967874519908352
1384967687705616389
1384967579635171334
1384967567182376960
1384967294070165506
1384967157734420482
1384967065040216065
1384966850082131977
1384966843593547788
1384966753894141956
1384966739679760386
1384966720553689091
1384966529691832330
1384966323336368131
1384965761911898117
1384965656467099650
1384965640717488130
1384965618621898752
1384965383946387456
1384965300567912453
1384965166002053121
1384965122226012160
1384965005200744448
1384964570515652613
1384964535912517633
1384964389212721154
1384964311555219462
1384964243280236548
1384964194060185604
1384964142575071238
1384964039927808005
1384963981148925955
1384963812412039172
1384963625593577472
1384963305161302021
1384963182750535680
1384963055415607296
1384962590581919750
1384962523800211459
1384962385631404038
1384962288927584259
1384962278383136774
1384962227690786819
1384962166336466952
1384962161932476422
1384962098934030337
1384962013600886786
1384961936434110466
1384961873100034053
1384961772461989892
1384961744850898944
1384961674831093764
1384961664001400837
1384961344739463169
1384961143064735745
1384961034071457797
1384960777090740228
1384960569229381632
1384960558760402947
1384960523066871809
1384960426253950977
1384960396390543363
1384960349665992706
1384960338718777345
1384960262143422475
1384960135706071047
1384960089463918592
1384960034493374466
1384960031238598656
1384959960975618048
1384959945750241281
1384959904625090565
1384959805257879557
1384959777135022082
1384959752615124996
1384959693118971908
1384959672650719238
1384959619458555904
1384959589272150016
1384959475346464774
1384959397055680519
1384821745136410627
1384821656993030144
1384821639125274624
1384821426897793024
1384821080821481473
1384821041143246851
1384820659658924032
1384820600678490114
1384820486081847296
1384820464443404289
1384820462182617091
1384820402795384836
1384820280141520896
1384820062733885440
1384819975693733891
1384819477439778816
1384819387107090432
1384819200779194372
1384819169863028738
1384818861606850570
1384818732514660353
1384818589455192070
1384818078672896000
1384817991188205570
1384817975488876547
1384817870484303877
1384817530330566656
1384817483429863426
1384816897611472898
1384816691515990023
1384816605268414464
1384816379333791747
1384816256398725124
1384816235565576196
1384816121879007233
1384815630608703492
1384815630034116608
1384815627093921795
1384815398017720322
1384815310289739776
1384814930281603076
1384814703046713344
1384814695085838342
1384814499857829888
1384814284077678592
1384814084449718275
1384813753552752643
1384813588523720706
1384813556395397120
1384813546899390465
1384813326547537920
1384813232922243078
1384813066005712896
1384813056258187264
1384812897675747328
1384812859956158472
1384812661884559360
1384812569802719237
1384812349421404161
1384811869412626438
1384811768837459969
1384811540457476105
1384811332902420481
1384810952902811648
1384810888792887297
1384810552250281984
1384810064163196931
1384809893618667520
1384809250707361794
1384809182692626433
1384808898423623680
1384808788692144128
1384808770199564288
1384808663437791233
1384808652889104384
1384808640658481153
1384808585746599937
1384808534974554113
1384808471770578945
1384808295999934466
1384807920098058245
1384807881082609664
1384807800719749120
1384807582234206208
1384807474205765633
1384807117123588101
1384806907597271041
1384806866350395399
1384806753620176896
1384730207039467522
1384729407529512961
1384729400780857345
1384729267334914054
1384729171981574146
1384729019686473729
1384728734620651521
1384728716522237954
1384728264342745089
1384728105965735937
1384728029558198272
1384727937925197825
1384727838348218368
1384727726712569856
1384727232141221888
1384727182249922568
1384726978444529665
1384726745115283459
1384726637753815040
1384726418425356288
1384725992799752192
1384725791708123143
1384725070753542144
1384724095242280963
1384723817508085761
1384723762847883268
1384723643645800449
1384723605485805573
1384723368038080513
1384723192485384194
1384723185782886401
1384722626422054912
1384722062275760129
1384721952741502979
1384721816233598977
1384721619566960647
1384721377630982145
1384721274140778498
1384721019882119175
1384720827397021701
1384720792643162113
1384720755749916673
1384720659448619012
1384720608722788359
1384720402623213570
1384720388765016073
1384720297195032577
1384720222536429580
1384719773628387335
1384719670612090881
1384719589372698626
1384719240197025794
1384719158101807105
1384719098513444865
1384719078275698688
1384719075142684674
1384718913922080768
1384718815704068098
1384718721596465157
1384718714147381251
1384718538405990402
1384718404192333825
1384718366334717953
1384718235296313346
1384718071877623811
1384718048326717441
1384717957692104706
1384717900393549829
1384717648903098369
1384717557895102464
1384717511610957834
1384717221914726401
1384717090607697923
1384716810805682179
1384716646124822529
1384716612587036672
1384716432588492801
1384716331476557825
1384716256998162433
1384716244587360258
1384715671301345284
1384715543031291905
1384715517404094464
1384715378920550407
1384715325413806081
1384715265536049153
1384791358586695680
1384791217163091970
1384790659870208001
1384790426641747969
1384790396815958016
1384790240154456072
1384790191223840776
1384790183862841347
1384789986957012992
1384789978157355008
1384789964806922240
1384789942941925378
1384789671813787648
1384789582013665281
1384789498421202951
1384789310134579201
1384789273682055168
1384789105658142722
1384789100671258625
1384788866691997703
1384788826581786626
1384788793450958848
1384788617084739585
1384788605755928576
1384788584650223617
1384788352046665728
1384788156965392384
1384787963016404994
1384787956838420480
1384787245492756480
1384787026667393027
1384786770617794561
1384786767413403649
1384786709259464705
1384786549938733056
1384786523938295808
1384786345466417153
1384786246044631040
1384786186917588992
1384785899100286976
1384785754677780481
1384785651061587968
1384785645999120390
1384785395049660417
1384785393116192769
1384785313390813184
1384785230968631300
1384784503701393408
1384784324814417921
1384784317486927874
1384784141632299012
1384784128952791046
1384784019552751618
1384783943812083713
1384783882080460802
1384783806129967106
1384783705940627456
1384783313777295362
1384783221657939968
1384783092351524864
1384782893759696899
1384782810494377987
1384782634782449666
1384782334705258496
1384782217348530176
1384782160041844737
1384781980504526848
1384781938100248577
1384781864754458626
1384781408221155330
1384781169124913152
1384781023272214529
1384780771651633154
1384780667255287808
1384780618307932161
1384779511598813187
1384779471379705856
1384779264541794306
1384778738999697408
1384778479355547651
1384778475358363649
1384778081290817538
1384777956300578816
1384777742567227392
1384777471237804033
1384777432163565568
1384777379952963585
1384777272763240449
1384777269391015937
1384777222498787331
1384776826560647170
1384776728443297793
1384776650244640769
1384776517746528256
1384776504786268160
1384776420350742536
1384806555292377089
1384806397766950914
1384806142627418114
1384806132917706752
1384806045680377856
1384805356933632010
1384805307595911169
1384805072396333056
1384804931463380995
1384804918817591298
1384804868351840258
1384804833971081217
1384804544530599937
1384804525928767490
1384804342096609282
1384804333083049985
1384804193706336259
1384804074315468800
1384803499893051395
1384803473619931136
1384803302496419845
1384803244505976832
1384803114797215744
1384803013265612801
1384802893463760899
1384802673992609792
1384802104724754436
1384801902748131328
1384801703959179265
1384801334193397761
1384800971293921280
1384800950599110662
1384800780889247744
1384800732377878537
1384800614375432194
1384799953579610113
1384799571574992897
1384799175649505284
1384798933050961920
1384798921474588672
1384798842185342983
1384798780592099329
1384798333303201792
1384798266517229568
1384798201786486785
1384798194421444608
1384797534376321024
1384797413341343746
1384797304541097984
1384796898150666240
1384796895911063559
1384796803397206018
1384796668642697216
1384796367172694019
1384796300814729217
1384796276638765056
1384795921469349888
1384795854838587393
1384795621387866118
1384795467243003904
1384795285860257793
1384795248388411392
1384795044931153920
1384794318980980736
1384794103934709762
1384794007662903298
1384793888716587009
1384793871406800897
1384793587506839552
1384793187198242820
1384793068285710337
1384793055803453441
1384793002829176835
1384792857001832451
1384792645478719495
1384792493498195968
1384792468537974786
1384792177457471494
1384792035010523138
1384791894056701956
1384791801240997889
1384791746299768833
1384898287795326981
1384898192836284420
1384898030462197760
1384897781538729984
1384897652656115714
1384897511719116804
1384897234286882823
1384897104213065730
1384896999691100166
1384896847014150146
1384896777363599360
1384896732249591813
1384896592705200128
1384896508923944969
1384896292665626625
1384896133944725504
1384895982110973954
1384895876745900032
1384895715999207425
1384895565276844040
1384895529855893505
1384895171561676805
1384895136098885633
1384895106147303428
1384895044134576128
1384894745667907586
1384894718769836035
1384894609571160068
1384894573210738692
1384894449931665409
1384894392998191111
1384894347443847170
1384894262991540225
1384894192363704327
1384894189222121473
1384894007097143296
1384893847117910016
1384893844488179717
1384893716524118017
1384893577965211650
1384893499162730498
1384893408955752455
1384893370728960003
1384893311639597056
1384893301057261569
1384893291829899265
1384893183801405441
1384893051642986496
1384892919727931394
1384892884575559681
1384892786005184517
1384892733412806656
1384892692874866689
1384892395163160590
1384892243463528451
1384892130343145474
1384891993067819008
1384891964848578569
1384891951158370305
1384891746916737027
1384891635054567424
1384891498672660485
1384891338676740100
1384891338043314177
1384891274751324164
1384891245361782786
1384891214927958017
1384891170707415040
1384891150276780032
1384891097827188736
1384890821544185861
1384890820235603969
1384890678342266880
1384890648168435715
1384890616421695489
1384890426629443586
1384890385516924941
1384890363677057031
1384890038685732864
1384890025217830918
1384889915348037637
1384889882267488258
1384889857005260805
1384889851632291846
1384889610896093189
1384889553820004352
1384889535234985988
1384889507573555201
1384889407572938758
1384889403882024961
1384889278644301826
1384889088671731715
1384888959894007808
1384888881850552321
1384888832148054017
1384888829954469891
1384888628778655751
1384888395944669184
1384888389380583432
1384888277661007875
1384888259319418886
1384888207154708480
1384888107955277825
1384888091094171656
1384888018235011079
1384887888899313666
1384887835778486272
1384887791654514689
1384887467707355137
1384887445972455424
1384887375776604165
1384887262903619586
1384887250257842181
1384887150999740416
1384887022653947913
1384886837483823105
1384886810413785089
1384886685125722116
1384886655765655554
1384886643799298048
1384886595350843393
1384886590103859202
1384886534155943938
1384886493374787584
1384886419064344576
1384886396469579784
1384886200113188864
1384886132589178886
1384886119347671045
1384886075580198917
1384885975520890880
1384885921418465281
1384885916259454982
1384885842813112323
1384885606103269377
1384885589724512257
1384885445134372864
1384885208273592325
1384884887736438786
1384884852332376070
1384884755653595138
1384884649739100160
1384884574212210689
1384884512954490882
1384884220359741447
1384884119138717696
1384884000565698560
1384883876967890944
1384883695354630148
1384883605860720645
1384883496259366912
1384883377254322178
1384883360003248130
1384883331964284936
1384883312536297476
1384699788566925315
1384699741678669828
1384699295912251392
1384699251024928774
1384699228967079938
1384699095466450951
1384698876905627649
1384698460918763523
1384698369218592768
1384698327481061376
1384698114003636224
1384698022576148480
1384697889126068224
1384697736579231744
1384697527900024832
1384697525395804163
1384697364858998785
1384696946476998656
1384696436286164993
1384696317591556097
1384696294267105280
1384696264663605251
1384696163513901057
1384695917282955272
1384695853495947267
1384695795685871619
1384695575128334345
1384695257774927872
1384694848234590208
1384694499994050564
1384693693211361280
1384693445856415747
1384693235067486212
1384692706220417026
1384692636318003204
1384692613018685445
1384692585243893761
1384692451089256452
1384692325624860675
1384692268662083584
1384692007663280128
1384691728599470082
1384691365695475714
1384691226100703238
1384691159759409153
1384691143338831873
1384691031774433284
1384690958646890496
1384690948534374402
1384690827142836227
1384690805420531717
1384690529451986947
1384690525148696576
1384689758857695232
1384689664179675136
1384689264487669764
1384689023797522436
1384688747401334784
1384688685329928192
1384688428940464131
1384688397596336129
1384687084724699141
1384687081843163137
1384686773406552064
1384686392165404680
1384685976614838274
1384685783727050754
1384685337436434432
1384685144150188039
1384685123480657923
1384684882274787328
1384928516546908160
1384928504727457792
1384928481180585991
1384928407780270081
1384928405133664258
1384928390109671425
1384928193598181380
1384928093668876290
1384927595846946821
1384927493262544900
1384927474325262341
1384927269257351169
1384927247795200001
1384927005628669959
1384926979909160960
1384926886606905344
1384926741991333888
1384926722274045956
1384926667576070144
1384926581815193601
1384926352621641728
1384926265887571970
1384926193493946373
1384925873170698240
1384925813871685632
1384925746586599425
1384925724486901760
1384925717444562950
1384925680308195330
1384925612884828161
1384925107160768521
1384924903242076167
1384924825353953283
1384924657464266756
1384924496067448834
1384924203170865154
1384924144811319300
1384923831966609414
1384923723824877568
1384923714794442755
1384923663141642241
1384923650055364613
1384923644317601794
1384923583068180487
1384923441267191814
1384923379548016641
1384923271339053057
1384923239693041667
1384923216100085760
1384923133287751680
1384923081131573252
1384923058251706370
1384922909324492804
1384922880429985793
1384922584702193666
1384922536505380869
1384922489600544769
1384922486429655040
1384922455353987083
1384922428757970946
1384922416619663360
1384922301695729664
1384922147378896896
1384921984904085504
1384921787302137865
1384921713851486208
1384921630028279808
1384921571035394051
1384921559052296197
1384921245393858565
1384921234941558786
1384921158173265920
1384921135448461313
1384921028128870406
1384920701786853377
1384920620782206976
1384920598409797633
1384920552062832640
1384920341483503618
1384920048993771520
1384920040240295939
1384920030815703044
1384919755698626563
1384919589197340675
1384919503537123328
1384919235760115713
1384919174804385793
1384919120752390145
1384919027638841347
1384918728257806336
1384918652521259012
1384918421478035466
1384918255014486018
1384918060906258440
1384917956497379333
1384917819461148676
1384917610882605056
1384917601076359169
1384917304614469632
1384917121143123971
1384917086636552192
1384917070161326086
1384917065711198211
1384916750102319105
1384916704652824577
1384916644934340609
1384916634943606792
1384916553146249216
1384916396887400454
1384916330306998273
1384916293543923712
1384915754584268810
1384915726658641922
1384915715409551364
1384915311120556039
1384914911243943942
1384914907477446658
1384914852725002240
1384914690443292673
1384914600920027138
1384914520578183177
1384914312507052032
1384914230516883461
1384914166532694028
1384913971489263621
1384913964019167243
1384913785891270656
1384883159028977664
1384883097582379009
1384883065416261633
1384882896146685960
1384882747920064512
1384882705142362116
1384882689220694017
1384882523650592776
1384882479757148160
1384882433045184512
1384882425881190410
1384882389709737987
1384882298957479936
1384882209786580993
1384882190727667713
1384882183467380740
1384882129356611586
1384882102513152003
1384882074138578947
1384882056233209865
1384881923827318791
1384881819678617603
1384881675180576771
1384881489465184257
1384881475787579396
1384881331541319682
1384881317591060483
1384881292127391751
1384881164700327941
1384881112145596418
1384881019116036099
1384881010555465730
1384880984731029507
1384880952548249601
1384880764660199428
1384880758867861504
1384880716001984515
1384880687514279939
1384880577443139584
1384880553485291521
1384880508467822592
1384880508010643457
1384880476872187904
1384880342012678144
1384880304062599170
1384880200622690305
1384880168796368899
1384880157564051459
1384880130871418883
1384880118028455938
1384880083257671685
1384880033207136257
1384879925749030915
1384879853149855744
1384879826717261827
1384879642520297472
1384879604528295940
1384879422717808640
1384879345173471232
1384879118467096577
1384879099991232514
1384878924316938241
1384878640920514562
1384878603339501569
1384878370354302979
1384878352620834817
1384878156457390084
1384878138455375872
1384878017093197824
1384877938231988224
1384877916870389761
1384877705775169539
1384877678269014019
1384877650511114241
1384877439164235783
1384877395132420097
1384877371107561473
1384877317122445315
1384877224348823555
1384877129079345155
1384876632624742400
1384876560193306624
1384876183737745413
1384876074400681987
1384875946478608385
1384875942317862916
1384875668467507204
1384875535176769536
1384875381430407168
1384874971789467649
1384874676598489091
1384874318845386755
1384874109344133120
1384874052666503170
1384873788182077440
1384873291706474497
1384873236291260419
1384873139574870019
1384873026701963272
1384873014924304388
1384872357806882817
1384872310772019202
1384872010099027968
1384871811935051776
1384871630992719872
1384871487518257161
1384871462713139206
1384871334254194691
1384871297944018947
1384871279778484225
1384870569989091332
1384870460677050369
1384870460488396800
1384870188366057473
1384869878973145092
1384869582935048197
1384869366777487360
1384869331088166916
1384869206672515073
1384869174422409219
1384869140511526912
1384868820632887299
1384868729822093312
1384868650436399105
1384868639715864576
1384868604986920960
1384868550142218240
1384868260835954690
1384868247674265604
1384745365702852610
1384745290104774657
1384745117194543104
1384745052908359680
1384745048785395715
1384744880568741888
1384744586950549506
1384744395849621512
1384744343836282880
1384744335871254529
1384743612018212864
1384743525754019841
1384742533566062594
1384742247594348545
1384742098549739520
1384741906123526144
1384741860665614337
1384741770798510082
1384741707435192322
1384740969862598656
1384740857002201091
1384740827230969857
1384740634603438080
1384739890420613121
1384739823848656897
1384739673541681152
1384739292581404672
1384739187275046921
1384739095121965056
1384739089006616576
1384739052449005570
1384738770893819904
1384738424360427522
1384738295599538176
1384738143866400770
1384738014820134916
1384737845320032257
1384737627551592452
1384736687264309248
1384736628997083137
1384736547858264064
1384736243410378752
1384736106529312768
1384735558828703752
1384735076513157121
1384735015020507144
1384734005942235137
1384733642505789444
1384733598650183684
1384733502961246209
1384733321440206860
1384733302850953219
1384732763874594816
1384732281055633409
1384731905824862208
1384731738040115200
1384731536675655680
1384731456757407746
1384731335038623745
1384730996969410560
1384730851204898816
1384730494370209792
1384730451269488645
1384730442650193920
1384760590992875520
1384760439498756096
1384760324625113091
1384760049172717570
1384759957246070784
1384759844591316994
1384759604626796546
1384759338837872642
1384759107245199360
1384759028627214337
1384758473427144704
1384758157537423361
1384757969364082690
1384757939211284480
1384757866716880901
1384757791659790336
1384757494313066501
1384757455075385345
1384757391649017858
1384757134076882952
1384757023712088065
1384756983090323457
1384756786738208768
1384756599982592000
1384756493082365953
1384756102307397632
1384755404907982848
1384755369252200448
1384754996789403654
1384754894721126400
1384754872080347138
1384754838567804929
1384754526142431235
1384754185430786048
1384753934372376576
1384753918446477316
1384753343264956418
1384752479246692353
1384752417581973506
1384752308156723205
1384752243543584769
1384751848356253697
1384751794149072896
1384751430448291844
1384751368792166400
1384751178836238341
1384751023277838338
1384750800581259265
1384750753424760832
1384750613599162371
1384750309579399168
1384749785693966337
1384748719023673349
1384748245126160386
1384747935913611271
1384747777863962625
1384747251898126338
1384747130615631872
1384747057131442178
1384746978479837185
1384746941389713408
1384746883814412288
1384746874423365633
1384746854626304000
1384746624593932288
1384746457077534721
1384746429370052608
1384746357223792640
1384943996276027395
1384943926461845510
1384943874716672005
1384943436156047360
1384943420997787657
1384943321752166401
1384943303393746947
1384943231696318468
1384942916863463428
1384942817890476033
1384942816351211527
1384942679683960833
1384942654144843780
1384942630468038663
1384942621278228492
1384942593855868930
1384942539338289153
1384942217756913670
1384942140300660738
1384942066740903937
1384942038467203077
1384941937522843649
1384941860771307522
1384941744261828612
1384941694014169094
1384941637768515585
1384941516158865411
1384941390807904258
1384941253096198146
1384941152022024195
1384941013605646344
1384941011303112708
1384940992558780420
1384940979136995328
1384940959507550208
1384940928184553479
1384940681660141568
1384940407608549380
1384940324506714112
1384940295750574082
1384940261726380035
1384940157317615621
1384940104519671814
1384940049767219205
1384939891092504576
1384939815305633802
1384939645448904704
1384939451814645760
1384939207886610432
1384939133764767744
1384939113166655491
1384939112092815360
1384939103368720391
1384939088487268353
1384938976344170497
1384938800602812416
1384938789416710144
1384938787168559105
1384938756017430531
1384938676703186944
1384938617555009536
1384938503562317827
1384938460184723456
1384938418031976450
1384938359496355841
1384938277413740544
1384938231997898752
1384938200637059074
1384938158748573696
1384938141098905606
1384938021003436033
1384937987847430144
1384937962153070597
1384937948420972544
1384937912706506756
1384937855823265811
1384937826173788166
1384937785778393094
1384937785136762882
1384937644841443332
1384937623555354625
1384937607512133634
1384937588360941570
1384937529061912581
1384937456424951808
1384937390976995328
1384937337457713154
1384937228581974029
1384937165667422208
1384937115264471040
1384936951950811139
1384936941272109056
1384936829649096706
1384936695578169344
1384936549960273927
1384936532067426304
1384936308439764994
1384936225040109570
1384936051752505345
1384935984786198528
1384935932453863426
1384935883057598465
1384935718674440192
1384935513476542464
1384935277257531397
1384935256269144068
1384935240196624385
1384935217060884482
1384935196907261952
1384935151541628931
1384935139638190080
1384935137247387657
1384935065684168711
1384934982876078082
1384934921177911296
1384934765829238786
1384934658698252288
1384934295052210179
1384934120732741637
1384934080765104133
1384934056580853762
1384933936732721154
1384933776988463104
1384933552958103552
1384933509488422912
1384933357318987777
1384933210585501699
1384933167979765762
1384933164032868357
1384933142075748353
1384933025465647108
1384931986100441089
1384931366475898884
1384931180060024832
1384930956868530179
1384930585576099841
1384930252410048513
1384930073741037568
1384929557606764545
1384929418766917632
1384929360055083011
1384929252215345158
1384929246326448128
1384929010547838979
1384959171586633734
1384959167727865856
1384959087666925569
1384958776646717444
1384958662666559495
1384958649672642566
1384958562028425219
1384958416318251011
1384958255630372865
1384958245748551681
1384958235053109249
1384958086461509633
1384957938066993157
1384957900959928320
1384957826108469249
1384957796882558976
1384957746664120321
1384957609493602307
1384957536537829377
1384957510533189636
1384957404429889541
1384957335286784001
1384957302038466561
1384957100443553792
1384957068105371653
1384957024996372484
1384956865168252938
1384956778828414977
1384956699539349505
1384956661123751939
1384956126224166916
1384955958137344000
1384955774384934916
1384955767304990725
1384955757683257345
1384955690494611460
1384955625910702083
1384955437431263235
1384955361921314820
1384955093519327232
1384954944193761289
1384954928024768512
1384954800337477632
1384954585492692994
1384954582678319104
1384954553825644547
1384954544908603396
1384954511568027649
1384954455133655040
1384954349546348544
1384954215978708993
1384954079286382595
1384954003772125189
1384953845093216259
1384953764579364865
1384953677690114049
1384953645431721985
1384953507753627651
1384953415432916994
1384953396260704257
1384953357907988480
1384953269915619329
1384953263674564611
1384952750333730820
1384952667798188032
1384952660953075720
1384952605810597889
1384952329452015621
1384952325614211073
1384952246442631175
1384952194248622084
1384951914610282498
1384951907500834817
1384951582287142912
1384951500431142920
1384951165461438464
1384951064944857089
1384950997668220933
1384950961618235395
1384950934774628352
1384950709758664705
1384950360389922818
1384950230697795586
1384950199555080193
1384950190491246595
1384950181339320323
1384950114037506060
1384949950749024257
1384949796931317762
1384949792007200775
1384949769177534469
1384949574050140162
1384949400410234890
1384949192011956228
1384949041927266314
1384948990555394048
1384948932363669507
1384948866362007553
1384948630461816835
1384948495723995137
1384948439612633088
1384948394762850304
1384948271341260802
1384948113882898435
1384948085705646082
1384948055833710594
1384948037445951488
1384948030621822976
1384947979753332736
1384947870265225217
1384947763654406146
1384947749179858948
1384947686600753163
1384947670754762753
1384947639133872133
1384947589553000448
1384947541507153924
1384947407469809665
1384947383142952968
1384947328612814848
1384947297977610244
1384947246513459204
1384947229178335232
1384947157371965441
1384947125931282437
1384947079802408967
1384947076900040704
1384946974223388675
1384946933337399301
1384946897861894146
1384946708287787008
1384946684170579969
1384946551450185729
1384946442679341059
1384946313398296581
1384946278858174464
1384946151875653633
1384946044165926914
1384945959780630533
1384945742171758595
1384945717442138120
1384945688446971905
1384945585736884225
1384945565927190534
1384945497589403648
1384944975423606789
1384944887750172676
1384944881983016965
1384944599186264068
1384944523793600514
1384669459147788288
1384669445600186369
1384669401723674633
1384669279480647681
1384668928954224641
1384668914534203396
1384668805218066433
1384668749601542144
1384668560077754368
1384668549323632647
1384668319354085383
1384668203826044931
1384668102445735938
1384668076155801601
1384667916616929285
1384667826175320073
1384667747922153480
1384667723704127491
1384667649959989249
1384667617689014272
1384667579483033601
1384667395801894912
1384667222044409857
1384667192231403521
1384667115102351368
1384667056604426248
1384666936143921157
1384666406969565184
1384666382151733248
1384666352946925569
1384666206247047176
1384665980530483202
1384665951447228416
1384665600153301000
1384665547254554626
1384665517429075973
1384665456351399938
1384665422859997184
1384665393663406083
1384665127815888896
1384664998928994304
1384664949155377152
1384664928582205446
1384664847418368001
1384664721069002756
1384664611018788870
1384664503472869376
1384664466491576321
1384664388083142657
1384664027503075331
1384663821420306432
1384663811853103106
1384663608823517189
1384663436714414084
1384663321627054080
1384663316362981377
1384663249279401984
1384662946907754502
1384662904662859778
1384662884014297090
1384662705538314243
1384662624290447364
1384662522624724994
1384662301882687490
1384662301186404352
1384662232047525891
1384662146999586816
1384662087809572864
1384662070663294980
1384662048072773632
1384662024265764864
1384661969089835016
1384661479304073216
1384661356939460610
1384661322370097153
1384661255856787456
1384661217273389062
1384661215872536580
1384661140420972548
1384661022003191809
1384660850179518464
1384660731270942720
1384660474550173700
1384660470519455744
1384660432749744128
1384660375346376707
1384660320380022786
1384660259608973312
1384660254592421888
1384660204453777408
1384660176792342528
1384660107997302788
1384660039860842500
1384659984814952449
1384659883270737920
1384659867768610818
1384659761157844992
1384659677556924417
1384659480714035200
1384659241118552073
1384659176358506500
1384658949870391307
1384658825622573061
1384658822191583236
1384658803895980032
1384658778872811522
1384658742965329923
1384658616121184258
1384658479684546560
1384658475465203714
1384658445014638592
1384658184262938630
1384658179691319296
1385004661896269826
1385004586604367872
1385004476164096007
1385004441384882176
1385004264699924490
1385004126334033921
1385004043676827649
1385004032763248647
1385004024076898304
1385004017470906368
1385003987603267592
1385003930246131712
1385003759001014273
1385003569477267457
1385002813319745542
1385002422838366210
1385001687551709187
1385001648389595144
1385001526482120704
1385001368499494920
1385001047291310080
1385001019495571458
1385000938637721605
1385000180525670409
1385000175412908035
1385000084782424064
1385000075626229764
1384999988594421763
1384999848693407746
1384999720297373698
1384999695685230593
1384999490646511621
1384999466680340483
1384999393485598720
1384999389379366913
1384999080921817095
1384999075104366593
1384998619347099649
1384998044261830656
1384998020148772871
1384997931011297282
1384997748924207107
1384997639339450370
1384997510507163648
1384997460796452868
1384997046525042694
1384996628478644225
1384995925660155906
1384995799944269831
1384995793032019970
1384995555911389185
1384995352219201536
1384995200649605121
1384995189429768199
1384994782620098562
1384994735824199685
1384994483712974850
1384993973526224897
1384993951661371392
1384993922942869507
1384993814914506757
1384993792726536195
1384993702091841536
1384993423858364417
1384993405282000912
1384992828649058314
1384992776933109761
1384992679440830478
1384992610369028105
1384991944930217984
1384991684010729472
1384991581036597253
1384991528859443203
1384991038192816134
1384991032866217992
1384990873260236800
1384990585589731328
1384990456661032963
1384990374469509126
1384990135557795843
1384990098379493378
1384990088543748103
1384990003261067267
1384989998353719301
1384989970352558084
1384989873241825281
1384989860436627464
1384989793663156232
1384989770992979975
1384989670874943490
1384989626759323651
1384989577820000258
1384714939126849540
1384714779240148992
1384714553037033472
1384714443649650689
1384714166687076354
1384714085661609989
1384714035829121025
1384713943223087104
1384713751123927040
1384713626297147399
1384713414749179904
1384713177942921217
1384712960917049346
1384712915023015939
1384712251815440385
1384712147033264129
1384711593867554816
1384711480818417665
1384711406780518400
1384711247841710080
1384711195454738437
1384711135514005505
1384711043595874305
1384711000352509962
1384710985974419456
1384710623045554176
1384710415356211205
1384710194777624577
1384709982697017349
1384709725732761600
1384709723367346177
1384709679364907008
1384709676395221000
1384709324870664197
1384709240628170752
1384709093169025026
1384708814029611015
1384708339548839937
1384708192106651649
1384707960958509056
1384707496858767361
1384707444467769347
1384707282571776001
1384707179412873216
1384706872427614214
1384706660229427200
1384706543589814277
1384706538128900098
1384706532974239747
1384706513458061312
1384706409259061259
1384706344675127298
1384706172616384516
1384706132300558340
1384706061723181057
1384706024540680192
1384705998259212289
1384705833322307585
1384705817128181761
1384705631018528769
1384705610575450112
1384705466408841222
1384705445990912001
1384705429947695107
1384705263605800960
1384705236653285377
1384705108504719362
1384705093073788928
1384704922516549637
1384704917009485824
1384704893018050561
1384704874336632832
1384704810482556929
1384704696816898049
1384704646586019840
1384704641145921542
1384704630618267648
1384704541808017408
1384704535440990212
1384704407682617345
1384704354817482755
1384704231584800768
1384704194033197056
1384704091000037382
1384704044908810244
1384704000231186436
1384703838934818821
1384703824401600520
1384703761659174913
1384703700556468231
1384703679794659328
1384703594713264131
1384703535074394113
1384703408318390283
1384703254504820738
1384703225425764352
1384703049713668099
1384703037369896965
1384702872705716224
1384702722792960003
1384702550134251524
1384702544216219648
1384702400645185537
1384702194725924864
1384702172575719424
1384701489684250630
1384701299757834242
1384701281781129219
1384701049575936002
1384700975265558535
1384700878771220487
1384700247960600576
1384700244953346050
