1379261681747046401
1379261612197036035
1379261556353998857
1379261508639551490
1379261438376697858
1379261403903619072
1379261288858099713
1379261181244936194
1379261117428596739
1379260938403074050
1379260774896390147
1379260762980507648
1379260659691495425
1379260489687949312
1379260084123922433
1379258818668941322
1379258344616103939
1379257955892219904
1379257766041296898
1379257715181158406
1379256133265809411
1379255871985827840
1379255839391940610
1379255781145518081
1379255661406658562
1379255524663861251
1379255459526348801
1379255414974377984
1379255336230604800
1379255300918759424
1379255211114569728
1379255167124713474
1379255142088896515
1379255090469478406
1379255023562022915
1379254843177504768
1379253670781595648
1379253663995166722
1379251975058026498
1379248933923299329
1379248687193415681
1379248416849596421
1379247193949941762
1379246868778119169
1379246713530159108
1379554249898622978
1379553856049270789
1379553579913072650
1379553427274010625
1379553336949678086
1379553183480045569
1379552552006598663
1379552471979282441
1379552232614543361
1379552138322341889
1379551609353539587
1379551580081565696
1379551115440750593
1379551040077447168
1379550938084466689
1379550712850493442
1379550489751265280
1379550479374561284
1379550229750546434
1379550066751512585
1379549529943506947
1379549416588242956
1379549124295593984
1379548796191916037
1379548540666581002
1379548060305526799
1379547937139740686
1379547803798622213
1379547338981699584
1379547284350898179
1379547152708435971
1379546828807446529
1379546743654772742
1379546076097708039
1379545952646795264
1379544574159372288
1379544184386940928
1379543881415548928
1379543673600364547
1379542998342569989
1379542882172944384
1379542796730830853
1379542392014041092
1379542354500141058
1379541781503696905
1379541757155815426
1379541677606633473
1379541634807914498
1379541469208440839
1379541020875091968
1379540887668023296
1379540807045234689
1379540800040804355
1379540449883471875
1379540389472899072
1379540358548365313
1379540315112099842
1379540253078392835
1379540208941723661
1379539312467906560
1379539176639635463
1379446755071303680
1379446366536138753
1379445903707234307
1379445715341082627
1379445425720135682
1379445398792777729
1379445371231989761
1379444952862711811
1379444907220336642
1379444614109757441
1379444501664653312
1379444439278616584
1379444317656281092
1379444115117637639
1379444097677676546
1379443990014070789
1379443950344404996
1379443867771097089
1379443471078068225
1379443369919705092
1379443290186129415
1379443036124512259
1379442440281686022
1379442433696628745
1379442430899073028
1379441667208536064
1379441473234599943
1379440973835595784
1379440826074431489
1379440789302960129
1379440367796359169
1379440021082628097
1379440006826225666
1379439936462585857
1379439712600006659
1379439692878319618
1379439683424358402
1379439592546435074
1379439547478597638
1379439330050068486
1379438822627414018
1379438707543920640
1379438225752797185
1379438060115476480
1379437963445116932
1379437874639175681
1379437673702563850
1379437613266960388
1379437526067208196
1379437487324454916
1379437463542902788
1379437455875715074
1379437294524977159
1379436531190931466
1379435910761041925
1379435904314449923
1379435899109302291
1379435836333191168
1379434420067737601
1379434269987069955
1379433722412343297
1379433104490700802
1379432979546562562
1379432891352969218
1379432869353848841
1379432671407837186
1379432623022333958
1379432438602985473
1379432119412269063
1379432116866277381
1379432113557053447
1379431778398527501
1379461877290373121
1379461787272282113
1379461733203513346
1379461502533525504
1379461433713434631
1379461360166309892
1379461057845071873
1379460716466479108
1379460617782824967
1379460309728038915
1379459867409330180
1379459752476995584
1379459522272636929
1379459312402247685
1379459178222223365
1379459150216855553
1379458586020040704
1379458482173325315
1379458349067083776
1379458261917794306
1379458252312838151
1379458171719323652
1379458088021987333
1379457299035602947
1379456476708749318
1379456313407733762
1379455985996034049
1379455878965911552
1379455793263734787
1379455412202844164
1379455287170584579
1379455217410920450
1379455027295756295
1379454889957425154
1379453802525433857
1379453436102639616
1379453135534624768
1379453063556173828
1379453044748877828
1379452900808753157
1379452788229431296
1379452467193208838
1379452390647209992
1379452020160090117
1379451661928824838
1379451455782854660
1379451439311945731
1379451057898729477
1379450995462316034
1379450992098484228
1379450722933161986
1379450249664729089
1379449895615135746
1379449821279494146
1379449786210869248
1379449784931471362
1379449730338586624
1379449723057102850
1379449707089514504
1379449625732612102
1379448775127748611
1379448763001999361
1379448607351435269
1379448597138182147
1379448587461988355
1379448479672631296
1379448459531591683
1379448362873757702
1379448318875553793
1379448183378604032
1379448040256327684
1379448013760966661
1379447937281843200
1379447673938399233
1379447639817781252
1379447547467497472
1379447441506902025
1379447275513057284
1379447036412452867
1379277627500814336
1379277205025472519
1379276803735498759
1379276590320914440
1379276441729200128
1379275771148169217
1379275703737286661
1379275543648952324
1379274228315344897
1379274102649786368
1379273782045462530
1379273255521902594
1379272951602814978
1379272403793108992
1379272360583397376
1379272316799094787
1379272264865169413
1379272079321657352
1379271764346277890
1379271533206507523
1379271459672047617
1379271410028281857
1379271316008796163
1379270796384813057
1379270707029405700
1379270570622210051
1379270137287696384
1379269959562452992
1379269930151985153
1379268013136875526
1379267999123836930
1379267703408631811
1379267186448076801
1379266502038319104
1379265399699701762
1379264801306783749
1379264670670983168
1379263959388323841
1379263953918963713
1379263782837350403
1379263580642574339
1379263014839410691
1379262726955016194
1379477115406536704
1379476966919835649
1379476864419434504
1379476373874544644
1379476083813273607
1379476019917291524
1379476005824397313
1379475861607436288
1379475779789205506
1379475589673914374
1379475377849053186
1379475329618743303
1379475307053338639
1379475219073658880
1379475031286235138
1379474907424260098
1379474354304585733
1379474041002721280
1379473877730910209
1379472362773606401
1379472304728604674
1379472238781554692
1379471966453833732
1379471958681747460
1379471613129789444
1379471584784699394
1379471513221537792
1379471189496717322
1379470722549055490
1379470625895501829
1379470417589628931
1379470151108734993
1379470147895746560
1379469833658638336
1379469653882368006
1379469434335719424
1379469287296012298
1379469137366413316
1379469108224401409
1379468918402785281
1379468774877843459
1379468692271079429
1379468648499326976
1379468641914130432
1379468476818001920
1379468218721505281
1379468158138994688
1379468104300957700
1379467951464677376
1379467897706254336
1379467744303841281
1379467743318040576
1379467608370642946
1379467502028218368
1379467476753350660
1379467097399554051
1379467089124147202
1379466948820529157
1379466413467897856
1379466388092293120
1379466030204907524
1379465674943258625
1379465629976178703
1379465480121905154
1379465213213294592
1379465208901607429
1379465101594525698
1379465065301045249
1379465027485323264
1379464760668925955
1379464339296563207
1379463961549139970
1379463751192219650
1379463678756597765
1379463607939956741
1379463311163600900
1379463308768579584
1379462138113167367
1379246398680535040
1379245725922508801
1379245625611595778
1379245484141907968
1379245288972505088
1379245222220152835
1379245035502370817
1379244877993680897
1379244809735536642
1379244429639229442
1379243994606100482
1379243570519928833
1379242834600026121
1379242016089968646
1379241460994727938
1379241273060560899
1379240833292005386
1379240594497622018
1379240221259145219
1379240204192595976
1379240192180097026
1379239896657846273
1379239507405508608
1379239295073062913
1379237691322142721
1379237680844845057
1379237482944864257
1379236835231170564
1379235920730324996
1379235883690393600
1379235555725123588
1379235524196630532
1379234729828958215
1379234689400070147
1379234539965407233
1379234496722169856
1379234075001679874
1379233830721175552
1379233790573305861
1379233566001934346
1379233319422881792
1379232912525074432
1379232283249500160
1379231647355314176
1379231628019560450
1379324604041330689
1379323734662787075
1379323617490694150
1379323173502586881
1379322858191601670
1379321462696374273
1379320981764730889
1379319348020527109
1379319276419567616
1379316625229426690
1379316615116947458
1379316449294999555
1379316289856999426
1379315639014281216
1379314874635980800
1379314345314750465
1379313764495978498
1379313591506075649
1379313300752699393
1379312816226762755
1379312515742568448
1379312179766300676
1379312099332083715
1379311585043304448
1379310999803723783
1379310739928793088
1379310484655116290
1379310464132395009
1379309743848661000
1379492317661437955
1379491992263098368
1379491981987041283
1379491917155733504
1379491854224351233
1379491843377930241
1379491834137878537
1379491279646654467
1379491180459790338
1379491070950715404
1379490569597153282
1379490509404708869
1379490499204149250
1379490454648061953
1379490435761111047
1379490345856213007
1379490154834976771
1379490095145877515
1379490090720837637
1379489569641537543
1379489526784081921
1379489374455410692
1379489256062779399
1379489007504080898
1379488967465308167
1379488771436077060
1379488701303164930
1379488606549651461
1379488434713108481
1379488298159251457
1379488192202686467
1379488085675769857
1379488079862501376
1379487968319184899
1379487690555547648
1379487564407668742
1379487483881271298
1379487451119517697
1379487440348532742
1379487416239714314
1379487389106716677
1379487374619594753
1379487094842785798
1379487082360537095
1379486942220410880
1379486929721303043
1379486685847764997
1379486662951059458
1379486603920441356
1379486541710569479
1379486466963804160
1379486365281312777
1379486107377754119
1379486077896040454
1379485947096629251
1379485814841876483
1379485741420576770
1379485726706913285
1379485645442273280
1379485500868812809
1379485310774558725
1379485066489909252
1379484921685630976
1379484676964900868
1379484465769107459
1379484421888282628
1379484229524918273
1379484036746211335
1379483966122700803
1379483768105406465
1379483569181970436
1379483496280899585
1379483429767684096
1379483399371567104
1379483265732608002
1379483108739780615
1379482487336755205
1379482449533624325
1379482171732340742
1379482087607181316
1379482059433857026
1379481817896656897
1379481439381692426
1379480984995831809
1379480688794144777
1379480396342169600
1379480154473385987
1379479955428540418
1379479917130362881
1379479758191218689
1379479635558334466
1379479429643186176
1379479416867278854
1379478633950052357
1379478608947908608
1379478308040142853
1379478000757043201
1379477599362154497
1379477539677163525
1379477242565296129
1379339881973903363
1379339641443266561
1379339547889127425
1379339232007819266
1379338367188545536
1379338067144798211
1379337433649647616
1379334847206920193
1379334783583588352
1379334768630890498
1379334232577867778
1379334191557513217
1379333958073257988
1379333553574535168
1379333547916361729
1379332383078547462
1379330928250609664
1379330188358647808
1379328804850651140
1379328716099133440
1379328709828747266
1379328689121456130
1379328268097191937
1379327976710541313
1379326402416287744
1379326031069380611
1379325312866078721
1379308720925011970
1379308149363122178
1379308085328670722
1379307639058890752
1379306483607830529
1379306171668963331
1379305785637830656
1379305471962722305
1379305141543788546
1379304245971845121
1379303821503946752
1379303649441107969
1379302759904772097
1379302699682779136
1379302520955273219
1379302398477312001
1379301995123634178
1379301819503964162
1379301807336300550
1379301604910891012
1379301539064516608
1379301449700569088
1379300661876064256
1379300308036284416
1379300304844419074
1379300295012978688
1379300018146918406
1379299348522098692
1379299148265050113
1379298889321222145
1379298873278074881
1379298716129972226
1379298697780006913
1379298627970027525
1379298484658995201
1379298288663474182
1379298233961222146
1379298134136872961
1379298057938931712
1379298038498258947
1379297983242641409
1379297716593778694
1379297591960211457
1379297569793220610
1379297494081888258
1379297263776890881
1379296523830329350
1379295771753902081
1379295757023477763
1379295693668503553
1379295199738871809
1379295137621143555
1379294052911349762
1379294035957932032
1379293900645531649
1379293883440500736
1379293722387550209
1379370419329830915
1379369792327585792
1379369576425795588
1379369536554553345
1379369129149407241
1379368891806318595
1379368690311962625
1379368568375099392
1379368514067267586
1379368093315706884
1379367493215526914
1379367372176424960
1379367298386038786
1379366743018065920
1379366439048593410
1379366364750753797
1379366248237174787
1379365832401244161
1379365728877350914
1379365433644568580
1379364889089748994
1379364428815159299
1379363860147277828
1379363044007026688
1379362935894589440
1379362089630900225
1379361858411446272
1379361304624967680
1379360980132593664
1379360409367404550
1379360320347508737
1379360301657755654
1379360188231131136
1379359985524731910
1379359865722695681
1379359772051398661
1379359597098496004
1379359592812007426
1379359259314380800
1379359217493024771
1379358977742475264
1379358911032135682
1379358050469912580
1379357868038717447
1379357348695846913
1379355459937726466
1379292752987385864
1379292119253331971
1379291499033149441
1379290686504177674
1379290544489250820
1379290309490847747
1379290237487095808
1379290202246627331
1379289873803272194
1379288916537270274
1379288770520838148
1379288500370075652
1379288036773654528
1379288003462434816
1379287957790584833
1379287657960894467
1379287415450435587
1379286512328658946
1379286503260557315
1379286011063197701
1379285464373411842
1379285123229569029
1379284951405846528
1379284153212936193
1379283661061824513
1379283536075628549
1379282769633714177
1379282653971673089
1379282274529775622
1379282231525572608
1379281927127986182
1379281663205601283
1379281530195996674
1379281177454866436
1379280659164848130
1379280475479535616
1379280136160296962
1379280125007642625
1379279599461359621
1379279025860935680
1379278571873656833
1379278314217558016
1379278259209203715
1379278000303185925
1379277726670942208
1379523929979637765
1379523909972762625
1379523353925521412
1379523306525761538
1379523186484682754
1379522427957415936
1379522191218376706
1379521865945907200
1379521844131328014
1379521822484529153
1379521788649082880
1379521405616807941
1379520816241651730
1379520416008523783
1379520186181689348
1379519920195649539
1379519887073280008
1379519769355943937
1379519766327615491
1379519249757175810
1379519194425925636
1379518977890717701
1379518869916676096
1379518695068815364
1379518615280570371
1379518330315268098
1379517996075483136
1379517882183286789
1379517861111169026
1379517858724651014
1379517489827119105
1379517389981810696
1379517316128473110
1379517082782556161
1379516682297696257
1379516656234360834
1379516602115317768
1379516306395914244
1379515382625673217
1379515229487382534
1379514862703812608
1379514430103429122
1379514130697179141
1379513907409264646
1379513605842931714
1379512897265676291
1379512834099404800
1379512429235859457
1379511998891880451
1379511491964059653
1379511357259841546
1379511126006755329
1379510937162551297
1379510770405412866
1379510729125068804
1379510516964544517
1379510297782849540
1379510268271726598
1379510201594875910
1379510146288779276
1379510028235866113
1379509979632316422
1379509806038462470
1379509746055663623
1379509684550402050
1379509672185577473
1379509514349723648
1379509294903791616
1379509220366643200
1379509018964729863
1379509012689993737
1379509004439797774
1379508975398490122
1379508974555258880
1379508853423882243
1379431474131132426
1379431421413007362
1379431352156626949
1379431109943992321
1379431059553591306
1379431040687566849
1379430959372713984
1379430803860414479
1379430674491342849
1379430596968017921
1379430229203017730
1379430006892457984
1379429989196652544
1379429685222760460
1379429431182192643
1379429248440602626
1379428984069447681
1379428552622268416
1379428405926584322
1379428188338581512
1379427712754806789
1379426930366160901
1379426903631785984
1379426385341476868
1379425409113018369
1379425304503062528
1379425158625173509
1379424290433552387
1379424215246381057
1379423932361502720
1379423396681879552
1379422943051063302
1379422868539326466
1379422657276473348
1379422649558970371
1379422443543138311
1379422060741541889
1379421871133712388
1379421600018227202
1379420914178211840
1379420729402331144
1379420309368012803
1379420216745156612
1379419054180552704
1379419053639483394
1379418988220833797
1379418586402451456
1379418540902604807
1379417504775294982
1379417446243827714
1379417416816545795
1379417292518391817
1379417231092809728
1379417041493499907
1379417014104637447
1379416725674950659
1379416594598739974
1379416520820977667
1379416484565385225
1379569467135430656
1379568514479046656
1379568454865465347
1379567896955879425
1379567754861289474
1379567554256068608
1379567329877635072
1379567305605193729
1379567103158611968
1379567027183030273
1379566773201145859
1379566617554735107
1379566436541202432
1379565701820784643
1379565365936668672
1379565119265505280
1379564942773215232
1379564499674488837
1379564162578321412
1379564058546860034
1379563410619269120
1379563117848453123
1379562906291961863
1379562666432335879
1379562444448759808
1379562301209116672
1379562090931818500
1379561935419666434
1379561313337217031
1379561147473485826
1379560834192470019
1379560531053395969
1379560457539874822
1379560038977650688
1379559465150713858
1379559151085490179
1379558987348254721
1379558847203962881
1379557673927122950
1379557557077999616
1379557455915585540
1379557422545653762
1379557390387908608
1379557267373236228
1379557183835283458
1379556606774493184
1379556042867154950
1379555939406209029
1379555632316084226
1379555454800556034
1379555329176911880
1379555130538872833
1379584667356135425
1379584485553922049
1379584326170464262
1379584049937793029
1379583653542518784
1379583409970892800
1379583297274183681
1379583285458829315
1379583192252944384
1379583003521847297
1379582487446257665
1379582452075741184
1379582380885880837
1379582343376216064
1379582187486507010
1379581269739237381
1379580517201240070
1379580413035827200
1379580376906104841
1379580221767217159
1379580002082099206
1379579936143519746
1379579873598050311
1379579811333468165
1379579493682196481
1379579256284528640
1379578934661165057
1379578844911394818
1379578628887961600
1379578505634197510
1379578377477165056
1379578258103107584
1379578092742537217
1379578014225272833
1379577758959943683
1379577684716613633
1379577470148616194
1379576550962704385
1379576451553370114
1379575845476503554
1379575002438205441
1379574772892327939
1379574501818662915
1379573475296301065
1379573271532863494
1379573187684433920
1379573042809085961
1379572521134067717
1379572334709895171
1379572171685642240
1379572146196770817
1379572129524449280
1379572087082389515
1379571758093758465
1379571491671474177
1379571066482343936
1379571037537468421
1379571000057139203
1379570962627186688
1379570358840397825
1379569946032758790
1379569618847666178
1379569578762702850
1379385688538370049
1379385604266418182
1379385473399930881
1379384751442780161
1379384055851008000
1379383705358176259
1379383694822158336
1379383373949505537
1379383338708918275
1379382939146932224
1379382601908117508
1379382574108278784
1379381982963101698
1379381557627138049
1379381317369004033
1379381226042167301
1379380944562364420
1379380547256991753
1379380546778886144
1379380462313963521
1379380278540566530
1379380063888629766
1379379324499988482
1379379032710594562
1379378834127065091
1379377672049078272
1379377133605244928
1379376867518656516
1379376316881887234
1379376001889808389
1379375816379801601
1379375581926551554
1379375309301153794
1379374922741473284
1379374917276344322
1379374645351178240
1379373580090245121
1379373387173097473
1379373229635067905
1379373099158794240
1379372689329168384
1379372550237650948
1379371664782340099
1379371376658747393
1379371209633067009
1379371192398778369
1379370814684954624
1379416368735522822
1379416216473833477
1379416063172050946
1379416042590642176
1379415951263813632
1379415849564508165
1379415847907819524
1379415535281135616
1379415229944143881
1379415163749666818
1379415109332832258
1379414848119873537
1379414486897991701
1379414422414823426
1379414384561295361
1379414202981310465
1379414124766052355
1379414117845499908
1379414087046676481
1379414031274897408
1379414001923284996
1379413454189170691
1379412913912311812
1379412860141326339
1379412815367262211
1379412314185588742
1379412130156445702
1379412073726287881
1379411609760669699
1379410599931707396
1379410534588628992
1379410410458247169
1379410123702030339
1379409951567667203
1379409613511131142
1379409369226375169
1379408888345231361
1379408617103892485
1379408571964686343
1379408240425975809
1379408179793162241
1379408093692493825
1379408054370852864
1379407946853982208
1379407821746401288
1379406963432390661
1379406145668804614
1379404666878984196
1379404518757122050
1379404272899608578
1379404000030773254
1379403950739361795
1379403807361224712
1379403789254397955
1379403777501978630
1379403583356088321
1379402807929896962
1379402736517709832
1379402669211713537
1379402522192842752
1379402393129902083
1379402346699100161
1379402295176216576
1379402180927574017
1379402124316975104
1379402010034905091
1379401829826625537
1379401823195385860
1379401821635145728
1379401792186937352
1379401589899857936
1379539056967647236
1379538859306942464
1379538793695481858
1379538757066579970
1379538753874767880
1379538547112345610
1379538522894401537
1379538503218958336
1379538470541041664
1379537226078502919
1379536212105515009
1379536181180968966
1379536167570440203
1379535115814981634
1379534968448184321
1379534926752722944
1379534485855801348
1379534454431965185
1379534034515202050
1379534001048858627
1379533886875648008
1379533773658857476
1379533719652950025
1379533534726086657
1379533468040839169
1379533442027765762
1379533249085464576
1379533184573050886
1379532973096148993
1379532920264781835
1379532759283154950
1379532755357339650
1379532433293463556
1379532377253351426
1379531957613301766
1379531866047406082
1379531838927085568
1379531340358557710
1379531331831537667
1379531270695354372
1379531084552138755
1379530930348568589
1379530899436490758
1379530529322713095
1379530515334713344
1379530039755223044
1379529901284335616
1379529891549478913
1379529108363882507
1379528589427806213
1379528520938967042
1379527855131009036
1379527522099081217
1379526978588569602
1379526835109822466
1379526799445606402
1379526728842944514
1379526531865849858
1379526398268862465
1379526278974476291
1379526252625850371
1379526093582053376
1379525923263889408
1379525539908714501
1379525142250987527
1379525039905640448
1379524667602534401
1379524570688933888
1379524455332864003
1379524285866381320
1379524270011912203
1379524258272010242
1379523990272741376
1379508497671458819
1379508434505248768
1379508230917881856
1379508137124720640
1379508021773099012
1379507796362727427
1379507557274947588
1379507447929335810
1379507206505312261
1379507160804163585
1379507115564404743
1379507023532986372
1379506659630911495
1379506470664945667
1379506305531060226
1379505956535603202
1379505865380663298
1379505035894210562
1379504827764510731
1379504665411391495
1379504557286391817
1379504473563934720
1379504043106656261
1379504020860063746
1379503371263037448
1379503219185946631
1379503142258237445
1379502935500021761
1379502914109063170
1379502672886304779
1379502485463785473
1379502463452131330
1379502440643432453
1379502381440905219
1379502202587348993
1379502190427959299
1379501975700697088
1379501731994865668
1379501693491101705
1379501662096797697
1379501532949921792
1379501454378074113
1379501414901280771
1379501315659816963
1379501120494702598
1379501059337461763
1379500862666645509
1379500833436499975
1379500813106737156
1379500631086481410
1379500316899602433
1379500100179931140
1379499847410147335
1379499695706374150
1379499502608994309
1379499447885893633
1379499391728422914
1379499293652975618
1379499172068462595
1379499066703409153
1379499035657076741
1379498956946804738
1379498943416049670
1379498902173388803
1379498663307845634
1379498615266283524
1379498540074987523
1379497870982807552
1379497693928640515
1379497442601746434
1379497407273127938
1379497386934960132
1379497119279677441
1379497004120879107
1379496924995334149
1379496870100230144
1379496784683134979
1379496546006355973
1379496471809130497
1379496450715947012
1379496399658741761
1379495979834048515
1379495903145426947
1379495864566169619
1379495742109327365
1379495631341903875
1379495482586755080
1379495430606749697
1379495268119351304
1379495211517218816
1379495177782497285
1379494986966835203
1379494927931949057
1379494689414512641
1379494594073796617
1379494474305376257
1379494402524020737
1379494226333941769
1379494133421776898
1379494068758122496
1379494063293005826
1379493858157883392
1379493796115795969
1379493474483965956
1379401045831512066
1379399353429864451
1379399179215245314
1379397365057093642
1379396650196684801
1379396294553309188
1379395988243238916
1379394880615636992
1379394697727254533
1379394654865620997
1379394521939779584
1379393581006385155
1379392906864234498
1379392809925537792
1379392586931134465
1379391611721936896
1379391350609694722
1379391293189718027
1379391284062924802
1379391070174380037
1379390778724716546
1379389535725969408
1379389207223881731
1379388734517481475
1379388556058091521
1379388153702846469
1379388059553304579
1379388014955278338
1379387682363731969
1379387648205291525
1379387544551485443
1379387361268760578
1379387282285809664
1379387231371165699
1379387137594773507
1379386768244494339
1379386626229600258
1379386622437945348
1379355145935450112
1379355014242693120
1379354854917816323
1379354395914211329
1379354057517760513
1379353973992386560
1379353671046201347
1379353548580851712
1379353513692692480
1379353412039507971
1379352265887248385
1379351335959633920
1379350256635240449
1379349955916267520
1379349894071156744
1379349501622644738
1379349206066896903
1379349032313757696
1379348328253644802
1379348064792498178
1379347969833508864
1379347908105969666
1379346875225083904
1379346416380809219
1379346041250717696
1379345641613053952
1379345317892653057
1379345207255257089
1379344938484301824
1379344644698411012
1379344075413946369
1379343723725721602
1379343386830774272
1379342662377951233
1379342017365352449
1379341863757488130
1379341787257524226
1379341409145090048
1379340953954086913
1379340922584895491
1379340895946895361
1379340641541353472
1379340504815505408
1379230857806811137
1379230717083856896
1379230639204020234
1379230321238024201
1379230025271115782
1379229687369641986
1379229343491223554
1379229316861530113
1379229196032040960
1379229021213491200
1379228925549772803
1379228139461648384
1379227954014740483
1379226847150497794
1379226361005539333
1379226202779619330
1379226062878564362
1379225810217877505
1379225192346628100
1379225172348125187
1379225084733235201
1379224833272188938
1379224385467396097
1379224349450846210
1379222924259950596
1379222364274188293
1379222322066948096
