1374297473800302595
1374297122321883139
1374296876204367873
1374296722860556295
1374296510058336256
1374296435567509505
1374296405532102662
1374295843348439041
1374295084288598016
1374294890536968196
1374294139731382272
1374294107447771137
1374293403710726144
1374293068682305543
1374292997337059330
1374292555358072833
1374292255603888130
1374292242840567808
1374291148555087872
1374290452782911493
1374290162620981257
1374289900447621121
1374289751214223365
1374289425417523202
1374289246215884800
1374288803075096577
1374288133379002371
1374288109630787586
1374288022947135488
1374287729954058243
1374287630624509953
1374287449594208256
1374287376080592896
1374287089378922496
1374286265814810626
1374286129227309057
1374286060587380736
1374285836104183810
1374285714418982913
1374285570462134275
1374285313409916934
1374284688488026117
1374283620815355906
1374283590733733891
1374283038620794882
1374282767547072512
1374220425673248768
1374218844743565314
1374218522591694851
1374218430212153345
1374218359227752448
1374218260300857345
1374218086014935042
1374217805910925313
1374217525198610434
1374217514893250560
1374216724736774146
1374216078625280004
1374216069489954818
1374216065073438721
1374216053530693634
1374216006692872196
1374215504244641794
1374214430200827906
1374214420361056256
1374214223664975872
1374214219764269058
1374214089468219394
1374213486922899460
1374213382807621636
1374213138825015296
1374212653841842177
1374212277214216198
1374211790234599433
1374211378052009985
1374211134979473409
1374210990380785666
1374210830003286017
1374210615066120195
1374210294075981824
1374210237176156161
1374210043776761856
1374209775265800193
1374209372008636418
1374208345477763075
1374207525072035840
1374207516901531650
1374207484081152002
1374207373062062082
1374159046870192128
1374158577951141891
1374158519180595202
1374158423529492481
1374158208386891787
1374157605006893056
1374157530012737541
1374157424723169281
1374157408784777217
1374157069583065088
1374156865089716225
1374156644087599105
1374156446514905089
1374155149342511104
1374154343075696640
1374154336410996736
1374154127727529990
1374154105128579077
1374153867865247757
1374152843335196672
1374152801836797954
1374152640343511047
1374152428178771970
1374152292354699273
1374152144283176964
1374152074057850880
1374152021637541889
1374152012267393029
1374151757375356928
1374151270513008640
1374150157193854978
1374149526429306883
1374149383873265666
1374149365653245954
1374149336058245122
1374149254520922112
1374235541462454272
1374234534137450506
1374232750555860996
1374232682486370309
1374232557580079104
1374232344543031296
1374232246127837185
1374232191715180547
1374230744156008450
1374230463397703682
1374230281260036102
1374230063550398464
1374229994071748611
1374229881681276940
1374229766409129987
1374229136948953089
1374228057364500482
1374227972824129536
1374227909661974531
1374227621324713985
1374227548889055232
1374227531088470017
1374227435688919045
1374226932229758976
1374226757948121091
1374226475256217603
1374225766666313731
1374225730050088963
1374225562445615104
1374225406631440385
1374225404035207175
1374225337400360961
1374225190016585728
1374224928694693890
1374224926534557696
1374224484836667394
1374224116400676865
1374223888008183808
1374223814440062977
1374223701412044802
1374223683309293578
1374223669631799297
1374223158711050245
1374222892062404609
1374222683991326722
1374222626734891009
1374222503015374856
1374222436963512325
1374222237704757248
1374221786330624001
1374221641312563200
1374221111571881987
1374221028856057857
1374221016344461312
1374220755848720384
1374220736731172865
1374220502647123968
1374495771622436869
1374495735169708036
1374494996099858439
1374494800238407689
1374494408968597510
1374494362306973699
1374494230496694273
1374493740274872327
1374493670418702339
1374493336724140032
1374493276699422725
1374493134772523021
1374493075066646530
1374493046595678223
1374492849698349062
1374492382691958798
1374492323116052487
1374492194128547849
1374492123743940620
1374491920550952961
1374491653902233608
1374491118117654535
1374490685038940170
1374489948145942541
1374489634529452034
1374489443998990341
1374489331453157382
1374489174418452482
1374489015143952395
1374488606442582022
1374488118485651459
1374488091361120257
1374487490346684422
1374487290253221898
1374486502038667264
1374485885308129285
1374485857382457360
1374485634912378887
1374485428531654664
1374485199669456905
1374485056308142080
1374484787532947460
1374484671673692163
1374484507391262721
1374484217581629440
1374484031346077702
1374483795265478662
1374483678508720128
1374483561584099336
1374483463751958530
1374483316108263427
1374483312245305352
1374482884434690050
1374482668943863814
1374481963180908558
1374481948060516352
1374481939550281742
1374481763859193856
1374481659911827459
1374481482329194498
1374481071299989520
1374481049795719168
1374481001817067525
1374343298920423426
1374342836569706502
1374342806567800842
1374342708429516801
1374342623796822017
1374342526233161730
1374342517496381450
1374342135936258049
1374341849666686977
1374341435235913730
1374341123125182475
1374341095430193156
1374340992086736896
1374340924025622532
1374340802936254468
1374340763857924097
1374340466527834115
1374340457820475398
1374340230707171332
1374339478907654148
1374338999909765123
1374338699136270338
1374338654903144448
1374338510736523266
1374338328967872514
1374338284655149059
1374337238780239882
1374336826031415297
1374336535521280001
1374336320689086465
1374336213960646659
1374336086961446915
1374335490724397057
1374335467907248131
1374335397535350786
1374334681911586822
1374333874835193869
1374333305617752067
1374333017016131592
1374333011873853447
1374332827056041992
1374332736631054340
1374332419910856704
1374332330391740417
1374331639858409474
1374331491283574786
1374331341626511362
1374330783792517124
1374330386021445636
1374330372914176000
1374330328903380992
1374330230119223298
1374330016838868995
1374329820008509440
1374329058859835394
1374329018942693379
1374328506407133185
1374434692422791168
1374434670134272005
1374434616749158401
1374434422800326663
1374434250380865549
1374434065844031498
1374433820850544649
1374433783433232395
1374433688600027153
1374433290111750150
1374433063065677826
1374433058909159426
1374432876536557578
1374432811877158925
1374432781627879426
1374432355738288136
1374432130038517760
1374432098677788679
1374431966670376960
1374431611865894912
1374431430172798981
1374431324761509891
1374431121853718533
1374431097811918855
1374431017889505286
1374430776570253326
1374430545204060162
1374430481291177988
1374430379931701260
1374430199807320069
1374430140449497089
1374430105615757313
1374429955178725377
1374429941974978562
1374429800077553669
1374429668321816591
1374429541423190026
1374429274942238730
1374429244298686466
1374429207153893395
1374429087519756290
1374429046172360707
1374428993097592834
1374428737106702336
1374428400522207236
1374428345291608068
1374428335246221312
1374428333388177416
1374428329617485824
1374428327868436490
1374428289079472133
1374428192577003526
1374428130257948681
1374428124515946499
1374428048959795215
1374427975353991173
1374427554581377032
1374427439300890625
1374427348653678606
1374427152687370247
1374426953999020040
1374426685295108107
1374426666533937152
1374425866273361923
1374425544863883269
1374425497833119752
1374425323324895242
1374425303431274498
1374425106663968775
1374424997549146121
1374424850350018566
1374424592278687747
1374424567586848773
1374424462523654147
1374424442579820549
1374424371696070665
1374424214946553859
1374424092862861319
1374424074634424331
1374424055625916427
1374423993445355523
1374423783709151236
1374423772346773506
1374423731196502020
1374423106652053508
1374422993527435265
1374422842175987728
1374422787780046851
1374422481411338244
1374422379502309384
1374422228977131533
1374422206462107648
1374422189731151872
1374422156340129814
1374422050941497352
1374421934088146944
1374421818702921731
1374421807239815172
1374421801535639557
1374421629040685069
1374421459708174354
1374421161954570243
1374421075770011650
1374421065481347073
1374420761973166085
1374419851800809482
1374419848705441792
1374373934376710150
1374373887908061189
1374373594684264452
1374373486034972686
1374373161681133580
1374372721342128133
1374372559727120394
1374372386980593667
1374372330487476232
1374372252104355847
1374371930254446592
1374371750121594880
1374371636074270723
1374371602180243458
1374371575269498889
1374371087543197702
1374370936116310021
1374369912546750471
1374369803331203073
1374369697810948096
1374369533671133185
1374368558701023233
1374368485870952461
1374368270539616259
1374368083154980873
1374367782230491137
1374367590923964423
1374367273885044736
1374367031760392195
1374366948910264325
1374366764096716807
1374365754439651331
1374365576848674825
1374365534607790083
1374364915582963712
1374363999945510912
1374363849722359814
1374363288566382597
1374363129719689218
1374363048811581441
1374362662331543558
1374362390045855753
1374362375051153414
1374362054270853121
1374361838285172736
1374361816889970689
1374361597859221510
1374361540715970562
1374361447074037769
1374361182417588228
1374360830951759882
1374360352092270605
1374360259926573061
1374360255925260288
1374360013603540995
1374359980787130372
1374359926580056067
1374359903716933633
1374359391932198917
1374359301104472065
1374359174549704708
1374359058073915396
1374359025379389443
1374282034621902850
1374281224798212096
1374281068111568898
1374281035924529153
1374280833725390848
1374280770819387393
1374280443441213443
1374279943660531714
1374279181249351689
1374279053344116738
1374279026068443139
1374278578230157312
1374278315452866560
1374278051878567937
1374277463975456775
1374277366927781890
1374277166666444805
1374276483137560576
1374276121550786560
1374275991321899008
1374274856276099077
1374274821060722690
1374274725799546880
1374274576595648514
1374274326799745029
1374273539881205761
1374273148628049923
1374272934546698240
1374272851121991688
1374272594455658500
1374272489509900289
1374271719612026887
1374271274462015488
1374270691747495940
1374270668552962051
1374269937661964288
1374267740207378435
1374267288199725060
1374267266423009280
1374267079231107073
1374511178001477640
1374511151791271938
1374510920873873409
1374510918302797824
1374510911885504520
1374509160071524355
1374508798086242311
1374508379125653508
1374508311370887171
1374507936106516484
1374507858037932036
1374507132284936197
1374506698312806406
1374506689324486667
1374506479294631943
1374506289242378240
1374506200562159630
1374505819039965195
1374505509890355213
1374505463610372096
1374505128560979975
1374504981479366662
1374504833965727754
1374504549684146179
1374504192295903234
1374504149912461318
1374503182349443074
1374503122291154953
1374503030989582344
1374502795341000708
1374502683768283156
1374502522547662862
1374502097220108291
1374501479013253131
1374501428786466823
1374501162510999553
1374501113920069644
1374500947573964808
1374500781424930818
1374500761317437443
1374500669386723334
1374500230062772226
1374500170574954500
1374500107480002577
1374499794526171136
1374499539923525636
1374499107654361093
1374499073244340224
1374498588361814019
1374497908846829572
1374497880002625539
1374497400597843969
1374497264924721152
1374497191818006532
1374497175602753536
1374496574852632584
1374404313309573124
1374404275015540738
1374403787880681490
1374403724664131600
1374403594401632266
1374403552408264704
1374403195846365197
1374403134861111298
1374403044037685249
1374402998013554689
1374402953159737347
1374402795260968974
1374402709130911744
1374402436996067335
1374402402330177552
1374402343463047171
1374402300559511560
1374402115410354185
1374402111388065803
1374402010871558149
1374401815328870400
1374401778842701828
1374401505101451278
1374401484410953733
1374401397140066312
1374401115404439555
1374400999276703746
1374400872302604289
1374400826723028996
1374400754677522434
1374400304221802509
1374400231521931273
1374400220960681994
1374400160134885377
1374400016152887305
1374399919843209218
1374399811743457284
1374399561838391299
1374399327813046279
1374398871946760202
1374398804569382916
1374398677498748936
1374398489262583809
1374398337982459905
1374398125973012484
1374397571079102466
1374397277553319944
1374397191448530955
1374397088486756359
1374397081901666311
1374397064935731203
1374396923327647749
1374396707346124806
1374396654648926208
1374396432686276613
1374396197801062407
1374396124472045573
1374395446110552069
1374395378645135370
1374395345493389322
1374395239687843852
1374395232922394636
1374394857192452113
1374394734504943617
1374394347462955018
1374394085268615178
1374394001495789577
1374393778832699392
1374393750231814151
1374393735778209801
1374393512960040965
1374393364020228108
1374393092317405186
1374392995991056389
1374392994309152784
1374392845742661632
1374392805624180747
1374392670097866761
1374392598522069006
1374391993174876173
1374391821997023234
1374391739377680384
1374391682477662221
1374391337831731203
1374391295364374534
1374391202951307273
1374391120885547026
1374390778810617867
1374390268389036049
1374390252853284869
1374390032186830850
1374389463053266954
1374389409299062784
1374450140308664323
1374449913279307778
1374449903644991495
1374449881687883778
1374449658274082826
1374449558621581319
1374449481219854337
1374449474962034695
1374449399024160768
1374449344183595020
1374449297282850826
1374449100972683269
1374449069448306701
1374449064977174528
1374449054566936576
1374449036300673034
1374448807648190464
1374448315283111942
1374448169283584003
1374448144415485956
1374447742907379720
1374447668869562373
1374447342808526849
1374447172591050758
1374446542631837702
1374446334111928334
1374446146823720971
1374445694048636929
1374445469644951561
1374445371951222785
1374445199204610049
1374444996951121923
1374444843951222786
1374444838288990208
1374444625901981696
1374444400936284169
1374444121859837958
1374444023176294401
1374442784149569545
1374441541024972805
1374441133044953096
1374440689124077580
1374440584505561088
1374440343265972226
1374439609656958995
1374439272468508683
1374438920792932356
1374438363760005126
1374437816709509123
1374437526509789190
1374437463901360128
1374437230014468100
1374436321746251788
1374435966702612481
1374435666499571719
1374435502019940352
1374435494839263233
1374435354883715076
1374435227968303114
1374435045520207889
1374419567758381061
1374419350506008576
1374418837311877122
1374418831557283843
1374418751722987521
1374418451817635851
1374418414614159361
1374418389981036545
1374418178932056065
1374418023700865033
1374418012522958857
1374417595961544706
1374417407121367049
1374417319431041026
1374417196626051074
1374417160697614341
1374416775694020621
1374416705699549185
1374416691946418181
1374416552510902277
1374416225141354497
1374416187908485133
1374416187044499465
1374416119184781314
1374415971599872005
1374415902565830661
1374415793224491013
1374415690287828992
1374415637481615360
1374415569911345158
1374415466299453448
1374415376302235661
1374415187755761672
1374415123712856066
1374415065638600714
1374415044893548544
1374414960445460488
1374414861266866180
1374414539022688256
1374414222596042756
1374414207693692937
1374414145190121473
1374414132393353230
1374414109765107722
1374414088999034889
1374413972154150915
1374413944018771977
1374413939950329861
1374413850817175559
1374413850708115459
1374413773348368389
1374413770672328710
1374413634441416705
1374413418401124354
1374413347903311874
1374413318207631364
1374413066033491969
1374413019921272834
1374412927680217093
1374412675342503939
1374412614810308624
1374412420249120770
1374412278573887495
1374412224698089472
1374412161133420549
1374411862285021189
1374411192161107974
1374410638798196742
1374410447277879303
1374410361110110213
1374410347772215299
1374410019077189639
1374409735642877963
1374409662976565256
1374409619456491521
1374409197081661444
1374409055838433296
1374409028420308993
1374408990034063363
1374408642024251403
1374408274250928130
1374407945883066375
1374407521960558594
1374407122960543747
1374407011954089991
1374407001761931273
1374406894350004233
1374406735771828248
1374406402685378562
1374406088284499977
1374405811456278529
1374405526344196105
1374405356349054977
1374405256163979264
1374405219669340170
1374405125939159047
1374405023942111240
1374404729158000645
1374404692596326406
1374174248210685954
1374174162667761665
1374174125518852097
1374173810270801922
1374173708223270916
1374173495811141638
1374173185193635841
1374173002317762563
1374172894276825088
1374172435763843077
1374172090908078083
1374171914630017034
1374171481236717574
1374171128650817541
1374170858437025795
1374170583148154881
1374170343028314112
1374170310518444036
1374169325855256582
1374169277775810560
1374169230644408322
1374168967850332166
1374168838334509057
1374168628765941761
1374168551666356225
1374168444208250880
1374168421831565312
1374168019958595586
1374167655477878784
1374167533641687042
1374167395904884736
1374167242804445184
1374167238782115846
1374167091641782272
1374166916370034692
1374166728771567622
1374166637495033856
1374166530921885704
1374166468875710467
1374166450685022213
1374166391880753154
1374166292140285955
1374166163488448518
1374165819324780546
1374165767458074624
1374165343229333506
1374165272861499396
1374165174819643394
1374165077721497600
1374165067554566145
1374164811076997120
1374164221911523336
1374163987001184260
1374163934710788102
1374163813520539653
1374163564911587337
1374163455184343042
1374163378743181314
1374163228532543488
1374163058243739655
1374162878727516162
1374162756014895105
1374162428682985475
1374162394545541126
1374162394507788292
1374161965661126657
1374161754960371712
1374161623158521856
1374161599464886273
1374161598022057985
1374161471991648263
1374161417461506048
1374161180390998018
1374161165610328069
1374160957115613188
1374160943089860614
1374160638172356612
1374160623525883911
1374160477559918592
1374160371926265859
1374160153176543236
1374160107005698057
1374159994657050626
1374159937698422787
1374159798560825349
1374159578364006401
1374159546248097793
1374159543748456450
1374159275824611328
1374159216605286407
1374266877069963265
1374266864331722752
1374266597016227842
1374266367524757505
1374266204857102337
1374266144010465284
1374265979274858498
1374265859674284035
1374265576927997957
1374265391124451332
1374265309486477315
1374264936621301760
1374264804093796352
1374264533716324358
1374264194711707648
1374263998661550085
1374263784416624641
1374263776141135874
1374263727965487109
1374263332597764098
1374263129975091203
1374262857987026945
1374262664998891523
1374262215956697090
1374260765952204800
1374260505708269568
1374260502638039040
1374260361352900611
1374260336002404354
1374259972909850629
1374259967180505089
1374259823383035905
1374259723315380225
1374259582625796096
1374259260146683907
1374259218056904704
1374259217004167170
1374259114684088321
1374259092504637440
1374258514567176192
1374258409768374274
1374258190582358016
1374258181950570500
1374257908985307140
1374256993687453702
1374256306496897026
1374256301639749635
1374256137814601729
1374255836600664065
1374255569838739464
1374255352145879043
1374255013363658753
1374254188507623424
1374254013303066625
1374253969082445825
1374253870558351364
1374253315605733377
1374465370690519041
1374465132844126219
1374465096143966217
1374465080746643460
1374464325201534989
1374464277407358982
1374464210638237702
1374464180598697991
1374463987719434240
1374463948150345733
1374463699507847182
1374463595984003083
1374463552669425673
1374463475154526212
1374463333714194446
1374463072648105992
1374462601841676295
1374462426532384770
1374462349441044486
1374462252699377673
1374461860196405251
1374461806907858956
1374461521955233799
1374461073663750159
1374460724781621248
1374460687670337538
1374459943156293637
1374459868040495107
1374459453370556422
1374459301620637703
1374459283153190919
1374459070799745041
1374458693513666566
1374457720619692034
1374457437810356228
1374457359020400642
1374457016685527040
1374456842852593673
1374456735306379267
1374456327024431106
1374455192825991172
1374455159674171409
1374454354535612429
1374454214882066438
1374453608943472649
1374453450394673155
1374453262800228360
1374453066045345798
1374453040237846530
1374453038212030472
1374453036400078859
1374452984331923456
1374452750306578435
1374452658476478487
1374452474782699529
1374452472677232650
1374451973420806155
1374451932920647684
1374451909298327554
1374451155380494351
1374450890279555073
1374450843760533510
1374450706799681542
1374450329568169994
1374251395428274176
1374251070583635968
1374250928103120901
1374250324303618054
1374250188001439746
1374249924049653760
1374249488819261441
1374248878799679489
1374248873930059788
1374248698998317056
1374248566106038276
1374248322517581824
1374247997433810947
1374247940815003648
1374247556516052994
1374247048116064261
1374246725309796352
1374246552533835780
1374246519809978370
1374246028619124737
1374245198084116484
1374244809506963456
1374244318916009991
1374243732229341184
1374243454507704321
1374242119926247427
1374241382743826435
1374241150731685891
1374240492674822145
1374240318711865346
1374239923168030722
1374239417712447489
1374238661785575426
1374237881783312388
1374237682415583232
1374237470297108480
1374389191925145601
1374388747916091393
1374388492344598540
1374388140471767044
1374388111912751112
1374387805418254341
1374387790067077127
1374387709276344328
1374387611876225034
1374387458205360134
1374387389771091996
1374387315288666112
1374387119972519942
1374387038019973120
1374386945497829393
1374386832683659282
1374386411864875020
1374385950252429321
1374385839963205634
1374385811190255618
1374385566121304075
1374385193625165837
1374384943858544642
1374384525992632323
1374384219657437187
1374384200573362189
1374383907647287301
1374383549390884869
1374383496290918404
1374383208893083664
1374383205013286912
1374382911374323712
1374382727315660800
1374382640258711563
1374382574143827970
1374381565917102083
1374380889807888389
1374380667774017542
1374380496851857417
1374380208606777358
1374380020446105609
1374379915206742022
1374379827600388097
1374379718208712712
1374378988139728908
1374378875820544004
1374378783981981702
1374378471095377923
1374378449838567431
1374378436379111431
1374378196674641933
1374378130442362885
1374378091938639874
1374377681190408196
1374377581466636293
1374377279632019459
1374376806187368450
1374376787644313637
1374376515664670732
1374376487546019841
1374375747033337870
1374375472855879689
1374375308191670290
1374375003743870979
1374374787691077639
1374374771450810373
1374374477295800324
1374374151062839300
1374189514416082946
1374189390566543361
1374189372409544704
1374189192268320773
1374188875212537857
1374188815355629569
1374188399322660867
1374188367835971584
1374188265704722432
1374188033638072320
1374187920937074690
1374187484561739776
1374187307184619522
1374186962748370948
1374186887708033030
1374186234755514368
1374186233476288521
1374185807494447107
1374185015530156034
1374184487672766464
1374184090031771654
1374183797139382283
1374183037676761091
1374182635459596288
1374182605688561670
1374182503490203650
1374182379519115274
1374182093723426819
1374181914966257664
1374181533997666308
1374181448677220352
1374181261560975360
1374181085538627584
1374180953535381506
1374180736408944641
1374180567294484481
1374180526282641422
1374180363136872455
1374180079513796610
1374180072463212545
1374180046164926465
1374180024996233228
1374179988707106817
1374179903663398914
1374179386933473282
1374179195085987843
1374178948280635395
1374178794215514116
1374178767254519808
1374178703526223875
1374178377523924992
1374178166005243907
1374178049869090816
1374177894080016384
1374177602424991749
1374177362913472514
1374176959438024710
1374176722883579906
1374175889643167744
1374175740909006850
1374175459185950729
1374175148404699138
1374480487733891072
1374480019536322574
1374479587694944266
1374479536859926539
1374479064220663809
1374479030859169794
1374478861346373641
1374478700553465860
1374478681955921920
1374478496404148226
1374478398567804933
1374478222159532038
1374478037299818510
1374477985407922180
1374477951073280003
1374477873877188616
1374477837546053644
1374477812409626633
1374477744130560015
1374477648760475652
1374477614039982080
1374477518183432196
1374477379884609539
1374477283512119300
1374477076535767042
1374477076426752010
1374477037734219779
1374476987910160387
1374476748788699142
1374476536930209794
1374476463164952581
1374476372974837760
1374476318578905095
1374476210181267456
1374476113813016576
1374476060193038344
1374476019759902730
1374476019680219141
1374475962834808834
1374475945428410379
1374475864495120391
1374475831481835524
1374475801681301507
1374475702456610822
1374475618117558275
1374475568909938694
1374475550312460289
1374475471988006913
1374475385279184899
1374475321404100614
1374475198179680256
1374475119767134212
1374475054998638599
1374474863990075395
1374474756242599936
1374474643856187392
1374474542320558082
1374474530916167681
1374474477258469380
1374473912050798609
1374473837031526407
1374473560161361923
1374473552397672448
1374473502128971787
1374473484156375043
1374473369018454018
1374473271173771275
1374473270217502720
1374472846454353929
1374472646885138437
1374472355452317707
1374472121087258626
1374472033623371784
1374471762310701060
1374471501148135424
1374471470701637637
1374471370688503811
1374471158100226061
1374470991447953415
1374470968811266053
1374470918282485763
1374470826276265991
1374470802976907275
1374470672987004936
1374470646609014785
1374470559522680834
1374470322930421765
1374470274318430208
1374470098182832134
1374470051156267011
1374469941403906060
1374469920646303751
1374469824554835973
1374469570828795916
1374469366985543689
1374469098654949384
1374469044384931841
1374469043457990669
1374468881226420241
1374468864528973836
1374468755711873033
1374468414689878020
1374468043389030408
1374467820566716427
1374467806679298059
1374467716266872836
1374467648134639625
1374467564902903820
1374467402054823938
1374467087612088328
1374467000890585092
1374466936562540551
1374466732576755713
1374466728751591432
1374466687420887041
1374466645775712273
1374466597566357505
1374466591924969475
1374466542147006479
1374466536748970001
1374466258075152384
1374466225795854337
1374466008908402694
1374465643555090438
1374465439674163204
1374358805568483329
1374358672919429120
1374358576366518274
1374358446154215426
1374358255242125322
1374358068255940614
1374357732594229259
1374357325302087681
1374357324572200963
1374356856391471107
1374356575809380357
1374355645923799047
1374355613858287617
1374355351034806275
1374355345380757504
1374355321645322242
1374355281401020420
1374355184898469888
1374355097707249676
1374355033932849155
1374354974864474123
1374354927305121800
1374354568260296708
1374354376991641600
1374354230958505986
1374354120144867332
1374353705412231172
1374353556065619972
1374353554354282499
1374353534272028674
1374353350154715136
1374353254268682253
1374353167937376256
1374352891297865730
1374352788143153157
1374352752701231105
1374352574615326720
1374352421984604163
1374352332415062019
1374351786811736068
1374351174988668933
1374350908700696576
1374350772981350404
1374350717620785152
1374350653150130176
1374350547835232258
1374350134440513545
1374349976650797057
1374349515675865094
1374349237262094340
1374348470518095873
1374348025246670850
1374347756190466052
1374346863948730374
1374346808571363330
1374346682930970625
1374346066846384129
1374345526943039493
1374344917875580928
1374344908824272908
1374344719048712193
1374344509484630016
1374344290143457288
1374344265157935105
1374344096664403968
1374343938174287873
1374343935447986179
1374328053254479872
1374327677612609537
1374327478727053312
1374327359038443525
1374327294194499587
1374327221515616258
1374327213818925058
1374327181564915712
1374326953004699650
1374326934293901312
1374326746040926210
1374326398463176706
1374325995889647618
1374325949341241354
1374325852079419394
1374325818160123910
1374325782126985220
1374325575368724482
1374325574420795393
1374324261867945995
1374324125876027407
1374323673637740550
1374323634064461824
1374323480183848960
1374323442145665029
1374322679084412929
1374322043852759045
1374322029487349764
1374321684614844416
1374321338781941760
1374321267877240832
1374321242946289670
1374320785658155009
1374320635472572418
1374320449253830659
1374319974991290369
1374319913880453124
1374319781646503940
1374319523440992259
1374319320470327296
1374319260265295872
1374319023643627524
1374318747465449476
1374318678305603587
1374318500307562497
1374318444133289986
1374318278659567616
1374318192349347844
1374318154076262404
1374318118256906240
1374318103757225984
1374318028184248322
1374317944793149440
1374317780363747330
1374317733593018376
1374317719592570881
1374317522774847494
1374316802763681792
1374316743385026562
1374316286411427840
1374315973491183616
1374315753831231491
1374315665285382146
1374315573006508035
1374315413618761729
1374315407264387076
1374315223885185025
1374313921058852872
1374313641349165056
1374313107590373378
1374313031052578821
1374312833182175237
1374312802609938436
1374312651921051648
1374312489110757379
1374312294079938564
1374311990814969865
1374311981730045953
1374311592557428739
1374311456427098114
1374311434440605700
1374311414144307200
1374311298515693571
1374311231801163779
1374310616383492096
1374310172697501699
1374309956158058497
1374309915712454657
1374309816764657673
1374309155083804674
1374308822085468160
1374308792578498563
1374308770944270339
1374308278503669760
1374307678399442952
1374307019440619522
1374306908773961734
1374306197428441088
1374306007279603716
1374305934013575169
1374305903264944130
1374305785807654912
1374305393636167681
1374305337667371010
1374304719624081408
1374304228110438404
1374304218933256194
1374303666631544832
1374303261893697536
1374302013543084035
1374302000138092549
1374301866885021700
1374301686605484032
1374300891046506497
1374300554705391622
1374300478457090053
1374299478421831681
1374299301933944834
1374299192902946818
1374298956746813444
1374298641418973184
1374298587564228612
1374298454546071554
1374297965771304969
1374297932774658051
1374204805606903808
1374204587079577604
1374204333068144640
1374204058647601152
1374203786298851328
1374203511114715141
1374202862952124418
1374202627764973572
1374202375754428416
1374202157872902146
1374201894046990337
1374201566010433541
1374201558796177414
1374201153454440448
1374200815372668929
1374200575504572419
1374200434248794119
1374200386618286080
1374200189033058310
1374200180870766596
1374199984904663042
1374199676799422467
1374199557907697665
1374199357382201350
1374199323387252738
1374199146689740800
1374198474313437189
1374198365559398402
1374198357212684289
1374198259154104320
1374198224106491907
1374197988415795203
1374197705220718601
1374197703597461504
1374197392136826881
1374197334289043457
1374196756284641283
1374196340666810368
1374196017898344476
1374195490212941825
1374195231772573696
1374195163946450945
1374194995947737088
1374194935977668612
1374194608515735554
1374194573916901376
1374194405066698758
1374194304370012162
1374194297977901062
1374194222727794696
1374194154197155842
1374194094747095040
1374193892229320707
1374193376338251779
1374193337519980553
1374193303395004418
1374192878537302020
1374192308070006786
1374192237320445954
1374191948685279232
1374191939248128001
1374191553929940992
1374191411365621761
1374191375894347792
1374190621628497921
1374190451448717313
1374190437452279808
1374190129619759104
1374190007972339712
1374189972656381952
1374189864434868224
1374189787163295748
