1274035919205666816
1274035909126770689
1274035588023418882
1274035229066432517
1274034994898444288
1274034424171151360
1274034215638753283
1274034212534968322
1274034167693611009
1274033748011614212
1274033711546355715
1274033627723001857
1274033020643704832
1274032871460741122
1274032710193946626
1274032552744017928
1274032332173905923
1274031114928173058
1274030514991661056
1274030439183900673
1274030367469682689
1274029833572491265
1274029743332089859
1274029364175347717
1274029051636846593
1274028952374456320
1274028720735608835
1274027643617398784
1274027168046239749
1274026686527541250
1274026398118748161
1274026182242115584
1274026110926241792
1274025655798202368
1274024974454607874
1274024433959817216
1274024049962868743
1274023489184251904
1274023266462679043
1274023071435849729
1274022887624671233
1274022839150997504
1274022680140922880
1274022291530285057
1274021823475322880
1274021452128194560
1274021196246417408
1274021011680301056
1274020958802776065
1274020869870927882
1273942765949399041
1273942570373124096
1273941405203722240
1273940697817595904
1273939332730990592
1273938880920772608
1273938869986234369
1273938148582731779
1273937603855880192
1273937231464431618
1273937175084752897
1273936816303792129
1273935804365144064
1273934774294511617
1273934049439031296
1273933999774318592
1273933760136871937
1273933658349383681
1273933264533827586
1273932744897236993
1273932340847403008
1273932294533808130
1273931846892638210
1273931432407097344
1273931372546097152
1273931279877107712
1273930944198705153
1273930730977087488
1273930460050137089
1273930356949991424
1273930214226214914
1273929330838646784
1273929327592292353
1273929057764290561
1273928954177630211
1273928887735549952
1273928887165165573
1273928886636687360
1273928396121280514
1273928394267295744
1273927957267046400
1273927800056098821
1273849212854140928
1273847979804372992
1273847903543410688
1273847856932073473
1273847703483691008
1273847630162993155
1273847590619017216
1273846755885539328
1273846399810093062
1273845663730511874
1273845476954079232
1273845468477427712
1273845028109144065
1273844367757922304
1273843010954858497
1273842949214830594
1273842910975406080
1273841427638702080
1273840855737122816
1273840523636285441
1273840442694668288
1273840334536048641
1273840228680249344
1273839493343252481
1273839366545301504
1273839309498580994
1273837649342664704
1273836907835928577
1273836907772833794
1273836687270035457
1273836654889967616
1273836558949519363
1273835397999550464
1273835397794213889
1273835006662598656
1273834199149998080
1273896489547370496
1273895953767043072
1273895436017860609
1273895265880158213
1273895017317359617
1273894193358712833
1273894034478559232
1273893941105082374
1273893785571917824
1273893160020672513
1273892790997524480
1273892034860875777
1273891832053800960
1273891550293098496
1273891517673897984
1273891070414401536
1273890109587255296
1273890099856412672
1273889263470309376
1273889260995842049
1273888520986214400
1273888370469584896
1273887436276404224
1273886213544587264
1273885867426250752
1273885729513336833
1273885272732811270
1273885147251773441
1273884844997689346
1273884780875132938
1273884273293000705
1273884045839982593
1273883176654516225
1273883160070111233
1273882514906648576
1273882007483764736
1273881908880039939
1273881400639447040
1273785087885283331
1273784878039994374
1273784734041157633
1273784446286622721
1273784436568453122
1273784281790382085
1273783304215498755
1273783041261961226
1273782777071185921
1273782566429110273
1273782437915459584
1273781928487981062
1273781477180944388
1273780946525982720
1273780567457370112
1273780515208863744
1273780338670530560
1273780059581620224
1273779954807975936
1273779930589954052
1273779343156817921
1273778337593413632
1273778028292825088
1273778017366466560
1273777594589229057
1273777531125186563
1273775978934947840
1273775521101479936
1273775271443865606
1273775016816119808
1273775004207820800
1273775000244359169
1273774994107977729
1273774804651433990
1273774525235318785
1273773934127742977
1273773214288748546
1273772842753110016
1273772546257649665
1273772490226126850
1273772245857366016
1273771852171751430
1273771638979530753
1273770916045033472
1273770845161369602
1273770610523402240
1274051132969623552
1274051084013703168
1274050958620872705
1274050576976879617
1274049797054488576
1274049761738440704
1274049561158393856
1274049337278906369
1274049074614767616
1274048903999033346
1274048254829871105
1274047680604504064
1274047085361410049
1274047061198098433
1274046796730445826
1274045264827990021
1274045211728101376
1274045029405745152
1274045029271494656
1274045003032080389
1274044721757859841
1274044503897210880
1274043788915208197
1274043668270325764
1274043586368221186
1274043552209809408
1274042279452442625
1274041717138829313
1274041682988658688
1274041681105629184
1274041636457242626
1274041624318918658
1274041390738046976
1274041355979948033
1274041178732875778
1274040517182074881
1274040499750547456
1274040292770004998
1274040130198810624
1274039530031665152
1274039440307097608
1274039344244969473
1274038952433876992
1274038912961384448
1274038614511415297
1274038461771677701
1274038327835058176
1274037357675716608
1274037257218019328
1274037214029234180
1274037149025865730
1274036980083556355
1274036704735789057
1274020347952627713
1274020338364375041
1274019944674611201
1274019565731790850
1274019546056269826
1274018871272325127
1274018583656443904
1274017924580335616
1274017819013808128
1274017437822967814
1274017209304543232
1274017065523953671
1274016828944089089
1274016630717243396
1274016218681413633
1274015800660123651
1274015332475310080
1274013924631797760
1274013350586974209
1274013150174683142
1274012632853471233
1274012171626782721
1274011887953461248
1274011403003793410
1274010897267200006
1274010838089621508
1274010736101031937
1274010696108384257
1274010224375054340
1274010024612954113
1274009915439427586
1274009435514392577
1274009117032620032
1274008775335297024
1274008722315100161
1274008412326703110
1274008261138792452
1274007941574733825
1274007048771055618
1274007028877291521
1274006473664794624
1274006246983688193
1273816321025642498
1273815278368022529
1273815080082300928
1273814519660380161
1273814001512841216
1273813546371973121
1273813043667849216
1273812927477358594
1273812214894530562
1273812023038664709
1273811780788195328
1273810395829096450
1273809149017690113
1273808547000856577
1273807905494532098
1273807250176475136
1273807208510369793
1273807008286814208
1273806583349178368
1273805083986165761
1273804476395159552
1273803839078981633
1273803744690438144
1273803670585475072
1273803377533685761
1273803030186639364
1273802212402225158
1273802184375668738
1273802159444893697
1273801866258706434
1273801267094204417
1273958063322660865
1273957524161597440
1273957441969942528
1273957416183435266
1273956768188633089
1273956738123915266
1273956711271931905
1273956348229754880
1273956342739480576
1273955462891765760
1273955376145133568
1273954926641721345
1273954432271687681
1273954093296386048
1273954010148544517
1273953617691717634
1273952656755695621
1273952176214245376
1273952143121297409
1273951425840713730
1273951268084514817
1273951161188528128
1273950497951453185
1273950495804137472
1273950488208175105
1273950435204792320
1273950069415428096
1273949902796619777
1273949777521229826
1273949776325771267
1273948646371983361
1273948458416844800
1273947849974300673
1273947542112415747
1273946882562088962
1273946569323184129
1273946379216277506
1273946262652452865
1273946114828513283
1273946111305297921
1273946055390961664
1273946047614799872
1273945956891967489
1273944869413752832
1273943819700994048
1273973365808730114
1273973311685439494
1273973273743802374
1273971181226471425
1273970348615229442
1273969574048862208
1273969531904389122
1273969035063918592
1273968773062631424
1273968525124571138
1273968253933666304
1273966915996745728
1273966465448923137
1273965262413467650
1273964990823833600
1273964175157596175
1273963883640823808
1273963305040850944
1273961478798880772
1273960467988459520
1273960359372742656
1273960261569961984
1273960200186269697
1273959604137803777
1273959596596645890
1273959555274117120
1273959441721954306
1273959392434483206
1273958902946766850
1273958633513115648
1273911598097199105
1273911417389961216
1273911412591669248
1273910068078149633
1273909936439918592
1273909133662654465
1273908936182300672
1273908247171338243
1273907964148092928
1273907375431450624
1273907234611900416
1273906743635042306
1273906711783505920
1273906387257626624
1273906346103111680
1273906173079695361
1273905798750535681
1273905729091616769
1273905381903745026
1273905198398869504
1273905052239966208
1273904772677058565
1273904604401598464
1273904218613547008
1273903993606062080
1273903504046919680
1273903477043814401
1273903348219969536
1273903297276137472
1273903294155456512
1273903291211153408
1273903288098979840
1273903224739659776
1273903106808397824
1273902723814096896
1273902450152538112
1273902098237841408
1273901717181083651
1273901666635526145
1273901389199089671
1273901139835174912
1273900950617554944
1273900829045477377
1273899708205993984
1273899267309146112
1273898456143233026
1273898082669920256
1273898058321997824
1273898020606787584
1273896954536308738
1273800969785131008
1273800354426167296
1273799353417625602
1273799277190537223
1273799167215841290
1273799099977007105
1273799056637095936
1273798425411235840
1273798036179824641
1273797794357264384
1273797672638443526
1273797651943706624
1273797087147118594
1273796820486033409
1273796677686583299
1273796531712217089
1273796390859059200
1273795735444733957
1273795565822738433
1273795144492421122
1273794749498036224
1273794471256342532
1273794433390125068
1273792392374648833
1273791357669134336
1273791116140314625
1273790790645538820
1273790120613855233
1273789381564862465
1273789335058472961
1273788790226722817
1273788776548978689
1273788706227392525
1273788061046931464
1273787291853393921
1273787112098353154
1273786664968568833
1273786362999779334
1273786359807987714
1273786282733436928
1273786047034347521
1274129751893061632
1274129477262508035
1274129177634103297
1274128878785748993
1274128808916983808
1274126803741880325
1274126525529538563
1274126070136975360
1274126059315871748
1274126003833573376
1274125362243473410
1274124922244096008
1274124707294441472
1274124397352288256
1274124242142052356
1274123595518636032
1274122638948999169
1274121568554270721
1274121476891910145
1274119950140145666
1274119114533908481
1274118631291588619
1274118485887639557
1274118228999094274
1274118076171198465
1274116813127892992
1274116609104322562
1274113996547743744
1274112381522792449
1274111954148298760
1274111522709659649
1274110557235417088
1274110321494548482
1274109773231779840
1274109590276313088
1274109577592573952
1274109514992607233
1274109474530156544
1274109433463750660
1274109005032419328
1274107925674541056
1274107818891714560
1274107097869844481
1274107096221601793
1274107093973434370
1274107090756349953
1274106630603526146
1274106282149060611
1274104947517337600
1274104623276658688
1274103989114753025
1274103240309772288
1274103211213848578
1274102801216548871
1274102700087676930
1274102698720272391
1274102698137268225
1274102697503924226
1274102583897001984
1274102219990863874
1274101284988088320
1274100330519842816
1274100209568514049
1274099860124377090
1274099747725475842
1274099692087828480
1274099045351469058
1274099043275288581
1274004517584068610
1274004484616851456
1274004450886156288
1274003330491179014
1274003116925620224
1274002392263143429
1274002234695507969
1274001883657633793
1274001527032565762
1274000664335732737
1273999730704445445
1273999418400727047
1273999316072488961
1273998981362663424
1273998530122833921
1273998499210842112
1273998187288821761
1273998005604159489
1273997583761969152
1273997323878752256
1273997149542535170
1273996893757022208
1273996794859577347
1273996688135421958
1273996563149238272
1273996418219421697
1273996006229594115
1273995201606897664
1273994801814405123
1273994687787995140
1273993994968739845
1273993942522949632
1273993565652189186
1273993248755908615
1273993166149074945
1273993144590204929
1273993106606764032
1273993064797929479
1273992291141783553
1273992133242994688
1273991929227706380
1273991745269911553
1273991456886317056
1273991305153122308
1273991257275203584
1273991195941908481
1273990007900995584
1274066359685537792
1274065415048740865
1274064764063252480
1274064179859783681
1274064133449830401
1274063845636681728
1274063541272748032
1274063165303607297
1274063142058950656
1274062645734240256
1274061891564965890
1274060921212731393
1274060896407617537
1274060883380129795
1274060287382097921
1274059841431056386
1274059167611916290
1274058508149886978
1274058341099155456
1274058196798365708
1274057859723137024
1274057825837187072
1274057795059568641
1274057039468167171
1274056813932089349
1274056145922142209
1274055745043140616
1274055605335007232
1274055226010591232
1274054934774898688
1274053725594816512
1274053075628687363
1274053000902905858
1274052986642317313
1274052908007317504
1274052192429846530
1274052148578271232
1274052070929203206
1274051854565949443
1274051416672235520
1273988904979329024
1273988505253920770
1273988418205298689
1273988190072905728
1273987568397402114
1273987459110625286
1273985810942042112
1273985576740544519
1273985456376442880
1273985366035439617
1273985233822666752
1273985075475030030
1273984910546501633
1273984631210078208
1273984517594918914
1273983712154267648
1273983266173759488
1273983263426482176
1273982640811651073
1273982374150201345
1273982279635873799
1273981732803362818
1273979582983495682
1273977480261578754
1273976829997694980
1273975635057225728
1273974690105774081
1273974302677905408
1274082603474259969
1274081325755117570
1274081280368562176
1274081120234201089
1274080795859148800
1274080019720163329
1274079051309813761
1274078221802319873
1274077468220166151
1274075771359854593
1274075607362686977
1274075467172241409
1274074839666606082
1274074664973844481
1274073908866625544
1274073766574919681
1274073722253643786
1274073693594025991
1274073682357469189
1274073601264758784
1274073183394697218
1274073113706131457
1274072688718422018
1274072438196760577
1274071866945257473
1274071333899567105
1274071121839734789
1274071047369883649
1274070841337286658
1274070743614140417
1274070534993707010
1274070063407038464
1274069802886131712
1274069454490603521
1274069291755802627
1274069289453191168
1274068945679593472
1274068072010264576
1273768347411283972
1273768143022886914
1273767794870374400
1273767751992127488
1273767524086222848
1274097910599294977
1274097729795473408
1274097122493689856
1274097122451873795
1274096887499497473
1274096693638807552
1274096527703715840
1274095705196552193
1274095372932190211
1274095184368803843
1274094107820994562
1274093763791642631
1274091300149776386
1274090982389297152
1274090541882519553
1274089949109911566
1274089565280706565
1274087735012339717
1274087371022184449
1274086722091925504
1274086460208054278
1274086198798139392
1274085798145654789
1274085252370227201
1274084723472637959
1274083758715686913
1274083576158404608
1274083404598951940
1274083148498944003
1274083002780397568
1274082921943572481
1273864590930165760
1273863884655546368
1273863717231476737
1273861866452893696
1273861847075168256
1273861491800838144
1273861232286511106
1273860960462258176
1273860725702680576
1273860085219909633
1273859507802771457
1273859344359096320
1273859305767178243
1273858596984348672
1273858204833771520
1273857850209644544
1273856167677059073
1273855852877766659
1273854118386425856
1273854104717201414
1273853811031969802
1273853322500476930
1273852183675576320
1273852142114107392
1273850042852552706
1273849876577746945
1273926730659573760
1273926445044166656
1273926134753898496
1273925749964234752
1273925557953142784
1273925066460401665
1273924744673361921
1273924233303781376
1273923817207934976
1273923256144273410
1273923110572441600
1273922929453961217
1273922762449526784
1273922321573728258
1273922291420798976
1273921824477372417
1273921700598603776
1273921631086276610
1273921424978325505
1273920798387048449
1273920640236638215
1273918923243761666
1273918520854818816
1273918460083363840
1273918276926681089
1273918252972900352
1273918210899939339
1273917889498710016
1273917499671810048
1273917251767472129
1273917009470914561
1273916180110049280
1273915933820665858
1273914428279468032
1273913859250827267
1273913673136799745
1273911663385706496
1273881209408499713
1273881091477307392
1273880960338100224
1273880772991205376
1273880476206411777
1273880466345594880
1273879677711667201
1273879206145990656
1273878549674577925
1273877740580745216
1273877384299765760
1273877059505397762
1273876944589914112
1273876669850365952
1273876418112487425
1273876274902175745
1273875928876068865
1273875693257011200
1273874914752282624
1273874265134239745
1273873685313540096
1273873241069715457
1273872700646109184
1273872499961462784
1273872465853177857
1273870378419605506
1273870326716338176
1273869359962873856
1273868564009795589
1273868257938849793
1273833113177804800
1273832629545164800
1273831712624123904
1273831637571100673
1273831002612219904
1273829662850875392
1273829095965515777
1273828100866965504
1273827954464784386
1273827433788121094
1273826907537182722
1273826589906579456
1273826485707640832
1273825980407308288
1273824287338704898
1273822818258608129
1273822048842809344
1273819669183565825
1273819230165766145
1273819138134327297
1273818985625051136
1273818953068969986
1273818576479191042
1273818396245794817
1273818290591272963
