1330668688987578370
1330668564483698688
1330668428718444544
1330668120638414849
1330667913762676736
1330667880745107457
1330667724293304320
1330667690868891648
1330667581469024256
1330667527165390850
1330667350115414016
1330667348437700611
1330667255546470402
1330667211552387075
1330666987807191044
1330666939287527428
1330666694545698819
1330666692788301824
1330666643752685572
1330666411698450435
1330666253648850944
1330666232714981376
1330666222296440834
1330666178272890881
1330666060186529793
1330666027022245890
1330665938694385666
1330665920935628801
1330665398551908354
1330665377081274370
1330665364850569217
1330665363500113922
1330665320030277634
1330665254959853574
1330665252002828292
1330665237360631809
1330665123086786568
1330664919990059008
1330664899907887106
1330664728776089601
1330664649122050049
1330664348545478656
1330664267297812480
1330664256795267073
1330664232359223299
1330663984496775172
1330663955208032258
1330663915676708873
1330663481792720905
1330663412578258949
1330663312904871937
1330663241689788417
1330663011661524992
1330662968892280839
1330662945454514182
1330662829746171904
1330662785324363778
1330662704982482944
1330662690403049472
1330662668185825285
1330662648858505219
1330662477940535298
1330662346264555521
1330717317848838150
1330717149141348352
1330716802909868032
1330716624723304449
1330716381168496641
1330716288587603970
1330715876883050497
1330715845937381376
1330715713967845378
1330715562025029633
1330715438674829312
1330715001921933314
1330714522760474631
1330714502116085762
1330714456951668744
1330714438048092164
1330714433048489984
1330714275384582146
1330714225145229312
1330714180958109704
1330714123131256839
1330714024367906818
1330713827009150976
1330713825390305281
1330713639205134337
1330713519562625024
1330713414138613760
1330713139432681473
1330713030586486784
1330712945496444933
1330712807579369475
1330712636133175296
1330712550518951936
1330712532168925185
1330712061337165827
1330711921738313728
1330711403397865472
1330711037222465536
1330710723085918208
1330710681956593665
1330710664776658945
1330710581985247232
1330710265277669377
1330710235955269635
1330709945726038018
1330709704901861376
1330709703991590914
1330709398700756992
1330709325191536643
1330709243981393927
1330709173110235136
1330708988757938180
1330708825406631945
1330708737129127937
1330708582493548549
1330708234680692737
1330707967537197056
1330707894988402688
1330707852793688067
1330707826373775361
1330707811412525057
1330707665618571264
1330707437221867520
1330706984899731458
1330706980546101248
1330706955221037056
1330706879182462980
1330706837117792266
1330706756922613760
1330706754733215746
1330706231422373891
1330706116548825088
1330706035783262211
1330705911099355136
1330705803410608128
1330705773983379457
1330705692995543041
1330705494625890307
1330705145169002497
1330704995696578560
1330704919708352514
1330704485845512194
1330704398310273025
1330704174611374080
1330704163941052416
1330703762017673220
1330703652818862080
1330703602017587201
1330703398870654982
1330703379182522368
1330702787789742081
1330702697897619456
1330702480783667202
1330702421383737347
1330702363804528640
1330948417556770819
1330948223687565312
1330948176560365570
1330948172781400064
1330948105878052866
1330947852072259585
1330947842639278082
1330947822825463811
1330947784908926977
1330947470118055943
1330947353948393475
1330947333924802564
1330947278991978497
1330947144484843523
1330947128101834753
1330946978033889280
1330946950414405633
1330946919909236738
1330946878041624578
1330946171372650497
1330946124065214469
1330946064799641600
1330945978338324483
1330945939889065987
1330945857613688833
1330945773475868675
1330945717037363203
1330945401172750336
1330945274659938306
1330945183836418048
1330945164647542789
1330944967729160194
1330944865320972291
1330944864482185220
1330944666510901248
1330944433634897931
1330944388139261964
1330944361408974848
1330944281083846658
1330943955177938944
1330943611559682048
1330943593943609352
1330943474913452033
1330943461122576392
1330943457989373952
1330943405707440130
1330943361868566530
1330943332294463489
1330943288099164160
1330943281413324800
1330943142586167297
1330942937056866312
1330942909294792705
1330942675860779013
1330942663508582407
1330942492527702016
1330941983905419268
1330941958248869899
1330941833728434179
1330941824668721156
1330941496816758789
1330941210396127232
1330940872406560769
1330940767590871044
1330940708967026693
1330940704386818048
1330940576741564416
1330940447590670339
1330940389709275138
1330940188206510084
1330940178861596677
1330939708583632905
1330939604174843904
1330939436906016768
1330939298191970305
1330939296686206976
1330939255791751168
1330939214700056578
1330939190951886848
1330939169196093442
1330939056595890179
1330939033741094916
1330938953944469504
1330938911988862977
1330938804937519104
1330938757915287554
1330938748742340617
1330938325683859462
1330938275385761802
1330937868508917762
1330937783398113283
1330937776196505606
1330937671229779969
1330937520318767104
1330937314374164483
1330936970659454980
1330936865252274177
1330936852728188928
1330936809614835712
1330936781844467714
1330936691138375681
1330936511391469568
1330936460485201924
1330936165990543361
1330936089104818176
1330935941469450246
1330935928219705346
1330935906124107779
1330935873182044162
1330935797395156992
1330935685797306368
1330935573897498626
1330935560660262918
1330935441017761793
1330935262021640192
1330935258166988800
1330935234779615236
1330935157138857984
1330934988292956164
1330934906554290178
1330934888950743041
1330934801168297985
1330934757912358912
1330934625804414979
1330934552567574529
1330934431389925378
1330934350637010944
1330934296018763776
1330934277060644865
1330934166519738370
1330934153982980097
1330934132134850564
1330934076304449542
1330934003688419329
1330933875883737089
1330933745168252930
1330933653833011200
1330933456403099651
1330933323640803331
1330763936040443906
1330763227714756609
1330763065768382465
1330762899065810945
1330762586925592577
1330762321736642560
1330762142346219520
1330761915484807169
1330761828469788673
1330761364516855809
1330761155367858176
1330761048907976704
1330760776878059520
1330760762629865472
1330760721983041537
1330760611471511553
1330760595478601728
1330760525920284672
1330760349881036800
1330760140941893633
1330760050990788613
1330760007479136258
1330759972674793472
1330759965036843008
1330759954437955584
1330759939254595584
1330759915581960196
1330759655509925890
1330759472386600967
1330759410260520961
1330759244044439555
1330759189690540033
1330759134728265730
1330759062582124544
1330759019892445184
1330759009956220928
1330758969145643008
1330758937528954880
1330758937407352832
1330758799725105152
1330758798932369409
1330758755269611522
1330758733568356354
1330758655944380416
1330758608171184129
1330758566102372352
1330758537295892481
1330758518257881088
1330758291148992513
1330757770790858752
1330757758686294016
1330757659881054208
1330757556327878656
1330757104748158976
1330757006836293633
1330756513376444418
1330756455205638145
1330756426445176832
1330756257146400770
1330756251790217217
1330756050522427392
1330755838194040833
1330755637458956288
1330755626880798727
1330755552549416962
1330755537575714816
1330755021424693249
1330754858941521920
1330754819016024064
1330754668667039744
1330754433836314630
1330754266638774272
1330754258308882432
1330754082244595713
1330754042474225665
1330753989781155843
1330753777507463168
1330753354595708929
1330753336757395456
1330753324753313794
1330752942509617153
1330752738054053891
1330752597880303616
1330752406112530432
1330751880130039809
1330751648923312129
1330751586566455296
1330751538881552384
1330750440695341056
1330750245152677888
1330750242396880898
1330750107499646976
1330750017393500161
1330750007553761282
1330749935122309122
1330749895893016577
1330749809808998400
1330749608608219142
1330749422855200768
1330887392224395265
1330887293759057924
1330887164188635140
1330887136183128068
1330886995141419008
1330886985783730178
1330886964334178311
1330886964007100417
1330886837401948161
1330886366339719168
1330886226170310656
1330886032879808512
1330885966442106884
1330885783343992833
1330885518855462913
1330885490527100928
1330885301225578496
1330885155209187328
1330884814644400129
1330884813201551362
1330884589485744129
1330884484804321285
1330884442936709122
1330884263097544706
1330884109372047361
1330884076270653444
1330884018167017475
1330884005877620737
1330883993550675970
1330883826306969604
1330883681498652675
1330883412400476161
1330883274592415745
1330883217042313216
1330883154681483264
1330883066672406534
1330882394585505792
1330882105023344645
1330882096844435457
1330882092234895362
1330881997787500544
1330881918766899203
1330881317513342979
1330881049283485696
1330881034095910913
1330880754725818368
1330880678754459648
1330880392132497410
1330880183012876293
1330880103828643840
1330879786239946753
1330879575627272193
1330879101637435399
1330879044812988417
1330878450777853952
1330878233403912193
1330878000276013056
1330877600370135041
1330877449748537344
1330877428919652354
1330877374381105152
1330877295956013057
1330877285365329921
1330877137134493699
1330876879641997315
1330876681108807682
1330876414011256835
1330876348596883458
1330876301071298561
1330876299754295297
1330876260583682057
1330876244544663554
1330876155512107008
1330875878818123778
1330875797809336322
1330875432925876235
1330875426693140482
1330875363929579521
1330875263316611084
1330874697228185603
1330874488330866690
1330873990508924928
1330873990345334785
1330873935064338440
1330873583652966403
1330873324591837184
1330873053878816770
1330873022257958914
1330872889726349312
1330872799225913345
1330872607168745473
1330872529989283840
1330872528202571777
1330910790988275713
1330910786303225856
1330910677754589184
1330910585010102274
1330910445444755461
1330910373365497857
1330910282726641672
1330910241039544324
1330910238761910272
1330910211004043269
1330910087070748672
1330910031676649478
1330909768404361219
1330909704856494086
1330909560521977857
1330909513264848897
1330909462341832711
1330908971952168962
1330908635724189698
1330908370136571904
1330908173323145222
1330908134207070208
1330908067257602049
1330908058667655168
1330908021732429824
1330907770980364289
1330907719381913600
1330907218988896257
1330907198105464837
1330907118384291852
1330906996594323464
1330906990307110922
1330906782567424000
1330906712367386627
1330906318614441987
1330906170765225985
1330906169230159873
1330905941299130370
1330905736210231296
1330905561664266247
1330905480508567554
1330905344160231425
1330905321464877056
1330905314930069509
1330905304796639233
1330905294252158981
1330904738267848708
1330904730738991104
1330904626196074498
1330904393751941121
1330904350814777349
1330904316224413700
1330903844214038529
1330903794482294785
1330903650730971136
1330903405171191809
1330903395297865735
1330903264053825537
1330902983786237956
1330902931810504707
1330979118259843077
1330979010797576192
1330978999808315393
1330978882825105409
1330978756253548545
1330978502594736139
1330978493748948993
1330978489525280773
1330978450925088769
1330978446831276032
1330978150935883776
1330978116127305728
1330978003526975488
1330977902675054601
1330977891572740103
1330977824426102784
1330977781338025988
1330977650651893761
1330977455503446023
1330977048135929857
1330976988354523140
1330976629246537729
1330976612653752321
1330976437004853249
1330976343660572674
1330975927216562181
1330975926318927881
1330975884489207812
1330975669317230597
1330975663235403779
1330975601226870785
1330975356841549825
1330975229527674885
1330975021188177920
1330974620678303746
1330974536620253185
1330974283695316992
1330974084302180352
1330973487947780100
1330973391629717509
1330973379608932359
1330973364958224385
1330973247865827334
1330973138818052098
1330973127887695872
1330972935725723649
1330972845401382912
1330972794000052225
1330972513573036038
1330972334073769985
1330972013708648452
1330971912311365632
1330971770724159490
1330971655557029888
1330971554788880392
1330971465232113667
1330971458579943433
1330971265377521664
1330971196536582144
1330971082367639553
1330970770353229826
1330970747595059200
1330970549581910019
1330970451036823556
1330970345956904962
1330970218139619331
1330970113781112832
1330969997280227337
1330969748629319682
1330969635349475332
1330969632967061505
1330969548032503815
1330969506739531779
1330969463764742149
1330969367023120385
1330969163972665349
1330969142732742656
1330968928948871168
1330968465570664457
1330968245260722194
1330968067820621825
1330967892733665285
1330967570711793666
1330967536456912900
1330967520304623617
1330967487295479809
1330967438628970496
1330967393108156421
1330967223628918786
1330966916115165185
1330966499905970177
1330966495875264513
1330966130660282368
1330966011919691778
1330965972308652032
1330965830201466886
1330965685967654917
1330965347030151170
1330965299412267010
1330965027826917378
1330964878417399811
1330964796502667264
1330964722104094721
1330964600599289857
1330964447758856199
1330964387209900032
1330964369090506754
1330964337045868544
1330964229608919041
1330964198105473025
1330964133215350784
1330964080866304001
1330964064542089217
1330964056375750671
1330671461573431297
1330671332158271500
1330671311912308736
1330671185869164544
1330671153132822529
1330671137668284417
1330671083482071041
1330671007884062723
1330670998794825728
1330670927504400389
1330670902795776000
1330670725439520768
1330670578068492289
1330670551640264705
1330670396413267970
1330670385574993920
1330670210035060737
1330670170306719744
1330670151822348290
1330669995685269506
1330669961040207873
1330669927888351233
1330669737882185729
1330669573587103744
1330669264102060033
1330669211480334336
1330669147173183490
1330669068253184001
1330669060057559041
1330668989349908480
1330668882495901697
1330668836450955264
1330955247347507200
1330955082159054849
1330954974583549952
1330954895889985536
1330954879960035328
1330954875845435394
1330954774083215360
1330954372193333250
1330954193738354690
1330954141108199431
1330954063442227207
1330954047621394438
1330954033234907143
1330953948291870728
1330953940108779522
1330953790703493125
1330953757765545984
1330953705341014021
1330953601603264513
1330953540966232064
1330953508342915074
1330953081924841472
1330952747303260168
1330952544948875266
1330952449977409542
1330952393001984014
1330952297774526464
1330952221694058497
1330951902348054529
1330951775713628160
1330951739021914119
1330951700207853576
1330951486428360709
1330951266940432393
1330951251245338632
1330951132135493640
1330951035272134663
1330950981006356481
1330950950807367685
1330950860696764416
1330950856179650571
1330950755231145988
1330950547084611588
1330950488053882880
1330950408056008708
1330950233090531329
1330949924977057795
1330949703358439428
1330949644742844416
1330949615911309312
1330949497434861573
1330949379658756100
1330949235328643074
1330949214650720258
1330949212180262912
1330949200528502786
1330949029686112256
1330949028230606848
1330949026779451394
1330948757861531648
1330686606186082305
1330686343735881728
1330686214706491395
1330686182079025156
1330686138982551554
1330686059592650753
1330686042098130944
1330686004462841858
1330685806038675457
1330685779937357824
1330685628325965825
1330685598089293826
1330685544356061184
1330685447631233025
1330685386465701890
1330685221537136640
1330685127639314434
1330685007971700739
1330684838282625024
1330684812030566407
1330684798281670657
1330684797128159235
1330684734515494912
1330684697052143620
1330684541586055168
1330684466872913921
1330684284689068033
1330684081470889984
1330683891569496064
1330683680667348992
1330683677613977603
1330683645531713536
1330683598974935041
1330683561893040129
1330683423476887552
1330683257424384000
1330683107142463489
1330683099005509640
1330682988779229185
1330682975529226242
1330682884970180608
1330682878364164097
1330682851398983680
1330682834579689472
1330682651120783361
1330682623807504385
1330682512704679938
1330682462847045632
1330682359847510017
1330682178104144004
1330682140283990016
1330681994204774400
1330681987217047552
1330681846724653056
1330681819948322818
1330681797982777345
1330681768576491521
1330681510601474048
1330681487155466245
1330681241092444162
1330681224814227457
1330680796986953729
1330680603239473160
1330680542711394316
1330680418773962754
1330680408778878976
1330680180336062464
1330680104389787648
1330680090758443009
1330680050774106112
1330679819495899137
1330679797446565888
1330679737094725632
1330679675480399873
1330679564591362055
1330679372374708225
1330679238140321797
1330679164555456514
1330679111652700164
1330679016177721344
1330679011345887233
1330678837714292739
1330678827954081795
1330678292840648707
1330678030453387265
1330678002070466560
1330677969942159360
1330677954402267138
1330677946328231938
1330677833954365440
1330677819488284672
1330677759555801088
1330677739276423179
1330677679968968710
1330677668233306122
1330677649015009282
1330677615967911939
1330677585437667331
1330677136575741954
1330676955448971264
1330676684111142913
1330676171521089543
1330676093666304000
1330676087806853120
1330675790472593409
1330675667151720448
1330675643982307329
1330675527313747970
1330675457079984131
1330675367112273923
1330675258676883456
1330675061301407746
1330674769042214912
1330674751187120128
1330674596689788935
1330674554738335744
1330674207022149632
1330673723888734208
1330673620205572104
1330673616183201792
1330673466903650304
1330673251668865025
1330673149512282112
1330673132814929923
1330673079727493120
1330672873984421889
1330672805394911235
1330672756267118594
1330672739762532352
1330672677690945538
1330672643788460033
1330672635555033091
1330672463089332225
1330671911026700289
1330671672135802880
1330671645716058114
1330671572718395399
1330732561446948865
1330732408166027265
1330732346350288896
1330731710145826817
1330730663469834240
1330730660819046400
1330730498092568576
1330730381734240257
1330730259642273792
1330730084299403267
1330730072060391424
1330729978456109057
1330729777574055948
1330729751636488194
1330729583226785795
1330729525655842816
1330729500334841856
1330729349323108352
1330729314690674691
1330729303638683653
1330729285812973568
1330729218146250752
1330729165897822210
1330729075682361344
1330728634848514048
1330728549767147523
1330728492057575425
1330728368094932992
1330728075911335937
1330728074678190081
1330727981577347075
1330727909271633920
1330727378264469505
1330727234978541568
1330727210257354760
1330726610501251075
1330726486517669888
1330726112641605633
1330725907938631684
1330725407184699397
1330725283905687552
1330725211403022343
1330724645293621252
1330724570928738305
1330723267351482374
1330723158291255297
1330723054490673152
1330722483415224322
1330722410090409995
1330722341723246592
1330722183883091973
1330722151683551232
1330722120976969729
1330721911920234497
1330721187274506246
1330721081871757312
1330720643424284672
1330720047791288322
1330719596945424387
1330719437960318976
1330718763625426945
1330718024639283201
1330717875900796930
1330717554214637569
1330717482487672832
1330746957808111616
1330746243522334723
1330746196269391872
1330746111598886912
1330746008993730562
1330744615457046528
1330744448234483712
1330744026849550337
1330743115150479367
1330742861382381570
1330742745300951040
1330742457395339265
1330742338830827520
1330742267208896521
1330742176079368200
1330742157817344009
1330741818992988162
1330741458090020865
1330741219610165251
1330740791120195585
1330740525834543105
1330739980885495811
1330739954352148480
1330739922240557058
1330739783673458688
1330739563342557185
1330739540873515010
1330739540353372162
1330739204939161600
1330738940672958467
1330738806337769472
1330738802998984705
1330738670605721601
1330738490355691520
1330738288559263745
1330738171399852035
1330738060267454469
1330737691844079616
1330737449715331072
1330737097368485890
1330736641833517056
1330736630563528704
1330736479165964289
1330735788561031168
1330735697527939074
1330735551356538880
1330735120924327936
1330734830900875269
1330734582166028288
1330734473395187714
1330734070402322436
1330733912625192960
1330733563843637252
1330733402241323009
1330733302156652549
1330733174440148992
1330733104487657473
1330732816422891520
1330732714069254144
1330810283292495873
1330810231832637440
1330810093915439105
1330810008423059456
1330809816416210945
1330809207810125825
1330809035864600576
1330809000103981056
1330808954549628928
1330808804477288448
1330808616035758080
1330808515905073152
1330808491502489600
1330808438826405890
1330808418240589824
1330808366650843137
1330808364578729984
1330808177059835905
1330807907508768770
1330807363817910272
1330807291843661824
1330807244297031680
1330807084162682881
1330807064747237376
1330806824300400645
1330806619827998720
1330806527343677441
1330806511627538433
1330806344660692992
1330806251236691968
1330806201731387392
1330806128465371136
1330806106659164168
1330806063151636480
1330806027726458880
1330805944943566853
1330805846503264258
1330805743683997699
1330805707189473281
1330805509927088133
1330805310102134786
1330804849840168961
1330804738535911425
1330803933908877312
1330803382832017409
1330803274535014401
1330803229790261248
1330803216657821698
1330803059409051648
1330802902567444481
1330802899044028416
1330802412563668996
1330801899910565888
1330801123888947200
1330800837086621698
1330800468763832320
1330800356792516609
1330800148830691328
1330800005473513473
1330799991087112195
1330799989484900353
1330799650018795520
1330799475460349952
1330799461833056257
1330799348008030208
1330799296720084992
1330799161822900224
1330799075537641475
1330799002019897344
1330798951822331904
1330798811892084738
1330798726957379584
1330797692533043202
1330797686719606785
1330797504007450624
1330796720796684288
1330796580623048704
1330795784841924608
1330795783210360834
1330795686196023296
1330963740272054273
1330963696319942659
1330963588304015362
1330963569437978629
1330963542372134912
1330963505659453440
1330963456883875840
1330963200284692482
1330963143401549824
1330963093048987654
1330963011440435200
1330962987037962252
1330962982210252800
1330962974090072068
1330962910294790146
1330962664026214400
1330962613933658112
1330962606190981121
1330962604638998531
1330962579078909955
1330962574653919238
1330962524326465537
1330962496262467588
1330962387785060354
1330962345426907136
1330962249586970628
1330962196809928705
1330962091608580096
1330962057089323012
1330961958221254658
1330961841359613954
1330961681560776713
1330961648996200456
1330961588212391939
1330961562744483841
1330961383589109760
1330961377352151043
1330961192366567425
1330961059469950976
1330960730674311170
1330960626315825152
1330960592266424320
1330960400742043650
1330960395062956039
1330960353438547968
1330960236891439105
1330960068976779264
1330960058444886016
1330959923413479429
1330959892941664256
1330959771340574721
1330959660694843393
1330959656492163072
1330959492654239745
1330959185719160832
1330959172633026560
1330959066072567811
1330958897243447297
1330958822584807430
1330958783770595328
1330958734378627073
1330958571186614275
1330958412885217281
1330958411576520713
1330958277983825922
1330958272178905093
1330958266243932161
1330958161344417793
1330958030394023945
1330957921673498633
1330957892493733888
1330957876928638977
1330957796125249536
1330957711303979011
1330957643087802372
1330957517954965507
1330957502872227841
1330957357782683648
1330956785163915269
1330956761264771073
1330956625750994945
1330956580788056066
1330956453436264449
1330956254076932099
1330956253863030787
1330956198364008449
1330956130068074498
1330955983280099334
1330955933112020992
1330955909313523715
1330955737888124930
1330955648583032834
1330955561387495424
1330955335469821960
1330955280721580033
1330955264032444423
1330833393194561536
1330833188537688064
1330833011147935744
1330832988465205248
1330832779144286208
1330832773893017602
1330832212447662084
1330831964409094144
1330831929239871489
1330831676604203009
1330831574049435648
1330831553870655491
1330831182183874560
1330830568263614465
1330830431030112256
1330830366182137858
1330829873271738372
1330829772855812097
1330829491287904259
1330829114752774146
1330828790604439553
1330828773051293699
1330828331722399749
1330828262348623873
1330827805685407745
1330827074752245762
1330827069304033282
1330826826084716544
1330826300999622657
1330826278987960320
1330826260793094146
1330826126642585602
1330826124998430720
1330826118379745280
1330826049853284354
1330826022653206528
1330872247796568065
1330872130792251401
1330872071027613703
1330871805792432129
1330871611709382658
1330871527500361728
1330871347686338561
1330871277607907330
1330871255319408642
1330871225892081666
1330871217256079361
1330871146363883524
1330871077464117254
1330871056702320641
1330870079735533569
1330869997254668288
1330869806963298308
1330869770632237057
1330869610665693184
1330869010179776516
1330868886829289472
1330868883218161666
1330868853887406084
1330868301145251847
1330867863557693440
1330867827276976128
1330867754539364356
1330867596187602945
1330867575891353606
1330867509407461377
1330867464767373319
1330867444043419649
1330866906954395649
1330866897055850496
1330866770085818369
1330866746581000192
1330866630642044933
1330866249899839494
1330865992092835842
1330865832533106688
1330865550327754752
1330865131425832960
1330865053013319680
1330865015482707973
1330864568592023552
1330864524807843845
1330864348877746177
1330864258427437058
1330864088952475648
1330864011856973830
1330863903249629187
1330863880885710849
1330863558633119744
1330863254554484737
1330863250167246851
1330862920813613057
1330862822314692609
1330862760427614209
1330862679897026561
1330862558652338178
1330862259271294981
1330861932702732288
1330861921533366273
1330861556066869248
1330861308523241472
1330861220359008256
1330861001722441734
1330860566030716931
1330860279610085378
1330860187050270720
1330860125653962756
1330860068535865344
1330859736716218368
1330859270125072387
1330859082270474241
1330858954679848961
1330858953379614722
1330858865366241281
1330858757203628037
1330858650689277954
1330858641671393280
1330858623413706757
1330858508422701064
1330858300548771840
1330858173524287499
1330858060462616581
1330857428825612291
1330857376090640384
1330857257920294923
1330902504704335875
1330902319156916225
1330902211350519808
1330902026033590272
1330901898912821248
1330901857825411072
1330901638844846081
1330901232823758855
1330901215455145990
1330900504986218497
1330900202266398720
1330900108104396800
1330899997169123329
1330899961991540737
1330899936867651585
1330899882220118020
1330899828407226370
1330899755631857664
1330899646366019584
1330899605563842563
1330899485359128578
1330899298859560963
1330899297726910465
1330898939508379648
1330898918503223296
1330898678370893829
1330898358945378315
1330898249478148097
1330898151126011905
1330897928932663297
1330897717481107458
1330897675525509123
1330897636979781632
1330897560358113280
1330897475859787783
1330897470713335811
1330897420171894787
1330897339792371714
1330897174998044674
1330897015316758528
1330896990008455173
1330896732356554752
1330896415942275073
1330896232991088640
1330896106637635585
1330896101356883968
1330896015835213829
1330895962974285829
1330895912856588293
1330895861904257024
1330895835161391107
1330895714461884418
1330895491127603203
1330895403403849734
1330895380133924870
1330895330766856193
1330895308738408454
1330895239419211780
1330894998926209031
1330894911546273792
1330894663625048070
1330894628363636742
1330894566791196674
1330894399295823874
1330894211210625027
1330894120542490624
1330894108538396675
1330893951658831875
1330893929412083712
1330893853029707782
1330893795290910723
1330893643100483585
1330893612637417472
1330893581058404355
1330893525668532224
1330893471264202753
1330893449256706050
1330893367400534016
1330893251746869249
1330892990101950464
1330892958590234625
1330892943427825664
1330892897781239809
1330892808467656710
1330892637524668417
1330892582055006208
1330892508621049865
1330892457786085376
1330892356267151360
1330892279930904578
1330891891756453895
1330891722935709696
1330891690605993984
1330891526025560066
1330891289232109570
1330891221196267523
1330891202749751296
1330891045278801920
1330891039503241221
1330891000022233088
1330846762274349056
1330846651880251392
1330846503376654337
1330846038106673152
1330845706593071106
1330845395417784320
1330845326413099008
1330845157718175745
1330844827118780419
1330844809175519232
1330844761171791875
1330844731471904768
1330844477490147330
1330844390391238658
1330844123675365376
1330843978909032455
1330843825376555009
1330843786868473856
1330843755201638401
1330843641481469953
1330843587739865091
1330843438661709824
1330843367161409539
1330842938939760640
1330842916865122307
1330842653987049474
1330842512471240704
1330842070806827009
1330841863209816066
1330841828262883328
1331009534773510145
1331009374794420225
1331008915971182592
1331008621388316673
1331008505885679620
1331008388487016451
1331008301845409799
1331008205070036993
1331008151722860544
1331008043685974017
1331008033724506120
1331007990791593985
1331007674469781505
1331007551765352455
1331007541980114944
1331007533809618944
1331007486732636161
1331007427207000064
1331007409993646080
1331007345212624897
1331007335276437506
1331007286949539840
1331007225012383750
1331007168166862848
1331007128337666049
1331007110772035584
1331007075590184960
1331007048499171328
1331006996426813442
1331006956513812481
1331006954483949578
1331006915304849408
1331006868194353152
1331006853224939521
1331006847873126401
1331006840667312140
1331006815321141249
1331006803325329410
1331006732529590272
1331006723625263105
1331006607363362818
1331006586794479621
1331006452123615235
1331006356522930176
1331006347824029696
1331006287912562688
1331006203682562052
1331006191636533251
1331005948740202497
1331005917027053569
1331005885263605761
1331005848848642051
1331005818502844418
1331005374556729347
1331005328025149443
1331005103483084801
1331005005868961796
1331004927741751298
1331004923392237568
1331004904471719936
1331004437796622336
1331003906760052740
1331003889978646531
1331003687293112320
1331003650278367234
1331003510666760199
1331003496028540930
1331003448142262283
1331003157745287168
1331003145045110789
1331003081140658183
1331003025436123140
1331002890610159616
1331002725623083011
1331002710208995328
1331002617200336898
1331002537760141314
1331002463462301697
1331002205848051716
1331002114168930305
1331002038218592259
1331001779467788288
1331001690317787137
1331001618477756418
1331001569358147584
1331001534818095105
1331001313002459136
1331000689074470912
1331000681935892481
1331000568081309697
1331000353735667713
1331000344176852992
1331000315173171200
1331000238690201607
1331000170742366208
1331000162391474178
1331000053243277316
1330999950931611650
1330999530913992708
1330999355419947009
1330998915106181120
1330998807908282373
1330998768888647685
1330998711900639234
1330998538222891012
1330998286581379072
1330998067655536647
1330997951133483015
1330997745528745985
1330997714801156096
1330997706102345731
1330997531032096774
1330997433938173952
1330997336894533634
1330997244032585729
1330996983008550912
1330996976951971841
1330996876187865089
1330996529679790080
1330996529432322054
1330996458217234435
1330996259776151553
1330996206391095300
1330996073800798210
1330995925636923392
1330995891428356099
1330995871979364363
1330995806808236041
1330995800181252103
1330995786692374528
1330995474548060177
1330995450439213056
1330995371544174592
1330995352644816896
1330995343564152835
1330995139888689152
1330994980442304515
1330994974582743040
1330994801781723139
1330994789681037312
1330994777223999495
1330994767749017601
1330994701978251276
1330994574005841920
1330994538987483137
1330994488655884292
1330841024667783170
1330840866869678083
1330840637881659392
1330840341080014849
1330840188067733509
1330840131067142144
1330839913407913985
1330839820302753792
1330839503276175360
1330839321784553472
1330839234551406594
1330839099905880066
1330839047258988544
1330838920498712576
1330838505082089474
1330838286101786625
1330837952252030978
1330837850754060288
1330836779130384390
1330836270961078273
1330836184336003072
1330836167697321991
1330836095655956482
1330836028202991617
1330835878994993153
1330835832161390593
1330835733712678913
1330835707234050048
1330835652011831296
1330835558214590466
1330835344120537089
1330835092646801408
1330835087634681857
1330835056827437056
1330835015538782208
1330834854271873024
1330834571903070208
1330833925091028996
1330833813514170368
1330833691258605571
1330833633251381250
1330833621008183296
1330833424165326849
1330994216403673092
1330994102876467200
1330993949801111554
1330993709278588928
1330993634511118337
1330993583403520004
1330993554173333510
1330993542836187136
1330993216917807107
1330993103621087232
1330993035371376641
1330992993151684608
1330992988449689600
1330992933680648194
1330992910024794123
1330992841036881920
1330992799337033736
1330992760644640770
1330992642310635521
1330992556067364864
1330992543253852160
1330992157340078088
1330992025055981574
1330992010745016323
1330991991853899785
1330991976389500929
1330991688693772290
1330991575057526789
1330991510985207808
1330991260887298053
1330991091630231555
1330990823098474504
1330990191725608960
1330990109869690882
1330989965250015235
1330989858534412291
1330989634327879681
1330989084333002753
1330989064665919489
1330988748297953281
1330988719378206722
1330988575131914244
1330988226052575235
1330988132326641670
1330987961962299392
1330987805858795522
1330987768806318081
1330987744458403845
1330987631283494914
1330987619820290048
1330987511477366790
1330987485690810374
1330987437330292736
1330987396075298818
1330987107188404226
1330987046614278145
1330987045582409728
1330986975009050628
1330986959297269760
1330986920898416643
1330986641910099970
1330986622649831427
1330986585916125187
1330986382920200195
1330986382832115723
1330986369750093832
1330986356982640646
1330986332760444935
1330986254113140736
1330986227584167938
1330986066883514371
1330986022717501446
1330985969189793796
1330985943118073861
1330985918686261248
1330985902328320000
1330985787882606594
1330985755548782595
1330985697038176260
1330985694693629957
1330985647868407814
1330985628503339012
1330985616440483841
1330985615266078722
1330985586807754754
1330985559616008196
1330985546089455616
1330985533175197696
1330985532101419013
1330985404187750401
1330985352828424200
1330985108174725120
1330984932383088640
1330984778884116481
1330984547098521605
1330984448934875136
1330984257032835072
1330984223805755393
1330984196299427843
1330984145250467840
1330984111872290816
1330984058931830786
1330983895416844291
1330983862864932870
1330983630139760640
1330983601870090246
1330983535247839232
1330983467115548672
1330983426833387521
1330983400593829889
1330983381228728321
1330983345182924809
1330983324177862656
1330983057948545026
1330982683623759873
1330982578396962818
1330982512009633794
1330982219347681280
1330982077341208576
1330981934969851905
1330981840082104320
1330981635957919745
1330981182801055744
1330981152706998274
1330980910716624896
1330980897919819777
1330980726624329728
1330980546453925890
1330980340966580228
1330980266865799173
1330980164138889219
1330980111680745474
1330980086284226561
1330979967413481472
1330979843937333249
1330979800710852610
1330979656699424770
1330979575812263936
1330979499039604737
1330979368642949128
1330979170747379712
1330747768365862913
1330747683737382912
1330747422335758336
1330822813792407552
1330822789796941824
1330822750538145794
1330822703071236096
1330822663007207425
1330822195967184898
1330821641878822918
1330821391940202497
1330820668452179969
1330820588105973761
1330820274871283712
1330819979290288129
1330819471989207044
1330819425566478338
1330819030425292801
1330818918886334466
1330818855950807044
1330818723985326080
1330818417033678848
1330818178059001856
1330818024597639171
1330817709672706049
1330817599861567489
1330817010079510531
1330817001644810241
1330816705052991488
1330816670206660608
1330816569463726081
1330816322209542144
1330816059193044993
1330815889583828992
1330815544933675009
1330815504211128320
1330813997369552898
1330813897457102850
1330813861382025216
1330813333134581762
1330812892900450304
1330812630970159104
1330812625987526656
1330812469405769729
1330812117914689537
1330811995839475712
1330811728532267009
1330811726200238081
1330811719443070979
1330811698652000258
1330811253443485696
1330811186124779520
1330811014657564674
1330811010412736513
1330810845690023937
1330810610095886337
1330779248286568449
1330778617073307649
1330777483227127810
1330777364440223750
1330777220584001536
1330777198408687616
1330776950563069953
1330776906648727552
1330776638930513920
1330776398705922048
1330775936103448580
1330775723985014785
1330775536734330880
1330775412763488261
1330775398867750912
1330775321902104577
1330775316395040768
1330775137956802562
1330775048853090310
1330774998995222529
1330774986819297281
1330774793956847617
1330774735031033856
1330774545800835072
1330774362832728064
1330774039862910978
1330773912364388352
1330773465717219328
1330773174389067777
1330773016901545985
1330772958877536256
1330772904225681409
1330772181547167744
1330772094586654720
1330771997727584257
1330771875392352257
1330771625386635266
1330771590943039494
1330771283861270528
1330771239900680193
1330771155725266944
1330770299319676928
1330770291866308612
1330769995220070400
1330769941230981121
1330769811295657986
1330769654374047744
1330769053326082050
1330768956542562304
1330768952939700224
1330768931892588544
1330768788070031360
1330768684009328640
1330768590165868544
1330768588790226945
1330768412881137665
1330768247449288708
1330768224909193216
1330768139785789440
1330767823791120385
1330767811015225345
1330767757688905730
1330767718296023040
1330767475886133253
1330767388481122304
1330767336446562304
1330767276220575744
1330767104681930752
1330766836720394241
1330766834132545536
1330766721926381570
1330766443252690944
1330766077060665344
1330766013743316993
1330765677615931393
1330765529188012033
1330765269074128896
1330765059275055104
1330765026265862146
1330765010382057475
1330764968766091267
1330764776801124352
1330764488900014087
1330764443215679489
1330917992465575938
1330917864472195078
1330917717889708037
1330917711728132101
1330917677490196481
1330917522690936834
1330917456366370816
1330917019575853057
1330916741224906762
1330916715757260803
1330916477633892352
1330916386789441539
1330916239364005890
1330915948782620676
1330915827005206528
1330915784873439233
1330915713142276110
1330915684746838017
1330915429934530560
1330915410598883328
1330915391246376971
1330915133707710468
1330915044830416899
1330914900777062403
1330914786452910089
1330914650607775746
1330914537994850304
1330914354338869248
1330914304120524801
1330914296122007557
1330914207638966276
1330913835444670478
1330913765487992832
1330913755060969472
1330913688300097536
1330913462562775045
1330913178662936585
1330913071355858946
1330913029052133383
1330912900505071623
1330912798482735104
1330912788827545601
1330912639808122881
1330912498208354306
1330912469552861184
1330912286911950850
1330912247024115713
1330912100387053572
1330911827929214976
1330911792529362946
1330911634634764297
1330911439964475398
1330911414194737153
1330911383626584067
1330911351573782530
1330911286754938886
1330911238474276871
1330911221504217088
1330911089563938825
1330910997087887361
1330910969883729920
1330910963189633026
1330910885083222016
1330933299527647232
1330933138789457936
1330933103603437569
1330933033684393984
1330932995579142146
1330932964834897921
1330932940298129410
1330932844584198148
1330932536990568453
1330932370527178757
1330932084991356929
1330932035532304384
1330931868653527045
1330931765041651724
1330931660196438018
1330931607084085252
1330931509495271424
1330931496560046082
1330931397570289667
1330931323150602240
1330931307166244867
1330931288530939906
1330931264308666368
1330931226178449410
1330931146755018752
1330931067935657984
1330931061715591172
1330930908812218369
1330930705447186437
1330930676858834952
1330930673952182272
1330930673813762048
1330930592188420097
1330930589772484618
1330930538895519747
1330930280878776321
1330930278035050496
1330930214675886082
1330930113576243201
1330929906952278016
1330929638487560194
1330929290091909120
1330929195736649728
1330929165361704961
1330929137465245697
1330928957160640519
1330928786934804487
1330928752877064192
1330928746333925376
1330928650267602952
1330928600476893186
1330928527193980929
1330928280845889538
1330927791823609856
1330927655315763202
1330927611690819589
1330927577352069120
1330927452374372353
1330927324339040260
1330927294202990601
1330927181225205762
1330927110769303552
1330926944679047169
1330926910537396231
1330926666609254401
1330926632299794433
1330926538641043458
1330926457082818563
1330926376589930499
1330926368725471233
1330926362446729221
1330926355165433858
1330926164576178177
1330926127074963456
1330926099212210186
1330926062402822144
1330925994195251201
1330925888674828289
1330925714368028685
1330925425195962370
1330925369784897537
1330925327992975360
1330925299870011392
1330925106873266176
1330924947707977728
1330924762789535744
1330924732070424576
1330924565799858178
1330924452150792192
1330924432832000008
1330924177596026882
1330923982204366848
1330923851614724098
1330923802499362816
1330923638107889665
1330923581581115392
1330923565391208454
1330923545313112071
1330923540795715584
1330923278324682753
1330923264793849857
1330923238306705409
1330923172850446336
1330923143670751232
1330923038196584460
1330923011063623692
1330923001999728640
1330922963592503305
1330922855131918340
1330922818909982723
1330922754317627392
1330922711057633281
1330922663972397059
1330922554954014721
1330922383557857284
1330922231275417600
1330922171305177090
1330921838822776836
1330921757478412293
1330921429974573059
1330921336563257344
1330921204623007745
1330921097668268034
1330920996044468225
1330920921549340674
1330920824115777537
1330920657035669507
1330920558159142912
1330920395155890177
1330920284073943041
1330920189240750081
1330920156328030209
1330920115857215488
1330919884633542656
1330919603975938048
1330919596652711936
1330919545842745349
1330919499986419721
1330919480810156034
1330919162458193921
1330919041964380160
1330918947768594432
1330918909587939328
1330918848711692289
1330918332455763980
1330856694771900417
1330856577251880961
1330856325555888129
1330856234203877383
1330856106063785984
1330855688986374147
1330855580513177600
1330855317060657152
1330855298060398592
1330854990265643009
1330854967972929536
1330854909680508929
1330854749302874113
1330854725546250241
1330854454183288834
1330854409413283841
1330854336138792961
1330854267079467008
1330854100959965184
1330853843777667076
1330853604203356161
1330853253412753408
1330853196097581061
1330853084474511360
1330852973086388224
1330852793427456000
1330852404338827268
1330852032526364672
1330851967611101188
1330851382983798785
1330851316533399554
1330851307872202754
1330851044583149568
1330851005110628352
1330850454998298627
1330850290921140224
1330850047207084035
1330849928193732611
1330849819640942593
1330849666058104833
1330849534356951040
1330849210569265153
1330848982378176517
1330848836072464385
1330848392109584388
1330848376460603393
1330848303056097282
1330848073229197312
1330847850708627458
1330847738435690496
1330847687302926336
1330847686937907201
1330847576241876992
1330847573301747715
1330847444230418434
1330847140487237632
1330847039685615616
1330847036933959680
1330846877537845248
1330846800090054657
1330846797745573890
1330788934956314625
1330788912273321986
1330788865041260546
1330788712343605253
1330788572396359681
1330788405190533125
1330788314929123328
1330788274818998274
1330788098180075520
1330787955569520642
1330787774648225792
1330787413568917504
1330786988098719745
1330786874965843968
1330786824969601025
1330786805411696642
1330786657260408832
1330786622158352387
1330786405870678016
1330786145316159488
1330786101586518018
1330786044216827906
1330785635653869570
1330785517064097793
1330785318539243520
1330785313732456449
1330785236855054336
1330785089261883395
1330785019996958721
1330784823804309504
1330784718493675522
1330784671559507969
1330784415279005697
1330784271242571787
1330784159384674306
1330783872414576640
1330783721717256192
1330783536568279041
1330783331521277953
1330783107457421312
1330783051408945154
1330782980932063232
1330782727294038021
1330782638219595776
1330782279417745408
1330782232647229442
1330782231548321793
1330782180264587265
1330781798578741248
1330781745663279104
1330781516440489984
1330781366464569345
1330781328204304386
1330781264606007296
1330781171136012295
1330781074490880005
1330781069147336706
1330781010557071361
1330780869552902144
1330780867040583681
1330780864238772226
1330780508452634624
1330780500093329408
1330780495689310208
1330780340214906880
1330780255489982468
1330780230932283392
1331024682036944897
1331024615028658177
1331024568836829185
1331024527791427584
1331024225977704448
1331024007852814336
1331023815737008128
1331023626884308992
1331023090902589443
1331023043024457728
1331023011432914945
1331022972946100224
1331022776011026432
1331022686412288000
1331022604484947968
1331022501795803136
1331022433277665282
1331022358824546308
1331022139953209352
1331022011947159554
1331021951276609542
1331021781973536770
1331021690340519938
1331021657998290944
1331021524975796224
1331021516083957772
1331021034389200899
1331020623284342784
1331020494825549824
1331020364156071936
1331020277044584448
1331020247738945537
1331020197109567488
1331020139161145344
1331020130604765185
1331020070537990144
1331020021955522561
1331019943253581828
1331019876501217281
1331019857438134274
1331019834784587776
1331019811959279620
1331019400401494016
1331019363344740352
1331019330310598657
1331019278552887301
1331019130820915201
1331019114970836994
1331019050353389575
1331018539193544705
1331018468024520710
1331018466703372288
1331018361363451904
1331018107356327936
1331018024707645445
1331017956839497729
1331017918700773378
1331017894566748165
1331017733660700684
1331017613254619137
1331017406827868165
1331017279681785858
1331017034268807173
1331016688242974725
1331016300290846720
1331016162067419137
1331016047131054082
1331015853253398528
1331015718670901248
1331015689252057090
1331015585103306752
1331015576731398145
1331015043819982848
1331014951020896258
1331014923695091713
1331014293320503297
1331014201104601089
1331014157517418504
1331013622055759876
1331013492980199431
1331013485967380486
1331013393793363970
1331013386436481024
1331013359207141383
1331013316269883392
1331013193083154432
1331013095037263873
1331013082265563137
1331012982344716289
1331012850056376328
1331012767126597640
1331012628664246273
1331012438452408321
1331011875761508352
1331011226885873666
1331011178299092992
1331011033327144960
1331010671090282496
1331010634306236416
1331010603431960585
1331010529356247042
1331010473949597701
1331010229522341889
1331010203509198851
1331009617921536001
1331009615446806530
1331009613118881792
1330825692238532612
1330825650442285058
1330825563121053697
1330825453519728646
1330825441251373056
1330825279627935744
1330825277539196928
1330825240872685568
1330825142528856074
1330824775716007940
1330824754257858561
1330824639694712834
1330824574246809600
1330824362060959745
1330824012558168064
1330823770525872129
1330823561385287681
1330890928870055937
1330890919143477249
1330890901997105152
1330890615240929281
1330890571779624961
1330890556390707202
1330890498156978178
1330890414858121219
1330890173182308356
1330890116500516864
1330889878230487047
1330889804536377345
1330889732478394368
1330889683686055938
1330889598411616256
1330889572419559424
1330889479545085952
1330889324494278657
1330889220504825858
1330889022374293505
1330888871404515334
1330888725715431425
1330888713224790017
1330888669423661058
1330888510216278023
1330888275356053504
1330888267269431297
1330888263054323714
1330888248902684677
1330888209279180800
1330888195756552193
1330888046317891586
1330888008254406656
1330887996212645895
1330887920153219074
1330887919545020416
1330887901681389569
1330887714242240514
1330887709536251906
1330887612412940289
1330887602656980999
1330887568515272704
1330887434603786240
1330701916398120963
1330701907317370880
1330701630115700739
1330701567964499968
1330701168755027969
1330700745713311745
1330700632060268546
1330700453315796992
1330700452401352704
1330700363289088000
1330700046803808257
1330699581554769920
1330699496070672385
1330699014413684738
1330698941315248129
1330698682753118208
1330698524816797696
1330698169265516545
1330698106384560136
1330698095378612228
1330698014772637697
1330698002428641284
1330697805783060487
1330697415985336320
1330697339707777024
1330697323756859394
1330697291875770372
1330697271852273665
1330697148011327489
1330697004981383169
1330696940909187078
1330696857820024834
1330696856628846592
1330696633093337089
1330696606774140929
1330696590546268165
1330696284521586690
1330696252804182019
1330696203160444928
1330696168733630465
1330695503101702146
1330695461133496322
1330695459594186752
1330695381345312771
1330695240936792064
1330695149739864067
1330694460322291714
1330694430366584832
1330694374880124928
1330694322006745089
1330694266616762371
1330693970473586688
1330693913892454402
1330693729863262213
1330693702918946818
1330693557884125184
1330693396680335362
1330693357736259584
1330693336064167936
1330693291679961088
1330693034925830146
1330692788460011521
1330692776376340483
1330692663671140353
1330692547455270912
1330692474080268288
1330692388235456513
1330692128335228930
1330691882494480385
1330691793118105600
1330691781739114496
1330691601601990656
1330691599651676161
1330691467329716224
1330691289843601415
1330691029578735622
1330690962150965248
1330690896438980608
1330690647867715586
1330690333752000512
1330690279641403399
1330690133901897730
1330689731504566272
1330689728367226881
1330689443024560128
1330689367854215168
1330689330101116928
1330689082108755968
1330688937644466177
1330688694018322441
1330688483547987969
1330688326852984832
1330688265779879940
1330688074121179137
1330687787922640900
1330687401413533698
1330687388306333703
1330687374368628736
1330686993072852997
1330686966556286977
1330686882074640385
1330794674223771648
1330794334162219008
1330794277518135297
1330793955399774209
1330793572300427264
1330793553136553984
1330793492776431620
1330793440137924610
1330793226685571072
1330793182163054592
1330793004567769088
1330792517219061761
1330792502043889664
1330792351992672256
1330792237479964672
1330792198628143105
1330792056894066688
1330792048937623552
1330792045557018626
1330792014800171008
1330791733161054209
1330791724721979393
1330791532488691712
1330791269581336576
1330791234055573504
1330791225239212032
1330791160932163584
1330791142678360064
1330790987665436675
1330790720781815809
1330790538258223104
1330790143398092800
1330789665750839298
1330789519147327488
1330789120604516353
1330789092032999424
1330789051591430144
1330788954761793537
