1228221315351371781
1228221089496457218
1228126467780960257
1228126365603504128
1228126328899153921
1228126125030854658
1228126105296498688
1228126104008957953
1228125736004980736
1228124717376299011
1228124531698655237
1228124360541691905
1228124173823696897
1228124154185994241
1228123599602503680
1228123163554275329
1228122790244634635
1228122258041950208
1228122153024917504
1228122058615377920
1228120665540132864
1228120053037588481
1228119987996545025
1228119555916095488
1228119289309401088
1228119197198274569
1228118384224632833
1228118040438398977
1228117884070703110
1228117638641016840
1228117453038858245
1228117289268064257
1228116816897200129
1228116335441403904
1228116009732542464
1228115563467214850
1228115474602434561
1228114928671842305
1228114681514078214
1228114348553494528
1228113921275498498
1228113630857760770
1228113630610313216
1228112783155159041
1228112478892175360
1228111811318308864
1228141933526077440
1228140595274711042
1228140234828898304
1228139324169949184
1228138953284386819
1228138875756929025
1228138822992568320
1228137906285547522
1228137536956063744
1228137073309184000
1228136975632236544
1228136784162410496
1228136213137092608
1228136016411873281
1228135555172573185
1228135155790827526
1228135093656588290
1228134993177776128
1228134266854309888
1228134061857701888
1228133771490230279
1228133675545612288
1228133565000450048
1228133487170985985
1228133222573363202
1228133158790369280
1228132747983704070
1228132629578485761
1228132417841639424
1228132295573262336
1228132256444751872
1228132200304054273
1228132179777085446
1228131899551305729
1228131626455973888
1228131609947148288
1228131432347815937
1228131002926718977
1228129650989314049
1228129539089424384
1228129291742982145
1228127939360935937
1228127439550726145
1228127401189703681
1228127303852425217
1228127061971259392
1228468382300856320
1228468249387524096
1228466988369858562
1228466682550611968
1228465580262543360
1228465413320794112
1228465071535181824
1228464963720826885
1228464931214942211
1228464062616555520
1228463772005593088
1228463320333570048
1228463096827727873
1228463048525926401
1228462753624576000
1228462677418180608
1228462070955249666
1228461907499257857
1228461617005912064
1228461236741783552
1228460970667700224
1228459410818785281
1228459092815077376
1228458657995612161
1228458640794890240
1228458280126541824
1228457598011052033
1228457295035740161
1228457184482283522
1228457160822030336
1228456511636156422
1228456504585576448
1228456503113342977
1228456174309269505
1228456147327356929
1228455608073850880
1228454722232881153
1228453823917592576
1228453745618571264
1228453290834321416
1228293066181746688
1228292634025832448
1228292056713351168
1228291348278784001
1228290561980981248
1228290469857198080
1228288599323553792
1228288514489495552
1228288476518526981
1228287671656689664
1228287289035558912
1228285739147808770
1228285205632487425
1228284462259167233
1228284436673855488
1228283935882448896
1228283751932682240
1228283351225769984
1228203977486979073
1228203195299614723
1228202329112858627
1228202056730591233
1228199536364904451
1228199135221673986
1228196879898312704
1228196105474596867
1228196039955345408
1228195979192492032
1228195778549518336
1228194193568194560
1228194091776626689
1228194014987292679
1228193996452712449
1228193384797372416
1228192541079556098
1228192526999252993
1228191759907221505
1228191690449534976
1228191431249973250
1228191322596507649
1228190996694880258
1228190948326174720
1228190745158275074
1228189976547844096
1228189761698811909
1228189641464897537
1228189391555715075
1228266944551432192
1228266347882143745
1228265907161571328
1228265705226866688
1228265263646138370
1228265167705735168
1228263658888814592
1228261157607264257
1228260257778061317
1228259998611824640
1228259570423746561
1228258754220740608
1228257354879250432
1228256958366601222
1228256802292191232
1228256158399553537
1228256133913071616
1228255166513766400
1228255114101551106
1228255063304310786
1228254588903387137
1228253598976364547
1228253436379942913
1228252829506326530
1228252531924652032
1228252426689400833
1228252336859955201
1228420391405785092
1228419690759892995
1228419196192804869
1228418954751889410
1228418704427237382
1228417914623135745
1228416941074919425
1228416503361437703
1228416456871862272
1228416381508554752
1228415703360905217
1228415058272825344
1228414436148469764
1228414411548786691
1228414411355959297
1228413545408131073
1228412895303733251
1228412772972670978
1228412081768161280
1228411428144582656
1228411031610937344
1228410890459860992
1228410009823981568
1228409738322419712
1228409150620798978
1228407316011257859
1228407223979827205
1228406802661986305
1228406541759455233
1228406303233581057
1228406060232400897
1228406000736182274
1228405688319299585
1228405399470125056
1228158279760564224
1228158104874835968
1228157905666314241
1228157555941281792
1228157359689584642
1228157244119883776
1228156015654395904
1228155992279572480
1228155060707872768
1228154958740180993
1228153618584354816
1228153198881447936
1228152927648407552
1228152504157757441
1228149282001313798
1228149274468179968
1228149254708965376
1228149112165556224
1228149102493519872
1228148348336648192
1228148279260651520
1228148230120038402
1228147528584945664
1228147379460870145
1228147093874757632
1228146922877177856
1228146891185106944
1228146328867229696
1228146204271398913
1228145536798162945
1228145510705500160
1228144282768310272
1228143982968025089
1228143454925967360
1228389694825693184
1228389553830006784
1228389226254745600
1228389070490849280
1228389031047815173
1228388803875917826
1228388278811971584
1228386907777912833
1228386543737372672
1228386380709015553
1228385803644088321
1228385589520502784
1228384662231236608
1228383530457104384
1228383290547150856
1228383226412007426
1228383073856782336
1228383049424998401
1228382923021111296
1228382232626290688
1228382154805002241
1228382015046574080
1228381825791295488
1228381395124465666
1228380803744354306
1228380759850995712
1228380682130464768
1228380343377580032
1228380074937896962
1228380002653220864
1228379926895546368
1228379564520460289
1228379117273239552
1228379042753187842
1228378863920529408
1228378649205911552
1228378312952729601
1228378142877851649
1228377471617323009
1228377460456280067
1228377417900843009
1228376979461877760
1228376847064453121
1228376751614636038
1228376213611319302
1228376195579961350
1228375948099301376
1228375743656341504
1228375732084035584
1228375709229469696
1228375573702967296
1228374781940183040
1228374390628327430
1228374303210721280
1228374260302974977
1228373475586428928
1228373193598988288
1228373117120241665
1228373076058005505
1228372968478253056
1228372830179528704
1228372616055930880
1228372436984287232
1228372115180703751
1228372084218355715
1228371845365129216
1228371202361712646
1228370256051261441
1228369925514899457
1228369570764816386
1228369554058944513
1228369541228572678
1228369217050861568
1228368998926094337
1228368596881018886
1228367338896056322
1228367247648804866
1228367212257345538
1228367134897659904
1228366822941982720
1228366685637210114
1228366109667201029
1228365653502910464
1228365479028428803
1228364901808328706
1228364421073973251
1228363575908913152
1228363438415474688
1228363162761625600
1228363054473084928
1228362662179938306
1228362279768469505
1228361570645872641
1228360729314680834
1228359848754122753
1228359792332283905
1228359545476583425
1228453045811499008
1228453020951863298
1228452841934786560
1228452485309681664
1228450703749910528
1228449774141083648
1228448290863058944
1228448069181526017
1228447424680775681
1228447040209731584
1228446845166333953
1228446800064974851
1228446566115086339
1228446319234121729
1228445280732950528
1228445099115339788
1228444730993922049
1228444273911255040
1228443685215522817
1228443386090270722
1228443148361379850
1228442915132858375
1228442482796613633
1228442383487909889
1228442122229092356
1228441922127052800
1228441400267747330
1228441363940827137
1228440700934598657
1228440299598426112
1228439844331884549
1228439263643127808
1228438270624849920
1228438165876289536
1228312473658261504
1228312094971432962
1228311901865684992
1228311559954259969
1228311474235478016
1228311468627681281
1228311081287741440
1228310554479079425
1228310376598638592
1228310307107307520
1228309949975007233
1228309911324516352
1228309792017481729
1228309453855842304
1228308392390860800
1228308362854588417
1228308333100183555
1228308319036723200
1228307616708911105
1228307398835785729
1228307274562756608
1228307201338400770
1228307128051535874
1228306265882972160
1228306181917200386
1228305390129029120
1228305055318761472
1228302666985615361
1228302622106554374
1228302423770443777
1228301929782161408
1228301862966788096
1228301023892180993
1228301004262772736
1228300817725259776
1228300020362944515
1228299485622816768
1228299304881836032
1228298602239451136
1228297821037744130
1228297660869771273
1228435772963000320
1228435065190993920
1228434924849573894
1228434573215903750
1228434475387904000
1228434378314919941
1228434309666820096
1228434103780986880
1228433710237863937
1228433588909170690
1228433189494050817
1228432625003458561
1228431259963199495
1228430930835988480
1228430374382034944
1228429606493048833
1228429131752378369
1228428607502069761
1228428215250632704
1228428048820649985
1228427849733832704
1228427776623075329
1228427543646232577
1228426672044683271
1228426589156724737
1228425871041728520
1228425675238825990
1228425442459373569
1228424918284587014
1228424640751640576
1228424467128487937
1228424433812926464
1228424182280708096
1228424120360005632
1228423945184890880
1228423749692776450
1228422007898791937
1228421964571840515
1228421254966677504
1228420936489107457
1228343635487285248
1228343461214130176
1228343444671811584
1228343417299755008
1228343413537374209
1228342371533893633
1228342077156667399
1228341580735578112
1228340689668206592
1228340683402031104
1228340574840733696
1228340129451978752
1228339852837392385
1228339551883522048
1228338727665197056
1228338577295081473
1228338437704572929
1228338315314761734
1228338206875291648
1228337898833022976
1228337675473739776
1228337580397203457
1228337288859525122
1228336986559148033
1228336860646100992
1228334689439698944
1228334525190524928
1228334274748846080
1228333241402159104
1228333028860157952
1228332891496755202
1228332641717493760
1228332529314340864
1228332237587873792
1228331702482653184
1228330892546002944
1228330788405510144
1228329344596168704
1228329179336314880
1228328680625262592
1228282161536622592
1228281292464304128
1228281133747654658
1228280300322471936
1228280283780308992
1228280139030519809
1228279907181969408
1228279620493086728
1228279287255572481
1228279136801693696
1228279064517074946
1228277506567962624
1228277277521133568
1228276911605997568
1228276285916565504
1228275262804103168
1228274605569101826
1228274505728110593
1228274431308394496
1228273609224806400
1228273391691415554
1228272911502499840
1228272625224503296
1228272215969284098
1228271397702701057
1228271326307155970
1228270963244064768
1228270679616708608
1228270337797902336
1228269895743307776
1228269775459102721
1228269774565756928
1228269551923712001
1228268897578749952
1228268746273280000
1228268045094838277
1228267835648028674
1228267824012877824
1228267750046519297
1228267562191945731
1228267090018209793
1228405163750305793
1228405081596420096
1228404890071904256
1228404841875034112
1228404727420985346
1228404452555730949
1228404261593088001
1228404207717359616
1228403378084044929
1228403310136352769
1228403260299587587
1228403012902756352
1228402893700640768
1228402718005288960
1228402524119543811
1228402455366504449
1228402047529164800
1228401902678790144
1228401725003923456
1228400476712054787
1228400324098043904
1228400105927036930
1228400083978326016
1228399804604190722
1228398947082829832
1228398708506742786
1228398095894888448
1228398082867380224
1228397592968650752
1228397440665079808
1228397001907331072
1228396526633922561
1228396334283182080
1228396321553485824
1228395981546381319
1228395588938600448
1228395177544310784
1228394780117360641
1228394628128399362
1228394589574356994
1228394505230897154
1228394487115911168
1228394137591808000
1228393942426607616
1228393893592469509
1228393840358199296
1228393692672790536
1228393687513731074
1228393197296066561
1228393140970762242
1228392854814326785
1228392810627452929
1228392792797384704
1228392158392090624
1228391836319993856
1228391606761480192
1228390987510226945
1228390351637008392
1228390324466221056
1228390267243388929
1228390206514089985
1228359205230465024
1228358652777631750
1228358566991552512
1228357835899244544
1228357542746652673
1228357539353563136
1228357133768560640
1228356820303011845
1228356748861476865
1228356603092590598
1228355943714447365
1228355596530876423
1228355069105573889
1228354785121853440
1228354638648184832
1228354481567354881
1228354062678183939
1228353875897438208
1228352689538510848
1228352312063746048
1228351584591110145
1228351554610237440
1228350933454684160
1228350906619424769
1228350436278702080
1228350287443685376
1228349138724626434
1228348462380417026
1228347728230539264
1228347681845760001
1228346792984616960
1228346488901652480
1228346303576408064
1228345997794959360
1228345356254990336
1228345109076467712
1228344789663387648
1228344664857698306
1228344480664891393
1228344427913121792
1228344208957804545
1228250431781928960
1228248909069324288
1228248563047469058
1228247429452976128
1228247013298495488
1228246138181959683
1228246087359590401
1228245973278904321
1228245633896722433
1228245375380840448
1228244867421286403
1228244440344559616
1228242377900466176
1228241837498011648
1228241508853219328
1228241444311379968
1228241203986141185
1228241073807536129
1228240471480127488
1228240459476164609
1228239896948637696
1228239317136359425
1228239169748488192
1228238896351211520
1228238534097588226
1228238144912248834
1228237997327273984
1228237331196338176
1228237325253001216
1228237083967291392
1228236763857997825
1228236516368904194
1228235639990042626
1228235591772360707
1228219966748409857
1228219294120472579
1228217794094759937
1228217601521672192
1228216375140700160
1228216010483720192
1228215631897456642
1228215451378798592
1228213764513652736
1228211709422133248
1228211300167110658
1228209885826838528
1228209717010321411
1228209229485375488
1228209224448004096
1228208601442877441
1228208586288840705
1228207912473882626
1228207708962082826
1228207417965473793
1228207089652125697
1228206701624483841
1228206475027181574
1228206379862609920
1228206041726193665
1228205942463852546
1228205905172283394
1228205420713394178
1228205029036711947
1228204961348980740
1228327724357472256
1228326403055259649
1228326249187155970
1228325973055229963
1228325894797889536
1228325414587813889
1228325227836452866
1228324316745330688
1228323560491491329
1228323207171670021
1228323052917837826
1228322136978227200
1228321389511421953
1228321195508092932
1228319731662409731
1228319695511511040
1228319551617667073
1228319506692313088
1228319416145723398
1228319108778737664
1228318512013135874
1228317902593544192
1228317812160069634
1228317190283239428
1228317188840443904
1228316135659053056
1228316123537346560
1228316033158610944
1228315911385313280
1228315720557006850
1228315707659767809
1228315466302709761
1228315241034977281
1228315196143390720
1228315095488454656
1228314962365304832
1228314771172319236
1228314683343560705
1228313944131035136
1228313402759503872
1228313400272228352
1228313362959937537
1228173397139439616
1228173079810981894
1228172804937273344
1228172440968167430
1228171724966883333
1228171118097223681
1228171099269025798
1228170600725639169
1228170550016540673
1228170332441235458
1228170148894269443
1228170137921970176
1228169404048801792
1228169199110868994
1228168915315875840
1228168847854723074
1228168770629193728
1228168097489489920
1228167787299819520
1228167159202775041
1228167150675742720
1228167129876221952
1228166898023485440
1228166472247083011
1228166107296460801
1228165776978235393
1228165764521197569
1228165579640467457
1228165359158513664
1228165123723841538
1228165048666738690
1228164916189642755
1228163836168953857
1228163264514641923
1228163249431928833
1228161530434183169
1228160781436563457
1228160573340188674
1228235330387509248
1228234325788778499
1228233709410607106
1228233107666374657
1228233046417010690
1228231784371912704
1228231769079439361
1228229786226421760
1228228861738881025
1228228502186446849
1228228013399015424
1228227694128553984
1228226889845592068
1228223956798205953
1228223800803676165
1228223402663563265
1228222143176904704
1228222135123886081
1228188512727420929
1228188182765682690
1228188098854408192
1228187868775899140
1228187524238954496
1228187521672105984
1228187323428245504
1228187239168954368
1228186283320561665
1228185843782651906
1228185616615034881
1228185518413762560
1228184624875991040
1228183909709443077
1228183750082580487
1228183036543422466
1228182249058623489
1228182206146723841
1228180813520330753
1228180720348102656
1228180555981737985
1228179732782440448
1228179729275949065
1228179110347689986
1228178296468230144
1228178207364378624
1228177614478528512
1228177575614107650
1228176062552535041
1228175339156721670
1228175129294725120
1228174572286926850
1228174560589037569
1228174559053897730
1228174524593557505
1228174371530760195
1228174185073008642
1228174145197789186
1228173773469208577
1228110738998296576
1228110514666049536
1228110144405491713
1228110124822204417
1228109907540553728
1228109856189505536
1228109054322462720
1228108888353931264
1228108863548858368
1228108451722735621
1228108428998053889
1228108344470233089
1228108304372641793
1228108074461880320
1228108007885692928
1228107989619478528
1228107718331969536
1228107098703089664
1228106960442097669
1228106885942906881
1228297320837664774
1228297046794416128
1228296623966638086
1228296212635439107
1228295716914782209
1228295428011155458
1228294731823767553
1228293679976194049
