1245786087764549632
1245785507696697344
1245784662808592384
1245783991266889728
1245783851613462528
1245783679173111809
1245783437287489536
1245783240079806466
1245781444380839937
1245781428513562624
1245780788903317505
1245780603896815616
1245779671771418632
1245779484554510336
1245779028004372480
1245779012435283974
1245777944926195714
1245777519946727425
1245777409917562893
1245777272713306112
1245776995067314201
1245776571446595585
1245775893466886145
1245775325834801154
1245774791564505090
1245774651147587591
1245774428786626561
1245774399820759042
1245773805336829952
1245773486750121985
1245773175922753536
1245773073837588485
1245772803271528451
1245772760191655936
1245772127950774273
1245771899138949121
1245771777390915590
1245771219816845315
1245816893014863878
1245814590031704069
1245814431751245826
1245813952317141001
1245813513953529856
1245813335939055616
1245812551293775882
1245811117085069312
1245811076790394880
1245809639234646022
1245809001268305925
1245808836172103680
1245738952885243904
1245738623393202176
1245737663384125440
1245737431179186176
1245736732605083648
1245736062661558272
1245735986178465792
1245734518910312448
1245732560589787142
1245732359149883393
1245732267449778183
1245732229453512704
1245732165859471360
1245731942856822785
1245731821830254593
1245730983992688640
1245730051884228610
1245729614040793089
1245728719546834945
1245728124727255040
1245727805444427777
1245727757012697090
1245727712301457409
1245727375297351680
1245727070396633090
1245726800023560192
1245724348209680384
1245724164566253568
1245548151869587462
1245547214715396097
1245547113196531715
1245544505757048833
1245544433388380161
1245544376534794242
1245543865504972801
1245543824266412032
1245539444045856768
1245539256749129730
1245538564743606272
1245534748677677056
1245808814059905025
1245806821463461888
1245806794427031556
1245806110625476608
1245806054664880129
1245806028345823233
1245805566016000000
1245804845056946176
1245804516374609921
1245804462956052481
1245804419876302850
1245803869923192837
1245803569862844416
1245802268278116352
1245658791116333057
1245658192685588482
1245657571932819462
1245657238229798912
1245657212288024578
1245656535658721280
1245656259912585216
1245655541780590593
1245655339392880642
1245654072754991105
1245654048725807106
1245652135003320320
1245651750083674113
1245651213141438464
1245649550871678981
1245647974106927106
1245647297058238464
1245646568050421762
1245646031917727747
1245643996384247810
1245690775502979078
1245690514411683840
1245689583456735232
1245689391986749440
1245689338194735105
1245689157919350786
1245689155176275968
1245688482757898240
1245684534613598210
1245683626228015106
1245681360662134785
1245680176719187968
1245678702039650310
1245678638080700417
1245678612986179584
1245678551371661312
1245677911878795265
1245677274004889600
1245676429901209602
1245676179824054274
1245517063600386048
1245512807396847616
1245512301169573888
1245510413028032512
1245508069410222080
1245507199557926921
1245506162830839809
1245505996853837825
1245504553317011457
1245503492913090560
1245502954137776128
1245502548875841538
1245564324317454336
1245564174081699840
1245563618722115586
1245563595565469696
1245560971914928128
1245557954889183232
1245553904319946757
1245550808839716864
1245863363092963330
1245862442304860161
1245861717126426631
1245861608112320517
1245860753900355584
1245859646562119682
1245859224162189312
1245856894540902400
1245856405707296769
1245856253139542016
1245855819180027911
1245854531809763328
1245854390486884358
1245853956594470912
1245853694345637895
1245853686229692416
1245851655750516740
1245851617741746178
1245851486279565314
1245851054496821248
1245850789966471170
1245850304165195777
1245850280190763010
1245849456773341184
1245849243979370497
1245848436303331329
1245674309676343298
1245673087271657472
1245672864239325184
1245672716100939776
1245672311946018820
1245672140575145984
1245671712038907904
1245670639693897728
1245669687637278727
1245669570721001473
1245666620883767296
1245665295278256131
1245665206291832833
1245663653900079104
1245660297240530945
1245660031472689153
1245659891512963078
1245659832612356096
1245659630304251906
1245659506140270595
1245643682117586944
1245643545723076609
1245643514848763911
1245642870951825411
1245642794330292226
1245641406082760706
1245640515829125121
1245640133237305351
1245639322562252800
1245639199333560321
1245637634472304640
1245636838598914050
1245636199366021127
1245635178954813443
1245633080947134465
1245631316604796933
1245630657537040385
1245630335469023236
1245629450772819968
1245628766010740737
1245628561681080333
1245628478445109251
1245627002477891585
1245624396561018882
1245623462913142786
1245623021122899972
1245622775416406016
1245622404769935377
1245621452616822786
1245621011396976649
1245620014842953729
1245617713923276800
1245617241690746883
1245616124164591617
1245615341905924100
1245614499509325828
1245614048495861762
1245613574065553410
1245613493417459715
1245532697537081345
1245532607665901568
1245532566167236609
1245531946735865861
1245531420606509056
1245530538955255808
1245529920496861184
1245529856567369734
1245528247863042049
1245527999270793218
1245527923861401601
1245525770560311297
1245525370570510342
1245525109609136129
1245524242822807553
1245523749736079361
1245523696271450114
1245523692748144642
1245523522866290691
1245523275083591681
1245522605194575872
1245521440742551553
1245519732972965894
1245519603884834816
1245847891257720832
1245847716619485184
1245846926249070592
1245846872562032640
1245846658862198784
1245845974888509440
1245844912500809731
1245844515270701056
1245843424294641664
1245843420813438981
1245843374973779969
1245842733320867840
1245839754488352770
1245837913826287616
1245837819920240640
1245837788563378177
1245837685295583233
1245836536374915073
1245836514782838784
1245835165663985665
1245833860723535883
1245833836572766209
1245833490832162819
1245832894662262786
1245501437330808833
1245801363679911936
1245801286995456000
1245799528571289603
1245799261305888768
1245799235557249025
1245799062772887554
1245798757205192704
1245798237556166656
1245797992466198529
1245797753038319616
1245797607747682309
1245797395402719232
1245797365505765382
1245796488757809153
1245796214207111169
1245794872927367173
1245794033240281088
1245793524257370115
1245793466677964800
1245792893303959552
1245792856792535041
1245792767542013954
1245792529813049345
1245791613672095756
1245790536214228992
1245790463656943617
1245790335533449217
1245790114686611467
1245789879935483906
1245789250664239105
1245789124931584000
1245789118753357824
1245789110524141573
1245788950700187654
1245788124162162688
1245788103895384064
1245787818229747714
1245787687715512320
1245787415777882112
1245787123317460993
1245786891619840005
1245786755149766656
1245722908393168903
1245722436223602690
1245722274675732481
1245722030047199234
1245720741175312386
1245720694840791040
1245720271115309057
1245720216149069824
1245718714902855686
1245718417291841536
1245717866072231936
1245717454912962561
1245717344514686977
1245715874042052608
1245715658467401728
1245714891651952641
1245714746134999040
1245714555197632513
1245714402654842881
1245714220538376192
1245713068623101952
1245711798935969792
1245710906589245478
1245710783192936449
1245710764381437952
1245709540521377794
1245709317266907136
1245708778940567561
1245707820353204234
1245579972678283271
1245579244773634049
1245579024224546818
1245577962759454724
1245577115421958144
1245577113287065601
1245575879381508097
1245575347581550593
1245574583333224450
1245574326562082817
1245571876358766593
1245571400666136576
1245571380579622912
1245571188027314176
1245570867347644418
1245569594288267264
1245569309667196928
1245567420581855235
1245567407730462722
1245566497029648384
1245770852865585152
1245770571159396353
1245770314522472448
1245769227304226816
1245769168080732162
1245768207396474880
1245767870958702593
1245767212255723520
1245766162274586624
1245764804700184576
1245762981155295234
1245762335886761986
1245762278496092165
1245761859950645249
1245761587887161344
1245761321997459456
1245761060713279488
1245760858623524864
1245760156597489666
1245758661563224064
1245757726862594049
1245757079819870210
1245756907836411905
1245756450137419778
1245832781688721409
1245832361763147777
1245832118464212997
1245832000285507584
1245831369881681922
1245830190560837634
1245828842062639105
1245828711779311618
1245828457239465984
1245828400725536768
1245827559012655104
1245827449230852096
1245826899160363008
1245826418954719233
1245825842271399936
1245824676754001920
1245824558076026880
1245824549142306816
1245824035834847232
1245823692099203072
1245823305900146688
1245823258768945153
1245823130167201792
1245822592381935617
1245822314610151427
1245821727709581313
1245821176724611073
1245819916902715396
1245819603298598912
1245819529407545349
1245819053811302402
1245754185632698368
1245752860198998019
1245752146970251264
1245751461058936832
1245751404335153152
1245750374683881472
1245749997150162949
1245749014110171136
1245749003251318785
1245748513360789505
1245748186213482496
1245747246571950081
1245746147421040641
1245745782269116417
1245745557764784128
1245744566596243458
1245744216933830657
1245743559719911424
1245742571248324609
1245741072329986048
1245741008622682117
1245740819773935617
1245740140410134531
1245739248545824771
1245597659273940996
1245596448671977478
1245595963659390976
1245594967994589185
1245594871991132160
1245594832468185088
1245594713744277505
1245591308346875904
1245590498363883520
1245590171443056648
1245589896779026432
1245588840867196929
1245588525644271622
1245587892786716672
1245583663187689473
1245582740482744323
1245613248197431297
1245610066201309184
1245610028943282176
1245609321758478337
1245608857130258432
1245608763186278402
1245608318279675905
1245607292189327361
1245605234002427905
1245604502922620936
1245604263742435333
1245603973991510017
1245603292127719424
1245602975445209091
1245602830691389449
1245601367390969865
1245706098016833536
1245706065406242829
1245705358749732864
1245704913268678664
1245704803285520384
1245704315945304064
1245704291622453249
1245704222043254784
1245702846781235200
1245702331326439424
1245701768874516480
1245701731792584710
1245701524824743937
1245697253748224001
1245697131534565380
1245696955721924622
1245696920426864640
1245696537847566339
1245694693096251393
1245693462881669120
1245692687308574720
1245691454221103108
1245691218866118656
1245691076352126977
