1343355972073480192
1343355930608623620
1343355642355060738
1343355384740917251
1343355243807952896
1343354966388465673
1343354621108969472
1343353855548026884
1343353607001944065
1343353316542087168
1343352811912916993
1343352054924898306
1343351815174316032
1343351735088242688
1343351224406577158
1343350737284247559
1343350480961998848
1343349988043214848
1343349971995811843
1343349955520557057
1343349775920467970
1343349551621689345
1343349470906490880
1343349379579715584
1343349283161059330
1343349155691945984
1343349113870544901
1343349090042720258
1343348483160485888
1343348341741072386
1343348222555795459
1343348115508764674
1343347869974224898
1343347769117966336
1343347668517584902
1343347420613246977
1343347356171984896
1343347347212947459
1343347267449851904
1343347131298566146
1343347027594407945
1343346962893058054
1343346796047847426
1343346726275584009
1343371389420580865
1343370695401738247
1343370493198524421
1343370284347367432
1343370105493852160
1343368790550204416
1343368641606258689
1343368453055385601
1343368158544089090
1343367905291894784
1343367805891186695
1343367119854071808
1343366967692992513
1343366957815496704
1343366942770438145
1343366627254005766
1343366473943801856
1343365527838846976
1343365187953418240
1343362844725829632
1343362775708524545
1343361748779163648
1343361360726532098
1343360794789093379
1343360597363191813
1343360594423017472
1343360503121403910
1343360379028725761
1343360365304967170
1343360143099125770
1343359924252905472
1343359781462016001
1343358868420780036
1343358395399757826
1343358378043711490
1343357983300984832
1343357870260318208
1343357708905410560
1343357602596605960
1343357407435624451
1343357114442514433
1343356652259520518
1343356428547977216
1343387126017114113
1343386870911275009
1343386817152872448
1343386283129843713
1343386035972165632
1343386029894606849
1343385883647627264
1343385637483917314
1343385291894099968
1343384043006681092
1343383604148264962
1343382255025217538
1343382136074735618
1343382082739953664
1343381933913501699
1343381849238859779
1343381534485733377
1343380084070227969
1343380009751375873
1343379932123193345
1343379686995283968
1343379273902505984
1343378658489196544
1343378446026637313
1343377241535864832
1343377121184542722
1343376780451672064
1343376247397752841
1343376135917346819
1343375759713439744
1343375165162340352
1343375087639138304
1343374738442178560
1343374640421294080
1343374314029146112
1343374155022884864
1343373849820155906
1343373759122698246
1343373272298110977
1343372979229634560
1343372140943454209
1343372080155303936
1343372039797710849
1343478298135973890
1343478031814254594
1343477960251039744
1343477952735043585
1343477672765083651
1343477563989979136
1343477154676412418
1343477116113989633
1343477047331581952
1343476993724198912
1343476870403252229
1343476806498856960
1343475184616026112
1343474633421578249
1343474502206955524
1343474436360597506
1343474367825653760
1343474274477236224
1343474228998320134
1343473553715437568
1343472943309991937
1343472865316888576
1343472715005652992
1343472542871384064
1343472422930935812
1343471623735816192
1343471256318799872
1343470818685292545
1343469794520133632
1343469620259336194
1343469394844909568
1343469051843117056
1343468909354217473
1343468709445328897
1343468577865740289
1343468490779471873
1343468236059406336
1343468216820117504
1343468209295523840
1343468119331901446
1343468117129900032
1343468005410353153
1343467994488385536
1343467977409179648
1343467940822265857
1343467939949899778
1343467608880934913
1343466718526664705
1343466700604198914
1343466395330342913
1343465766402760704
1343465670894354432
1343465576996470784
1343465515600261120
1343465379310481409
1343465312835002373
1343465218953924608
1343465161454190592
1343465102419308545
1343465060665090048
1343465022891171840
1343464709798944769
1343464698339942401
1343464678299758593
1343464333335011328
1343464209057796098
1343463999560564742
1343463965549088769
1343463878932508673
1343463764272799744
1343463721511882752
1343463692592177153
1343463572286959617
1343463444868190213
1343463356322213890
1343463246494314496
1343677908494258182
1343677888374169606
1343677864865107974
1343677780068859905
1343677746166304771
1343677728097239041
1343677694349873156
1343677626167283712
1343677574648655872
1343677540532178945
1343677535889092614
1343677535297675274
1343677520114282496
1343677517996154880
1343677402103361538
1343677387528089601
1343677386496356352
1343677320385671168
1343677272339963909
1343677217000333312
1343677116471238658
1343677102470672385
1343677080614141956
1343677050973016064
1343677008115621890
1343677005682892806
1343676999722659840
1343676999647326213
1343676984547827712
1343676882533961732
1343676866796937218
1343676866796933121
1343676851043106816
1343676850833387531
1343676773201022978
1343676762216140806
1343676755656237056
1343676716527575054
1343676704217329672
1343676695207940100
1343676634805768194
1343676597069602816
1343676569383018496
1343676490215546882
1343676489951281152
1343676470623940609
1343676381612408832
1343676379611717639
1343676362725457921
1343676342760570893
1343676333046583300
1343676320912453633
1343676318450380802
1343676307641659392
1343676305250918400
1343676256345317377
1343676217736753158
1343676164389412868
1343676148010655745
1343676140804857856
1343676125785034752
1343676125424320516
1343676121221640195
1343676097381056512
1343676001386180615
1343675877406760960
1343675867487215617
1343675848268763136
1343675838655569920
1343675810897604609
1343675744053043201
1343675743595802624
1343675718635577344
1343675645361090569
1343675626310529026
1343675594131857408
1343675585156050945
1343675572615057408
1343675533075349504
1343675465492537344
1343675462678142977
1343675408454193159
1343675340971978762
1343675335095840769
1343675287217860609
1343675254657449985
1343675227054735363
1343675170876219393
1343675090119045120
1343675026306949120
1343674852578897922
1343674795410534404
1343674773788893186
1343674768877375497
1343674733750079490
1343674709557325825
1343674693501464576
1343674430170558465
1343674399027724290
1343674368241651714
1343674338617282560
1343674334733332482
1343674334318100481
1343674309135527936
1343674176561930240
1343673978615955458
1343673742648553472
1343673703939371017
1343673419079053313
1343673174794375170
1343673124366266373
1343672987661307905
1343672741858324480
1343672652821618688
1343672575898083329
1343672544981880832
1343672384331673604
1343672291033546754
1343672177002950656
1343672068899041282
1343671881828855808
1343671626605486085
1343671287739260930
1343671114602602497
1343671027990220800
1343670870896648192
1343670786134056963
1343670775463739396
1343670680827654148
1343670560686039040
1343670527827832834
1343670477747843073
1343670440116576256
1343670407409364992
1343670402405572610
1343670238123094021
1343669858467106816
1343669727072313348
1343669639763648514
1343669282765475843
1343669114963976192
1343668994021187586
1343668953223192576
1343668908671332354
1343668825561198596
1343668674532667393
1343668635492036615
1343667723218333704
1343667599217987587
1343667571468476417
1343667537133924352
1343667534764118017
1343667295202193410
1343667277997236224
1343667265368158209
1343667006982270983
1343666944763977728
1343666906209910786
1343666858843582465
1343666465526976512
1343666315941322754
1343666225382121479
1343666124425199616
1343665950961364994
1343665921055977484
1343665908816949248
1343665621951787012
1343665409854230530
1343665191310000129
1343665154014253062
1343665137140510721
1343665043255291905
1343664977500991488
1343664702661025792
1343664517419585539
1343664430916251648
1343664209285050376
1343663845957488641
1343663686704099343
1343663648909254656
1343663513525506048
1343663438128689153
1343663359539949572
1343663326379847681
1343663265927356418
1343663248898314240
1343663103964286981
1343663101569282055
1343663057541611520
1343663051669700608
1343447930179612672
1343447843848167424
1343447831676379137
1343447803088011264
1343447738277621763
1343447671097470977
1343447596052979712
1343447595759378433
1343447568915845120
1343447501131698182
1343447466021171203
1343447234726289408
1343447202497228800
1343447123375878145
1343447084901531650
1343447009089482752
1343446965913350144
1343446924138074112
1343446828285632513
1343446726288543747
1343446477318848514
1343446295764209664
1343445391992303616
1343445070565974021
1343444554377261061
1343444540552843270
1343444179519733760
1343444079728881667
1343443836899631105
1343443010218983426
1343441867158016001
1343441817535012865
1343441354601484294
1343441161462009857
1343441126422933504
1343441000585437185
1343440938979495937
1343440617100226561
1343440490151211008
1343440419913392129
1343440401945001984
1343440385708683264
1343440303785734146
1343440238375546880
1343440163800834049
1343440129784860673
1343440104862474242
1343440030392594432
1343440000382361600
1343439940521230339
1343439869914263552
1343439785659150336
1343439466799755270
1343439465860182017
1343439442565099525
1343439329780088832
1343439308292808704
1343439305675599873
1343439241972473856
1343439150507290630
1343439060233310209
1343438964607299584
1343438876711542784
1343438837750640640
1343438691499438087
1343438678337662977
1343438502785118208
1343438276984778752
1343438159238082560
1343438107027320834
1343438093744021504
1343437989075177473
1343437846259118080
1343437769234907138
1343437710468460544
1343437446088974336
1343437370260140032
1343437307400122371
1343437305051283463
1343437221886636034
1343437150755446788
1343437078839910400
1343436959071535104
1343436845338779648
1343436773985300480
1343436565092175872
1343436422246625281
1343436321919029249
1343436235143053318
1343436028191928321
1343435867696881664
1343435844875534339
1343435774826602498
1343435584061190144
1343434710438076417
1343434289778667521
1343433860680441856
1343433583831220225
1343539816688984064
1343539224549728256
1343539208888180738
1343538497009799168
1343538491658031104
1343538479083507713
1343538187885535233
1343537982473646081
1343537893231505410
1343537806078046217
1343537351272886272
1343537064369737730
1343536820173344769
1343536674928799744
1343536258598002688
1343536142096982020
1343535958466187264
1343535733232033792
1343535396978880512
1343535239273078785
1343534796333584391
1343534460327788547
1343534288692768771
1343534165438951424
1343534007280152577
1343534006017683456
1343533778657042438
1343533599312637958
1343532735411970050
1343532712448155649
1343532425004126213
1343532313469218816
1343531590744330241
1343530257941487616
1343530116673118209
1343529661431746560
1343529398801199105
1343528407016083457
1343528406680555520
1343528238899933186
1343527987862507520
1343527638497976321
1343527163354619904
1343526142796566528
1343525990425907207
1343632359422382081
1343632107688624129
1343632007847419904
1343631777080999936
1343631767975161860
1343631763759886340
1343631742830333958
1343631709997330436
1343631690980327424
1343631668050059264
1343631640724185091
1343631335781502982
1343631211470581760
1343630820905340928
1343630567334703104
1343630491782561793
1343630374639964160
1343630261762859010
1343630160071897088
1343629978328588290
1343629357894361088
1343629028473905154
1343628820289474561
1343628647261868032
1343628634121261059
1343628544279121920
1343628091101425666
1343628043261100033
1343627833835327488
1343627423036932098
1343627093834403840
1343626811851354117
1343626750740357122
1343626720692330497
1343626596171866112
1343626541167648769
1343626359067701249
1343626151843954688
1343626107732566018
1343626023884247041
1343625961548480514
1343625899833503745
1343625867554074624
1343625315076112384
1343624925396037634
1343624504459878403
1343624385949818881
1343624368526540805
1343624338206035970
1343624163861405698
1343624111264837633
1343624059834290177
1343623999637614592
1343623607738642432
1343623574335201289
1343623520828477441
1343623508132163586
1343623435398885377
1343622929666326529
1343622863320985600
1343622290441961474
1343622225992314880
1343622207638020097
1343621106821959683
1343620898557988875
1343620724947365890
1343620458256674816
1343620442649722880
1343619991409733633
1343618642064375810
1343618559226875904
1343618144250687490
1343617800389218305
1343617793133080577
1343617767921037315
1343617751240339457
1343617717031612418
1343617439901343744
1343662706218438656
1343662629374611458
1343662623158624259
1343662554678222849
1343662526194704386
1343662420649246721
1343662415368646658
1343662329888534528
1343662304634822659
1343662176482033667
1343662081934024710
1343662061142896640
1343662038493618183
1343661979748200448
1343661846084124673
1343661712889835524
1343661587559821314
1343661400896495616
1343661300472295426
1343661239235473408
1343661170130087940
1343661128447094786
1343660962998530056
1343660950596034572
1343660868467212289
1343660437959630848
1343660399695179777
1343660365771665410
1343660260599476227
1343660202902646784
1343659924115566594
1343659876170477570
1343659826061189121
1343659808931635204
1343659776966860803
1343659058897805315
1343659005164576771
1343658677664948230
1343658662255075329
1343658603518025728
1343658504343662599
1343658441303322624
1343658090986688512
1343657784097779712
1343657782428504067
1343657630401781760
1343657333948358656
1343657297537617923
1343656920469667841
1343656868183502849
1343656681591418882
1343656212290822145
1343655723021062145
1343655614027730944
1343655482070769664
1343654993480589315
1343654916443799558
1343654759534833664
1343654730728398854
1343654660884848640
1343654657030287360
1343654632967569410
1343654618262286340
1343654188572618755
1343654181568204800
1343654080015605760
1343654026869616644
1343653925304619015
1343653913355030528
1343653892253315072
1343653460256833537
1343653459224973312
1343653246112555009
1343653084505976833
1343653059143020552
1343652988699734017
1343652613611466753
1343652485437796358
1343652355393417216
1343652176720117760
1343652160182112256
1343652121938436100
1343651413491142661
1343651355471306754
1343651276903559176
1343650967103959040
1343650960783134729
1343650950418853889
1343650635724578816
1343650512726585346
1343650410037456897
1343650386633113600
1343650095988953088
1343650082319708161
1343649972282134529
1343649808196710400
1343649648339255298
1343649469452214279
1343649193613783047
1343649115708612608
1343648933424357377
1343648887593193474
1343648821897621504
1343648502379933698
1343648360629202944
1343648100167135232
1343647977475334144
1343647910911561730
1343647658498514946
1343493424377425921
1343493040980316162
1343492996524814336
1343492991391064065
1343492662792491010
1343492458936594434
1343492325746552835
1343491766033514499
1343491723448610816
1343491532289155072
1343491494930509825
1343491248712253440
1343490265563197440
1343489913480765440
1343489551038361600
1343489527701266432
1343489198985273344
1343488778007035905
1343488722310983680
1343488683417219074
1343488391439142917
1343488243292114944
1343488240934797312
1343488198895349761
1343488130855432193
1343487984000229376
1343487847219810305
1343487230879232006
1343487185228587009
1343486574202380289
1343486515305918464
1343486383449522176
1343486354743828480
1343486224451956736
1343486037960495105
1343485913024884736
1343485583528628225
1343485425139277824
1343485281236877312
1343484685876269057
1343484160980168710
1343483847900459010
1343483625275346949
1343483518245085189
1343483004564344833
1343482912469970944
1343482277167312897
1343482262373863424
1343482187115622402
1343481869665509376
1343481603738062854
1343481172920332288
1343480918212751361
1343480820581900289
1343480143839436801
1343479846605910018
1343479684726722560
1343479288729890816
1343478977726476288
1343478597735100416
1343478511923650560
1343693077144248320
1343692814018891777
1343692813238722561
1343692787808665601
1343692656459849731
1343692565984362496
1343692452700553228
1343692277869371394
1343692126123667457
1343692054191345666
1343691978265952256
1343691854307598338
1343691853812686849
1343691680856354817
1343691679304450056
1343691608156499968
1343691603920252929
1343691494306304000
1343691459942359040
1343691414295769089
1343691328689995776
1343691235194761216
1343691227233988610
1343691141640814599
1343691082907979778
1343690947477917696
1343690787356368897
1343690749200769025
1343690712223608832
1343690701360549900
1343690690052689920
1343690480266186758
1343690448800542722
1343690355317866507
1343690345419255808
1343690338666504192
1343690198178295808
1343690169640243202
1343690148484182019
1343690137549631491
1343690107908464640
1343690070549815299
1343690041646833664
1343689862931767297
1343689629661343752
1343689503656071169
1343689423146405888
1343689378439319553
1343689373502599170
1343689372911226882
1343689261183361026
1343689254380171264
1343689212617490434
1343689100898029573
1343689094673534976
1343689088306728961
1343689019046158336
1343688995356762117
1343688779874381825
1343688737436401671
1343688726866702342
1343688686588858370
1343688558255759361
1343688553352622080
1343688482661793796
1343688475984457728
1343688474910576640
1343688394170314757
1343688384036958208
1343688338985910272
1343688311525797889
1343688288197083138
1343688175479209984
1343688151697653765
1343688102683029507
1343688060060352513
1343688060005806080
1343687991802343424
1343687960978448385
1343687885162237953
1343687847124099075
1343687806804234240
1343687804497391617
1343687717285212162
1343687576180424705
1343687513253310469
1343687445900972032
1343687351344771072
1343687306444738565
1343687038126727168
1343686939271114752
1343686874297200640
1343686818777194498
1343686800460681216
1343686769779335168
1343686744152010752
1343686685960384513
1343686668776308737
1343686666138038272
1343686584932175878
1343686530720739329
1343686524257398785
1343686457215635461
1343686366249574401
1343686360918609921
1343686335257858057
1343686172443357185
1343686108484407307
1343686105380610056
1343686095377211392
1343685977307537415
1343685811238285319
1343685789054464002
1343685672624943105
1343685594598268930
1343685571793866754
1343685538210078720
1343685476914520070
1343685459315204101
1343685451761258497
1343685439941701632
1343685385713541120
1343685323012911111
1343685223100411907
1343685158592012288
1343685153143595008
1343685142418771969
1343684997857894402
1343684993202139137
1343684931432624130
1343684828106018819
1343684819377664000
1343684812931006481
1343684746937847808
1343684706781585408
1343684699475075076
1343684592306429953
1343684563718037506
1343684543648292866
1343684493698359296
1343684471724400641
1343684470810021893
1343684379483242497
1343684357270204425
1343684267776339973
1343684265872130050
1343684159148064768
1343684140860895237
1343683956672253954
1343683952150786051
1343683933133803520
1343683907779244033
1343683809104048128
1343683600894611457
1343683584390025216
1343683583081402369
1343683573828747266
1343683316436893696
1343683308568371200
1343683268294684672
1343683166603784197
1343683142322769921
1343683129760952320
1343683062572462081
1343683045073805312
1343682918829330433
1343682654055653381
1343682550158536706
1343682535415537665
1343682511306706944
1343682479891361792
1343682314895814656
1343682207345487874
1343682206896676864
1343682200705900547
1343682112445181958
1343682027640512523
1343681910338412546
1343681895012462593
1343681868105986049
1343681785293635584
1343681695506178048
1343681668331266049
1343681538135904259
1343681491881127938
1343681276994179072
1343681224271929345
1343681174053519362
1343681166478630912
1343680936618184704
1343680892305346561
1343680807534260225
1343680785165873152
1343680782024507395
1343680777263980549
1343680735501291526
1343680730677858304
1343680621189750789
1343680415400226816
1343680375013470214
1343680334924312577
1343680331547877377
1343680307929743366
1343680307229286402
1343680302208737281
1343680288765968384
1343680233858281479
1343680075301081094
1343680074898427904
1343680047811592192
1343679902806118402
1343679895914774530
1343679877124419584
1343679876839202817
1343679870866313216
1343679829976244225
1343679822808150020
1343679786212843525
1343679775370522628
1343679697029365763
1343679582461956096
1343679534273540099
1343679460059525122
1343679459841470469
1343679457622712320
1343679428979814401
1343679376219664392
1343679376085250048
1343679358473547778
1343679349267030016
1343679280631476228
1343679279788412936
1343679235702063105
1343679209701519366
1343679183503978496
1343679117930147840
1343679106630766597
1343679104340602882
1343679080877711363
1343679061533589509
1343679041887465480
1343679007796166660
1343678994219204610
1343678969292455936
1343678846885834756
1343678816502296586
1343678773238124545
1343678763054206977
1343678752312717312
1343678544493355011
1343678515850473472
1343678489455689733
1343678454743629825
1343678336250376192
1343678228335112194
1343678217870323712
1343678141303300097
1343678123221643265
1343678111884464135
1343678105341329408
1343678098143895554
1343678043957686279
1343678036189786116
1343677980359458817
1343524293532069888
1343524061545172992
1343523824931917824
1343523267680870400
1343522581639540737
1343521742074114049
1343521645324021762
1343521488977203200
1343521221359640576
1343521196827168768
1343521076681306113
1343520556130447360
1343520250067881985
1343520144715374592
1343519613997486081
1343519245938790401
1343518664738353152
1343518572820230148
1343518441240735748
1343518051635892224
1343518003141505026
1343517928973602816
1343517684307263489
1343517525334745088
1343517288847138817
1343516772352155648
1343516124948795393
1343515741119770624
1343515476614402052
1343513575776792577
1343512892876984320
1343512824614711296
1343512647484977154
1343512644267851780
1343512626245021696
1343512399039528960
1343512019698208768
1343511819713970178
1343511538062258176
1343511529644298241
1343511323343278083
1343511297246244864
1343510386855866368
1343510036639838208
1343510027907309570
1343509650658840576
1343509439761027078
1343509210768748545
1343417578954366978
1343417462851850247
1343417397617766402
1343417319742189570
1343416867382296577
1343416782607044609
1343416717251403776
1343416662343741440
1343416355723341825
1343416198931877888
1343416127632904192
1343416118191534080
1343416023584825344
1343415815979335681
1343415669367463936
1343415577302376448
1343415477096370178
1343415458670800897
1343415348482236416
1343415258698813440
1343415231163334658
1343414921359470594
1343414853252358144
1343414816434581505
1343414756858847235
1343414539900121089
1343414462406131715
1343414395393622017
1343414393086873600
1343414392189140993
1343414124869517312
1343414076882477056
1343413972104523782
1343413896686804992
1343413829066240004
1343413773592383488
1343413752922861568
1343413689018363908
1343413614812794880
1343413566003679232
1343413527223144450
1343413440526872576
1343413425196707842
1343413345580318721
1343413255939764226
1343413218757242881
1343413166735319040
1343412989681160194
1343412925726404608
1343412871577935874
1343411895718584323
1343411791343325184
1343411712104525825
1343411612124897281
1343411560522403842
1343411424295530496
1343411268951142400
1343411201531916289
1343411084133343232
1343410944374960128
1343410806558498826
1343410764456058881
1343410708520853506
1343410570968637440
1343410498201673729
1343410383105781764
1343410377141465088
1343410317984989184
1343410226414891009
1343410162632159232
1343409912232235009
1343409829528920064
1343409759039451140
1343409630798635008
1343409543854907392
1343409539765288961
1343409454709153792
1343409253579513856
1343409193399832576
1343409004240842752
1343408988516442112
1343408859944259591
1343408777387782146
1343408680214142978
1343408666611871745
1343408525532397569
1343408523150028800
1343408462227771392
1343408345416310784
1343407213264719873
1343406913011249153
1343406254232915970
1343406184905244679
1343406002633375745
1343405895204679680
1343405833300930560
1343405814954934272
1343405559073140737
1343405410749984768
1343405279996760065
1343405220563476481
1343405216381722624
1343405176544243712
1343405105593405441
1343405096059752448
1343405018695802881
1343404891079905280
1343404827406184448
1343404697282105344
1343404601010237443
1343404504574816264
1343404405182312448
1343404058573479938
1343403885969498114
1343403845196664832
1343403812757917697
1343403741811245056
1343403617483689984
1343403350176526336
1343403308652711937
1343403297164689409
1343403252780572672
1343403096840540162
1343403031031906310
1343402920159698944
1343402884738801665
1343402748033830914
1343402725787258880
1343402607184932864
1343402512402051075
1343432796954615810
1343432786804420609
1343432575382151169
1343432244036214786
1343431937420128256
1343431492249247744
1343430970305818629
1343430678503972864
1343429477876051969
1343429313933107201
1343429288335343616
1343428911296872450
1343428636804841473
1343427914184986625
1343427010652033025
1343425954316759040
1343425801224536064
1343425323140927489
1343424163298603009
1343424089839513601
1343422738728275969
1343422519785660417
1343422514429526017
1343422275576541184
1343421955844702208
1343421805395136514
1343421690206969856
1343421629465026568
1343421566357544960
1343421543750262785
1343421488871960577
1343421370332569600
1343421277395181568
1343421119618052096
1343421040458948608
1343420973714956288
1343420931667095553
1343420894782353409
1343420824577953797
1343420667157491712
1343420597913718784
1343420497367887872
1343420326412169216
1343420068391243777
1343419973780320256
1343419900774256640
1343419789235118081
1343419703679721473
1343419629230829570
1343419549669068802
1343419316205707264
1343419256785022976
1343419203647369216
1343419094272516100
1343419008436105227
1343418800260210688
1343418703363321856
1343418633846980609
1343418402698907648
1343418307744038913
1343418236746907649
1343418060418510848
1343418034644545538
1343417979929849858
1343417869674180609
1343417736479858688
1343601445791260673
1343601395174436867
1343601388127985665
1343601030915878916
1343601007306158082
1343600964117393409
1343600477469102081
1343600455662923776
1343600228239343622
1343600223906623489
1343599578659102720
1343599421477572609
1343599340711899139
1343599152815550477
1343598734916116482
1343598648710541316
1343598602388729863
1343598553315291138
1343598028020740096
1343597971242414085
1343597865713721344
1343597850584895495
1343597693327699999
1343597157933309959
1343597071841026049
1343596553693360147
1343596526338109443
1343596497540026368
1343596487586955264
1343596187614654465
1343595999730786305
1343595992269148161
1343595963093549056
1343595946186211328
1343595841618128899
1343595836073267200
1343595587963383808
1343595185427644417
1343594763950444547
1343594543598415874
1343594372517027841
1343594195324428296
1343594061245124609
1343593986267750402
1343593970119696384
1343593763709485068
1343593676438704130
1343593662064832513
1343593651973271582
1343593550513115137
1343593532427284480
1343593474067726337
1343593333080387593
1343593322229719043
1343593218353541123
1343593215019134976
1343593162296725505
1343592842292318208
1343592774222946304
1343592762311143424
1343592646124720130
1343592452591136770
1343592438208864256
1343592003041435651
1343591844157026306
1343591690574114822
1343591499125157888
1343591348490948609
1343591170161713152
1343590894197497856
1343590659698130945
1343590557747068928
1343590197372596228
1343590078585696258
1343590036315508736
1343589948201512964
1343589799802843136
1343589797798031360
1343589679732502538
1343589558739460096
1343589497754234883
1343589191800729603
1343589081599647746
1343589057717276673
1343589040558387201
1343589033260232705
1343588991011082241
1343588672541782024
1343588561791152131
1343588525711757318
1343588381566111745
1343588033501818880
1343587941629763584
1343587522132258820
1343587519800238080
1343587516625129475
1343587137883500544
1343586818705424384
1343586696143765507
1343586522277310464
1343402252011266048
1343402125469097984
1343402028945584130
1343401919268573186
1343401760606584832
1343401400794021888
1343401278039347200
1343401171008978944
1343401089291452419
1343400992675672064
1343400872953470976
1343400817605439490
1343400807140487171
1343400671442309120
1343400580912476160
1343400375353712642
1343400176300531712
1343400089348399104
1343399840097718274
1343399801300377600
1343399795457667074
1343399649198092288
1343399576615739394
1343399517220167681
1343399252735782913
1343399101786968064
1343398989165690880
1343398966570975235
1343398853098278912
1343398729991282689
1343398595991633920
1343398512197820418
1343398369981583362
1343398287781425152
1343397535445086208
1343397044220620802
1343396640800059393
1343396168332500992
1343395732640829441
1343395550645796865
1343395549488230400
1343395409285230592
1343395066505736194
1343394965322403840
1343394610752716801
1343394143444189184
1343394089681604608
1343393821221134338
1343393818624864257
1343393761196433408
1343393449341579264
1343393316830806016
1343392764805824512
1343392535591464960
1343391900234113024
1343391635342815234
1343391466605916162
1343391216826785792
1343390562062364676
1343389916592537600
1343389869830250496
1343389294413672449
1343389246690832385
1343388904058077185
1343388791676006400
1343388618560307202
1343387778290241538
1343387773139468288
1343387666767872000
1343586348851146754
1343585841243959297
1343585517326266376
1343585226350620674
1343585135241773057
1343584813710782466
1343584744001437697
1343584730554507264
1343584249178423299
1343584019326201858
1343583843098439687
1343583537308573710
1343583200870883334
1343582978279153665
1343582821038911494
1343582651039371264
1343582625768857602
1343582521829838849
1343582511461507073
1343582508831674370
1343582442150637568
1343582282976616448
1343582260835061760
1343582124398489601
1343582010057625603
1343581863022108672
1343581477976629248
1343581353015701505
1343581201169309698
1343581109024645121
1343580876932845570
1343580786608513024
1343580595239194624
1343580562527805441
1343580381480681473
1343580113615642624
1343579883096707077
1343579469479616512
1343579131842355200
1343579094865203203
1343579054491000850
1343579010861838336
1343578878632218627
1343578807526158337
1343578754707304451
1343578641645461506
1343578112399912961
1343578111707901952
1343578066870788096
1343578039083524096
1343577968807981057
1343577901904572416
1343577642344329216
1343577583661830145
1343577092752080896
1343576995943350272
1343576995867725824
1343576545055674370
1343576524725899285
1343576334971400197
1343575710930239490
1343575466599272448
1343575367135748103
1343575318737649666
1343575317114482688
1343575081906294790
1343574996002746376
1343574795695349761
1343574776208621569
1343574763214696449
1343574725109428225
1343574402496143361
1343574329087426561
1343574018952085505
1343573373234913283
1343573221573013519
1343572933386645505
1343572894799048704
1343572414240673794
1343572294443143171
1343571912908296194
1343571871732805633
1343571756800499715
1343571744829931520
1343463131817914368
1343463008941572096
1343462938057838592
1343462915278581761
1343462322942205958
1343461579157856257
1343461317051514882
1343461165649731585
1343461100025745410
1343460944534507520
1343459932721569795
1343459437604786176
1343459098637918208
1343458893377187840
1343458732076720128
1343458443701661696
1343458333190221825
1343458257600446465
1343457151705112577
1343457097938309120
1343456465030410240
1343456443647873024
1343456276966076416
1343455783917412357
1343455546976989185
1343455478555144193
1343455406262276097
1343455110408462336
1343455065223344128
1343454726432710656
1343454624750202880
1343454542109798401
1343454401730646018
1343454139590844418
1343453782282276865
1343453688220831745
1343453684953456641
1343453548575653888
1343453476404097024
1343453466161721347
1343453405486997507
1343453396326514688
1343453358506401793
1343453316429320192
1343452931723468800
1343452740257787904
1343452448556527616
1343451942370983942
1343451824607662080
1343451531706683392
1343451277930483712
1343451227980517378
1343450906118021125
1343450425131982855
1343450309385973760
1343450289605640192
1343450230021349376
1343450207032385537
1343450052501659650
1343450000379043841
1343449889196433408
1343449801065689096
1343449694203244545
1343449671503650816
1343449621067165701
1343449565488422913
1343449372600774658
1343449239934922752
1343449138797678592
1343449033973620736
1343448950691356678
1343448894437543941
1343448724714958848
1343448679592693760
1343448645266518016
1343448615025598464
1343448536835305472
1343448416731455491
1343448288540958722
1343448099247841283
1343616606769995776
1343616346240778241
1343616323855790083
1343616066036101123
1343616020750200832
1343615736661602307
1343615498047537154
1343615108476366849
1343614964481843201
1343614710101504000
1343614494946308096
1343614308136185860
1343613641615175681
1343613275775361027
1343613224017604609
1343613221136117760
1343613009483202560
1343612754968588294
1343612690543955969
1343612665655156737
1343612506774806529
1343612255124992002
1343612219376992258
1343612217611182081
1343612211374288901
1343611933870710786
1343611888366743562
1343611728152711174
1343611570425909249
1343611460581265410
1343611405375684610
1343611327340818433
1343611188496646149
1343611012688343040
1343610799714136077
1343610520998453255
1343610231000096771
1343610045351780354
1343610033821650944
1343609993204031491
1343609967513841664
1343608870745333760
1343608335673782274
1343608176218951680
1343607916864135174
1343607885457186823
1343607736135770117
1343607280567250951
1343606434379014145
1343606159589203968
1343606086889181184
1343605932283068416
1343605930315960326
1343605570289496065
1343605141723897856
1343604923812999173
1343604336417505280
1343604296273821699
1343604203378388993
1343604113276346369
1343604086965497860
1343603681057509389
1343603299476451338
1343603179066433536
1343603030114054146
1343603010652422148
1343602959406551041
1343602710944358401
1343602698571173891
1343602617960828929
1343602542941515777
1343602536046063622
1343602158634229761
1343601942472306688
1343601902433533953
1343601817465323521
1343601812780285952
1343601742936563713
1343601711110303749
1343570648531169281
1343570623172407298
1343570602871771138
1343570580277227533
1343570337099870210
1343570297291747344
1343569946408845312
1343569340130611200
1343568805478486016
1343568645453176832
1343568323628433410
1343568249691152385
1343568205210595328
1343568029884542981
1343567957767569409
1343567863123218432
1343567862502477825
1343567814993600514
1343567797050290177
1343567582805123073
1343567561787645953
1343567430036156417
1343567420666097664
1343567095313932294
1343567091190796289
1343567058999635968
1343567017882824706
1343566575157338130
1343566268541136896
1343566118712188931
1343566054732288001
1343566024742821889
1343565959991193600
1343565712183463937
1343565651768705029
1343565168077381632
1343564848454627328
1343564388373061632
1343564365581099010
1343564041697058818
1343563854090002435
1343563688264003584
1343563520915419136
1343563134653624320
1343562663020929024
1343562188716462080
1343562171377188867
1343562148266520576
1343562126670114817
1343562095124754432
1343562090343231488
1343562072328699905
1343562038774280193
1343562008663355393
1343561981782061058
1343561929021906944
1343561924743720961
1343561877364858886
1343561088181260291
1343560863102476293
1343560739945115648
1343560698929016834
1343560486168764430
1343560239573045248
1343560147826864128
1343559955291328512
1343559933405634561
1343559898529992710
1343559778744872961
1343559663401447425
1343559000189792257
1343558847030579203
1343558719041392643
1343558463033470978
1343557838292049922
1343557770243661827
1343557545911320583
1343556973145550849
1343556648422543366
1343556607511322624
1343556530399014917
1343556498518106112
1343556434991181824
1343555822404706307
1343555572516466688
1343508520830951424
1343507851285770240
1343507194692722694
1343507148819623936
1343506747101732864
1343506302794948608
1343506184905650176
1343505939970850817
1343505826988875782
1343505804570324993
1343505573833281536
1343503865010917377
1343502497818824704
1343502193584959488
1343502170595811330
1343502043898646528
1343501937635942403
1343501705976143875
1343501214118514691
1343501212163985410
1343501156136304640
1343500793303982080
1343500661456068608
1343500430173679616
1343500354168623104
1343500240859652096
1343500046084485120
1343499862327885824
1343499734800093184
1343499656265789441
1343499395711422464
1343499099056828416
1343498785188622338
1343498407101526017
1343498170375004160
1343497787971756032
1343497782125076480
1343497710008233984
1343497507993772032
1343497108423204867
1343496895122075648
1343496818089361408
1343496154512838656
1343495319913377792
1343495026622525440
1343494957265522688
1343494475914620928
1343493687586787329
1343493512231268352
1343647540403728384
1343647324073947136
1343647221301047298
1343646993621639168
1343646511448662020
1343646344641011713
1343646257521242113
1343646208758317056
1343646022304739330
1343645996136472578
1343645961135001611
1343645959130140679
1343645776279441408
1343645700568051718
1343645333658726402
1343645308023152643
1343645261445390337
1343645229971214336
1343645133758230529
1343644748238573570
1343644534534619136
1343644284768182273
1343644219756449797
1343644000218193920
1343643791689981961
1343643419994849280
1343643338646441984
1343643127287046145
1343643110237200385
1343642950111256577
1343642922776981512
1343642887494356992
1343642879391105024
1343642467632115713
1343642388078575616
1343642381493686273
1343642209174704128
1343642156024688640
1343642095702208517
1343641988629811201
1343641885676548099
1343641547124912132
1343641020236505090
1343640913726173184
1343640879047688195
1343640732347871235
1343640468786184195
1343640286698872833
1343640280407293952
1343640264917872640
1343640187830734849
1343640176111853573
1343639967390720006
1343639825128296449
1343639678499631104
1343639635310891010
1343639527127089155
1343639310843707392
1343639271488499714
1343639247690092545
1343639209563844608
1343638940973150208
1343638712333312003
1343638600433291264
1343638550227668992
1343638182068424705
1343637966019686400
1343637943555125251
1343637726227214336
1343637643335233536
1343637614885265408
1343637468688617476
1343637222554275840
1343637071223775232
1343636711713206273
1343636601583202304
1343636378928771075
1343636366882725888
1343636230957916160
1343636219922501632
1343635769722892289
1343635515065720833
1343635230683516929
1343634692579450880
1343634636996427776
1343634321295478786
1343634049739403264
1343633985851691008
1343633706112598017
1343633456547377154
1343633177018068993
1343633058205847552
1343632746317492224
1343632601639223297
1343708282192617473
1343708281425047559
1343708211145285632
1343708207097786368
1343708110737825799
1343708069579128834
1343708049677180930
1343707938079301635
1343707892713746433
1343707755107016710
1343707739994918912
1343707648580067335
1343707639323222022
1343707613742170114
1343707552996085761
1343707420145704962
1343707404224049153
1343707321868947460
1343707280953507842
1343707077596868612
1343706914832723970
1343706844448043009
1343706698519900160
1343706492818567168
1343706375222919169
1343706346299027456
1343706222445420545
1343706182599454734
1343706154984210434
1343706124567126016
1343706029150842883
1343705942123302915
1343705883856039936
1343705691698188289
1343705649742409728
1343705647888687106
1343705642440286208
1343705545769938944
1343705380858245127
1343705326843998214
1343705233147367424
1343705160804163586
1343705012023689216
1343704973318758405
1343704738114588673
1343704301215088644
1343704169157447680
1343704087360135170
1343703882547924992
1343703702549499906
1343703576825233409
1343703570282123267
1343703540095705094
1343703430385303552
1343703399599132682
1343703348428595203
1343703339524087809
1343703243143184384
1343703091724615680
1343703056605655040
1343702995326939137
1343702972631494657
1343702912569106441
1343702881489326082
1343702651616206848
1343702589049864195
1343702586717822976
1343702550084800512
1343702434682703872
1343702414461952003
1343702334728241152
1343702320111104007
1343702001012637697
1343701799765749761
1343701741414608898
1343701733357322242
1343701694773944321
1343701656819654657
1343701436757118976
1343701340015513604
1343701241239580673
1343701160381751296
1343701038172430336
1343701030186463233
1343700841333665798
1343700819129102336
1343700817266831360
1343700775311208454
1343700759863570432
1343700730423758848
1343700410536665088
1343700380945969152
1343700365359935490
1343700328647155712
1343700301400993793
1343700146081697793
1343700124522999811
1343699996630257665
1343699919790600194
1343699866069983233
1343699837951356934
1343699687090614273
1343699603108081664
1343699476293316610
1343699383347503104
1343699328649596933
1343699281891495942
1343699276803801089
1343699256025243648
1343699250279026694
1343699173544222724
1343699152941830150
1343699078744399874
1343698997114974210
1343698987237449728
1343698926160007174
1343698888805388288
1343698817649094664
1343698743019728896
1343698727907844097
1343698724686614528
1343698676741496833
1343698639940628483
1343698504133259272
1343698476534796290
1343698382032953345
1343698355445235719
1343698314538201088
1343698144962473989
1343698075118956546
1343698070521978880
1343697786785714178
1343697753541636100
1343697576139304965
1343697452361244672
1343697320249065474
1343697271884566529
1343697211402711042
1343697192796753920
1343696874843340800
1343696741858746380
1343696735160459264
1343696598321258498
1343696544734842881
1343696479907532801
1343696479307800577
1343696122552999939
1343696071244075013
1343696007574540290
1343695752518766592
1343695744843264001
1343695719144820736
1343695666997047323
1343695394400849929
1343695374746329090
1343695196425510912
1343695191144722433
1343695089722388483
1343695083913105408
1343694989931515904
1343694941755682818
1343694847153233921
1343694614251917313
1343694511625666561
1343694503509512192
1343694437180964867
1343694432802136067
1343694396928237569
1343694316636692480
1343694316217184256
1343694278212669440
1343694271761666048
1343694240031911943
1343694181898858497
1343694126060068865
1343694023945580545
1343693783003783168
1343693685838524420
1343693624589086722
1343693608109699074
1343693457911652352
1343693318614642688
1343693298079248387
1343693204349202435
1343555230160416768
1343554756153925634
1343554696976474113
1343554120549064706
1343554016001843200
1343553974578933762
1343553709406613509
1343553667660722181
1343553614871212033
1343553120220155904
1343553034492772353
1343552493071052807
1343552391304634374
1343552081421099018
1343552043873669120
1343551956242092037
1343551580939968513
1343551322440794112
1343551239737499651
1343550774744408065
1343550316692844544
1343550291015303169
1343550290851725313
1343549915650265088
1343549860147060736
1343549787459760128
1343549630311772176
1343549548095012867
1343549111501529089
1343548996510429184
1343548836749389826
1343548706616958977
1343548563368787970
1343548221696724993
1343548107087343617
1343548105975758848
1343548000480722944
1343547888010465280
1343547827511767042
1343547502512009226
1343547391945879553
1343547275394523136
1343547178921435141
1343546949409116160
1343546924398485504
1343546722035838976
1343546200474214400
1343546048204189700
1343545842129661953
1343545765856043009
1343545406530211842
1343545255505788929
1343544702583320576
1343544438874845185
1343544330745761792
1343543895712526336
1343543480090558464
1343543458619940872
1343543312368750593
1343543202012409856
1343543070713896960
1343543049218097154
1343543018012504064
1343542510530875394
1343542282407071745
1343542019612962817
1343541667585028096
1343541410449022976
1343541356480913410
1343540879936643078
1343540872479199232
1343540204636876800
