1234520090470645762
1234519065072480256
1234516675845935106
1234515846799642624
1234515713794048007
1234515014658220037
1234514639783809026
1234513668101955590
1234513418909937665
1234511793051119616
1234510880211120129
1234510448382349312
1234510341666672641
1234510282598141952
1234509937012826113
1234509386707537920
1234509363836047360
1234508811257425920
1234508604025294849
1234507053575688192
1234505906273935360
1234598303561658369
1234598004092493825
1234597600105521152
1234597430898962432
1234597317338001408
1234597311998758912
1234596841519550466
1234595735720599554
1234595181560844288
1234593817791209472
1234593625541152768
1234593486910914560
1234592726852816899
1234592084419579904
1234591790197596160
1234590714823970816
1234590506102947840
1234590165584273417
1234589712184201219
1234588384888225793
1234588064720310274
1234588055425757186
1234587367605964800
1234587124692852737
1234586605429698562
1234586321412382721
1234585761388912640
1234585354323349508
1234585057676976129
1234584690612473864
1234584446503989249
1234583930109558785
1234583743517675520
1234474185902174208
1234474109813362688
1234473785090244608
1234473002374500354
1234472836045078529
1234472814645780480
1234472056344936449
1234471073661542400
1234470669355831297
1234469785586536448
1234468426976038912
1234467994555863045
1234467728158842885
1234466801896980481
1234465119897292801
1234464743957635073
1234464249356771328
1234463955868954625
1234463466880106496
1234462544468889601
1234462424188755968
1234462224745410565
1234460829388505090
1234504756682514432
1234504252619280384
1234503089522171906
1234502360258502656
1234501915733446656
1234501720199385088
1234501627974909952
1234499696649003008
1234498795834134533
1234498768332099585
1234498757737304064
1234498062883663879
1234497259993104394
1234496361967472640
1234488955258556416
1234487914198962176
1234487659671638019
1234487628591853568
1234487529262518273
1234487498287517698
1234486976994258944
1234486932811456513
1234486002997059586
1234485614038462464
1234485053025083392
1234484652091400192
1234484240328220672
1234484069955723265
1234483813205475330
1234483576940453888
1234483575921270785
1234483543759130628
1234481326734159872
1234481155967156224
1234479839966646277
1234479552728006656
1234479299442466820
1234479013311107073
1234478341761175554
1234478097774280705
1234476981363904514
1234476601255120903
1234475023613775872
1234474885285437440
1234474673162854400
1234474428924338176
1234582903159480324
1234582777640734720
1234582566952411136
1234581881401810944
1234581547572957186
1234579808987865093
1234579550002196481
1234579002721021952
1234578491863175170
1234578400892915713
1234578286757453824
1234577828189962240
1234577795076018177
1234577614951632897
1234576700278738944
1234576470741114880
1234576100887449600
1234575631431741442
1234575545490427904
1234575465534414852
1234575223279816704
1234575213339303937
1234575069680164869
1234574993100623873
1234573579217489921
1234573354486489088
1234572937736400907
1234572659331125252
1234572204731502592
1234571997390295044
1234571541272236035
1234571529385660417
1234571012211122177
1234569246086238208
1234569067350167557
1234568716370792449
1234278528830623744
1234278497423708161
1234277202474209281
1234276871421886466
1234276360429932544
1234276348996120577
1234276252384546817
1234276174299164673
1234275500798824448
1234275276147896326
1234275139065393152
1234275065593679873
1234275023701135361
1234274571089567744
1234274440566849536
1234274292331757568
1234273976785887238
1234273827447869440
1234273810175557634
1234273376279158787
1234273109538201600
1234272995050426368
1234272330383147010
1234272261395357696
1234272249219362817
1234272205933924352
1234270325505871873
1234269971284402177
1234269673539198978
1234269398904590337
1234269182226784257
1234268978068869122
1234268800511553536
1234268710329696257
1234566744779317250
1234565121235615744
1234564711540252674
1234563767943487489
1234563759458410498
1234563295996260352
1234563198721888256
1234563130514182146
1234563036402397184
1234563005876015106
1234562282694365187
1234559694330425344
1234558416531709952
1234558152491720704
1234557750627196928
1234557517793054720
1234557015176830976
1234556788768411648
1234556589211865088
1234556518089084929
1234556345317285889
1234556129625202691
1234555856664088576
1234555643442466816
1234555590971514881
1234555541747310592
1234555444825395201
1234555354291281922
1234555254575894528
1234555118726656009
1234554827205685256
1234554766614843392
1234554690542669825
1234554210349391872
1234553582638100482
1234552048949092353
1234535548640997377
1234534410575327232
1234533470858305536
1234533285109338113
1234531990810103813
1234531942277812226
1234531085570101251
1234530645663191040
1234530584279470082
1234530065947426817
1234529480116277248
1234528235637084161
1234528211805057029
1234528038622244871
1234527950327947264
1234527756500684801
1234526505432166400
1234526252544987136
1234525417870151680
1234525394239414274
1234524477045821442
1234523885607030785
1234523089742041088
1234441076015951872
1234440854791761923
1234440760055009280
1234440686209990656
1234440467410030593
1234439558709727233
1234439011411939328
1234438305330221057
1234438291006672896
1234437052294365186
1234436510537134080
1234436134853316609
1234435798667321344
1234434835487371265
1234433897196244992
1234629096170311680
1234627934968672257
1234627879297699840
1234627188290457600
1234627131050725381
1234626853937111042
1234626248875413509
1234625893047271424
1234625708896464897
1234625681255997440
1234625347653685248
1234625106506371074
1234625073610461191
1234624894333112320
1234624778994143232
1234624530255142914
1234623963675779072
1234623858574913538
1234623715540733954
1234623566009847808
1234623316209623040
1234622704659070977
1234622533657415681
1234621504396111873
1234621349261381632
1234621279036149760
1234620763573030915
1234619514979049479
1234618828761575427
1234618380226908160
1234618207748661253
1234618157857271809
1234617655820087298
1234617488387624960
1234617260423159809
1234616655717662721
1234616605813985282
1234616546997215238
1234616543687979010
1234616488843104257
1234616227697438723
1234615642415882240
1234615552741724161
1234614474402865152
1234614465204715521
1234359028077256704
1234358990638845955
1234358714603147264
1234358601680146432
1234357996194615298
1234356897286967296
1234356396570894337
1234355258891100166
1234354827112509440
1234354719742558209
1234354496173727747
1234354439969837057
1234353663356727296
1234353138691235840
1234352908872716288
1234352688340467712
1234352413303328768
1234352037887868928
1234351490359148544
1234351381953122305
1234350977362219010
1234348919313879041
1234348855363276800
1234348369734180864
1234347723396145152
1234347261565513729
1234346667182260225
1234346450194034688
1234346431449747456
1234346397605875713
1234346362889572352
1234345018485362688
1234343998610759680
1234374593764261889
1234373727313440768
1234372406145216512
1234372276377833472
1234372114074849280
1234371959602810881
1234371912651821056
1234371745831763968
1234371603221250048
1234371534275448832
1234371471134187521
1234371362208116738
1234371208159858688
1234370612505673728
1234370395773362176
1234370213652492288
1234370086711881730
1234369416156078080
1234367252729933824
1234365804562591747
1234365762682413060
1234364903378440193
1234364901360955392
1234364893790269440
1234364408261943296
1234362918507954176
1234362312812744710
1234362282030686209
1234489421392678912
1234489233106251783
1234489207395160066
1234488955518824448
1234494190861471744
1234494176269496320
1234493872526503936
1234493842419847168
1234493724194934785
1234492869651652608
1234492815465500673
1234492023408857089
1234491640204726278
1234491148590292993
1234490046549549057
1234327120161181698
1234327046752526337
1234326154317688832
1234323826311340032
1234322896601911297
1234322116398350336
1234321272655532035
1234319538361118720
1234318876277694465
1234317357654380545
1234316765628256256
1234315370145579008
1234390570900033537
1234389357659856897
1234388486498680833
1234387718718787590
1234387078219259904
1234384414131421184
1234384139006201856
1234383794557325312
1234382980484927489
1234381708016914432
1234380874767929344
1234380112100880384
1234406623361273857
1234404879860453376
1234404019461902337
1234403903208411137
1234403766109114597
1234403559044722688
1234403184031846400
1234401908410003456
1234401626649251840
1234399394625212420
1234393587774873600
1234393005035081729
1234342336441671680
1234342097035169792
1234341840150761472
1234341436163796992
1234339742537248768
1234339676464590849
1234339471920902144
1234339119913848832
1234338797174874112
1234338286388170753
1234337854546829315
1234337434151903232
1234336278763753472
1234335700348100608
1234335281400238085
1234334152465551360
1234333418537803778
1234333224106590208
1234332366795132928
1234331673115807744
1234331660705030144
1234331356232081408
1234329226486132737
1234328848650473473
1234456282196840449
1234453879699443713
1234452784025653250
1234451644626227200
1234451179159068673
1234450110781808640
1234449568131145728
1234449225699561474
1234448616946688000
1234448376973815808
1234445315115290625
1234445236190969856
1234445118968651776
1234444870560948224
1234444829310017536
1234444605942161408
1234444157025951750
1234443842771804162
1234443522184556546
1234443283247620097
1234442714038534144
1234441730570801152
1234310647359397888
1234310424511885313
1234308939547922432
1234308761742913537
1234305941572669440
1234303717849141254
1234303546213969920
1234303539180122114
1234302676118233088
1234301963413721088
1234300105144008704
1234300069857419265
1234299095604482049
1234298138812284930
1234297118313140227
1234295429312856064
1234294901145292800
1234294739903533056
1234293914414338048
1234293320232337410
1234291620922691584
1234291619341512707
1234291101646905344
1234290381380104192
1234289929208778752
1234285275276333056
1234285041192251394
1234283196398759936
1234283140882894849
1234282405340569601
1234282266320424960
1234281542077296646
1234281454261194753
1234281438096379904
1234280458718007296
1234280343538216961
1234613436061016070
1234612737327714305
1234612635439632386
1234612476098097152
1234612105489326080
1234610457727717376
1234610321219710976
1234609988624113664
1234607706708828162
1234607409814884352
1234607391783739394
1234605635087392768
1234605489297608704
1234605074032271364
1234604971485777920
1234604754409488386
1234604600340054016
1234604170512150528
1234603835160576000
1234603166899068928
1234602982739673089
1234602046038278144
1234601637928263680
1234601618307342336
1234601112260501505
1234600940738621440
1234600546570571785
1234600424654635010
1234600141513990149
1234600085654327296
1234600009602981888
1234598967570305024
1234598891703742464
1234598527826718720
1234551542419685376
1234549955554992137
1234549851033083909
1234549698314280960
1234549452964352002
1234548930634866695
1234548431227695105
1234547959162920960
1234547607709589506
1234546656156233729
1234546571771031554
1234544175313489921
1234543909407203328
1234543520981094401
1234543093812207616
1234540114585563136
1234537997158080514
1234536656159424512
1234536447245336577
1234423857014022145
1234423704114741248
1234423048079581184
1234422958690570243
1234422206400102402
1234420361925713921
1234419998803795968
1234417089626157056
1234417042205351938
1234416695407763456
1234415316475625472
1234412708700794881
1234412696411484160
1234408869402726400
1234279889504755712
1234279591675670530
1234279404295114754
1234278929483128832
