1319095602043625472
1319095359260577792
1319094350870048768
1319093070684704770
1319092931584839680
1319092782313648128
1319092771244965889
1319092575953850369
1319091946627895296
1319091287967080448
1319090488675344393
1319090194574966787
1319089689975017472
1319089436039282688
1319088651402268673
1319088584830353409
1319087859085811712
1319086687247650818
1319086557459087367
1319086135922937858
1319085727569858560
1319085629473509385
1319085433242963968
1319083904012345345
1319083645483782155
1319083631017680897
1319315440594833408
1319315294922379265
1319314051604905985
1319313865801228288
1319313754371330048
1319311950887616513
1319311591515406337
1319311384853630976
1319311278855376896
1319311252179607552
1319310900340248576
1319310891897311232
1319310759092981760
1319310121525268480
1319309317137297410
1319309179891421184
1319308849397059586
1319308842543566850
1319308837883699200
1319307567688974339
1319306087053643776
1319304653968900100
1319304485651599360
1319304223335550982
1319304024861147136
1319303723089383424
1319303682614128640
1319303600645046272
1319302815282581511
1319301142250049537
1319301060616441861
1319332450418524160
1319331623939133441
1319331392312885248
1319330469679403010
1319329671243272192
1319329136054312967
1319327830036066306
1319327254556672002
1319325692627222528
1319325504680374275
1319324962763739137
1319324229154852866
1319324217452605440
1319324034199441408
1319323614542442501
1319323051683696646
1319322909605756931
1319322124948017156
1319321308178636800
1319321124845604866
1319320147610521600
1319319920992202752
1319318651493777413
1319318610356113410
1319317592520228864
1319299975776555008
1319299744905240581
1319299634322378753
1319298981126688768
1319298520382201856
1319298105607532544
1319298054499921920
1319297287890161667
1319296970914099200
1319295747754389504
1319295593693392898
1319294053016498177
1319293077438095367
1319292512649895936
1319292425571975169
1319292227621847040
1319292042850172940
1319291872771108869
1319291839912968195
1319291769276698626
1319291419543044104
1319291417370394630
1319291022254329858
1319290593135112193
1319290309327503363
1319290225642749953
1319289524770410497
1319289395820675082
1319289203767664640
1319288997017907203
1319288767811710976
1319288386947936263
1319286988059496448
1319286847948779521
1319286814796959745
1319286235471310855
1319285342097207302
1319285299772469250
1319114505331195905
1319113652578906114
1319113614729441280
1319113437407023104
1319112863903076356
1319111785236983808
1319111183094468608
1319110907008589824
1319108322524491776
1319107847221772289
1319107782382112769
1319107301563789314
1319105921000394754
1319105199777132546
1319104072645894145
1319103945579630593
1319103313128816641
1319102399450144768
1319102277630808065
1319102240112603137
1319099989323173888
1319099773455093764
1319099744233361408
1319363553057452038
1319363142267318273
1319363100068511744
1319363002496331781
1319362581279182850
1319361786609586176
1319361693412184065
1319361489396969472
1319360840764710918
1319360703136976897
1319359866842935296
1319359725658570763
1319358844175343619
1319358758192095232
1319358249120956418
1319357859285483520
1319357370590527489
1319357222183460864
1319356928049532937
1319356854359724032
1319356804225241090
1319356485156130817
1319356144662597634
1319355407568162817
1319355204840624129
1319353568625893376
1319353028265336832
1319351885711724545
1319351583294001152
1319351451160895488
1319350610072723456
1319350222561095689
1319349425093922817
1319349331745476614
1319348264680984576
1319348000552935424
1319347879425835008
1319346139812933632
1319345371060076549
1319344913113403392
1319344441325400065
1319344374703099904
1319343000267403265
1319342920470847490
1319342080297238528
1319341675106414594
1319341333883113479
1319341022086893569
1319339430516314117
1319339212559273984
1319338172178788353
1319338124447780867
1319336476841267201
1319336326702006272
1319336118878257154
1319335611334012931
1319334915670822912
1319334472119091202
1319334312433647623
1319334079838507008
1319333219444183040
1319219043463618561
1319218915042611206
1319218675388469250
1319218141847818245
1319217702662189061
1319216346228494337
1319216342659194880
1319216280512102402
1319213891931590656
1319213391303577602
1319212804579143682
1319212469223628800
1319211774864863232
1319211687648595968
1319210905138122754
1319210329461719046
1319209845199933441
1319209512126025728
1319239103054073858
1319238931070787584
1319238061805322240
1319236450697838592
1319236188000182272
1319235971666210817
1319234734803853315
1319234260667019264
1319234182665674754
1319233119560462336
1319233050627198976
1319232488103960578
1319232064407961600
1319232015271677953
1319231787575529479
1319231769711943680
1319229835345039360
1319229491877679104
1319229244665282560
1319229061693059073
1319228861893181440
1319228158726426625
1319227619003518976
1319225715095724033
1319225469921861633
1319225202052575233
1319224410394382336
1319224262180429824
1319224085256298500
1319284862377836546
1319284515014012929
1319283303338242050
1319282528457420801
1319279281936060419
1319278961201803266
1319278625003204611
1319278425677287426
1319278363408650242
1319277761609912320
1319277479572373514
1319277154362740736
1319276851735351299
1319276804100636672
1319276469411983363
1319275642249121797
1319275525710307329
1319275369132814342
1319275011551547393
1319274832979136515
1319273732511129603
1319273045551271936
1319272996528254977
1319272428023918593
1319272340853641216
1319272274566938628
1319271520116461570
1319270332822409218
1319270157592580096
1319083403619135488
1319082570961866752
1319082423267823618
1319082291503656960
1319081866964750338
1319081676341870595
1319081587548561408
1319081464827269121
1319081093891383296
1319081089839861761
1319080426728804352
1319080044493303809
1319079060757188609
1319079038149890053
1319079034211471362
1319077851686031360
1319077044240715778
1319076039398723586
1319075720610648064
1319075520819101702
1319075429781630976
1319075249921708033
1319073892443574275
1319073655746404352
1319073283539668992
1319073208625147910
1319072619992408065
1319072023247728640
1319071612264656898
1319070986847793154
1319070870749532161
1319070089988145157
1319070039480422401
1319070016566972416
1319069092939255809
1319068785299623937
1319068428670521344
1319068393983574017
1319067961223712774
1319067851098042370
1319067767656665091
1319067499581763584
1319066378184380417
1319066143588519936
1319066116824518656
1319066023039922178
1319065941884403712
1319193142965506048
1319191151748984833
1319191002330980355
1319190745161449472
1319190599161901056
1319190577938944000
1319190469553704960
1319190354667524096
1319189981831794690
1319189054613721089
1319189006844874754
1319187180762374145
1319186592678854656
1319186211316039680
1319186195545546752
1319185245980282882
1319185067575447552
1319184107520315393
1319183310732423169
1319183017760464896
1319182453496565760
1319182068492963841
1319181798576971776
1319180892263374848
1319180686411091970
1319180293576638464
1319269428954124288
1319268650134736896
1319268512506970112
1319267921957392384
1319267511733571585
1319266706620141569
1319266547148402689
1319263776659722242
1319263373813411842
1319262980278767619
1319262896476594176
1319262736262569989
1319262275820191744
1319260712313769985
1319260222435840000
1319259803856834562
1319259419620892673
1319259285856071680
1319259259926839298
1319258701212098562
1319257972955074566
1319256980574380035
1319255697771593728
1319254876120113153
1319161801997647874
1319160444255227905
1319159162304081920
1319158657871822848
1319157410863300613
1319156504419692546
1319156272894193666
1319155654356074496
1319155105673826309
1319154917408342017
1319154722381557760
1319154636461207553
1319154430202302466
1319154011157766145
1319153989447868416
1319153565722497025
1319153111177465857
1319153099928317952
1319152788555825153
1319152586679832577
1319152341782704129
1319151533142007808
1319151429517414400
1319151428292653056
1319151040449708032
1319150933629165568
1319150239509565440
1319149894838460416
1319148200931057665
1319147361403191296
1319147154330537989
1319409465582637057
1319409359730974723
1319408986005803008
1319408737031946242
1319408124860612608
1319408117151531008
1319407695590531073
1319407048061313026
1319406994109812737
1319406943706976257
1319405698581757952
1319405170686627840
1319404413455339520
1319403384533864449
1319401867558998016
1319401440251506688
1319401400695226370
1319400573381259265
1319399486037393409
1319398986290253825
1319398669423157248
1319397626832252929
1319395736761606144
1319395361035751424
1319425206264496129
1319424493564067840
1319424388341456896
1319424201653145600
1319423942180954113
1319423886002356224
1319419708790116352
1319419683355938816
1319418326766948353
1319414403767390208
1319413984584486912
1319413461504397312
1319412523427311618
1319412491957555207
1319412285174124550
1319412252684976128
1319412115237646337
1319411990125752321
1319411686445666313
1319411539661770758
1319411221960032257
1319177168534994944
1319176563947175936
1319176342982873088
1319176114963685376
1319175902211809281
1319174900263784448
1319174483551440897
1319174298356121600
1319174017849397248
1319173161355677696
1319173037007273984
1319172975090790401
1319172362818945024
1319171631990906882
1319170600796082176
1319170513630040066
1319169844244369408
1319169801579864064
1319169534301962240
1319167595094953984
1319166689267810306
1319166417015611392
1319166300103401472
1319165684413165569
1319164843362930688
1319164821594624001
1319164775574667264
1319164336837832706
1319164115856732161
1319163783827238914
1319163560941924357
1319163383262765056
1319163332977283078
1319162992718561281
1319162899844222977
1319162079685840897
1319394168435806208
1319392834735124481
1319392459848384512
1319392416663695360
1319392094029377536
1319391404355796993
1319391101451685889
1319390456476815360
1319389497554096128
1319388452677443585
1319387621135503361
1319387579716960258
1319387508967272448
1319387368856539136
1319386903322480640
1319386686128852996
1319386338244894726
1319385833443631109
1319385659006595072
1319385552429383680
1319385169271255040
1319385163789443077
1319384835622830082
1319384781369606144
1319384729854959616
1319384600062296065
1319384469480984577
1319384306498895872
1319384070036414464
1319383837281931264
1319383787961188358
1319383772727398400
1319383761360949255
1319383595493085185
1319383305511407616
1319382956285317120
1319382597898801157
1319382382957547522
1319382077721239552
1319381764486221825
1319380534217347076
1319379741653241856
1319379468302098432
1319379384327933968
1319378901634777089
1319378293196509185
1319378184333369344
1319377892984426496
1319376065031176192
1319375787859054603
1319374789056802817
1319374328996057088
1319373436167294976
1319373393565831169
1319373240062672896
1319372971471929344
1319372783759978496
1319372463327895565
1319372020568805376
1319371813252718610
1319371501695623172
1319371315543969793
1319371275408568320
1319371138493972483
1319371096676880385
1319371071657701376
1319370951948107776
1319370951360868353
1319370419401523203
1319370369531179008
1319370229743484929
1319370217852723203
1319369742675775493
1319369285496602624
1319369149420888081
1319368054644658184
1319367783562530816
1319367770346323968
1319367130383413248
1319366748928237568
1319366722202251264
1319366715109670913
1319366594934546439
1319366282366517248
1319365888605257729
1319365733952925697
1319365664340086787
1319364571975585793
1319364378626502656
1319363887238729729
1319254279715213313
1319252801399279616
1319252735095615488
1319252466140065792
1319251739539890176
1319251222231207937
1319249182331424768
1319248849702105088
1319248809172631553
1319248720504844288
1319248614179377152
1319248466141454336
1319248366262366209
1319248282573402112
1319247018179657728
1319246525294350339
1319245945834508288
1319245670918705152
1319245303204073473
1319245208698064900
1319245200766631936
1319245018180222979
1319244933207789569
1319244684443738113
1319244514880573440
1319244336505233409
1319244218431426560
1319243240785252353
1319243014330552320
1319241871579893760
1319241847445671937
1319241348294217729
1319240863634128896
1319240730687098881
1319239445367894016
1319146147848409090
1319145872857296901
1319144729150427141
1319144568873340929
1319143408003387392
1319142584585916418
1319142546208182273
1319142360660533249
1319142319996612610
1319141746689921024
1319141561230307329
1319140567138377728
1319140554756685825
1319138864137555968
1319138497249202176
1319137579107831809
1319137470156591104
1319137311997779968
1319136972963778561
1319136191610929152
1319135401148252161
1319133508657238016
1319133488755339264
1319133414306377730
1319132928807493633
1319132699190349824
1319131889173630976
1319098680809541632
1319098671657529344
1319098451934720000
1319098436067667969
1319098182580789248
1319098158962663424
1319097873414447104
1319096143658151936
1319096056769019908
1319130406566850560
1319130194884452352
1319129840356712449
1319129838326693888
1319129423476527105
1319129299216224256
1319128793160667136
1319128714815262720
1319128070268178433
1319127609247109120
1319126959062827008
1319126641591808000
1319126465200508930
1319126276091924480
1319125663761268738
1319125575953514497
1319125464770736128
1319124588765212675
1319124360225902592
1319124175001300992
1319124053773279232
1319123932302266368
1319123598880034817
1319123379119517698
1319123174127210497
1319122420851159040
1319121551959076870
1319121220739174400
1319120992111742976
1319120780551196673
1319120612531576833
1319118595247439873
1319118200768847873
1319117958908538881
1319117212540563457
1319117189274882048
1319116450116767744
1319115672505417728
1319115527890046976
1319115525612576769
1319208758812282883
1319208509808967682
1319208231957311488
1319207730377314305
1319207515750567936
1319207026795421696
1319206588826198016
1319206384228061185
1319204487009988608
1319204055307194368
1319203301569671168
1319203271605735424
1319202905895936000
1319201267843956737
1319201219110342656
1319200795645018112
1319199513920393216
1319199483394199552
1319199390398091265
1319198030969655297
1319197371050446848
1319196788750872576
1319196021377748992
1319195899390693378
1319195546884534272
1319194665472520194
1319194365839933442
1319224001353269249
1319223843639169024
1319223722817904640
1319223540227444737
1319222556113530880
1319222437213421569
1319222155440234497
1319221593944461313
1319220646518378497
1319220384449794048
1319219979141533696
1319219350964817921
1319219182773305344
