1324040114205532161
1324039889327919105
1324039860525715457
1324039799402078210
1324039790187065344
1324039347553947652
1324039334345912320
1324038922687664129
1324038920619892739
1324038907713912832
1324038800033652743
1324038716185346048
1324038569464418310
1324038564934541324
1324038449398272003
1324038375045648385
1324038285790973952
1324038235245498369
1324038165842305024
1324038125946052610
1324038085966024704
1324038045348233216
1324038017514917889
1324037960858103808
1324037953052692480
1324037936409620482
1324037718662328322
1324037474704830466
1324037399828201473
1324037379007696896
1324037374343602176
1324037303740833794
1324037266780557312
1324037258962489346
1324037240029245440
1324037189525741568
1324037164095721472
1324037130541277185
1324036937733255169
1324036922214211584
1324036856586018816
1324036851523588096
1324036806678118400
1324036756820418562
1324036747320193025
1324036713078001664
1324036613576380417
1324036537793847298
1324036483792199682
1324036431543640069
1324036383762272257
1324036287272308740
1324036280385212425
1324036181944840195
1324036173535338498
1324036086738333698
1324036084309741568
1324036040756137984
1324036037920763904
1324035962872033280
1324035918970425345
1324035914897772545
1324035899605340160
1324035772236791808
1324035722521751554
1324035647628288001
1324035510302580736
1324035471853395971
1324035471022956547
1324035443139112960
1324035343595708416
1324035265971838978
1324035205745827853
1324035183759286273
1324035181376868356
1324035178050785282
1324035171713273856
1324035078549311491
1324034988552019968
1324034934231736322
1324034736633847809
1324034686281228297
1324034496824422401
1324034483629236225
1324034437697335296
1324034400141611008
1324034323759075332
1324034039506980865
1324034020863315968
1324033840529199105
1324033828453715968
1324033767284027394
1324033648425897987
1324033542238670849
1324033444096126976
1324033272620453891
1324033256635944960
1324033248666800128
1324033228076961795
1324033184359735297
1324033109721972742
1324033077941833728
1324033074234036229
1324033046820147204
1324032871003205635
1324032709212180480
1324032584297447425
1324032569667706880
1324032462511624193
1324032430907555847
1324032344404250624
1324032122722668553
1324031985728299011
1324031705662033925
1324031635910778880
1324031468516106242
1324031459212943365
1324031164684898305
1324031140206837760
1324031007431995392
1324030930349133825
1324030880545972224
1324030825126600704
1324030775487062020
1324030531307261952
1324030461929230338
1324030359927955458
1324030352600506368
1324030237215260674
1324030214557601797
1324030198388609027
1324030106256302082
1324030052414054400
1324029973636763651
1324029852375228419
1324029697634770944
1324029695046885376
1324029608090460162
1324029521624993798
1324029513601216517
1324029501106368512
1324029412212383750
1324029066790404096
1324029025023631360
1324028927388442624
1324028887681171460
1324028824556691456
1324028816528969728
1324028812741480453
1324028632214491136
1324028377767006209
1324028225601810432
1324028140981833731
1324027955278852096
1324027946428997633
1324027916137730055
1324027856473804800
1324027854686806016
1324027812068679680
1324027764228395008
1324027761342767107
1324027497713946628
1324027407611908104
1324027389714857985
1324027380743213056
1324027207543652353
1324027186328805376
1324027182965051393
1324027102857818113
1324026930060910593
1324026832711229441
1324026774968279042
1324026677886857220
1324026604205559808
1324026441181351937
1324026430758420480
1324026380061999104
1324026297773772800
1324026240035131397
1324026167209402375
1324026029707583489
1324025957318086657
1324025819149312000
1324025644750024704
1324025618917457920
1324025593931976704
1324025562160074758
1324025502923919360
1324025487711232004
1324025474318770179
1324025396514426882
1324025111943516161
1324025036173434884
1324025025759006722
1324024839749869570
1324024524778733568
1324024407149469699
1324024310382665732
1324024232905449472
1324024142665076738
1324024137807925249
1324024038230945793
1324024000931049474
1324023944853278720
1324023907532374019
1324023863588651011
1324023679756492800
1324023626602029056
1324023566120046593
1324023510579204097
1324023421475475456
1324023130990530562
1324022944478175234
1324022900186357760
1324022868418744323
1324022823011180549
1324022767151403010
1324022634095513601
1324022554953240576
1324022541078462465
1324022400439197699
1324022360882765828
1324022090601762818
1324022068833374208
1324022053121466369
1324022036029755393
1324022017348136960
1324021902709530625
1324021733335195650
1324021603248840704
1324021531173965826
1324021521002778625
1324021145524457472
1324020952905191424
1324020654694424576
1324020420803063810
1324020372048629760
1324020367803994113
1324020354155765765
1324020318353137666
1324020032301604867
1324019964517470208
1324019927322304515
1324019865594810372
1324019788063010816
1324019476082339841
1324019416229699584
1324019308264083456
1324019173920514048
1324019131469975555
1324018770218606593
1324018720298180611
1324018397550620677
1324017886403461132
1323782668606042112
1323782667389837315
1323782598271946762
1323782455497838592
1323782314392956929
1323782169265885184
1323782036788838406
1323782008838017025
1323782004622721027
1323781993792966656
1323781785721790464
1323781575364866050
1323781551839215618
1323781504938479620
1323781470951862272
1323781423501840385
1323781396561887238
1323781372448804866
1323781257684262913
1323781172950949890
1323781136586174464
1323781117682589696
1323781092843966469
1323781049432842242
1323780777113505793
1323780768397709313
1323780695383142402
1323780682913636352
1323780637401243648
1323780567943553025
1323780536679227394
1323780487635152898
1323780426524053504
1323780358958157825
1323780308882411520
1323780280436563970
1323780269913083904
1323780222521626625
1323780206247600128
1323780205094281217
1323780201990541313
1323780137591148547
1323780059870748675
1323779939351420928
1323779885030993922
1323779862012874754
1323779861341741056
1323779757255888896
1323779749022371841
1323779650544406530
1323779621440151555
1323779504813207552
1323779476971466757
1323779421686263811
1323779307458777088
1323779267906469888
1323779248197410817
1323779232535924736
1323779141263646721
1323779140886106113
1323779045876736000
1323778810265948169
1323778737335250944
1323778571173830662
1323778542367363072
1323778507512729601
1323778500491358214
1323778478194495488
1323778469789110273
1323778468702789632
1323778265434202118
1323778261328027648
1323778121095553024
1323778119635996677
1323778026564472832
1323777980846362624
1323777948248428544
1323777931659911168
1323777910596055040
1323777869332426752
1323777824608702471
1323777696091033602
1323777464510894083
1323777348282523652
1323777191478403072
1323777127662190592
1323777069629648896
1323777019788800002
1324124163620118530
1324124124999012356
1324124079226527746
1324124065146306560
1324123823227179015
1324123818806243330
1324123794722615297
1324123559367593986
1324123557471817728
1324123557291610112
1324123201488695296
1324123036396802052
1324122941735362560
1324122782859485186
1324122729583443970
1324122700000841728
1324122583038595072
1324122581453148161
1324122494886924288
1324122489245618178
1324122199264010242
1324122094515425280
1324121860187983877
1324121828005048320
1324121772069949454
1324121677417033728
1324121667682140160
1324121637613174785
1324121626875580417
1324121590708293632
1324121521741164544
1324121265251225600
1324121036657467392
1324120978247553024
1324120921494319104
1324120892704759808
1324120693592739841
1324120690610606082
1324120602060460032
1324120595689312258
1324120393460948993
1324120304365539330
1324120185238884352
1324120081534767107
1324120014492999681
1324120002732195840
1324119566033784833
1324119508097880064
1324119276693843970
1324119230766145537
1324119190362443776
1324118950351982595
1324118870035234816
1324118784832143368
1324118753559351296
1324118704548909056
1324118570385739777
1324118431474589704
1324118417050341379
1324118326893780992
1324117833735938050
1324117795525824514
1324117681323257860
1324117672934674440
1324117613287559169
1324117022817554433
1324116917318201346
1324116662728183808
1324116658164797442
1324115961272848384
1324115745274429440
1324115417292541959
1324115351177744386
1324115286048624642
1324115172861071366
1324115084994613248
1324114780496502785
1324114396084359170
1324114215540559874
1324114104148217857
1324113791798431773
1324113638114926596
1324113618489790465
1324113404680982531
1324113352461852677
1324113327904165893
1324113205074006017
1324113086870114309
1324113057900093440
1324112964430024704
1324112918284242944
1324112857231880193
1324112800319418368
1324112797169573893
1324112706333478919
1324112659403411458
1324112585222950914
1324112559138656259
1324112470445858816
1324112208226357248
1324112190538883072
1324112186789273600
1324112076483162113
1324111965808218116
1324111944576651268
1324111893540339712
1324111799915040770
1324111622269448193
1324111071452504064
1324110994638032898
1324110975277125643
1324110953521229824
1324110843093671936
1324110814618427392
1324110716790579201
1324110662835068928
1324110121316831232
1324110051905359873
1324109901212299264
1324109719657713664
1324109582000672770
1324109165036408832
1324109072212393984
1324002215686819848
1324002205104525313
1324002203812716544
1324002165225082884
1324002148628209664
1324002132048011265
1324002011302359040
1324001883208388609
1324001857019224065
1324001855748272128
1324001804485615616
1324001800006098945
1324001787075059712
1324001639158681608
1324001634800775171
1324001607839723520
1324001512012484609
1324001477329932289
1324001233393233920
1324001223637405698
1324001223276724224
1324000892329332736
1324000882250244101
1323983869264175104
1323983602061725696
1323983543307915264
1323983532331618304
1323983395983183872
1323983380787154944
1323983329063018497
1323983120014712836
1323983087903019008
1323982838559993857
1323982818788126720
1323982800102588417
1323982798856871936
1323982755298910210
1323982725146013699
1323982700688990208
1323982325248532480
1323982104196194304
1323982088442294275
1323982031274070016
1323981913380528129
1323981698120507392
1323981681502670849
1323981591203487744
1323981556533366784
1323981522903457792
1323981522232315904
1323981432142893056
1323981178035007491
1323981139137224706
1323981119478501377
1323981091766763526
1323980969632845826
1323980889362104320
1323980867375570944
1323980785641283584
1323980737616453632
1323980726572703744
1323980578404798464
1323980551540428804
1323980533211131907
1323980481608753159
1323980120441430024
1323980090997272576
1323980010793959425
1323979977847640064
1323979930145837056
1323979910009004033
1323979891994492932
1323979873917030400
1323979850613313537
1323979779503259651
1323979694396575745
1323979672154230787
1323979584371675145
1323979571650351104
1323979534010589185
1323979514695876615
1323979310814953473
1323979202224336897
1323979191893872640
1323979152974893057
1323979149418090498
1323979145265750018
1323979095894564864
1323979086117654528
1323979063187460098
1323978972254920704
1323978966265454592
1323978877744525312
1323978744567078914
1323978212213432321
1323978180278050816
1323978156097871873
1323978078369075200
1323977864560168963
1323977855919919104
1323977713435185154
1323977583856390145
1323977369107996674
1323977295871111169
1323977173431177218
1323977099498147842
1323976899484405761
1323976864805711874
1323976781163122688
1323976542482014210
1323976367617298434
1323976242824097802
1323976239980384264
1323976199622840321
1323976179708268547
1323975955526934529
1323975945083064322
1323975888715894784
1323975883590303751
1323975822097764353
1323975696025178113
1323975668443566080
1323975581109727235
1323975572624691200
1323975490961625088
1323975436582440962
1323975304730320897
1323975269238099975
1323975199121903619
1323975130142461952
1323975098966052864
1323975056846921729
1323974993441677313
1323974949984350208
1323974894338494465
1323974520571645953
1323974180384092162
1323974130153197569
1323974118484619273
1323973802401976325
1323973760395939846
1323973579759853570
1323973511422091267
1323973412432289793
1323973394900099077
1323973276151042049
1323973086970957824
1323972895173799937
1323972639245873152
1323972599160934401
1323972412317310977
1323972342620577795
1323972327705595906
1323972314892034054
1323972117143146498
1323972028030951424
1323972002428932097
1324047722689843205
1324047537024749568
1324047371118981121
1324047370456281089
1324047220832980993
1324047065077436416
1324047011067428867
1324046993002385408
1324046880569962496
1324046730594258945
1324046512263958528
1324046471797366785
1324046363693383682
1324046310996168707
1324046213663043586
1324046213046509571
1324045998122029059
1324045994003226625
1324045984578605056
1324045839271120909
1324045772304896003
1324045661822722050
1324045513323413505
1324045404644794376
1324045336231424000
1324045316476338185
1324045194266890241
1324045160859262978
1324045133759893505
1324045085105917952
1324044874576990208
1324044843933409281
1324044803127070723
1324044641579245569
1324044632808894464
1324044569181327361
1324044567273000965
1324044541112930304
1324044391321870336
1324044221456801792
1324044172135784448
1324044138392834050
1324044091055693825
1324043955051245568
1324043920771371009
1324043909593485319
1324043752491622406
1324043735806652418
1324043695805681668
1324043650154811392
1324043613546942471
1324043243500244994
1324043242510426112
1324043059458379778
1324042972606902272
1324042938507251714
1324042924347199491
1324042917309239299
1324042756604502016
1324042691827609601
1324042564614332416
1324042376688603141
1324042326046507008
1324042220585000961
1324042100242042880
1324042077714305024
1324042065030782977
1324042008533544961
1324041968691879938
1324041943689691136
1324041878745042948
1324041873531588609
1324041768816529409
1324041763707850752
1324041675229057025
1324041669503832066
1324041461491523584
1324041436438822912
1324041270491291648
1324041250870362121
1324041234453794816
1324041192762462210
1324041115679531008
1324041111548108800
1324041059240878080
1324040995420463110
1324040962834755584
1324040868194603010
1324040822820536320
1324040766625247234
1324040727500709888
1324040710664892420
1324040672530341888
1324040598437974018
1324040426110832642
1324040404061224960
1324040298239037443
1324040267771617286
1324040177313058826
1324040140285710338
1324040115090587651
1324139321897541632
1324139195410096138
1324138481497636865
1324138309921214470
1324138147693907969
1324137986997448705
1324137957633134594
1324137865031290881
1324136618148556802
1324136327433039874
1324136077595127810
1324135841007128581
1324135557157408769
1324135310553419777
1324135287035932672
1324135073168400385
1324134978595246080
1324134866057908226
1324134572276113408
1324134554286870532
1324134472116293632
1324134440197607424
1324134298887348225
1324134152082493440
1324134147544223746
1324134093756473351
1324133712750063616
1324133466401746945
1324133439747067907
1324133387376988160
1324132139978412032
1324131846876258306
1324131448186638338
1324131319840989184
1324131280435511298
1324131137162158080
1324130589176455171
1324130423736213505
1324130369466208257
1324130031199801350
1324129740442103808
1324129690567741445
1324129488196767744
1324129188148768769
1324129187536490501
1324129005575032832
1324128804172926978
1324128517882322951
1324128507019055105
1324128505576108033
1324128471958913025
1324128366606184448
1324128166349312000
1324128128332111872
1324128018827251712
1324127471961255936
1324127316302155777
1324127192582922242
1324126986822967301
1324126922092269568
1324126896595128320
1324126858330447873
1324126756039774208
1324126658203389956
1324126505333673984
1324126472374677504
1324126397376331776
1324126180069543937
1324125908417040384
1324125838405636096
1324125832340754432
1324125824627269633
1324125703051227137
1324125436620673024
1324125409756114944
1324125278793129984
1324125223034245126
1324125187625918465
1324125150430732288
1324125118998573056
1324125062010720260
1324124998194389002
1324124995686051841
1324124987767345153
1324124911854649344
1324124858498777091
1324124770175049729
1324124658325725186
1324124580529598464
1324124568580182018
1324124502402519041
1324124388627763201
1324124339940204544
1324124237041344512
1324124228455714816
1323987033354850305
1323986940283244545
1323986733453742081
1323986666197905409
1323986553660608512
1323986527601496064
1323986380427415561
1323986331370950657
1323985974150504452
1323985915732254725
1323985866851672064
1323985833104465930
1323985646009098240
1323985579172941824
1323985504451366914
1323985489549033476
1323985420481429505
1323985369960980480
1323985336960196608
1323985121201053696
1323985119116464128
1323985066066808832
1323985036639698944
1323985020135026693
1323984758892826624
1323984698557796352
1323984658200080386
1323984650784645121
1323984558447120385
1323984445586710529
1323984329538740230
1323984256457089025
1323983975820464128
1323983879171153921
1323813899226009601
1323813830984519680
1323813426569728001
1323813012516601861
1323812904450359297
1323812631350702086
1323812440417673219
1323812392690720768
1323812166445785094
1323812054369734656
1323811966054522880
1323811897230110720
1323811130674991109
1323810927733624835
1323810278388060160
1323809903929163776
1323809784328450048
1323809772936724480
1323809729110528001
1323809700496973825
1323809551729238017
1323809349223944193
1323809346623541248
1323809268362104832
1323808760268279808
1323808671185301504
1323808621009002498
1323808260219166720
1323807943855398914
1323807747645698048
1323807681073844225
1323807451221688320
1323807431781240839
1323807222242156545
1323807125030752258
1323807056806191104
1323806977391120384
1323806877919174656
1323806832608030720
1323806638445367296
1323806313391050753
1323806124387241984
1323806122420166656
1323806112655667201
1323806024332054529
1323806023447154688
1323805918258147328
1323805797701218304
1323805754894225408
1323805716096823297
1323805592780156931
1323805547016024064
1323805482922827776
1323805399821164544
1323805306833362944
1323804632787767296
1323804604845432833
1323804260501491714
1323804163608924160
1323910865536667648
1323910435247169536
1323910414485331969
1323910197220429826
1323910032518488065
1323909888364347392
1323909809557721089
1323909585254584320
1323909541621338113
1323909307847553026
1323909193716256768
1323909119254831105
1323909029157085184
1323908873258872832
1323908780589903872
1323908659215216640
1323908643666993154
1323908608246075392
1323908500305649665
1323908486330159105
1323908438439636993
1323908340657782784
1323908122512076800
1323908052727201799
1323908016178139137
1323907845675503616
1323907560806649856
1323907547305283585
1323907486038982656
1323907327309787136
1323907081347485696
1323906999051030528
1323906991270612992
1323906701637128192
1323906492030840836
1323906451794993153
1323906431242952706
1323906307146043394
1323906259725275136
1323906189936263169
1323906152204259328
1323906151847702534
1323906105303539713
1323906009698619392
1323905699546542080
1323905687060172801
1323905557691047936
1323905315486793728
1323905239330754561
1323904850338471939
1323904651293560832
1323904638844866561
1323904605529403392
1323904388109344768
1323904350117371905
1323904287815118848
1323904229916946432
1323903981245079553
1323903926492516352
1323903921090416640
1323903809303830528
1323903795101900802
1323903647995092998
1323903335733231616
1323903262479785985
1323903067926990848
1323902935626035207
1323902877543354369
1323902647477424130
1323902583325528065
1323902470163148802
1323902444661854208
1323902120064593921
1323902083674873856
1323901891785338880
1323901779977949184
1323901768863023105
1323901660658368512
1323901491749572608
1323901301005164553
1323901195509878786
1323900797147557888
1323900640934957057
1323900514090758144
1323900482369236993
1323900410667610112
1323900161354072065
1323900108283342848
1323899996119420930
1323899761016098816
1323899726538936320
1323899705873629191
1323899573249679360
1323899509009690624
1323899396250128385
1323899149650186240
1323899137172115456
1323899057933344771
1323898774671052800
1323898637928275968
1323898618101833729
1323898277348204544
1323898204828635136
1323898160499036162
1323897890234867714
1323897866746798083
1323897809670610946
1323897741240635393
1323897613607936001
1323897518820917249
1323897188829847553
1323896945610510337
1323896748268384259
1323896616135380995
1323941220121485315
1323941051946602496
1323941047756496896
1323941013908586496
1323941006341976064
1323940743807787008
1323940455956901888
1323940259667738624
1323940254697558016
1323940247382740992
1323940189044011009
1323940179971870722
1323940147835129857
1323940062015442946
1323940038929911809
1323940016985432064
1323939935519473665
1323939887511470080
1323939875616337920
1323939837712498690
1323939808553668608
1323939725225451520
1323939724776644611
1323939628110536709
1323939565908889601
1323939532576714754
1323939478906482688
1323939438582521856
1323939390310240262
1323939212475990017
1323938926659325953
1323938841485582336
1323938613638406144
1323938607451701248
1323938507656712192
1323938287107534849
1323938170564587523
1323938101132206081
1323937969452048385
1323937832809996288
1323937808302678017
1323937716694880256
1323937565058236418
1323937556011061249
1323937490969874435
1323937321356591107
1323937144965124098
1324057255084466177
1324057219277578240
1324057047818739713
1324056838309072898
1324056786979217408
1324056770420027394
1324056639197138944
1324056581106028547
1324056285378129922
1324056262322147335
1324056139189932034
1324056127047421958
1324056104037474310
1324056099033554944
1324056051944198144
1324055901393870848
1324055888047452160
1324055786855796740
1324055760322650112
1324055732183060480
1324055671621517318
1324055669507575814
1324055666995142662
1324055588133888000
1324055475831398406
1324055109983240194
1324055043117621248
1324054968773521415
1324054914478141442
1324054903241789447
1324054899047346177
1324054852935262208
1324054810241413120
1324054784073179137
1324054781086834688
1324054701881593857
1324054518594736128
1324054437720170496
1324054384066650113
1324054313195372545
1324054213954031616
1324054157070897154
1324054112871325696
1324054110639951874
1324054098333884417
1324054003425136640
1324053944142721026
1324053939826921474
1324053918716973056
1324053833379622914
1324053620833267715
1324053563618766848
1324053507733966855
1324053492894519297
1324053461193969664
1324053337881350148
1324053333615804416
1324053283456098309
1324053278049579008
1324053220742889478
1324053211578204160
1324053144595238917
1324053107983134726
1324053074688778240
1324053040316534785
1324053010566270984
1324053005172412419
1324052988990836736
1324052936222146561
1324052888759525379
1324052855947436032
1324052835017764866
1324052764046118918
1324052755435163653
1324052584898928651
1324052554590859265
1324052397371596800
1324052387909218308
1324052376538546182
1324052374500069379
1324052295219355653
1324052248062775296
1324052243688103947
1324052012246335488
1324052002360483841
1324051917631348736
1324051896043266051
1324051837062946816
1324051682561560579
1324051650412191744
1324051641318998017
1324051632389300224
1324051356441808898
1324051309969002496
1324051268185174016
1324051254084063234
1324050983140397059
1324050945781780480
1324050897106849797
1324050796078637057
1324050708593823751
1324050626301616134
1324050592042487808
1324050402162188289
1324050400895488006
1324050203004030980
1324050150658990080
1324050078416457729
1324049982144524296
1324049879304470528
1324049797569933313
1324049794889900032
1324049779203125256
1324049713302294529
1324049615243673600
1324049581135507456
1324049138787454978
1324048999909904392
1324048959036379137
1324048786050715649
1324048559042400257
1324048464121155585
1324048415555264512
1324048296457981957
1324048187129298952
1324048092002459650
1323956391103651840
1323956364842987520
1323956298606645248
1323956153026453505
1323955882158444545
1323955824763441153
1323955720136654850
1323955623344701441
1323955622308700160
1323955485200904193
1323955414203985922
1323955384428695558
1323955306175541249
1323955199900307456
1323955198436540416
1323955198008545282
1323955091515191297
1323955025379495937
1323954949651374080
1323954911541940227
1323954688467849221
1323954642284351488
1323954630934568960
1323954516505538561
1323954469529440257
1323954391372759042
1323954068931416065
1323953950094172160
1323953709991272449
1323953464108556289
1323953461080190976
1323953302757920768
1323953295996690439
1323953278808412160
1323953215763828736
1323953179285999618
1323953119332605952
1323953042048372736
1323953022783823872
1323952954920062976
1323952938948218880
1323952860724342785
1323952858056720384
1323952659708063744
1323952645795557376
1323952627873271809
1323952571954855936
1323952434222387201
1323952432645373956
1323952240038731777
1323952205800550402
1323952204492005377
1323951923729498114
1323951811401842688
1323951626802012162
1323951508203995136
1323951506807164934
1323951405665832961
1323951138174046208
1323951127218577409
1323950962059497473
1323950869654720512
1323950785189892101
1323950726070980608
1323950699642789889
1323950617874833408
1323950534152376321
1323950358897582080
1323950258502717441
1323950236893618176
1323950100758978561
1323949874770022402
1323949555164057601
1323949550147653632
1323949546192347136
1323949373089349633
1323949238468968449
1323949186627284992
1323949186237272066
1323949121430937600
1323949084189822978
1323949040887803904
1323949034936127489
1323948966896193537
1323948949313626113
1323948936202211328
1323948862042738689
1323948836927098881
1323948775543611392
1323948305529905152
1323948165305786368
1323948163305140224
1323948110914101250
1323948023051964416
1323948012054450176
1323947944949796867
1323947787604664322
1323947679869767681
1324097715995873283
1324097667182546946
1324097636744519682
1324097625524633600
1324097622018297860
1324097618595688448
1324097431634612225
1324097402299703297
1324097231453102083
1324097097617035264
1324096999885623298
1324096828619542531
1324096822290374657
1324096715293556736
1324096668460089345
1324096630388367365
1324096625531330560
1324096522909323268
1324096430995349506
1324096383490629634
1324096340431794176
1324096234320285702
1324096204419092481
1324096110344970241
1324096097590140929
1324095696987951107
1324095604088283138
1324095361175179267
1324095310948229120
1324095107650473986
1324094964725358593
1324094956219305985
1324094912464363520
1324094753256939522
1324094591356837891
1324094435794296833
1324094384556642316
1324094224984363008
1324094179195129860
1324094138321674247
1324094090187808768
1324094063658881024
1324093682346348544
1324093615984005128
1324093544899006465
1324093527119306752
1324093522635612167
1324093484781998080
1324093421951328259
1324093325046128641
1324093322688753664
1324093320616943617
1324093313335599105
1324093310886170625
1324093309673943050
1324093284814331904
1324093242141495300
1324093168808321025
1324093159551471617
1324093135560081414
1324093102894780417
1324093005230460928
1324092956278665217
1324092897743044609
1324092891774570498
1324092862984790017
1324092847189073920
1324092788410036224
1324092687365132288
1324092592129249280
1324092483932987396
1324092347370622983
1324092343889334275
1324092327586107393
1324092256903716865
1324092090326941696
1324091896763998208
1324091884655038464
1324091877059153923
1324091868766969867
1324091736315072512
1324091732544409601
1324091710406799360
1324091498628042758
1324091498313515012
1324091418319691776
1324091411919179776
1324091392918999040
1324091383406383110
1324091349856145409
1324091217328656386
1324091176165822464
1324091176144818179
1324090961270575105
1324090943230922755
1324090874133946372
1324090822447517703
1324090782517788673
1324090747180777472
1324090676477386752
1324090640616095750
1324090583145730048
1324090564627861509
1324090548723044352
1324090527243972608
1324090457492606976
1324090410248134662
1324090195331948546
1324090103275409410
1324090085327863809
1324089992147279879
1324089972614418434
1324089971075174400
1324089969842049026
1324089955145129985
1324089927945146369
1324089894612946944
1324089880650096644
1324089864820822016
1324089774018363394
1324089630572965888
1324089535404380163
1324089398229635073
1324089299298668547
1324089188107636737
1324089185087725568
1324089175532974082
1324089131241230337
1324089075389755393
1324089029982257153
1324088895009640449
1324088713350205440
1324088693976666113
1324088636917354496
1324088555237449736
1324088535067090945
1324088498295623683
1324088472722939906
1324088409539801088
1324088355844476930
1324088301897306113
1324088019582881793
1324087997764165639
1324087937286492172
1324087911566987265
1324087902981246976
1324087902389764096
1324087889320443906
1324087803538558984
1324087797876183047
1324087669215952901
1324087654783148032
1324087633618763776
1324087625658126336
1324087564379262978
1324087386473717760
1324087278503776257
1324087259751157762
1324087250045394945
1324087182777180160
1324087115148333058
1324087069665316866
1324087065684942849
1324087013570727936
1324086985984667648
1324086967831810051
1324086889108934656
1324086834411044866
1324086708900560896
1324086689166434305
1324086665921486849
1324086660229902345
1324086621327773696
1324086549714264064
1324086545511555078
1324086467707195402
1324086429404811265
1324086425415987202
1324086351306829825
1324086350904201220
1324086342389813251
1324086328351461377
1324086255987154947
1324086199842148361
1324086190753067009
1324086172591771648
1324086125938593802
1324086076479254534
1324085946816565249
1324085904152109060
1324085888629018624
1324085881469345800
1324085870249521154
1324085844806950913
1324085843833679872
1324085818693242883
1324085818433175552
1324085817174872065
1324085746513383424
1324085733129412616
1324085701416308736
1324085642616315907
1324085639629987840
1324085554120634369
1324085529344966659
1324085494867701762
1324085468619808768
1324085465998336008
1324085429142908928
1324085416522375169
1324017446983028736
1324017170041446401
1324016846157287426
1324016337870532614
1324016244429905921
1324016233902080000
1324016041031335947
1324016018033954818
1324015974920687628
1324015952976093186
1324015914807865344
1324015763649404930
1324015755277590528
1324015654668771329
1324015643897810944
1324015597005406208
1324015530827747330
1324015441216380930
1324015359964389383
1324015257115856896
1324014966454722563
1324014871822897153
1324014765312757762
1324014496193662981
1324014422478696449
1324014393466695682
1324014105104158721
1324014002138218500
1324013988145963009
1324013898220130305
1324013792624316417
1324013789847654401
1324013738110963717
1324013569969541122
1324013475518173194
1324013432312602624
1324013418135904257
1324013212484984832
1324013088430055424
1324012491899285506
1324012463185141760
1324012432772141056
1324012286676242440
1324012272465833989
1324012262131003394
1324012105612189696
1324012078806540289
1324011906198315015
1324011790888521730
1324011756977467395
1324011622860554242
1324011603432480768
1324011547245596675
1324011540685664258
1324011480606416901
1324011448914370560
1324011444099231745
1324010924458598400
1324010882322583553
1324010878388240384
1324010759551131648
1324010705872252934
1324010664290115586
1324010649312239616
1324010596199747589
1324010493988786176
1324010407368007689
1324010393207930880
1324010382072156160
1324010364401582085
1324010315315474433
1324010262261833734
1324010121299595264
1324010114790150146
1324010048532697089
1324009898280144898
1324009827694202881
1324009810883448833
1324009626854166529
1324009610483781634
1324009544557629440
1324009445018472449
1324009325606699008
1324009260825546754
1324009256937545728
1324009108631097345
1324009105787441152
1324009091606433793
1324009057812844544
1324009052318281728
1324009031619518470
1324008931023376386
1324008876786724866
1324008683676860416
1324008633043050496
1324008610993741825
1324008556991930368
1324008527703109633
1324008446631575553
1324008203483566081
1324008104477052931
1324008100211339265
1324007812842901506
1324007809843929088
1324007797982416897
1324007738440060934
1324007453818802176
1324007218220535814
1324007050985308161
1324007022786830336
1324006948510048256
1324006923360980992
1324006915995803648
1324006904172027904
1324006890452537346
1324006766749786114
1324006722571304962
1324006716275642368
1324006674357772290
1324006458409783299
1324006431092334592
1324006337315889153
1324006329711808512
1324006140397543424
1324005981655867392
1324005939435855872
1324005898457653249
1324005762264227840
1324005712750694403
1324005688058777602
1324005591975665664
1324005482261073923
1324005476627931138
1324005444809973761
1324005327138861060
1324005153264095232
1324005094438932482
1324005082019540992
1324004895960133632
1324004888926408704
1324004635649232902
1324004598743552003
1324004510625390593
1324004508045877248
1324004488848437248
1324004278235779073
1324004271461904386
1324004235667755009
1324003958642380803
1324003924932726785
1324003855126925318
1324003806934228993
1324003760998359048
1324003585496129544
1324003564096770049
1324003551455047681
1324003393929646086
1324003363428716546
1324003317899386885
1324003251704995841
1324003187334901760
1324003128061104129
1324002929762836487
1324002929624326152
1324002850175737856
1324002776045752320
1324002759805489153
1324002663680286720
1324002621615603712
1324002506020716545
1324002485187563524
1323819221906841600
1323819103740596225
1323819005669376005
1323818862140444672
1323818785330126850
1323818692531097606
1323818483428347906
1323818453548060674
1323818124676898821
1323817894262710274
1323817603404427264
1323817453827330055
1323817419236872192
1323817413058588673
1323817232871219206
1323817221580156928
1323817174528610305
1323817078353264641
1323816973571104773
1323816853521735682
1323816837881208833
1323816793874587648
1323816787444576256
1323816715004846081
1323816610344349697
1323816606955425797
1323816560939597825
1323816425618837504
1323816317732843520
1323816257192427521
1323816036597116928
1323815890253680640
1323815679967965184
1323815598590185472
1323815483578068992
1323815391219470336
1323815337989754880
1323815123165847554
1323815103821565952
1323815012645834752
1323814998959923203
1323814854021427201
1323814639411613700
1323814363715772416
1323814334712156160
1323947662438092801
1323947645430198279
1323947620310650884
1323947492539510784
1323947350906204161
1323947269570383873
1323947256962113536
1323947081346797568
1323947035758907393
1323946942481641477
1323946885204398086
1323946835862577152
1323946454826831872
1323946437391110148
1323946355522494466
1323946344419975170
1323946246722211840
1323946125888524291
1323946022125608960
1323945891946967040
1323945809696665600
1323945701865332737
1323945525670981634
1323945353620590592
1323945333165084672
1323945313535754245
1323944758247591938
1323944631210487809
1323944513463877633
1323944223775838210
1323944209733226496
1323944092137672705
1323943745834741760
1323943744924651520
1323943513189351424
1323943458223128577
1323943225497964546
1323943215813271552
1323943073366249472
1323942702552141824
1323942464068214786
1323942451812409345
1323942209910005761
1323942203635499008
1323941898680033282
1323941831357485058
1323941526171394053
1323941420579885063
1323941354909683712
1323804099893170178
1323804076811915266
1323804051230744577
1323803931563053056
1323803930267189248
1323803891608227846
1323803788126412802
1323803679091236864
1323803436849254401
1323803421980450818
1323803348642996224
1323803346612924417
1323803297359122433
1323803218766430208
1323803198256283653
1323802859960492038
1323802515213832192
1323802333709541376
1323802225261613056
1323802207423238150
1323802125282004992
1323801764294963201
1323801543389446145
1323801415136006145
1323801329416851458
1323800928689000448
1323800818051649536
1323800796828438532
1323800724212363265
1323800693011001349
1323800573934788610
1323800395991420929
1323800346439819264
1323800298566176769
1323800276403429378
1323800130773045249
1323800042805682176
1323800015039422464
1323799975323701254
1323799912891486209
1323799884525268992
1323799880242847744
1323799203865337856
1323799173918085121
1323799166280228865
1323799078216617984
1323798937371901952
1323798915414712325
1323798896720662538
1323798855067066368
1323798825283264513
1323798804232024065
1323798778437083137
1323798563407585280
1323798482583494657
1323798388987568130
1323798308150759425
1323798231835381764
1323798173752659968
1323798157633880066
1323798123794354181
1323798107235192833
1323798067217375233
1323798037622382594
1323797893338288128
1323797863399305217
1323797757409304577
1323797626412797953
1323797616975507457
1323797608389726209
1323797599325880327
1323797578610364418
1323797564114849793
1323797531877384193
1323797517641883649
1323797505818169345
1323797481289895936
1323797441246830592
1323797423844634625
1323797422599004160
1323797352210194434
1323797341028175872
1323797309101088769
1323797259348107265
1323797257230102535
1323796856535732230
1323796792169955329
1323796738734542849
1323796708652945408
1323796636397699074
1323796592126615552
1323796576129572864
1323796406407208965
1323796220213665792
1323796049518043138
1323796034099859457
1323795950834515973
1323795915816067076
1323795910602694657
1323795895935242240
1323795792340156421
1323795739861000192
1323795708739264518
1323795577298145281
1323795445777342464
1323795353620107264
1323795337543372800
1323795333621653505
1323795272942669826
1323795198049210370
1323795182299582464
1323795179539750919
1323795162472968192
1323795132949401601
1323795070454243334
1323795052041297922
1323795049574969345
1323794966913626114
1323794794997493760
1323794583608807424
1323794568391860224
1323794536951414785
1323794516474810370
1323794247355527168
1323794057471152131
1323793847755878400
1323793784866525185
1323793375653449728
1323793358813229057
1323793349216739329
1323793336818454529
1323793245999108100
1323792941425504257
1323792829429256192
1323792783480676352
1323792363039395840
1323792126757490688
1323791944317808640
1323791817276448769
1323791581653118979
1323791563722498048
1323791492251570179
1323791416229769218
1323791374047567872
1323790876712337408
1323790851479347200
1323790840649666560
1323790615688237058
1323790517373718528
1323790514580312065
1323790472951771136
1323790082399154178
1323790006087987201
1323789609122320392
1323789475961602048
1323789428561743872
1323789420500234241
1323789395976200192
1323789084121272320
1323789042316681218
1323926082396082176
1323925974921191430
1323925898542911489
1323925828774842368
1323925760952991747
1323925522288676866
1323925437425324032
1323925222437789696
1323925182705270786
1323925175289540609
1323925065428275200
1323924834074693633
1323924642684407808
1323924617938030595
1323924616713261056
1323924525235523584
1323924478393348096
1323924434495787011
1323924432130248706
1323924428477075456
1323924302597627905
1323924238961696768
1323924208712355841
1323924203939205120
1323924183772880896
1323961751277309952
1323961705706172416
1323961694058631169
1323961679139491842
1323961554744807428
1323961480618848257
1323961468103131136
1323961431453290499
1323961367821508608
1323961363971166210
1323961212401446913
1323961102779166722
1323960958545514496
1323960912571674625
1323960611403894785
1323960480008908801
1323960326136557569
1323960274920103936
1323960213859348481
1323960147316789251
1323960141834711040
1323960117579100162
1323960080690114560
1323960044912869377
1323960021441482752
1323960008644722688
1323959983516639234
1323959977959170054
1323959834794971136
1323959683896455168
1323959574106378240
1323959568028835840
1323959558675587072
1323959501268070400
1323959459425607680
1323958935884386304
1323958891177279488
1323958589422292992
1323958556857651201
1323958525735788545
1323958398325542914
1323958347536699392
1323958246340763649
1323958246206402562
1323958187129671680
1323958178149642242
1323958170524487681
1323958144968609793
1323958124387119104
1323957777463676928
1323957686187282432
1323957492104179712
1323957353625145347
1323957284570091520
1323957215146004480
1323957048162291718
1323956887902179330
1323956668216958976
1324108975974002688
1324108964896931840
1324108957749858304
1324108945083011079
1324108828355547137
1324108805605629956
1324108785166749699
1324108628606046209
1324108467750187010
1324108366562631682
1324108225688555520
1324108192738123778
1324107987208863748
1324107966832922629
1324107915461070855
1324107902123233281
1324107842249351173
1324107702868578305
1324107503139987461
1324107177305513984
1324106626102632449
1324106594112647171
1324106552639410178
1324106512986447872
1324106441419083783
1324106382941904897
1324106360674377728
1324106348972396545
1324106213269868546
1324106107711819780
1324105951553736712
1324105771894923269
1324105588515708929
1324105556785856514
1324105403374825473
1324105272730689536
1324105256721141761
1324105182804807680
1324105177956290561
1324105177641701379
1324104908153352192
1324104905200701441
1324104716721246208
1324104629597196290
1324104622684971008
1324104479436873732
1324104451758706688
1324104410939666433
1324104372175994883
1324104135772393472
1324104112754073608
1324103909296820230
1324103897053618177
1324103840942182400
1324103748088696835
1324103701867438080
1324103686667313157
1324103626000896006
1324103600478584837
1324103593033682950
1324103571785306116
1324103481872056324
1324103425156653063
1324103129130967040
1324103116288045057
1324103111657611272
1324103108440526851
1324103092447662081
1324103082075185152
1324103058482204672
1324102928815325184
1324102882166296576
1324102823328571397
1324102822707765248
1324102765384224769
1324102702914306048
1324102552401506306
1324102525029621762
1324102309358505988
1324102290748432386
1324102267306418187
1324102221366235138
1324102216156909568
1324102084074053633
1324102043313803270
1324101730951450624
1324101692493844483
1324101682234642436
1324101669970415618
1324101607961874441
1324101586075979777
1324101583265816579
1324101363681415168
1324101294240530433
1324101277542875136
1324101166255538177
1324101156457644032
1324101028166381568
1324101004619636737
1324100994834354180
1324100943269560322
1324100922398617601
1324100900869206016
1324100896414932993
1324100779742023683
1324100770074136578
1324100604575256576
1324100434504622084
1324100408432762880
1324100330032824320
1324100280179322881
1324100271019089921
1324100188663926793
1324100113069912064
1324100051275259904
1324100002692681728
1324099966177058816
1324099956731424768
1324099925794324486
1324099883377348610
1324099720403316736
1324099456535506945
1324099450768424960
1324099391666401314
1324099377447710725
1324099371605131268
1324099357713584128
1324099356929200133
1324099353116639235
1324099344606396418
1324099324041723911
1324099299031060480
1324099212443852800
1324099129635672070
1324099068688257024
1324098985288732673
1324098893831954432
1324098856393592840
1324098808805031936
1324098796473733121
1324098710511460354
1324098561861103617
1324098551471890439
1324098523516801025
1324098386363064324
1324098357313310721
1324098209338347523
1324098179487404032
1324098157123379201
1324098145865900034
1324098140174225409
1324098055055040514
1324098053918412807
1324097875530326016
1324097788133707777
1323864877237088257
1323864681774157825
1323864633510342657
1323864588270657538
1323864440392081410
1323864258166358016
1323864002661916673
1323863740538888194
1323863718942265346
1323863680640028672
1323863503728484352
1323863296676679680
1323863290745860096
1323863166506487808
1323863006804119554
1323862407563812866
1323862318409633793
1323862126851723264
1323860584413204480
1323860494357323776
1323860465211133953
1323859887558856704
1323859806944292864
1323859766830006274
1323859679223504896
1323859583127949312
1323859574512881671
1323859543575552001
1323859480925200386
1323859315854348288
1323859292127076354
1323859286049652753
1323859266919264256
1323859206773133313
1323859192139161600
1323858932218142721
1323858807999631364
1323858719038410754
1323857929120919552
1323857689747730433
1323857501314555906
1323857450274066432
1323857429805883399
1323857428086104064
1323857303758467072
1323857179674333184
1323856895111766022
1323856865831358464
1323856826199240705
1323856399135346692
1323856392084692992
1323856358429630464
1323856299633750016
1323855882581467136
1323855787018592257
1323855535209279488
1323855529559556096
1323855321501085696
1323855125455097856
1323855065325752327
1323854918311153665
1323854892067217409
1323854829756813312
1323854755211354112
1323854343498395648
1323853647332044801
1323853249833766914
1323852773427957762
1323852759968313344
1323852361798881280
1323851858582990848
1323851854069919745
1323851408899108864
1323851341911920641
1323851222508621825
1323851185627914240
1323851147283750918
1323851144301596672
1323851087770722305
1323851048474365952
1323850968337928192
1323850908707528709
1323850867133632512
1323850846736625666
1323850816399138816
1323850756320038913
1323850718122487820
1323850683095928833
1323850652087390212
1323850611352346631
1323850579798614016
1323850547754053634
1323850493974765575
1323850467412246528
1323850446163845120
1323850298297901056
1323850188344217612
1323850185051688960
1323850156538793986
1323850066290003969
1323850005631897600
1323849969552556032
1323880125981724674
1323880088363032577
1323879949565108225
1323879903293370368
1323879791502651397
1323879652285280258
1323879593221259264
1323879514703876096
1323879509750329345
1323879245911871490
1323879227511496704
1323879212529315842
1323879128601341953
1323879041561174016
1323878832743481344
1323878746877734912
1323878667026530305
1323878465570033664
1323878182118973441
1323878122291417094
1323877933245730819
1323877889532743680
1323877752362176513
1323877651396792320
1323877345019731968
1323877281345855488
1323877262392020992
1323877179554488328
1323877112110075904
1323876986092138497
1323876913866174464
1323876653542637568
1323876310087655426
1323876244883009536
1323876227560558592
1323876217364381701
1323875906042109953
1323875853734957056
1323875802237358080
1323875750659969028
1323875686860365824
1323875668631920641
1323875455582134272
1323875442705747968
1323875209103974402
1323875198270119937
1323875003172069376
1323874784422158338
1323874777501732865
1323874595481427968
1323874580474269696
1323874565513220096
1323874542327123968
1323874341927280641
1323874260985778176
1323874226533814273
1323874195709853696
1323874113459523586
1323874082681724929
1323874033943805954
1323873984451104769
1323873934559772672
1323873877437472769
1323873609585217538
1323873608435990529
1323873598285750273
1323873493088378885
1323873288255320064
1323873256940707844
1323873219384877057
1323872913301426176
1323872843906600963
1323872831692771338
1323872761425600512
1323872711999971329
1323872534358609923
1323872408420364290
1323872312735764480
1323872161996693504
1323871935403421696
1323871926104821760
1323871739751796736
1323871715143933953
1323871688405049345
1323871622894243840
1323871572214509568
1323871455680094209
1323871419625730048
1323871381017272320
1323871375992397826
1323871314654846976
1323871257847357441
1323870902241603585
1323870804807946240
1323870759878488065
1323870713430921216
1323870641578217472
1323870575110971392
1323870486112198659
1323870327391309830
1323870282420002818
1323870181735591937
1323869617324920835
1323869543295381504
1323869361011118080
1323869230178144257
1323869103313084424
1323868779005181952
1323868718850473990
1323868406177763328
1323868392051380224
1323867636900470785
1323867443182317571
1323867339906076675
1323867186356736001
1323867065644687361
1323866855413411840
1323866614480150529
1323866568875495427
1323866464353427456
1323866402390945792
1323866262963933184
1323865563442094081
1323865186185469958
1324077958131257345
1324077935360413697
1324077878716338184
1324077843345788935
1324077821011070980
1324077763406516230
1324077710386335747
1324077329744830465
1324077192683364353
1324077143920443393
1324077015146860557
1324077004778590209
1324076977582690309
1324076898327121920
1324076872293122050
1324076821747507201
1324076790139228160
1324076748087197698
1324076640436162561
1324076611482910720
1324076466561294339
1324076430041513986
1324076370339766275
1324076331932397568
1324076243453681665
1324076240723206144
1324076180270559232
1324076161215959041
1324075955678191616
1324075742645411847
1324075633887055872
1324075622952558595
1324075610763833346
1324075549606649858
1324075548293943298
1324075515171450880
1324075208840515587
1324075114154131459
1324074922503774210
1324074772045520896
1324074771848507393
1324074707524718595
1324074703288324103
1324074617904967684
1324074466108973061
1324074356314693632
1324074354527928320
1324074300593344513
1324074067662688256
1324073838456561664
1324073809935290368
1324073650891481090
1324073585707831296
1324073254668128261
1324073154013265922
1324073136304906240
1324073034882441221
1324072921460051971
1324072856368541698
1324072665506816000
1324072363013464066
1324072360526401536
1324072281879072769
1324072211540594694
1324072204938739714
1324072166602776576
1324072158125944837
1324072127935533058
1324072014399897602
1324071967859920896
1324071925526589440
1324071917570072576
1324071885970264066
1324071851576991753
1324071702272352258
1324071587667042304
1324071565730918400
1324071431022338049
1324071393915506692
1324071309026971651
1324071305692393472
1324071260557582338
1324071088586936321
1324071061219135488
1324070973478494209
1324070950430670848
1324070923062910976
1324070810978553860
1324070674437197830
1324070659270545417
1324070512046174208
1324070452529168393
1324069825061244929
1324069365327822848
1324069235539251200
1324069125359099904
1324069052092960771
1324069040231362560
1324068970748506112
1324068961466654720
1324068912057778182
1324068872555843586
1324068857041006593
1324068846957977601
1324068567202041857
1324068523560357894
1324068502932738054
1324068371822866432
1324068216650551299
1324068198057213953
1324068121066569729
1324068084500647936
1324067908083949568
1324067788328230915
1324067623596924928
1324067586372415490
1324067532395917315
1324067384232185858
1324067376900526081
1324067192527269899
1324067083437690881
1324066992089948161
1324066894278758407
1324066861315706882
1324066685695963139
1324066669686329344
1324066635939020803
1324066393910923271
1324066224410660879
1324066176109023232
1324066124737236998
1324066096635383809
1324066074590138369
1324066069644943361
1324065975856177153
1324065973847076865
1324065917047873537
1324065818305536003
1324065804846010371
1324065795715092485
1324065768233791488
1324065722205675522
1324065712361582595
1324065687598518275
1324065568673144832
1324065568102748160
1324065538377687046
1324065485886029825
1324065375299002373
1324065322291367948
1324065247624384513
1324065125184188417
1324064943780614146
1324064764524433411
1324064584605569024
1324064576036466688
1324064530289188865
1324064522974466066
1324064521267326979
1324064507833012228
1324064502158135297
1324064442758406144
1324064398219071491
1324064374588321792
1324064355009335297
1324064265511186432
1324064210494566401
1324064107272830977
1324064066487418881
1324064052751073280
1324063914297098244
1324063841815273474
1324063771711705088
1324063770654740481
1324063746340364293
1324063701784289280
1324063625234042888
1324063531789127681
1324063459957374976
1324063451958943746
1324063424737759232
1324063349336920067
1324063331532050437
1324085393206247424
1324085379729891329
1324085368015212546
1324085358687125505
1324085343067512834
1324085302235942913
1324085289636290562
1324085256572432384
1324085219796930564
1324085205150388227
1324085196329783298
1324085181138034696
1324085180680777728
1324085148233670663
1324085119125278720
1324085118722560002
1324085069246566403
1324085052704280577
1324084996290813952
1324084952581967879
1324084945896329216
1324084933149732868
1324084904280424453
1324084896046944261
1324084887612235783
1324084836408197120
1324084830892625931
1324084821384192001
1324084787322245120
1324084774768644101
1324084770108821506
1324084651993059330
1324084629507346434
1324084609680814082
1324084521696899072
1324084429837508608
1324084410908610560
1324084389404413952
1324084333943103490
1324084283921911809
1324084072847736834
1324084066166202369
1324083918174326785
1324083847722663942
1324083826159767559
1324083803644694529
1324083796887699460
1324083595380772864
1324083465260834816
1324083459049033733
1324083319152222208
1324083136477696001
1324083043552784384
1324083013597233152
1324082903668690944
1324082895108132871
1324082585169965058
1324082567159648256
1324082469516251138
1324082380932603906
1324082296333365248
1324082287177289731
1324082219548377095
1324082145590202369
1324082005143883778
1324081994746257410
1324081856640438279
1324081846234304512
1324081494537719814
1324081485629001729
1324081289079775235
1324081250051739648
1324081240404717568
1324081238852993025
1324081232418725888
1324081187581796352
1324081185732153344
1324081097098076163
1324081084468920320
1324081028990963713
1324080879795236864
1324080817149104129
1324080518653161474
1324080445194182656
1324080429318766594
1324080289388396546
1324080268026744832
1324080259302608896
1324080190113390593
1324079977927761925
1324079870872309764
1324079813204697088
1324079781269438466
1324079678538293249
1324079659580071940
1324079643247452160
1324079484094599170
1324079476922372099
1324079200505090053
1324079139465404427
1324079120922210304
1324078858790821888
1324078840788979715
1324078648442392577
1323788988373749760
1323788883352559616
1323788879422513153
1323788434608181249
1323788367419580416
1323788319659053056
1323788025432666113
1323788025231527936
1323788007049146368
1323787986736193537
1323787596313595905
1323787381577781248
1323787305535111168
1323787152140902400
1323787094293184512
1323787092296495105
1323787036109791232
1323786982342893569
1323786919269044231
1323786869486833664
1323786823462694918
1323786344053682176
1323786323237302272
1323786249862262784
1323786203251068928
1323786132375687168
1323785860534439938
1323785845778882564
1323785720507543553
1323785634155122688
1323785630942453760
1323785614291075080
1323785605566914560
1323785572398358529
1323785292663476230
1323785104959918080
1323784900105838592
1323784865137987584
1323784842325098496
1323784840563613696
1323784819562762241
1323784736662155264
1323784516775936008
1323784504910241793
1323784468256227328
1323784449616715777
1323784444529025025
1323784298273538048
1323784274147946500
1323784114403708928
1323783995629469698
1323783988549283840
1323783936795836417
1323783818034163714
1323783751457931264
1323783671241969666
1323783645736349696
1323783589054550016
1323783522113490945
1323783413300629504
1323783374364938240
1323783321831284743
1323783188079149056
1323783164461015050
1323783051294371841
1323783031660847104
1323783031312818177
1323782974186217473
1323782955848900610
1323782951243550720
1323782752236392448
1323782705377472512
1323880747694911488
1323880365212291072
1323880149641621507
1323849771908390914
1323849569243975680
1323849559307673601
1323849346169802754
1323849292327604224
1323849246211215360
1323849095564324869
1323848794090348545
1323848656122904577
1323847942680227842
1323847667290693637
1323847625611890688
1323847390273675264
1323846932662378498
1323846890451050496
1323846661744021505
1323846422244909059
1323846278388850688
1323846049367121921
1323845978005274625
1323845760027226112
1323845170962391042
1323845084136173569
1323844595789291522
1323844506047885313
1323844289646989313
1323844195203850244
1323843887778078720
1323843787047669761
1323843741950660610
1323843597188407297
1323843462156873728
1323843304681730048
1323842958064525312
1323842657446031360
1323842425060773892
1323842273700913157
1323842262246318081
1323842139290247168
1323842115080695809
1323842098131554307
1323841479773597696
1323840891786649600
1323840621795143681
1323840515188641795
1323840191266578434
1323839662297735168
1323839533889265665
1323838828998778881
1323838807171620864
1323838744948998145
1323838700237643776
1323837653633142784
1323837561681465344
1323836428170743811
1323836305810345984
1323836094471954434
1323835787390144512
1323835758537592834
1323835477741445123
1323835253505449989
1323834799824527365
1323834711983095808
1323834677648592897
1323834354393559041
1323834009810395137
1323833962230370311
1323833565814075398
1323833246170423297
1323833064397570048
1323832944813887489
1323832656333807616
1323832391803260928
1323832380994449413
1323832151079591936
1323832073153581056
1323832057592651776
1323831907856097281
1323831864071725056
1323831736258588672
1323831377121271808
1323831305050705921
1323831296485896192
1323831187102728195
1323831124934725632
1323831109453447169
1323830920831447040
1323830823309684736
1323830743588548608
1323830684402810880
1323830618258550787
1323830471109840898
1323830451652321280
1323830408111398915
1323830307116572673
1323830290356281344
1323830251416358915
1323830211495022599
1323830172940980224
1323830097057632256
1323830009128050698
1323829822171144192
1323829771999076354
1323829738046132226
1323829573679751168
1323829508110245888
1323828969930518528
1323828761834397696
1323828525258821632
1323828258849214464
1323828003038810113
1323827626675441664
1323827490373177345
1323827307312746498
1323827184646193153
1323826504632049664
1323826431864967168
1323826333550546949
1323825573479809024
1323825516391108608
1323825440541335552
1323825377119248384
1323825206578892805
1323825124823367681
1323825035744718853
1323824403906322432
1323824272163233797
1323824218757238786
1323824014343753729
1323824004147404802
1323823410657423360
1323823210324987904
1323823006246965248
1323822962701594625
1323822840496427009
1323822746170785794
1323822726524686337
1323822616919052289
1323822281936707585
1323822215951917057
1323821848342253568
1323821800745136129
1323821787298357248
1323821775952764931
1323821770533580802
1323821595849224192
1323821460738117632
1323821201232482304
1323821125793665027
1323821071695568896
1323821042633068545
1323820920281178112
1323820836332208129
1323820773790896135
1323820732007276550
1323820663090589698
1323820644060917760
1323820531871830018
1323820494219522048
1323820290720321536
1323820103973167105
1323820027989118976
1323819969851793408
1323819881536651264
1323819758760812550
1323819749327982599
1323819722736128001
1323819688351178758
1323819648723394561
1323819405176905737
1323819343185141762
1324078398805807110
1324078127224516608
1324078047788703750
1324000785664036864
1324000732358598656
1324000700326678531
1324000553488318464
1324000548778135554
1324000517626896387
1324000443291344899
1324000386592600065
1324000300672319493
1324000254174371845
1324000249338318851
1324000167125811201
1324000161102589952
1324000140152229889
1323999899592069120
1323999898694463489
1323999849537261569
1323999758827114497
1323999725041995777
1323999697854435331
1323999681626677249
1323999655995334658
1323999511463809024
1323999493910614019
1323999349756596230
1323999238754390022
1323999178989559809
1323999119866736640
1323999093220409344
1323999036517601284
1323998938664415234
1323998903876816896
1323998651518128129
1323998601270468609
1323998491962757121
1323998477391695874
1323998349134045187
1323998296482979840
1323998285674225667
1323998273867337732
1323998157269737473
1323998121739759616
1323998098633433093
1323998086126047232
1323998084116918273
1323998080467902467
1323998056316985344
1323997762585808896
1323997716356227073
1323997643136270341
1323997334305411073
1323997250821988353
1323997245985951745
1323997180433256448
1323997038661509126
1323996488490491904
1323996159539580928
1323995866504536068
1323995775165222913
1323995635645820929
1323995573423349760
1323995533866926082
1323995512471781376
1323995394997690368
1323995128403578883
1323994891777617920
1323994825746718721
1323994770109288449
1323994606325956610
1323994595638784001
1323994404462493697
1323994362934603776
1323994357645504512
1323993824436236288
1323993341462253569
1323993328397017089
1323993286172938242
1323993220368551936
1323993184578527237
1323992885960781824
1323992815932760064
1323992737536970753
1323992515314356225
1323992208874393601
1323992135759134721
1323992090230067207
1323992042620379136
1323991987360444416
1323991986085482497
1323991920280920064
1323991893844393984
1323991775858614273
1323991653644947456
1323991455493337088
1323991326988341249
1323991319732277248
1323991162307358721
1323991142283792384
1323991056321576962
1323991037531070466
1323990972905234432
1323990718705184770
1323990429822574593
1323990345089228800
1323990243209609217
1323990145629126656
1323990043606847489
1323990001273757700
1323989605759262721
1323989408559910912
1323989351081136128
1323989329212047360
1323989326263439360
1323989298509713410
1323989283628294144
1323989177952882691
1323989161381154819
1323989135544225793
1323989113914171396
1323989018648989696
1323988969344950272
1323988950780960768
1323988880253722624
1323988731813122048
1323988540078743552
1323988371329437696
1323988054701449218
1323987978285420546
1323987785674612738
1323987776942051329
1323987716774703104
1323987703222906882
1323987686147952641
1323987609291546624
1323987575426576384
1323987448339247104
1323987330093502464
1323987319997825025
1323987219049185280
1323987207443591168
1323987182881853440
1323987177936613376
1323987150447235075
1324063178880438273
1324063155392253956
1324063137457446913
1324063093668909057
1324063019522023427
1324063004397244416
1324062942975959042
1324062937204596740
1324062916648280070
1324062902408617984
1324062775275065345
1324062765162598401
1324062731532525568
1324062714948444162
1324062688285253637
1324062626670874632
1324062614624694272
1324062502007746564
1324062401638080512
1324062324114759686
1324062320104976384
1324062314941788160
1324062240962609152
1324062237213024257
1324062229315145730
1324062195605536769
1324062107441180674
1324062100122120192
1324062096661782538
1324061902897618944
1324061820768849920
1324061807737217024
1324061801970126853
1324061745950953476
1324061740116643841
1324061580317908998
1324061573632028673
1324061546096566278
1324061541344399363
1324061468694847488
1324061423446753289
1324061364483219456
1324061255204745217
1324061240021450752
1324061183452872706
1324061075151597569
1324061071502618624
1324060764764803072
1324060748927049728
1324060722297536513
1324060687509893120
1324060617993560064
1324060601098801152
1324060553963331584
1324060415647776770
1324060360073236481
1324060243740004354
1324060242443964418
1324060202551955456
1324060168485785603
1324060162072727553
1324060128748986374
1324060057911365637
1324060048146968577
1324059931000057856
1324059564388634629
1324059268916547584
1324059054881333248
1324059034895396866
1324058929261936641
1324058861767168005
1324058841772863489
1324058811477434374
1324058794016575488
1324058788748533761
1324058783237197825
1324058760546029572
1324058667176534016
1324058582250184704
1324058544824614913
1324058487371026435
1324058423412011009
1324058415686131712
1324058391480774664
1324058340197048320
1324058216397828096
1324058211092209664
1324058131983458315
1324058091088977922
1324058090124283904
1324057939896913924
1324057849757159429
1324057757973155842
1324057750943502341
1324057699982725122
1324057401377644545
1324057298499756033
1324057291147124739
1324057283739951104
1324057283492519936
1323937061276143617
1323936892946206720
1323936787027447808
1323936667724509184
1323936656034914305
1323936640352530432
1323936588146106369
1323936498413174784
1323936422068473856
1323936319727390720
1323936318460776448
1323936313029070848
1323936263381032960
1323936189066469379
1323936103053799424
1323936048234164224
1323936040592302080
1323935953405288448
1323935716087390208
1323935657568456707
1323935565515993088
1323935543034585088
1323935507286556672
1323935480241684480
1323935302642143233
1323935120563294209
1323935120235978754
1323935114645131268
1323935092956307457
1323935042272403456
1323934866967162880
1323934799829082112
1323934570027327488
1323934376141508608
1323933996456300544
1323933983927881728
1323933980488597504
1323933963841392640
1323933912809283584
1323933887316348929
1323933882828423168
1323933676560883720
1323933673150885889
1323933494448410630
1323933487070613507
1323933452253757441
1323933399153823745
1323933205683081217
1323933202294079491
1323933184283844608
1323933083347943426
1323933054872690689
1323932963462066177
1323932849767030784
1323932826711064577
1323932720578220032
1323932610213675008
1323932544119664640
1323932465266794497
1323932346605690880
1323932345192374272
1323932228095795200
1323932223611916288
1323932219870793731
1323932080951078913
1323932021467525120
1323931971173580803
1323931872569819136
1323931841699680256
1323931765937860609
1323931602997682176
1323931602255290368
1323931471313137665
1323931467832004609
1323931354715901952
1323931312973991936
1323931296893120518
1323931231982034944
1323931201111879681
1323931139514470400
1323931074997542912
1323931024255000577
1323930953274720257
1323930939139985410
1323930892839096320
1323930854532415493
1323930538814656520
1323930514881945601
1323930506870820866
1323930381826068480
1323930305246408704
1323930035695353856
1323929743092293634
1323929731474067457
1323929727581757440
1323929697688920066
1323929677099130880
1323929613949521920
1323929471876038657
1323929250399948802
1323929149623410688
1323929124017180672
1323928959441080321
1323928936322052096
1323928906303369217
1323928882056232960
1323928856542220289
1323928644226490368
1323928581060190208
1323928563997880321
1323928511225147393
1323928509144813574
1323928497249767425
1323928443470360578
1323928362205638656
1323928308124450817
1323928244429737985
1323928103186505729
1323928026195861506
1323927895316828160
1323927864878792706
1323927825905262592
1323927671647207424
1323927520379625478
1323927427308003330
1323927403027156992
1323927341391896576
1323927294113681409
1323927257392533505
1323927211158720512
1323927200278679553
1323927088156594178
1323927063930261505
1323926976575479808
1323926878386872320
1323926853837594627
1323926548794265602
1323926399506436096
1323926221298675713
1323926203401670658
1323926124544593920
1323971625386233857
1323971497736679425
1323971333760405505
1323971014884233216
1323970653440118790
1323970119832346624
1323970097199915009
1323969839342432256
1323969700657729536
1323969374017843200
1323969187845410816
1323969170120171521
1323969022254264321
1323968944680562689
1323968870651232256
1323968846508806145
1323968598872907783
1323968589100179460
1323968547278737411
1323968409911119873
1323968351648055302
1323968137642057728
1323968131115687938
1323968118151000064
1323968007035637760
1323967915239067650
1323967784246759424
1323967763212390400
1323967640600223745
1323967444927565825
1323967266283806720
1323967242468495365
1323967062004420609
1323966964973391873
1323966847339945984
1323966792495177728
1323966746693378048
1323966729249296385
1323966626828439554
1323966623225683968
1323966461019389952
1323966382879481856
1323966323744002049
1323966267145875456
1323966182911844353
1323966146928934912
1323966087239733251
1323966050736566273
1323965898479357953
1323965861636403200
1323965849384996865
1323965838823727104
1323965778354491395
1323965656216281088
1323965543330832386
1323965397796900865
1323965397343870977
1323965377068621831
1323965237985484801
1323965081894477831
1323965017012797440
1323965015163109377
1323964813010034688
1323964678884757505
1323964659985223684
1323964559925874690
1323964451960344579
1323964431680851970
1323964074741374984
1323964058547163137
1323963942901866497
1323963785988788224
1323963380118540291
1323963320588783617
1323963216502886401
1323963183980335104
1323963149234671619
1323963065063378946
1323963038056275970
1323962892971089920
1323962706915983361
1323962620928577536
1323962488707256320
1323962284381773825
1323962143541284864
1323961944672403456
1323961896828084224
1323961787306414080
1323961786094280706
1323924108917280769
1323924080043741185
1323923931921895426
1323923875885948929
1323923621052510209
1323923561409630213
1323923548348534784
1323923480828694528
1323923246799069185
1323923196303867907
1323923195699683329
1323923134463021062
1323923011993481221
1323922878899826688
1323922541417816064
1323922511352991746
1323922366494375936
1323922357568774144
1323922293052112896
1323922243907366915
1323922205521182721
1323922178778288130
1323922175942905857
1323922003770834946
1323921870941552640
1323921833910034435
1323921719275507713
1323921602816462848
1323921587590946816
1323921568083238912
1323921089655906304
1323921057645035521
1323920783060684801
1323920614588096515
1323920569910382592
1323920534363688960
1323920459298058240
1323920278213271552
1323920250354634752
1323920194956414977
1323920130124869636
1323919931000430592
1323919885202825216
1323919831670743041
1323919830441865217
1323919746778255360
1323919691124002821
1323919609389584385
1323919559343153157
1323919487343742977
1323919434730274816
1323919056173363200
1323919026377154560
1323918945687085056
1323918813713281024
1323918643609116674
1323918544665485312
1323918516408516608
1323918469201612801
1323918463333748738
1323918450960617473
1323918403472601088
1323918365711339522
1323918316797333507
1323918282685063168
1323918267438800900
1323918222710591490
1323918100631179266
1323918093920456705
1323917928304201728
1323917820569280513
1323917719083900929
1323917658987859970
1323917487935754240
1323917475466149888
1323917426766057473
1323917392406368257
1323917360261193728
1323917271618736129
1323917184553394177
1323917049584898048
1323916975823880192
1323916955666042883
1323916928608555010
1323916609354895361
1323916521438064640
1323916282736115713
1323916062178660353
1323915942745808898
1323915776240340993
1323915710532362240
1323915626188926976
1323915548565164033
1323915499277819904
1323915429572653056
1323915285024415744
1323915160176652288
1323915136470536195
1323914941942898690
1323914911513108480
1323914886850744320
1323914785243627521
1323914712837431298
1323914626430570496
1323914525326934016
1323914047281074182
1323913744380952576
1323913562373369857
1323913424158547968
1323913387697446913
1323913181861978113
1323913134286000128
1323913124962062337
1323913093144039429
1323912929490706432
1323912923446726657
1323912608777461760
1323912468624777217
1323912270179491840
1323912224101060613
1323912108216590336
1323912041447391233
1323911911491194881
1323911094486945794
1323895235391315968
1323895171973586944
1323894816334401536
1323894515879600128
1323894501220392962
1323894369812840448
1323893898113110017
1323893830719049736
1323893818186346498
1323893680277696512
1323893636334002177
1323893438887190533
1323893024108224512
1323892710357479424
1323892698126974978
1323892689696366593
1323892571874217986
1323892336657604609
1323892262502309889
1323892230696947713
1323892178846973960
1323891919429226497
1323891819038625792
1323891739187384322
1323891390934183937
1323891111849504771
1323890842981969922
1323890769888006145
1323890594893148164
1323890468674035713
1323890295247904768
1323890205732999174
1323890177111019520
1323889997020188674
1323889971946692611
1323889910802051073
1323889844821610497
1323889443892269056
1323889300619120640
1323889287687938048
1323889235624103943
1323888791162146816
1323888754042507264
1323888733226180608
1323888551721902082
1323888531417292800
1323888504649207810
1323888503894220801
1323888494717009920
1323888483463766016
1323888432440090628
1323888386927697920
1323888314454282242
1323888142362050560
1323888083650203649
1323887925692559360
1323887631923634176
1323887620582158336
1323887582766342145
1323887567679442946
1323887551820795905
1323887543528484864
1323887464600141824
1323887398137319425
1323887111314001920
1323887080401858561
1323886768433860609
1323886670010294273
1323886365793230848
1323886298030084098
1323886236717768704
1323886175426400256
1323886173513809920
1323886134410227714
1323885890855424007
1323885860983463937
1323885830973333504
1323885819241914369
1323885647472545792
1323885551334940672
1323885545647386626
1323885261734977536
1323885070537678848
1323885025276895233
1323884848600260608
1323884394268913664
1323884388778729473
1323884374069284864
1323884275956068352
1323884176857272320
1323884150131204096
1323884032527077376
1323883752746004480
1323883731959062528
1323883650413481986
1323883510311116800
1323883493328261120
1323883226344161283
1323883151094153219
1323882956444884992
1323882912303837187
1323882699535405057
1323882577078505475
1323882576264667136
1323882558292070401
1323882467158347776
1323882421146820608
1323882125053943810
1323882114303975424
1323881966500982785
1323881817536188417
1323881720601579521
1323881327289094144
1323881170166116352
