1338253238244683777
1338253210646163456
1338253191960473600
1338252989832835072
1338252685825421315
1338252357453443075
1338252199038738434
1338252091555536905
1338251599983104002
1338251583105200128
1338251559319310337
1338251503006588941
1338251229017804801
1338250955809300490
1338250875949748226
1338250784266354688
1338250733318254593
1338250127786582025
1338249933267357698
1338249910999805952
1338249892305711106
1338249776903622660
1338249662399123457
1338249615838154753
1338249585077018624
1338249567515586565
1338249480718737412
1338249402893426689
1338248897614016517
1338248869885382660
1338248638665994241
1338248591349956608
1338248572907773954
1338248425209356290
1338248055787667457
1338248001647759361
1338247968617590784
1338247902683140097
1338247891392081923
1338247801248108549
1338247739767971843
1338247511170031617
1338247345440374784
1338247097846386690
1338246739124432899
1338246595893202947
1338246553920823300
1338246465542471685
1338246433137455105
1338246334319452161
1338246319627001856
1338246276559810562
1338246227364896771
1338246094011162624
1338245866398748674
1338245684701618178
1338245538035232773
1338245359026524160
1338245178331521025
1338245113760387072
1338245072387760130
1338245018813919235
1338244860428619776
1338244754673438723
1338244597470916616
1338244521927335936
1338244207543279618
1338244175775617024
1338244092531253260
1338243834837430275
1338243771444715520
1338243605748723720
1338243514329657344
1338243460927774722
1338243335987867650
1338243211387658244
1338243027438022656
1338242982412251137
1338242932067983370
1338242836806787075
1338242569088753664
1338242461647429636
1338242297725661188
1338242263940534274
1338272438220705793
1338272421518962688
1338272288806940672
1338271921679589376
1338271674718969856
1338271610768277505
1338271541172314113
1338271039898390531
1338270026399412225
1338269860149673986
1338269722236882945
1338269619010891781
1338268847959314439
1338268783199326209
1338268715436175361
1338268625145188353
1338268573601566725
1338267933970198529
1338267372591976448
1338267009985912835
1338266818616709132
1338266809213071360
1338266687062290439
1338266637938683907
1338266558628569103
1338266551838003203
1338266532628066307
1338266526118375425
1338266485286965248
1338265764307070977
1338265568097357824
1338265181902737409
1338264896346198017
1338264851919998976
1338264633153503232
1338264539931009029
1338264492539572224
1338264363648638977
1338264219867881480
1338263929148071941
1338263628152238080
1338263620208226307
1338263114479964160
1338263018434531330
1338262927019806727
1338262675575480325
1338262424063860738
1338262037978378241
1338261388045770763
1338261249784762373
1338261235792568320
1338260925737033729
1338260725228158976
1338260583410503681
1338260507816570882
1338260475092611079
1338260467425423362
1338260395946110978
1338260323770523649
1338260231575527424
1338260093586923521
1338259765223444483
1338259757388296199
1338259736353886209
1338259520980717571
1338259477989117953
1338259428584398850
1338259303925334016
1338259232806686720
1338259221939322884
1338259150510444548
1338259095661457411
1338258825317642244
1338258613387874306
1338258543015686144
1338258316745728004
1338258165297713152
1338258045328125957
1338257957704896512
1338257850892767233
1338257790150782978
1338257610357821442
1338257596831166465
1338257486286090245
1338257456896618499
1338257367872516096
1338089904711012353
1338089223610634245
1338089191280963585
1338089024112766977
1338088618016075776
1338088568670081024
1338088103366561794
1338088085016424453
1338087786444955648
1338087512590462976
1338087062122192896
1338086745942839299
1338086674732113922
1338086674140717056
1338086574865715200
1338086411342376963
1338085098374246400
1338083889462583296
1338083344073060352
1338083342131007488
1338082792396083204
1338082507334545409
1338082403550629889
1338081904520691714
1338081781665443841
1338081751541850112
1338081691060105216
1338081165744484352
1338081163852705792
1338080709538439169
1338080685060464641
1338080170662637568
1338080031202045954
1338079500568059905
1338079094223884288
1338078787125342210
1338078639124934656
1338078250770239492
1338077922725388289
1338077840538021890
1338077174914486272
1338076863902707713
1338076785406316551
1338076678917120000
1338076317435260928
1338076137617022976
1338076080171839488
1338075860604243968
1338075783072509958
1338075559193169920
1338075538620026881
1338075454096486401
1338075006593601537
1338074932887085058
1338135971498430471
1338135854309576706
1338135280897945600
1338135165156143109
1338134975338700801
1338134725525983239
1338134653350326273
1338134386064183298
1338134152357572608
1338134064990130176
1338133848090173443
1338133815336820738
1338133740573368321
1338133444614901760
1338132919689293825
1338132768639897603
1338132609172451331
1338132529237417985
1338132426225225728
1338131590841589764
1338131547594125312
1338131455663280129
1338131203946328066
1338131045938556928
1338130962459336704
1338241963682910208
1338241961761902595
1338241919567065088
1338241901414277127
1338241730320150528
1338241563563069440
1338241458298638337
1338241317370015744
1338241256137355264
1338241200025980928
1338241188185313280
1338240984916877313
1338240844156047360
1338240823826259976
1338240685745561606
1338240514697486336
1338240466056171520
1338240443490988036
1338240430484246530
1338240351438422016
1338240095154008065
1338240066951524356
1338239975880597506
1338239653095288839
1338239576687714306
1338239333074149381
1338239283078045698
1338238549548625920
1338238538345811968
1338238499795906560
1338238390127517699
1338238330014674946
1338238301585674240
1338238261953777669
1338238134031691782
1338238064984875010
1338237771421519874
1338237530945314818
1338237434526482432
1338237362430750720
1338237231581065217
1338237181857447937
1338237180259471362
1338236975267004417
1338236629207691266
1338236550816149505
1338236426568298503
1338236425687474181
1338236207654981643
1338236037437374464
1338235931569041409
1338235742468763648
1338235663293018112
1338235556879273984
1338235547077259265
1338235439891828738
1338235434367934464
1338235237214474240
1338235034885640193
1338234767385505792
1338234664411074566
1338234482877337601
1338234321971384324
1338234215205363716
1338234102122770432
1338234051120013313
1338234006098374658
1338233934870667264
1338233799130439685
1338233783670149121
1338233768927227907
1338233716943032324
1338233706272731145
1338233700367142915
1338233694792912897
1338233685158596615
1338233674773487616
1338233650903707649
1338233640405360642
1338233380563865601
1338233323093680131
1338233252507754504
1338232779260252162
1338232639233339392
1338232612456968194
1338232577438740481
1338232549093543942
1338232517321748484
1338232497788764160
1338232367815725059
1338232236093526016
1338232146373337089
1338232101452345345
1338232086780645377
1338232050147602433
1338231880106332162
1338231804638212100
1338231778428022791
1338231722593443849
1338231063408115713
1338231027614035971
1338230814111191040
1338230777960607744
1338230720280616962
1338230628723134469
1338230549756993539
1338230544010797059
1338230311864459264
1338230288011300865
1338230118569963531
1338229968132780032
1338229710048944133
1338229611268718593
1338229605673676801
1338229572849037316
1338229555937554434
1338229521149902849
1338229442267766785
1338229434910986250
1338229397900455938
1338229250122424321
1338229200327766016
1338229190504701959
1338229138088452097
1338229126835150849
1338229125455228930
1338229059600314368
1338229009927192576
1338228902129512450
1338228660529025024
1338228571475685380
1338228518673674244
1338228451434749954
1338228421659418624
1338228407692369921
1338228399869816832
1338228365875003392
1338228324745809926
1338228068176048128
1338228023099707392
1338227925586333698
1338227870901080066
1338227853821939713
1338227831428554758
1338227820514959369
1338227800025800705
1338227716957614083
1338227685630353409
1338227459662225409
1338227408974057476
1338227391508975618
1338227297288151040
1338227273196056581
1338227268813000706
1338227120665989122
1338227119818743809
1338227059269783553
1338227013283360778
1338226915644157953
1337981258996060163
1337980953054986240
1337980377189769216
1337980196943659010
1337979604418535431
1337979587326832644
1337979542296674304
1337979519244718080
1337979267125276672
1337979224301293570
1337978899037265921
1337978884424396800
1337978751896887296
1337978687434715136
1337977858895966208
1337977835739205632
1337977312755724289
1337977050599051271
1337976630094962689
1337976558175268865
1337976325173293058
1337975892686106624
1337975489324064770
1337975387054252034
1337975343517339648
1337975220641144833
1337974864641220608
1337974829555834882
1337974488944799746
1337974289073639424
1337973946981838850
1337973444651061255
1337973427160961024
1337973358760116226
1337972805472751619
1337972790729662467
1337972754155450368
1337971911599394816
1337971707781345280
1337971611945869312
1337971316926914561
1337971304159449089
1337970858409791489
1337970855280783363
1337970711894212608
1337969999877709825
1337968741187952642
1337968704772997120
1337968663731654658
1337968097098010625
1337967265451479040
1337966963516002304
1337966924248956929
1337966532047949831
1338013054185902081
1338012854360760320
1338012206642978816
1338011906116886537
1338011657226764289
1338011341206990850
1338011339084750848
1338011276371324928
1338010997668204544
1338010428463591425
1338010251744997379
1338010039668232192
1338009683718795265
1338009541850619905
1338009309813170176
1338009124718579712
1338008801727823872
1338008454062026753
1338008174377365504
1338007273558454272
1338006427231784963
1338006423595339776
1338006080270577666
1338005903627460610
1338005254017871873
1338004933015113729
1338003920778633217
1338003450093842432
1338003208833294336
1338002096159911938
1338002037489823750
1338002011166412801
1338001645293232129
1338001581317480448
1338001085881970688
1338000572352507905
1337998524680724480
1337998005065011200
1338181396737699846
1338181352445841408
1338181304492433415
1338181181859389442
1338181123155738625
1338180980683771906
1338180967517855745
1338180683584385029
1338180469792321538
1338180456215437312
1338180437554946051
1338180204175429639
1338179970687004674
1338179908342853636
1338179862289387526
1338179762381086721
1338179401335377920
1338179319823294475
1338179312722337796
1338179233714200579
1338179195151663104
1338179091254665217
1338178822718492673
1338178564395585538
1338178394350120960
1338178323290185738
1338178226011697153
1338178187977691136
1338178169258586112
1338178077994708995
1338177999418626055
1338177848452976640
1338177676750688256
1338177622338113536
1338177515798614024
1338177204644163584
1338177192262512641
1338177184234676225
1338177127745728515
1338177120506351616
1338177114051403777
1338176701277343745
1338176557655891968
1338176518376353792
1338176270354567169
1338175866568929284
1338175738566987776
1338175683227475968
1338175632597987333
1338175579074531329
1338175564100853760
1338175309502353416
1338175228434898944
1338175029398413313
1338174578527506434
1338174418674192388
1338173841781239810
1338173540173049859
1338173534909190147
1338173404508262401
1338173396471881736
1338172989830033408
1338172752591806471
1338172708522233866
1338172683473842188
1338172568453451778
1338172533233881090
1338172330669989889
1338172195894403073
1338171853504991233
1338171838430670857
1338171452290256896
1338171417259634688
1338171255183335424
1338171234991943680
1338171049456717824
1338170980523499521
1338170786075598848
1338170759194189824
1338170702466342920
1338170498107252737
1338170363902111746
1338170319559856128
1338170261737234432
1338170068212068352
1338169934149509122
1338169933469925376
1338169905393307651
1338169795192246272
1338169569337282560
1338169349119545345
1338169100347052035
1338169089546739713
1338168882821992449
1338168833354371075
1338168794137714692
1338168730182963203
1338168701330354183
1338168644249989120
1338168470345838597
1338168373323182081
1338168296437248006
1338168112408129537
1338168029482545157
1338167998222393347
1338167983714275329
1338167789245304833
1338167670206853123
1338167534906994688
1338167260758814727
1338167037022130177
1338167012506411010
1338166916083486721
1338166904368865281
1338166892356395010
1338166879660220418
1338166799368507393
1338166794167721986
1338166689859420160
1338166601061961728
1338166409021493249
1338166360958963715
1338166244755734530
1338165586833117186
1338165364035825666
1338165363830304769
1338165335795621888
1338165319588835329
1338165311275732995
1338165259132133381
1338164935919013889
1338164907003535361
1338164879136591874
1338164759930294275
1338164670595796992
1338164513871425537
1338164406459518977
1338164401556385793
1338164374997962755
1338164351946158082
1338164257263915009
1338164237546426371
1338163871165665282
1338163701971562496
1338163494315814913
1338163399981719554
1338163333346766850
1338163243584524288
1338163079998304258
1338162956442415104
1338162935697432577
1338162662107123716
1338162261328879619
1338162222493818881
1338162215497568256
1338162057263374336
1338161833623085059
1338161739423232006
1338161233388855297
1338160892308021252
1338160840348938240
1338160755863117826
1338160654130221056
1338160120962969602
1338159796730654725
1338159777319415809
1338159769216016384
1338159667197906945
1338159003742957571
1338158789204324352
1338158706656067586
1338158673089052677
1338158387398406144
1338158280808534022
1338158213720649729
1338158212558819336
1338158143617032192
1338158022430961665
1338158019230593024
1338157881586290690
1338157665814515713
1338157494221164544
1338157464739450881
1338157403334979584
1338156612280836097
1338156470278492162
1338156284579819524
1338156262115209217
1338156215524859908
1338156110457548802
1338156068724219909
1338156061669404739
1338156045491974144
1338155903426564096
1338155495543218177
1338155180399996929
1338155146493177857
1338154956008853509
1338154830276276224
1338154739285028865
1338154738500636679
1338154562163793920
1338154516206800897
1338154365190860801
1338154297855537153
1338153990781997057
1338153768282693632
1338153668252676097
1338153406922420229
1338153404934270976
1338152841047810048
1338152826502000640
1338152695996186630
1338152175969701889
1338151186386587650
1338028242964525056
1338027526883581956
1338027356884111360
1338026442240700417
1338026269183762432
1338025664134443008
1338025198004690949
1338024427892711431
1338024194685038592
1338023703599263748
1338023587828142081
1338023358143864832
1338209149461680129
1338208974961860610
1338208964547387392
1338208947120041986
1338208586556710913
1338208555611131905
1338208521167532033
1338208474694471680
1338208334088957952
1338208075854061569
1338208062184648704
1338207917112225797
1338207673402208257
1338207419986481154
1338207412868673537
1338207402374672385
1338207231960080388
1338207200393785346
1338207148367613961
1338206993807519751
1338206856901234688
1338206799057588224
1338206647555141632
1338206385939468290
1338206329845018625
1338206315705982979
1338206286446383106
1338206096343904259
1338205830622089216
1338205807981309961
1338205724174856192
1338205709230608384
1338205699243991040
1338205556872523777
1338205549339570176
1338205126163574784
1338205126058708997
1338204965223981063
1338204914422525959
1338204854393724929
1338204733228670981
1338204718607306753
1338204595479339009
1338204476688265216
1338204410124533761
1338204282194169867
1338204252712431619
1338204250103554053
1338204108323315712
1338203683461292033
1338203648325718018
1338203644425080835
1338203500484853761
1338203483942608897
1338203468742463489
1338203346604339205
1338203330418499584
1338203131902119936
1338203101216399360
1338202947184836609
1338202813759774720
1338202586923622402
1338202561862643712
1338202419440857090
1338202290126196741
1338202228373524482
1338202060869816320
1338201926350098436
1338201502888808448
1338201472694009856
1338201454004334596
1338200558902128642
1338200523804172291
1338200480502132739
1338200368442961927
1338200310427185152
1338200295852085250
1338200194391805953
1338200138179899401
1338200119632670721
1338199971473072130
1338199892087480320
1338199751729307649
1338199556488650753
1338199239529291778
1338199202136903680
1338199100420927490
1338198934557167617
1338198712754053122
1338198589101707270
1338198268925325316
1338198226806198273
1338197906097131522
1338197820445220865
1338197719001821184
1338197714400473089
1338197447273639938
1338197199411359745
1338196741015756800
1338120736528097280
1338120710221221888
1338120677409210368
1338120646971289601
1338120343567863810
1338120062163566595
1338119449585455105
1338119378211049473
1338119371315699712
1338119268806877184
1338119241342607360
1338119067115327489
1338119051915259905
1338118888643416065
1338118872751165442
1338118831647158279
1338118404008374272
1338118364082958340
1338118337633587207
1338118219983429632
1338118024755367942
1338117846413561856
1338117794974601217
1338117720223657986
1338117291863650305
1338117236016418816
1338117215158218754
1338117167498321920
1338117068055433218
1338116991844937728
1338116837591093249
1338116799548821505
1338116673660989442
1338116395066912768
1338116351148388353
1338116286455279616
1338116269107720197
1338116265475530754
1338116068297076737
1338115878785835008
1338115796296486912
1338115734870888449
1338115505505382400
1338115439998738434
1338115203226021888
1338115191658188800
1338115065879404552
1338114628790968322
1338114582804566017
1338114493189066756
1338113672661622784
1338113508987334657
1338113325041930244
1338113134515552256
1338112939631333376
1338112580171259905
1338112541550112770
1338111904452124673
1338111812974366722
1338111300887568390
1338110966379245568
1338110485552635905
1338110059994378240
1338109688626491394
1338109417313759233
1338109309893431301
1338108918866776068
1338108829201027073
1338108549424160769
1338108453013905409
1338108262592417792
1338108095965384704
1338107990033846274
1338107963391741953
1338107768746729478
1338107762136510464
1338107714329833480
1338107200418574337
1338106930120826880
1338106523160031234
1338106504268935172
1338106426498039808
1338106416889028609
1338106369753436164
1338106191935893505
1338106146511593473
1338106104753123329
1338059448187822082
1338059431972663297
1338059078921228288
1338058533045231616
1338058176957181953
1338057944651468801
1338057143526756353
1338056629699350535
1338056432386772993
1338056247602524160
1338055694101057536
1338055336687788033
1338054874123079682
1338054649442574336
1338054581536911361
1338054436640481282
1338054004853645314
1338053977120727040
1338053801337565186
1338053615974551552
1338053566624370688
1338053353310392321
1338052621408538624
1338052339232632832
1338052273369460737
1338051738054475776
1338051415734956033
1338049707738861568
1338048607186989057
1338048405973688320
1338047980880842753
1338047775020363777
1338047641704345600
1338047580912164864
1338046392661585920
1338045920500461568
1338045794981654528
1338045682087841794
1338045640635461633
1338045035716218880
1338044558022729729
1338211692669530114
1338211662709616640
1338211591171547136
1338211510489911297
1338211217370984453
1338211164984111113
1338210823496404999
1338210822544371721
1338210778122424329
1338210491789926405
1338210328795090948
1338209877722767361
1338209826850136068
1338209730112581632
1338209688652050438
1338209612164722695
1338209503549018112
1338209395176574977
1338209351270592514
1338209280755904512
1338209255346720768
1338209187411574785
1338130743348826113
1338130346563526658
1338130280293470208
1338130236198809600
1338130110466191367
1338129704038133763
1338129649486995456
1338129645812789249
1338129487779815424
1338129258326200321
1338128461559451653
1338128433319206913
1338128286644396033
1338128271452631040
1338128252951547904
1338128195799969794
1338128157883428866
1338127909429649409
1338127843042201600
1338127832153669633
1338127709797494784
1338127635440922624
1338127470441230336
1338127406222233601
1338127374727208960
1338126733451653120
1338126672130953217
1338126539066667010
1338126481038446595
1338126453582557185
1338126120248602628
1338126089609162755
1338125794527285249
1338125013724114947
1338125011031371776
1338124671804444677
1338124477167767554
1338124323064786948
1338124238637723649
1338124105174966277
1338124020680679428
1338124017216188416
1338123958567178242
1338123895216496645
1338123523764707328
1338123497659375616
1338123432060448768
1338123418512879616
1338123093961748480
1338122971416817668
1338122857591803904
1338122781024784384
1338122634018623490
1338122497947029504
1338122315347931137
1338121917191114753
1338121880524517379
1338121783728336896
1338121565922340864
1338121283968655360
1338121202490105858
1338120979621552128
1337934776129495041
1337933953978798080
1337933890745487364
1337933830078955520
1337933730275618819
1337933433637543936
1337932648149381123
1337932601844264961
1337932400995627008
1337932108011069441
1337932038679240706
1337931752514478081
1337931545726889984
1337931485316255747
1337931085485928448
1337931012496646145
1337930972046700545
1337930823807471624
1337930638712852483
1337930629925789697
1337930588750307330
1337930565144678402
1337930216547770369
1337929725809975298
1337929665676267527
1337929539306000384
1337929368346255360
1337929368258174977
1337929096475635720
1337929030885105669
1337928927977861124
1337928926513876992
1337928784025169921
1337928723203547136
1337928698075418633
1337928647185997831
1337928420697780225
1337928329891024898
1337928303945113600
1337928268142551040
1337928137053589505
1337928048520253441
1337927991456899076
1337927264982495237
1337927234238046208
1337927171965243395
1337926852023869440
1337926762676641792
1337926352738148358
1337926329304420353
1337926246160805890
1337926169124073472
1337925774511382530
1337925582613606402
1337925562816487424
1337925455517790216
1337925213665812481
1337924991984209921
1337924959423881216
1337924926339047425
1337924763004497920
1337924486654357504
1337924327707205634
1337924307876536328
1337924229292044299
1337924213307486225
1337924115907424256
1337924089198088195
1337923825502101506
1337923470831865859
1337923057395118080
1337922959055466504
1337922781355208704
1337922590829002753
1337922505672065025
1337922495312056321
1337922493194137603
1337922211697610752
1337922196568559617
1337922000485044226
1337921780342636546
1337921678559461376
1337921399478956033
1337921054443008002
1337920790038241282
1337920592129843202
1337920319315533824
1337920192844853248
1337920179171434496
1337920077820203009
1337920026557345793
1337965953263529990
1337965691433971715
1337965255062786048
1337965250528862209
1337965155704070144
1337964528248623104
1337964332408299523
1337964136160964613
1337964115030134784
1337964066493636608
1337964055110295554
1337964018368176139
1337963731997831171
1337963600711983109
1337963029019959299
1337962878247309314
1337962719337701376
1337962644364398592
1337962611254685696
1337961529224941570
1337961437969281024
1337961296311033859
1337960787399368704
1337960447496974337
1337960341045653505
1337958974881148929
1337958453155942403
1337958449171345408
1337958209072467975
1337958087290863616
1337957964246822918
1337957758054883329
1337957717395320834
1337957277756747776
1337957248795074560
1337956739249971200
1337955837357273090
1337955273395191808
1337955260506075138
1337955050207981571
1337954476762664960
1337954409343557634
1337954277017477120
1337953670865018880
1337953567630647299
1337953354165710849
1337953319252185089
1337953055032139777
1337952606975647744
1337952212547497985
1337952090799431681
1337952001859186688
1337951987938287617
1337951969726631939
1337951962428542978
1337951890907095040
1337951770723504130
1337951570508570625
1337951495950639105
1337951398667956224
1338023061501734912
1338022028327137280
1338021983326507009
1338021747182858240
1338021447676125186
1338021123406041088
1338021064979472385
1338020991902085121
1338020887858208770
1338020534211256322
1338020311447576577
1338019293250932736
1338018815943307266
1338018012880924674
1338017689256792064
1338017311010131969
1338017290990858240
1338017136145534976
1338016868574121984
1338015427348234245
1338015207566712832
1338151116429651968
1338151053066432513
1338150720638423044
1338150616884011008
1338150353842413568
1338150308795592708
1338149712067620864
1338149550511501318
1338149261716938752
1338149215508131842
1338149126563901440
1338149112164847616
1338149110109630466
1338148827652612101
1338148815342366724
1338148699638214656
1338148658475388936
1338148654645989383
1338148629186408448
1338148525016829952
1338148380728561666
1338148176906379264
1338148033356324869
1338148012200177664
1338147979245592579
1338147930423750656
1338147685459611655
1338147660356870145
1338147651410419712
1338147642837262336
1338147636143140866
1338147550025682944
1338147520069963776
1338147519419834369
1338147445482479617
1338147290599419904
1338147181052780544
1338147052341977089
1338147024697499656
1338146781880848387
1338146776398827521
1338146685554343936
1338146465751904259
1338146361250697216
1338146293374390274
1338146163816591361
1338145996111548417
1338145874199736320
1338145656674738176
1338145296958824453
1338145189509144578
1338145090548752387
1338144978514575360
1338144750222893056
1338144710263779328
1338144273217310720
1338144101124943873
1338143826725261314
1338143761755463680
1338143748698615822
1338143507496787971
1338143299018895360
1338142995410014210
1338142987449229316
1338142985775616001
1338142953555058690
1338142867269832705
1338142836341043200
1338142745815289856
1338142651367845895
1338142651024019458
1338142475848798209
1338142297955950594
1338142288996937728
1338142200711045122
1338142016182611970
1338141710438850561
1338141585951895557
1338141346037686273
1338141205503348737
1338140912929570818
1338140820705333248
1338140689553641477
1338140677000089601
1338140292596248576
1338140281640726530
1338139937808539650
1338139907093630980
1338139806711361536
1338139737727651844
1338139631980867585
1338139394620989443
1338139231093461009
1338138704322420739
1338138497371295746
1338138178985848838
1338138060328939522
1338137760423612417
1338137411788935175
1338137175028805640
1338137096989642752
1338137061602320389
1338136761847967751
1338136490132594689
1338043915144843264
1338043658063503360
1338043630481764354
1338043503675400197
1338043175781478400
1338042742090461185
1338042290888089600
1338042120393781248
1338042088701620225
1338041045112729606
1338040464759377921
1338040170482978816
1338039715883347968
1338039436739829760
1338039122594816001
1338038920022532098
1338038886891712512
1338038466114973703
1338038147784073216
1338038078095708160
1338037688226652160
1338037432521019392
1338036588903854080
1338036507496468481
1338036382779011073
1338036222451576833
1338035816841482243
1338035262530723843
1338035151746396160
1338034932917133312
1338034793150234624
1338034195713691649
1338033303396421632
1338033275416219650
1338032989062778880
1338032464120332288
1338031932555186176
1338031344589430787
1338031147310325762
1338030879847948288
1338030682761662464
1338030109949882369
1338029547376291841
1338257285806743559
1338256990297059328
1338256931123843072
1338256874756562945
1338256809128321024
1338256568391970818
1338256521126436866
1338256193056215040
1338256159690678279
1338256086713905153
1338255908862881795
1338255776876552192
1338255594919227398
1338255578314006535
1338255416380289024
1338255190022033408
1338255142236299265
1338254989232312321
1338254951118671879
1338254524390182913
1338254455905660939
1338254353082277888
1338254326029021185
1338254012034985990
1338253691380510722
1338253589878214657
1338253463461957632
1338253315155562496
1338253268640804870
1338215304338534401
1338215251930648578
1338215104643534849
1338215090365992961
1338215044144762881
1338214936917516290
1338214878738329602
1338214849340465152
1338214757782843392
1338214748161069056
1338214719405121539
1338214691601059843
1338214649414766593
1338214648571699204
1338214535916900358
1338214484184326144
1338214180948742146
1338213828107128835
1338213730862178310
1338213388384661507
1338213378515488768
1338213095458680832
1338213000923271170
1338212948481871872
1338212891821019138
1338212763005497344
1338212730227003398
1338212714942967810
1338212579353657344
1338212534718001153
1338212221000802304
1338212220275200002
1338212164600000515
1338211812924416001
1338195060295426049
1338194695105679360
1338193902013214727
1338193726401818628
1338193342576926723
1338193264864845830
1338193217875931143
1338193093355515904
1338192924937498624
1338192579620433921
1338192359994122244
1338191973635805185
1338191729791541248
1338191342481141760
1338191264454479883
1338191214768775172
1338191126382206982
1338191004235673600
1338190900992864260
1338190716770504708
1338190652719378432
1338190593755926529
1338190413979500545
1338190307914096643
1338190274158342144
1338190268265324544
1338190242424254465
1338190012068876299
1338189970754846721
1338189869705809925
1338189756417576963
1338189645604028416
1338189610451673090
1338189548887662594
1338189450472517632
1338189444579520515
1338189170968326144
1338189073052295175
1338189007918870535
1338188932782108672
1338188739030478849
1338188678343118854
1338188667366596608
1338188652908851201
1338188648039264259
1338188499841847298
1338188426806431746
1338188425300758531
1338188406212452353
1338188390391484417
1338188327124602882
1338187883459579905
1338187845614379010
1338187628001288192
1338187571218755589
1338187504802013185
1338187294566703105
1338187203093143553
1338187069898813442
1338186875031339013
1338186742793445383
1338186201858236418
1338186169243348998
1338185874555752448
1338185326930628612
1338185162207744007
1338185017344847874
1338184893138800643
1338184888760066050
1338184704793714689
1338184561893777416
1338184528314183682
1338184488048857090
1338184477672083456
1338184369752727552
1338184299384868868
1338184193738756096
1338184097064226821
1338184070300397582
1338184064411578370
1338184038062977028
1338183918936346624
1338183787918790657
1338183707673419777
1338183523853869058
1338183361496485896
1338183314641915904
1338183206672224258
1338182578839441408
1338182481502212098
1338182280171446273
1338182074893824001
1338182006438563843
1338181947995136001
1338181857914052608
1338181811789303808
1338181802805121027
1338181552501567490
1338181532725469185
1338181521514041344
1338226844148125698
1338226837609189377
1338226786132439040
1338226597858578438
1338226465448595461
1338226457131290626
1338226452211372039
1338226315976126466
1338225888962473987
1338225875997904899
1338225868863397889
1338225827700301824
1338225811233640449
1338225687988232195
1338225651262885903
1338225613459615744
1338224976479068163
1338224937203507202
1338224936847101952
1338224843418824705
1338224779015331841
1338224768663904259
1338224766591832066
1338224606956630019
1338224543412998150
1338224222468931584
1338224152365289474
1338223772847968263
1338223766992777221
1338223738899337217
1338223651066425344
1338223642816163841
1338223358106873858
1338223297234866178
1338223060781068294
1338222929725825025
1338222717485674497
1338222709877198851
1338222487344058370
1338222135278448644
1338222116425134081
1338222022434938881
1338221999580123143
1338221942009171974
1338221914909593601
1338221882714230785
1338221859507154946
1338221809028771847
1338221793040011265
1338221591281475588
1338221486344171522
1338221414634098689
1338221385483685888
1338221244899061760
1338221197008506881
1338221185176367105
1338221085574262786
1338221076057362432
1338220980905390080
1338220877490556928
1338220792014921733
1338220722561441793
1338220661383303173
1338220607268384768
1338220599974432770
1338220586087149569
1338220406638063616
1338220359104008197
1338220358806204416
1338220355618484231
1338220351210348549
1338220337671139334
1338220320323465216
1338220272873304066
1338220233287487494
1338220215314702337
1338220165255852032
1338220146301800449
1338219942127218692
1338219899697721344
1338219869486141450
1338219790515703815
1338219761147240448
1338219731032158217
1338219702410244100
1338219414030872579
1338219390429491206
1338219378202951680
1338219368346513410
1338219196312850437
1338219133964529669
1338219099495731202
1338219005283364868
1338218999356788744
1338218790098784261
1338218699279527942
1338218628324405249
1338218540218929152
1338218365538668546
1338218317673340933
1338218266947444738
1338218245539631104
1338218184483221506
1338218180901298179
1338218081680830467
1338217950004785153
1338217935958110214
1338217899241185284
1338217875149033479
1338217775291117575
1338217697310597120
1338217463683698689
1338217284964397057
1338217018940600320
1338216693986971652
1338216693529624576
1338216677352280067
1338216644565463050
1338216347742982146
1338216201848303618
1338216178112753672
1338216093832318978
1338215657457020929
1338215622069653506
1338215601983119364
1338215454796603392
1338215414753595397
1338215379638906882
1337940219308498944
1337940145706840064
1337940086948851714
1337940051808956418
1337940032506703872
1337940004761444352
1337939970758234114
1337939930505486336
1337939881444614145
1337939856274677762
1337939382775525377
1337939322692046849
1337939204106489857
1337939199425699841
1337939187954298887
1337939173542486016
1337938699628261381
1337938537400950784
1337938497383108609
1337938452705406983
1337938373185564672
1337938323747311617
1337938274464256002
1337938247612293122
1337938181677854720
1337938122852753411
1337938078552510464
1337938030573838337
1337937986772721664
1337937917310865408
1337937850541674497
1337937835832250371
1337937835316404225
1337937632488263680
1337937402980085761
1337937353608990720
1337937199539638272
1337936978986328067
1337936947273228291
1337936903568408578
1337936802716508164
1337936791794376707
1337936746097631234
1337936719035969537
1337936657648152579
1337936607702290432
1337936603835232256
1337936571669082113
1337936543261011970
1337936511539535872
1337936465909723137
1337936323164872705
1337936123859935232
1337936072060256258
1337935894989463553
1337935847631548417
1337935768275329025
1337935546912530432
1338074764225732614
1338074090502901760
1338073782859214850
1338073245229199360
1338072547200561152
1338072471908605954
1338072430015864834
1338072094337363969
1338071341237415937
1338071282949230598
1338070927095939074
1338070855553789959
1338070788730200064
1338069848484671488
1338069285718069253
1338068909052866561
1338068738415976450
1338068696498102273
1338068299473620992
1338068225763008512
1338067743686467591
1338067321546362880
1338066081068576769
1338065501210218496
1338065303285149699
1338065103133007873
1338064696369422336
1338064573895610371
1338064369670893569
1338064216914268160
1338064083946496001
1338063655070355456
1338063319559761920
1338063050792972289
1338062829702828032
1338062773251665920
1338062288616648705
1338062286611734528
1338062284065796098
1338062214360686595
1338062064225554433
1338061994210045953
1338061747580788736
1338061613237063680
1338061355602092033
1338061327382691841
1338061326627823617
1338061074768277506
1338061065771495426
1338061059006017536
1338060730982166537
1338060682907029504
1338060366643933186
1338059811859144705
1338105497203974145
1338105406137233410
1338105138007867392
1338105051454255104
1338104726785822721
1338104665020522496
1338104605679480833
1338104177650790405
1338104090430230530
1338103897513144320
1338103765136789508
1338103653060763648
1338103640788258816
1338103582357393409
1338103358356381702
1338102850338115592
1338102752547926023
1338102745866383361
1338102168033910785
1338102058763886594
1338101901565587457
1338101768023138304
1338101630798094336
1338101456109449217
1338101451323813888
1338101323619692544
1338101278207930369
1338101096628199426
1338100663495090177
1338100570997964802
1338100560847921152
1338100385660116997
1338099924563619842
1338099757013753856
1338099749476593664
1338099562699952130
1338099440784183299
1338099398765666305
1338099332130742273
1338099195857793024
1338099067138809856
1338098896472563712
1338098686761590784
1338098520939749376
1338098393370005510
1338098278303473664
1338098041723695104
1338097895933845505
1338097772860329985
1338097720951787520
1338097129202528257
1338096737857269767
1338096659633491969
1338096589408264192
1338096299523141632
1338096281097560064
1338096007091908609
1338095866155032576
1338095822219653123
1338095820659429377
1338095465041190913
1338095431641948167
1338095426356924416
1338095419809783810
1338095258840784896
1338094993496567812
1338094812688506880
1338094677380247553
1338094563727183879
1338094500036677632
1338094166358765568
1338094017951698947
1338093937811140609
1338093901152989187
1338093789160812544
1338093537196433412
1338093263245414401
1338092975595925504
1338092832255578112
1338092828648464384
1338092588906078208
1338092538377498624
1338092228376399872
1338091971714289664
1338091712552595456
1338091670798290944
1338091563868704768
1338091266274451456
1338091139346391040
1338090901785161729
1338090789759557640
1338196553442488325
1338196542386302976
1338196522970853378
1338196504536702976
1338196188508655619
1338196132380499968
1338195866469937152
1338195805786746882
1338195208358535175
1337951093461020672
1337950970760794113
1337996572219596800
1337996426752577537
1337995795161899008
1337995794226536449
1337995439967260674
1337994963850833921
1337994900365860864
1337994744887091200
1337994715141197824
1337994607876075522
1337993993376952323
1337993912762380289
1337993425388441600
1337993332899844096
1337993190465474560
1337992853134446593
1337992795571761153
1337992637136195586
1337992632526626816
1337992039007318017
1337991205125296128
1337990641352138753
1337990469578412033
1337990312757751811
1337989707293061122
1337989639995445249
1337989214156296193
1337989144157384704
1337988758940082180
1337988372816560129
1337988298468417536
1337988140091453441
1337987976857485313
1337987731272548353
1337987481506078721
1337987188919853058
1337987044967124992
1337985834771861507
1337985747819909124
1337985586154573824
1337985266464694272
1337985237293395972
1337985042962739201
1337985004928786434
1337984930815598592
1337984756781371396
1337984747981533188
1337984322507247617
1337984299727872001
1337984034970877952
1337983850471858179
1337983701691482112
1337983451182534657
1337983450586951680
1337983277844422656
1337983123854921728
1337982811530293248
1337982804068507648
1337982781444431872
1337982687026376705
1337982240597430273
1337982038503268353
1337981891119632387
1337919311197900801
1337919191932940289
1337919051541192704
1337919018666115072
1337918616063369216
1337918544688898050
1337918264165494792
1337917358724296707
1337916881626390531
1337916686721187840
1337916235401601024
1337916173938200579
1337915834837192706
1337915346624327688
1337915331898187776
1337915108824059904
1337915050405720064
1337914830838239238
1337914653784092679
1337914406282420226
1337914256038256640
1337914130532065281
1337914126232797184
1337913956011225088
1337913822330417157
1337913746933637122
1337913731641200640
1337913648333926408
1337913390711386116
1337913304115777543
1337913174914428929
1337913053703262216
1337912851294543872
1337912703424335872
1337912688052232194
1337912632838381577
1337912618498056195
1337912307662401537
1337912259641815044
1337912245838233600
1337912184135966722
1337911998538014720
1337911915566096385
1337911833328570369
1337911684095205376
1337911530655014912
1337911382797271040
1337911352850059264
1337911314782556164
1337911272478748686
1337911196041826306
1337911102626095104
1337910960565129216
1337910835470020609
1337910808970485760
1337910695912853504
1337910514584854528
1337910433580281856
1337910370858627075
1337950618078605313
1337950495571234816
1337950455708651520
1337950413543370752
1337950265836711941
1337950029013716993
1337949998684704769
1337949672598540290
1337949621264539649
1337949588129521665
1337949472039587842
1337949439508484101
1337949430172049425
1337949144833527808
1337948950373027843
1337948715038855171
1337948661721034754
1337947726508527616
1337947617242779653
1337947542475182081
1337946394569502720
1337946073038344192
1337945947960066048
1337945644653293568
1337945641767538688
1337945376440143873
1337945195938258944
1337945003423903750
1337944906984284168
1337944884007714817
1337944695587164163
1337944396629684224
1337944371224776711
1337944351670996997
1337944348013551619
1337944192002220032
1337944165322256385
1337944159865303041
1337944156002541568
1337943844055175168
1337943054506885120
1337942726885728256
1337942296315179008
1337942049492963329
1337941443424423937
1337941283663458307
1337941086375981064
1337941080369557504
1337941059544829953
1337941035792486401
1337940547793788933
1337940372522201088
1337940363093438464
1337940309330833408
1337940275021352966
