1272491664158965760
1272491351331024897
1272490248715591680
1272490062018740224
1272489503601700865
1272489197366947847
1272489039229321218
1272488705194950658
1272487373939580928
1272485932881645568
1272485087649714177
1272484925258772482
1272483163252523008
1272481639424294913
1272481196094689280
1272480062370086913
1272479941892988928
1272479093351645190
1272476912242372608
1272572584194949121
1272571586210492416
1272571531902595072
1272570848122073090
1272570565983907841
1272568661631315974
1272568415983751169
1272567358079500289
1272566405628481547
1272565807856246784
1272565791481909248
1272565405014523904
1272565008401084416
1272564372762755076
1272563573659783169
1272562629899411456
1272562272859234305
1272561771484778504
1272561753029779468
1272561517829869574
1272561043143868416
1272560984012529665
1272560791997288448
1272560466364182530
1272560183856771074
1272559963609628673
1272559208311947269
1272559181443280905
1272558343475912705
1272558247623438339
1272664172715741185
1272663709710725120
1272663412561117187
1272663260806950913
1272662556679843846
1272662516292825088
1272661770709106691
1272661742196162560
1272661689469677577
1272660620484247553
1272660500464021504
1272660099769786371
1272659928956665857
1272659880264884224
1272659570851266560
1272659424054849538
1272659343763296258
1272658951251865601
1272658689745444869
1272658643628908545
1272658426649210882
1272657212763181058
1272656796180779009
1272655910226231296
1272655842228105216
1272655183718342656
1272655074016321546
1272654989576605696
1272654237659348992
1272653918988898311
1272653893579747329
1272653821148364800
1272653311397761026
1272653021252653056
1272652942139588610
1272652932463374337
1272652763189727233
1272652762208141312
1272652748085919744
1272652197436616704
1272651917659910145
1272651761799626752
1272651365907562496
1272651098420121603
1272650735369564164
1272650720119074823
1272650699512430593
1272650649881231360
1272650449036939266
1272650433958305792
1272650194757222403
1272650052645855238
1272650040197218305
1272649755928203266
1272649327291305985
1272649270429089792
1272649087226195968
1272509364939550725
1272508600695640064
1272507207435923458
1272504077725941760
1272503321966678016
1272503131880828929
1272502750081884165
1272502712794599426
1272501177524125697
1272501171635322880
1272500790230487042
1272496718823723014
1272379811705630721
1272379771394162688
1272379639399436288
1272377897987330051
1272377704462065664
1272377534932561921
1272376554564325377
1272374995084144642
1272374243364347906
1272373263365214208
1272373230410629125
1272372480171110401
1272371695710621697
1272370587684519936
1272370290123771905
1272370164881747968
1272369504362921984
1272368830283563010
1272366804166467586
1272365636019195907
1272365414236983297
1272365354778591233
1272556442399080449
1272555970904887296
1272555320158584832
1272555202172858370
1272554445797232641
1272553857646833664
1272553743813349376
1272553521930534914
1272552837751410689
1272552319880577026
1272551885958938624
1272551787489189888
1272551082938564608
1272549160265355264
1272548599969329154
1272547186581164034
1272546812344381440
1272546350308241408
1272545141971173376
1272545052481294336
1272544396861476867
1272543330082197505
1272542405796024320
1272475641225633792
1272472998423994370
1272467827996479494
1272467171726069760
1272464392886669314
1272464197415309314
1272463646325485569
1272463480327716864
1272463280355893248
1272618440407289857
1272617806819926022
1272617797324091393
1272617760623857667
1272617680193937414
1272617202814943233
1272616806511935490
1272616653596090370
1272616613448167426
1272616333046415360
1272616302654480390
1272615548384354305
1272615204967329794
1272615125816676355
1272614951467642880
1272614162661806083
1272613855345160192
1272613526679556098
1272613297502801921
1272613127734075397
1272612992786534401
1272612952596717568
1272612836196450306
1272612757439946753
1272612336591876098
1272612198402187269
1272611713590767617
1272611033492979716
1272610847429406721
1272610150667259905
1272609641285906435
1272609370325598208
1272608971367604230
1272608502721191937
1272608195777835013
1272607518208987142
1272607383081148417
1272606888564264961
1272606663510503427
1272606623127736320
1272606581541216256
1272606026274086913
1272605493266186240
1272605471074062340
1272605183319646210
1272605090898010112
1272604995414884354
1272604989438013440
1272604877366140929
1272604652345802752
1272604581936193536
1272604446447620099
1272604412285005824
1272604283184115712
1272603525432967168
1272680118700380161
1272679975838253058
1272679912542003203
1272679838462115842
1272679707549597696
1272679676423610368
1272679162407346176
1272678947680067587
1272678911240032257
1272677974995681280
1272677511630110720
1272676545711280129
1272675731764633601
1272675079709552640
1272674589357813761
1272674466859028481
1272674221676625921
1272673642787332103
1272673460943155200
1272673386943008769
1272673166020816902
1272673164385038336
1272672536036327429
1272672498639724544
1272672386450632705
1272672272931840000
1272672181772836864
1272672181730914312
1272671340164677632
1272671124074135552
1272670913469779973
1272670839931129856
1272670714513022979
1272670452306055169
1272670194188648448
1272669773256671232
1272669265720565760
1272669263099289602
1272669119263866882
1272668530132029441
1272668365040074752
1272668341962932232
1272667737605758976
1272667562929766400
1272666400436469761
1272666111536922632
1272665958310506497
1272665913964269568
1272665732296445953
1272603099576897537
1272603062788489216
1272602733850304512
1272602460679479296
1272602432439279617
1272602345176731662
1272602248787484675
1272602127802814465
1272602030603993088
1272601811468378117
1272601787934167042
1272601366461112321
1272600904320106502
1272600276172771328
1272599945950838787
1272599933745598470
1272599764404785152
1272599636696498176
1272599183158054913
1272599071509942282
1272598801111539713
1272598724888473600
1272598650850590721
1272598610828423169
1272598197211447297
1272598162105085953
1272598159588458505
1272598156455231488
1272597828322447361
1272597805404753923
1272596879935766530
1272596669801082882
1272596634124386309
1272596632819740673
1272596440720781313
1272596314057048070
1272596151972368384
1272595980517548033
1272595711863947265
1272595585015713792
1272595554393079808
1272595444997054464
1272595219121405952
1272595027009642496
1272594786105593856
1272594780946608128
1272594778056785924
1272594745668272128
1272594532580962310
1272593799194259460
1272593540191793158
1272593480603369472
1272593215846330373
1272593133864452101
1272593060808077314
1272592776316813315
1272592478466641920
1272592422627938310
1272592236191113222
1272591941738418178
1272591830526246913
1272591717687050243
1272591479806898177
1272591339864174598
1272591111748493312
1272591093801070592
1272590455658725381
1272590360053604358
1272590345705062406
1272589950593179658
1272589843550306306
1272589475189792768
1272589353164963841
1272589143693053955
1272588907922681856
1272588612983537671
1272588295382478848
1272588056806162434
1272588010178174976
1272363338425565184
1272361155441426433
1272360182581006336
1272360093934333954
1272360011059134464
1272358889346879488
1272358054504218625
1272357389199724545
1272357076048674817
1272356980989050880
1272355508838694912
1272353966123356162
1272353145721503746
1272353090583265280
1272350730389766145
1272350519223365632
1272349979890327553
1272348893532041219
1272348499917574145
1272331621816053760
1272329350352945154
1272328831794384904
1272327185915879424
1272327069431746560
1272326432102866945
1272325170720419840
1272322611406614528
1272318990766034945
1272318386060627968
1272525326753697792
1272524838255521792
1272524329553661952
1272522061928452097
1272518634313854977
1272517317159682049
1272514849512263683
1272511951688564736
1272410865527132163
1272407449329299457
1272406870485917697
1272405087327928320
1272404650784890881
1272404273628942344
1272401485205291011
1272633615109799937
1272632706753597443
1272632106590638080
1272632068778975239
1272631777836834818
1272631758429831170
1272631429084508161
1272630363324657666
1272630168360714241
1272629775509700608
1272629642592206848
1272629601798414341
1272628930596438018
1272628926565584896
1272628905623478273
1272628886522609665
1272628867388211200
1272628070172594176
1272627398144647169
1272626535577591808
1272626322414514177
1272625778442801157
1272625169585094657
1272625107555549186
1272623684277035008
1272623528462999552
1272622516159213568
1272622357920862208
1272622014927421443
1272621691571666951
1272620073811881985
1272619852835033089
1272618856771653633
1272618537228664832
1272347771782266880
1272347323692134401
1272344671587631109
1272343472972890112
1272341706520899584
1272341300059103232
1272340932680130560
1272339072602775552
1272339056853233664
1272337762407022594
1272337665057325056
1272337551693615107
1272337435863609345
1272337304921636864
1272335139964628997
1272334868169388032
1272334395563806724
1272334309928640513
1272333105140039685
1272332899665182722
1272648927800672256
1272648886738227200
1272648615635419137
1272647662374977536
1272647442840735744
1272646882133635072
1272646618316255233
1272645731946463233
1272645402702090241
1272645228240023554
1272645092747116546
1272643237031874562
1272642902523432960
1272641541203517440
1272641105939632128
1272640749583118337
1272640492107436032
1272640491213840384
1272640344685981698
1272638930496651269
1272638833486639104
1272638562853404680
1272638513901645827
1272638487569862662
1272638278525751299
1272637313974185986
1272636911933370373
1272635404970151937
1272635323269484545
1272635114024042499
1272634260479004672
1272634138697371649
1272633834996207617
1272443697574170626
1272438717173694465
1272438490010189824
1272436202709254144
1272434171181436931
1272433241602101249
1272426121011908610
1272425900399906816
1272425440481816577
1272423326825275392
1272422152617308160
1272420318481612800
1272419876125249536
1272418859870552065
1272417746337308672
1272416286643904512
1272411469791952897
1272540622033952777
1272538552472084480
1272538533727809536
1272538475468914688
1272537316628848642
1272537161447772160
1272535592736342016
1272534072666046465
1272533641193807874
1272533455725887493
1272533390441377794
1272531799646879747
1272531657170567169
1272530548326633472
1272527362991681537
1272526330576371714
1272459286564618241
1272458678336094208
1272456014017724417
1272455758295302149
1272454361067782145
1272453309543088131
1272452557550616579
1272452317934227457
1272452281519177728
1272451935354925056
1272451296302452737
1272450867699089409
1272449811548180484
1272449357942525952
1272448566695530497
1272448083134238728
1272447875570597888
1272447028765888513
1272446873471778818
1272446629858115596
1272444856170938369
1272444437378056192
1272587913990156296
1272587426595254275
1272587393313406981
1272586719569772544
1272586555173990403
1272586386290413570
1272586371064975361
1272585823578357762
1272584770740989955
1272584429127577600
1272584067385622528
1272583857427091456
1272583328475070464
1272582453232795649
1272582226228674562
1272582169735704576
1272581119905587203
1272580327714611202
1272578406161567745
1272577592546283523
1272577049392283648
1272576116906213377
1272576109788479490
1272575609433186304
1272575146923102208
1272575062701305857
1272574526979784708
1272574422323548160
1272573731152379904
1272572955856232450
1272394932364488704
1272393716506996738
1272393523506089984
1272389351675068416
1272389076977680384
1272387306586992640
1272386143657627648
1272385362426544129
1272384641509609472
1272384065581301760
1272383842331103232
1272383644833910785
1272382307819761664
