1225040312072114180
1225040308460773381
1225039851864461312
1225039795589648384
1225039670817558528
1225039493436264453
1225039263965876225
1225039174874673153
1225039054552563718
1225038945022627845
1225037987089670146
1225037965442850818
1225037897742585856
1225037876812926980
1225037844911198209
1225037784819347456
1225037401086660614
1225037371386679298
1225037350687985665
1225037091555418112
1225036912433553413
1225036674801065984
1225036636049661952
1225036588486258690
1225036446001582080
1225036374761492482
1225036363638222848
1225036360203014149
1225036249607610368
1225036234696863745
1225036177859842048
1225035879045107712
1225035614376136710
1225035607191310336
1225035552044519427
1225035505710006273
1225035482586845184
1225035238524489729
1225035160539676672
1225034838844952578
1225034693483094017
1225034643306688512
1225034602106015745
1225034533587865601
1225034388393476097
1225034367824777217
1225034365857607686
1225034056175407104
1225033961543475200
1225033832417591296
1225033669091430401
1225033560861614081
1225033170099363843
1225033125794865152
1225032749997838336
1225032723732893698
1225032614228029440
1225032469583237120
1225032469197529088
1225032468824240128
1225031537323925504
1225031535595835392
1225031488992792576
1225031444214484992
1225031177049985025
1225031132976230402
1225030861189537792
1225030842600361985
1225030840159277056
1225030337585131521
1225030181989031937
1225030057644609536
1225029757097607173
1225029701808214022
1225029506517225472
1225029466054852609
1225029430826815494
1225028820983566336
1225028785541734401
1225028683913744384
1225028583216885765
1225028002662227968
1225027887029465088
1225027170696925185
1225026643468718085
1225026519329910784
1225026231684554753
1225026035093311491
1225025831682093056
1225025307306004481
1224979280951762944
1224979029800951808
1224978857985527808
1224978810694787072
1224978390324666370
1224978324616646657
1224977894419652608
1224977682766729217
1224976886628925441
1224976749404000256
1224976187396710400
1224976148490096640
1224976140789379072
1224975859649519616
1224975362540568576
1224975359571038208
1224975268596547584
1224975193245995008
1224974957169397760
1224974906997256192
1224974817360740352
1224974368868065280
1224974212802260992
1224973796995731456
1224973733569404928
1224973658462085120
1224973635640791040
1224973359785676802
1224973124623618048
1224973052385136640
1224972605091930114
1224972567687024640
1224972334194397187
1224972164907954178
1224972045362106369
1224972025720078337
1224971866248318976
1224971406003228672
1224971390798958593
1224971349140983808
1224971247928385536
1224971096019079168
1224971055942385664
1224971038062206976
1224970213218799616
1224970002526162944
1224969795147309058
1224969793352224768
1224969418750353408
1224969181084471296
1224969169864708097
1224968683858071553
1224968479092150273
1224968047603044353
1224967828287238144
1224967617191899136
1224967404381507587
1224967323234324481
1224967319408926721
1224967318243024896
1224967294515761152
1224966760513921026
1224966621778849793
1224966519689486337
1224966400416059394
1224966140822077440
1224966073222492161
1224965918037401600
1224965221137244161
1224965175385772034
1224964865065799680
1224964787442012161
1224964480926453760
1224964371454914560
1224964365532717057
1224964246250950656
1224964128923537408
1224963662093287424
1224963495873085440
1224963382731780096
1224963198715121664
1224963008637456384
1224962969798234113
1224962954660990977
1224962863002861568
1224962799396360192
1224961473555812354
1224961225563496448
1224961191581245440
1224960375755436033
1224960342930776064
1224960139826008070
1224960122260160512
1224960000079974401
1224959933185216514
1224959656952504321
1224959087374241794
1224959023671402496
1224958976598691842
1224958956034056193
1224958640563470337
1224958635605970945
1224958407901188096
1224958296836186112
1224957964336816128
1224957768030777346
1224957611239448576
1224957517236666369
1224957401608134657
1224957379822878720
1224957375548940288
1224957292552036354
1224957116349341696
1224956857996935168
1224956806486773761
1224956401866301440
1224956202179674112
1224956147414839296
1224955982490456065
1224955768644034560
1224954981695934465
1224954651860250624
1224954503033737217
1224954411853713409
1224954389317726208
1224954238675181568
1224954156609306624
1224954120307724288
1224953316863549440
1224953129315246080
1224952969290010624
1224952759293640704
1224952673411067905
1224952514405175296
1224952224536723457
1224952142043271168
1224951571944837121
1224951480517562370
1224951422028075008
1224951229719236608
1224951081433620480
1224950907147710464
1224950813669244928
1224950617078059008
1224950549163859968
1224950475256160256
1224950331890495489
1224950135643394049
1224950037739986944
1224950013379301376
1224949772634574848
1224949608071090176
1224949034172977152
1224888229054251009
1224888138117443585
1224888134128885761
1224887899189055488
1224887888866877441
1224887834110238721
1224887746709348352
1224887732318679040
1224887582695313409
1224887578287124481
1224887367514746880
1224887233393676288
1224887146861015040
1224887002501451777
1224886765024096257
1224886680445911040
1224886624984686594
1224886566042116099
1224886533704036353
1224886409619738625
1224886404116897797
1224886326081646593
1224886274202460160
1224886267445501953
1224886217474564096
1224886103536173056
1224885889081327617
1224885829572710400
1224885816918327296
1224885755471745024
1224885700996292610
1224885514786037761
1224885450680283136
1224885430958592000
1224885393826254851
1224885266818699264
1224884963172126720
1224884707172720640
1224884647642820609
1224884595067322369
1224884445930541056
1224884358793846786
1224884171790786560
1224884101842255873
1224884005520187394
1224883967825973249
1224883913631268865
1224883839631314944
1224883819934863360
1224883800842428418
1224883705728159744
1224883675273289728
1224883460927410176
1224883414844592129
1224883340685131782
1224883301481095171
1224883019233710080
1224883018973597697
1224882950690439169
1224882928410398723
1224882879949242368
1224882533361504259
1224882508296347649
1224882482123702272
1224882210119081984
1224882159921565696
1224882131169693696
1224882015343763457
1224881903838298112
1224881865225461760
1224881549641838593
1224881509020196864
1224881507791040515
1224881488342257664
1224881349875720192
1224881258334912514
1224880904541286400
1224880795267014660
1224880706809212933
1224880431226486785
1224880334262550528
1224880297185095693
1224880259058688000
1224880226619932673
1224880129492410368
1224880089789358080
1224880063167913984
1224880030448324611
1224879751455600640
1224879717012189185
1224879704697475073
1224879634489020416
1224879612796317696
1224879597092835328
1224879582269980673
1224879505023623168
1224879049903763456
1224879039464132610
1224878930223517696
1224878828859715584
1224878820198535168
1224878819569537024
1224878816532795392
1224878797364834305
1224878706516164610
1224878683397079040
1224878588882837505
1224878531676721153
1224878318643605504
1224878081573150721
1224877974488592385
1224877684716601344
1224877430269042688
1224877366775861248
1224877364867284992
1224877263239303168
1224877178124288002
1224877125431447554
1224877052886769675
1224877029780226049
1224876944652677125
1224876904693538816
1224876806072885249
1224876784308703232
1224876679484583943
1224876548353929216
1224876486382977024
1224876376026681345
1224876199102570499
1224876125828132864
1224876069620043776
1224876034501287936
1224875941685424133
1224875658670530562
1224875584141967360
1224875327479939073
1224875298375852040
1224875156205645825
1224875122957475848
1224875112257728512
1224875096214364160
1224875059782832128
1224875017122590720
1224874978115383297
1224874942795329537
1224874806706872320
1224874768568143873
1224874637282013184
1224874441101971461
1224874420805820417
1224874314870280192
1224874229616627712
1224874095873003520
1224873950385188864
1224873799490949120
1224873776548065282
1224873770621423616
1224873720755511296
1224873642896560134
1224873403410276359
1224873378500222976
1224873277694402560
1224873237642870784
1225131207186436096
1225130994426052610
1225130917817090048
1225130770345463809
1225130720450007043
1225130707573280769
1225130382812565504
1225130304907743232
1225130154244091910
1225130057682817025
1225130013483204609
1225129942159101958
1225129888056778752
1225129798118318081
1225129790027501569
1225129777205350400
1225129573693698050
1225129562884988929
1225129542899195906
1225129528881811457
1225129263239696386
1225129224144551937
1225129192821530624
1225129169425580033
1225129124886237185
1225129062697525249
1225129021144350720
1225128978282758145
1225128971441827840
1225128770849398784
1225128712133316608
1225128655497637889
1225128609024790530
1225128551902375941
1225128524186472448
1225128353964929025
1225128198163304451
1225128129292718080
1225128009621032961
1225127945913741313
1225127694087536640
1225127676979109888
1225127577058185216
1225127273356918784
1225126784179613698
1225126718949609474
1225126642613288960
1225126622489128960
1225126447028850691
1225126388371509256
1225126270943535105
1225126263959977987
1225126263154716679
1225126105448951809
1225126041137696768
1225125926314205187
1225125710035148801
1225125596767768576
1225125500185710594
1225125438860800002
1225125399992131584
1225125314583519232
1225125261290758144
1225125232211447809
1225124989717897216
1225124736306425864
1225124731382386689
1225124706740850688
1225124706132643841
1225124537324523521
1225124508563988480
1225124501383471110
1225124461831245824
1225124253999280128
1225124128790925313
1225124034943356928
1225123991159017472
1225123951233380353
1225123906719244289
1225123789656162305
1225123677307535361
1225123556557774852
1225123532381851648
1225123381613338627
1225123197248573446
1225123174532231174
1225123049239982082
1225123039664316416
1225123029027606528
1225123017719779328
1225123005128486912
1225122994193944576
1225122982646943745
1225122981728464896
1225122969363582979
1225122742233632773
1225122690882605056
1225122415954382850
1225122413266030594
1225122283280310273
1225122205664792582
1225122107438305282
1225122038047821825
1225122015687970816
1225122014052130816
1225121973371654144
1225121902324305921
1225121876978126848
1225121759893962752
1225121631837790209
1225121624505995264
1225121582038835201
1225121407346016256
1225121261866668033
1225121162621071360
1225121124461182976
1225121112008380417
1225121015631663107
1225120951249113091
1225120949927727104
1225120718922362880
1225120671132340224
1225120650865651723
1225120605135130625
1225120474893627398
1225120474625122305
1225120417284861952
1225120361404141568
1225120253505605632
1225120089323855872
1225120056402763776
1225120034869014528
1225119876286754817
1225119801992937473
1225119704290942980
1225119537240190977
1225119520513114112
1225119462363475970
1225119273212878849
1225119155826974721
1225119032459829248
1225118880944836610
1225118855443484675
1225118452433682439
1225118333894348800
1225118303548559360
1225118165455249415
1225117780824989696
1225117758138068997
1225117678479781894
1225117676651130882
1225117664206561281
1225117464738004994
1225117331103330304
1225117302674415617
1225117193374982145
1225117022138392582
1225116969223032839
1225116941746155520
1225116897722748929
1225116746463567875
1225116719145984001
1225116698518466562
1225116697159512064
1225116597418962954
1225116594537410561
1225116590259073024
1225116471090483200
1225116422914875392
1225116380967657473
1225009747423907841
1225009635486240768
1225009632051187713
1225009627609419776
1225009620181229568
1225009367906422784
1225009295638564865
1225009212868251648
1225009185240293378
1225009053820166146
1225008866405969920
1225008767357468672
1225008680359337985
1225008509986725889
1225008473739579392
1225008371373395968
1225008316239286272
1225008309708574720
1225008167634993153
1225007203658207232
1225006989027266566
1225006516920553479
1225006334354919424
1225006230332223488
1225006181229441024
1225006180193525760
1225006108647051264
1225005714290216960
1225005192451629056
1225005086096662528
1225005042173956101
1225004921084436485
1225004575494746112
1225004530191831041
1225004333315645440
1225004158064812032
1225004143896514560
1225004028762845185
1225004012803522560
1225003783752687617
1225003713531539457
1225003466822537216
1225002808220569601
1225002787076919297
1225002542972596229
1225002453155885056
1225002442405941249
1225001958861307904
1225001906470379520
1225001899989987329
1225001746335854595
1225001744947650565
1225001726748524544
1225001630963138562
1225001593835327488
1225001391204315141
1225001242415550464
1224999941921263616
1224999286557020160
1224999212787462145
1224999093858131973
1224998719969349632
1224998646392872961
1224998638931214342
1224998465765367809
1224998263406899202
1224998091712950274
1224997996137414656
1224997753803153408
1224997455823024129
1224997343642234884
1224996912585170946
1224996725942898688
1224996627959570432
1224996387307294722
1224996194738495489
1224996084952522752
1224996074189778945
1224995954371321857
1224995866135744513
1224995411984711680
1224995125455024129
1224995083075964929
1224995075337252864
1225070647140851712
1225070604858155008
1225070476772270082
1225070300565426176
1225070239433601025
1225069994251300864
1225069990283530240
1225069845877673984
1225069634786713601
1225069544907137024
1225069474140901376
1225069425533112321
1225069190454726656
1225069138747498496
1225069135920537600
1225069128555421696
1225068955888275456
1225068751416168448
1225068740917723138
1225068613423362048
1225068544645165057
1225068471530094594
1225068461329715203
1225068371990978563
1225068319939735555
1225068311383244800
1225068282207768576
1225068082286268416
1225067941932281856
1225067627401371648
1225067616559149056
1225067601694547968
1225067188966563841
1225066998184341505
1225066777316450309
1225066581488734209
1225066574832336896
1225066505634820097
1225066311295950848
1225066108304183296
1225065979165782016
1225065837784006657
1225065450444414976
1225065445465690112
1225065242721431553
1225065072072019970
1225065051377324033
1225064938697183232
1225064880593440768
1225064872053895168
1225064819117654017
1225064581925494785
1225064493941755904
1225064327360720897
1225064035416018950
1225063973269073922
1225063938838224898
1225063879622840322
1225063804712759296
1225063742095929345
1225063655743508480
1225063503767187456
1225063467952066560
1225063248619282438
1225063122395959297
1225063048026525697
1225063002644209665
1225062881697456128
1225062756577087489
1225062671977836544
1225062615619031040
1225062435381489665
1225062170490298369
1225062167386427392
1225062057881604096
1225061970983829505
1225061904219103232
1225061878839304192
1225061870505205762
1225061767400820736
1225061758555041793
1225061681765724160
1225061635255078912
1225061429319028741
1225061417998528513
1225061263652331526
1225061249412558849
1225061102305861637
1225060877428314114
1225060711509843968
1225060665183875072
1225060632459911168
1225060590948769796
1225060363487653889
1225060355899981825
1225060354897731585
1225060287860088832
1225060195115642880
1225060128174628864
1225060109082157056
1225060045999742979
1225059985513598976
1225059982774763521
1225059946577956867
1225059833247862789
1225059832589377536
1225059826675224581
1225059479097491457
1225059428820385792
1225059371400327168
1225059337628004352
1225059263363465216
1225059257848160258
1225059176537362433
1225059106802655233
1225059053929467904
1225059034954436611
1225058984970813442
1225058746931601408
1225058643894292480
1225058571764805632
1225058522259431425
1225058503653494784
1225058387295199232
1225058273105149957
1225058091194036224
1225058035606937602
1225057830262063104
1225057750977261570
1225057646006415360
1225057299372433414
1225057293454077954
1225057223472230400
1225057201145794561
1225057147119185920
1225057132468482058
1225057048787935233
1225056983595868160
1225056897000185856
1225056719237263369
1225056603541528576
1225056565998153730
1225056545421058048
1225056333159944193
1225056244228067329
1225056209704751104
1225056181716123649
1225056056159674368
1225056053974503424
1225055993123561474
1225055941319647233
1225055754115338242
1225055694522585088
1225055590273167362
1225055587186200576
1225085881033379840
1225085834535276546
1225085485875224578
1225085254177656832
1225084998191022080
1225084616240963584
1225084614030647297
1225084559336910848
1225084412406181888
1225084262002634752
1225084017332170753
1225083951556984832
1225083835391586305
1225083723466539008
1225083395736293376
1225083077891891200
1225083065963290625
1225083031695785984
1225082713482416128
1225082431117590530
1225082375983464450
1225082199072018433
1225082146253168641
1225082103420932096
1225082091051929600
1225082006427578370
1225081986894761984
1225081936013602818
1225081827737657345
1225081814261231616
1225081802676736000
1225081789263368192
1225081329932554240
1225081092513730561
1225081092052484099
1225080832651558912
1225080641139724288
1225080488613892097
1225080427247013888
1225080415377088512
1225080189014683648
1225080106269495297
1225080066742214657
1225080052729118721
1225080047565819904
1225079923586396161
1225079515501776896
1225079491816456192
1225079425525600256
1225079038416498689
1225078913744936961
1225078849869897729
1225078782534520833
1225078744035024897
1225078419026784257
1225078335761313792
1225078293235367936
1225078197307338753
1225078174603730949
1225077941844967426
1225077690769670144
1225077633052004352
1225077623337807873
1225077622683656194
1225077557210624001
1225077538323599361
1225077391208390656
1225077360963112961
1225077233078767616
1225077093626597377
1225076989155061761
1225076918497828864
1225076803183742976
1225076759663726593
1225076690180870145
1225076684275109888
1225076650137747462
1225076565832339456
1225076557804228608
1225076501726494721
1225076281542434817
1225076275980701698
1225076148914098177
1225076121689055232
1225075828121206785
1225075707635806210
1225075436130050050
1225075030448463872
1225074972843864064
1225074339352985600
1225074278086991874
1225074173833248770
1225073789890973696
1225073731799744512
1225073674367225856
1225073668935553024
1225073593652064258
1225073558121938947
1225073046127620097
1225072752203313153
1225072721970761731
1225072629888974848
1225072555578535936
1225072549261869056
1225072416935706625
1225072295384952833
1225072095639605248
1225071793465102338
1225071773219196931
1225071771985928194
1225071590611640321
1225071467420954634
1225071444721315840
1225071077342224390
1225070982727131140
1225055536930086912
1225055432487534592
1225055138261409793
1225055096490250246
1225054860971794439
1225054722920472578
1225054555014074368
1225054389875986432
1225054291582504962
1225054238159429632
1225054228282052612
1225054227468300291
1225054153178632192
1225054152755159041
1225054149613707276
1225053660239093767
1225053658213076992
1225053366012694529
1225053230780076033
1225053091055063041
1225052987636310016
1225052658018312192
1225052585071009799
1225052400399970304
1225052355651088384
1225052304145076224
1225052167033085958
1225052159374495745
1225051901240266753
1225051891605872640
1225051861310431232
1225051841941200898
1225051839990767616
1225051748206817289
1225051616958533632
1225051345679335425
1225051235767799808
1225051180130340865
1225051125155606530
1225050791011971072
1225050732807827458
1225050611235815424
1225050592256512007
1225050496840491009
1225050415684702209
1225050414212501505
1225050129541074944
1225050122553384960
1225050106686312448
1225050012616417281
1225049934845620226
1225049893699407872
1225049855166492673
1225049673758412800
1225049656788504576
1225049621820530689
1225049621371719681
1225049424923066369
1225049205821014016
1225049140591243264
1225049121687511044
1225048836491612160
1225048790790524929
1225048782364082178
1225048749451296773
1225048631302152195
1225048626524753920
1225048589145120770
1225048534359080960
1225048505133207552
1225048504634003456
1225048411231203328
1225048245019136000
1225048240698998784
1225048195215921153
1225048110486958083
1225048063506558976
1225047720982806528
1225047251455807489
1225047202357223424
1225047175983439872
1225047022719381505
1225047015962423296
1225047003417268225
1225046960710746113
1225046959171493889
1225046906876973056
1225046632288464896
1225046631986450432
1225046554093879296
1225046307653541888
1225046068305502208
1225046051134103555
1225045718450212864
1225045645788110848
1225045408394686464
1225045401646051329
1225045255168364545
1225045220603187202
1225045112071192576
1225044886723997696
1225044530673614848
1225044193514524672
1225044171867803648
1225044154687860745
1225044138107789312
1225044011167207427
1225043775048699906
1225043634493493249
1225043605473177602
1225043570178043905
1225043280301346824
1225042931616079873
1225042843330174976
1225042720605065217
1225042719380209665
1225042694768091136
1225042499040960513
1225042388537790472
1225042367092346881
1225042307877130241
1225042166579388418
1225042141858144256
1225042085071355906
1225041928418291713
1225041874546823169
1225041750076555265
1225041412074496001
1225041319724224514
1225041100261527555
1225040758211739649
1225040741656932355
1224994555013095427
1224993228648255489
1224993164324261888
1224992868437282816
1224992690296803329
1224992482448105473
1224992414160564224
1224992268819619840
1224992026455920641
1224991916242231298
1224991576184754176
1224991568052080640
1224991446903730176
1224990427910156290
1224990421228707851
1224990364232273922
1224990284032823297
1224990146841329664
1224989986904141824
1224989695811227648
1224989316809547776
1224989249201721344
1224988922356191233
1224988914642849793
1224988568373907456
1224988322143096832
1224987991531118593
1224987876565430272
1224987359659331586
1224987246173933568
1224987152490160128
1224987011473387520
1224986978292076544
1224986966778761216
1224986767868063744
1224986747806932992
1224986612888633347
1224986488259170306
1224986478733864960
1224986278292348928
1224986268737712128
1224986147149045760
1224986133983059969
1224986072414900224
1224985968215764992
1224985763198242817
1224985606234595328
1224985413347090432
1224985404996120577
1224985155103686656
1224984925008515072
1224984883606564864
1224984837628579841
1224984773191512065
1224984701493866496
1224984666395930624
1224984542362112001
1224984345313599488
1224984229701988352
1224983834850029569
1224983780219289601
1224983690947596289
1224983680503861248
1224983638586150912
1224983565638799361
1224983508323618819
1224983487175938049
1224983373455745024
1224983258653315077
1224983127694569472
1224983096375857152
1224982602907561984
1224982532703375360
1224981550724460544
1224981419476127745
1224981382037823488
1224981376367132672
1224981375066836992
1224981318489952256
1224981185887133696
1224981155658768386
1224981061286989826
1224980798610251777
1224980675360673792
1224980306182189057
1224980159490666496
1224903352909205506
1224903297334743040
1224903123728134144
1224903111640113152
1224902988629594112
1224902969692344321
1224902969683894272
1224902960439709696
1224902908317138944
1224902835407470592
1224902334708207616
1224902207453052934
1224901898492243970
1224901737733152768
1224901712886059008
1224901707341029376
1224901696658210819
1224901654732058625
1224901550600048640
1224901503787421701
1224901410023714816
1224901385147363328
1224901276850425856
1224901193048170497
1224901128069926915
1224901068506746882
1224900376874213377
1224899971305988097
1224899750752735234
1224899686185652224
1224899616937848833
1224899382845288448
1224898931538251779
1224898920037408772
1224898756518318081
1224898756509863936
1224898665250033664
1224898528281010176
1224898524036288513
1224898482692976645
1224898477236412416
1224898439873384449
1224898358290022401
1224898248827002880
1224898230095400961
1224898190387924993
1224898189569839105
1224898079754739712
1224898066613850113
1224898054295379969
1224897990592225281
1224897778767167493
1224897660072497152
1224897563167346688
1224897530434973698
1224897335433392128
1224896785224585216
1224896736293875714
1224896479904428032
1224896355899858944
1224896179386884096
1224896141919244288
1224896124110045185
1224896122507923459
1224896113871917057
1224896048344133632
1224895652557180929
1224895576703164416
1224895229116833792
1224895124758351874
1224895066918899712
1224895050108342272
1224895025181536256
1224895003710889984
1224894960220037120
1224894845304672258
1224894655021690880
1224894456828063746
1224894196584263682
1224894100727451653
1224894089683968001
1224894045882847232
1224893990287310849
1224893979457511424
1224893934100348929
1224893926961831937
1224893713048047616
1224893615169835009
1224893612980260864
1224893555963023361
1224893505400705031
1224893456050507776
1224893408285622273
1224893378774601729
1224893372386684931
1224893027396857856
1224892994467385345
1224892571308232704
1224892539158847488
1224892504543154179
1224892489598767104
1224892402403565569
1224892225785679873
1224892070214742016
1224892000530386944
1224891986773020673
1224891870930751488
1224891770309414913
1224891706069463040
1224891625609940993
1224891538175557632
1224891119407857665
1224891047668482048
1224890960414298113
1224890834220281856
1224890738766422017
1224890355365154818
1224890307587670016
1224890226281271297
1224890124082827266
1224889686113390598
1224889585257406465
1224889396379471873
1224889382382891013
1224889204989222912
1224889160592322561
1224889138152988673
1224889046041866240
1224889006225264640
1224888807423647746
1224888717468323840
1224888646286708742
1224888265817223169
1225192315591036930
1225192311136673794
1225192304606142466
1225192107054227456
1225191934962151427
1225191924849659904
1225191918818283520
1225191890963791872
1225191884785692674
1225191866339119105
1225191805550915585
1225191598214000641
1225191561178292224
1225191512771874821
1225191402881064960
1225191164967563269
1225191113717374977
1225191005902790659
1225190976467193856
1225190974395166720
1225190971463405569
1225190849706954753
1225190670131814402
1225190523851464704
1225190268116271104
1225190220037005312
1225190202777460742
1225190106346246147
1225190082178498560
1225190006408581120
1225189932966273025
1225189831673696256
1225189788665499649
1225189761754812416
1225189691080790017
1225189667190050817
1225189482695020544
1225189469269176321
1225189402974072832
1225189359466483716
1225189339623305216
1225189251253489664
1225189225529692160
1225189211889971200
1225189207485841410
1225189178671083520
1225189063243726850
1225189058621648896
1225189021908897794
1225188947271331841
1225188880091090947
1225188821735821312
1225188682413551616
1225188676419964928
1225188648028643329
1225188615417782272
1225188579413938176
1225188560006832133
1225188469523337218
1225188439789899779
1225188398434017281
1225188393790902274
1225188257551527937
1225188250513440768
1225188192380432390
1225188166929387521
1225188158201114624
1225188130686472192
1225188059496550401
1225188052575846403
1225188008934150146
1225187942466977793
1225187870912077824
1225187789001588736
1225187491839467520
1225187421182140417
1225187192189878272
1225187176318754817
1225187082471120896
1225186964808310786
1225186947942973440
1225186862207328256
1225186850312196097
1225186776303783936
1225186742988353539
1225186688600805382
1225186645705678849
1225186529871638528
1225186493100187649
1225186312640221184
1225186295892336643
1225185973467852800
1225185888952635393
1225185863908372481
1225185830353997824
1225185812217843714
1225185799102193664
1225185786364071936
1225185713538379778
1225185713395785728
1225185687546269696
1225185665626886145
1225185529961934848
1225185400655896576
1225185394133798913
1225185380091269121
1225185303880720384
1225185169092567041
1225185121092931584
1225184818536820736
1225184791395364864
1225184729269448704
1225184721392558088
1225184718213275648
1225184700303577089
1225184641948246017
1225184634910265355
1225184595009777664
1225184573975420929
1225184570053734412
1225184485718839298
1225184482099179520
1225184473060446216
1225184468278960129
1225184426625290240
1225184324690931712
1225184304826920961
1225184289324720129
1225184262829281282
1225184125398798336
1225184038182359041
1225183763216379904
1225183711777435648
1225183676268531712
1225183616960995329
1225183500749496320
1225183483485675523
1225183477227589633
1225183418247331840
1225183412694274050
1225183407845584896
1225183390468538368
1225183296545611779
1225183154107043843
1225183142593605632
1225183117738237954
1225183100080136192
1225183086226419712
1225182977208000513
1225182780763639813
1225182740754128896
1225182663247585280
1225182637544878080
1225182635447570433
1225182537607151616
1225182522025422853
1225182480002617346
1225182470427041792
1225182445366075392
1225182406661025792
1225182290373902336
1225182258056835072
1225182217082744833
1225182207729422338
1225182063793446912
1225182057006915584
1225181905026539521
1225181850412507137
1225181647840194560
1225181415337349121
1225181378439979010
1225181359007838208
1225181312438480896
1225181216569282560
1225181174617776128
1225181156720726018
1225181138089598976
1225181105936052224
1225181097304186880
1225181077259636737
1225181051670138882
1225180883751182337
1225180862230208512
1225180848988807170
1225180754621104129
1225180718088716288
1225180695863156744
1225180652015968256
1225180604347637761
1225180463343341568
1225180424378310657
1225180347761090560
1225180300835246086
1225180223962079233
1225180199815282693
1225180181356339200
1225180132744232962
1225180120945758210
1225180119905570816
1225180025848238080
1225179921603080193
1225179863675473920
1225179667348578304
1225179615918010370
1225179565862965248
1225179565259141125
1225179221846364167
1225179220940414977
1225179218042130435
1225179215345192963
1225179212287528960
1225179194109386752
1225179144096567296
1225179112584765440
1225179084897935360
1225178930522591233
1225178921903230977
1225178853745872898
1225178843754967041
1225178574350667780
1225178563449630720
1225178554544951297
1225178372176785408
1225178366967537664
1225178343751999489
1225178156795092992
1225178132136779776
1225178034598117376
1225177928251535361
1225177878800797697
1225177855899906053
1225177810957996033
1225177799998218240
1225177784101867529
1225177740518862850
1225177722999181314
1225177537627770883
1225177516052271111
1225177333801373697
1225177258232635392
1224857945638342658
1224857734174121984
1224857606709293057
1224857579370745857
1224857572844269568
1224857446746742785
1224857136469024769
1224857123588210688
1224857115342331904
1224856922832150533
1224856765097021440
1224856650978213889
1224856497307426817
1224856426490843136
1224856298166145028
1224856253870026754
1224856207418150912
1224856198157086721
1224856159280082944
1224856157732229127
1224856049905094657
1224856011468570625
1224855953306267648
1224855865288605696
1224855848897245184
1224855435129380865
1224855304938106880
1224855214550913026
1224855168598102017
1224855126747353088
1224854988922531843
1224854946094305280
1224854876892684291
1224854837940097024
1224854735116816384
1224854484662116354
1224854305443848193
1224854258824044545
1224854202062721027
1224854154386067457
1224854114963804160
1224854059166781440
1224853915210002434
1224853861048954882
1224853704228114432
1224853624817360898
1224853607096504320
1224853520760889345
1224853468545814530
1224853424480509952
1224853245807538184
1224853141398491147
1224852979959943169
1224852920077778946
1224852731065774081
1224852694042468353
1224852640657563648
1224852620059213826
1224852550534430723
1224852547955052549
1224852535040708608
1224852489230606336
1224852460138680321
1224852425682685958
1224852370502320129
1224852042046300160
1224851878183350272
1224851843802550272
1224851833832771584
1224851703645732864
1224851672494682118
1224851663854456835
1224851651170832384
1224851523685044224
1224851469754675200
1224851464184647681
1224851444068765696
1224851393313419264
1224851198190194688
1224851065453105152
1224850971198541824
1224850967729827840
1224850773961596928
1224850562405093377
1224850556189126657
1224850419949551616
1224850403591774210
1224850390019117059
1224850380321886209
1224850291570298880
1224850257743212544
1224850256635936768
1224850159269568512
1224850129410129921
1224850067028201472
1224849983557525505
1224849921104384000
1224849618116186114
1224849616778203137
1224849587329888256
1224849544715866113
1224849449819758597
1224849400993865731
1224849350892847104
1224849319494328320
1224849294127239169
1224849266453118976
1224849180578861057
1224849161717198850
1224849150409351168
1224849129291100160
1224849111368839168
1224849094381920257
1224849051918553088
1224849032125853696
1224848761484206080
1224848744383905793
1224848739489193985
1224848711479480320
1224848646983815170
1224848557024403456
1224848436769574915
1224848362018459650
1224848358386348037
1224848176097775616
1224848106983813121
1224848028055425025
1224847992408002560
1224847880512589824
1224847839282581505
1224847808957767680
1224847661909434369
1224847401145466883
1224847358359490561
1224847333969580037
1224847314986074113
1224847276851380224
1224847257826217984
1224847150212952064
1224847115920130048
1224847069321613313
1224847058562994176
1224846776793878528
1224846718216364032
1224846611156807680
1224846469838135297
1224846444110254080
1224846402335002625
1224846359909556224
1224846330624765952
1224846198068203520
1224846087195779072
1224846033064222720
1224846032078626816
1224845829451763720
1224845783985545216
1224845681463971840
1224845589768294402
1224845412110082053
1224845411543846914
1224845326827294720
1224845261157081088
1224845117460307968
1225161710228602880
1225161548366258177
1225161510420385799
1225161479864770560
1225161468225695751
1225161462429159430
1225161440878833670
1225161429193580544
1225161419034963968
1225161381609201672
1225161270225244161
1225161229758369792
1225161153573158914
1225161135831355394
1225161118060089350
1225161115740577792
1225161098174836741
1225160942587207681
1225160938812329984
1225160920390701057
1225160874295353345
1225160867194572800
1225160687216988165
1225160623845249033
1225160559777075201
1225160547882164226
1225160547513065472
1225160525862047744
1225160374175051776
1225160367182991360
1225160353501237248
1225160331342671872
1225160297893240833
1225160204146429954
1225160164237443072
1225159962403442688
1225159939477233664
1225159892698198016
1225159884649517057
1225159800050208768
1225159796267065351
1225159733901918208
1225159669636833280
1225159591698321415
1225159534383190017
1225159471195926533
1225159418746212354
1225159389847441411
1225159386206588929
1225159377637773315
1225159338068729861
1225159193105027072
1225159160762945536
1225159148947615744
1225159109437247489
1225158998003003392
1225158867262365698
1225158811440168960
1225158798811238403
1225158772844388352
1225158764715741191
1225158757908348928
1225158699460841485
1225158648675962880
1225158637955448833
1225158626580615169
1225158538848350209
1225158472632762368
1225158465707888640
1225158455394095106
1225158401686147074
1225158373856858112
1225158319435919366
1225158209641549824
1225158152087314433
1225158065126686721
1225158021548072960
1225158012681293825
1225157929193627656
1225157926299619331
1225157913091559424
1225157870909644800
1225157718287273987
1225157660326141955
1225157629581975553
1225157577945821184
1225157544613761028
1225157540251684870
1225157449973403650
1225157417664516096
1225157328854380544
1225157267722403843
1225157177259839488
1225156998213189632
1225156810895527936
1225156795020259330
1225156609074053120
1225156508758900736
1225156460981735424
1225156293058539523
1225156070059868160
1225156068369686534
1225155943815618560
1225155916661710849
1225155898068303872
1225155862013997056
1225155797220458496
1225155791981813761
1225155790757093376
1225155744682647554
1225155670980337664
1225155592001654784
1225155543792279553
1225155523579928576
1225155234667945985
1225155191298756611
1225155184747134976
1225155050634457089
1225154622228172806
1225154581069549568
1225154433656344576
1225154271194251265
1225154196909051904
1225154189690470401
1225154177501999104
1225154108736376836
1225154039190605830
1225153983515283456
1225153983234347008
1225153938460151809
1225153832361000960
1225153573757095936
1225153500570619904
1225153472011689986
1225153272287256576
1225153235431907330
1225152999523151872
1225152941604196352
1225152771344805890
1225152615392194566
1225152572345999360
1225152553609879552
1225152438145114112
1225152408696905730
1225152249778884609
1225152201787682816
1225152011454361600
1225151973961424899
1225151899281784832
1225151804188643329
1225151803718803464
1225151650156949504
1225151453011968000
1225151402122653697
1225151369641910272
1225151143833219075
1225150977298354176
1225150917969940481
1225150895706361857
1225150882700046336
1225150866442731520
1225150843722354688
1225150780526727171
1225150666437320705
1225150280288952321
1225150226647986178
1225150174730838016
1225150174332440577
1225150133538639873
1225149894404517888
1225149889690112000
1225149873235709952
1225149863438045184
1225149810157785092
1225149789177892865
1225149725009203200
1225149599826042881
1225149540111732744
1225149412156084225
1225149352202518529
1225149349400850432
1225149348796760064
1225149177031688193
1225149060732067849
1225148793097801729
1225148671538450436
1225148511068528640
1225148508031868928
1225148485567205376
1225148425601212416
1225148349151694850
1225148325256728576
1225148203454083074
1225148180532289537
1225148175973081088
1225148156867825664
1225148079260737542
1225148059010719750
1225148024923418624
1225147965578366977
1225147963984568321
1225147961874821123
1225147929427574785
1225147827174748162
1225147803590107138
1225147768752234497
1225147664700002304
1225147655032098816
1225147406410493952
1225147382775656451
1225147376052002817
1225147330510368768
1225147212792909824
1225147088251518984
1225146965563830273
1225146948136722433
1225146750773661696
1225207432885882880
1225207347922030592
1225207336186212352
1225207222189412352
1225207095726936064
1225207070250561537
1225206975878893568
1225206756738924544
1225206738779082752
1225206650946105344
1225206638673526784
1225206484767846400
1225206450240315393
1225206389041176576
1225206326491537408
1225206235064082432
1225206065882640384
1225206064422977537
1225205840405258242
1225205836651335680
1225205781232070657
1225205580333244417
1225205478331944961
1225205468076871682
1225205279320571904
1225205222236139522
1225205218511470592
1225205132612317184
1225205124970270720
1225205104695021568
1225205093953392641
1225204847156355074
1225204747680075777
1225204704235282433
1225204505186308098
1225204457216126977
1225204277037207553
1225204242866212865
1225204226193797121
1225204191423074304
1225204115485134848
1225204079716130818
1225203980478877696
1225203969531629568
1225203909930520580
1225203772890193925
1225203731731492864
1225203677356548096
1225203603679277058
1225203504341536769
1225203491519352832
1225203487970979840
1225203458988552193
1225203424310046722
1225203344576258048
1225203322489102337
1225203200380284929
1225203194411847686
1225203160408633344
1225203083355074561
1225203018938929152
1225203009258500096
1225203002698452992
1225202871777533952
1225202826046869506
1225202808149987334
1225202782971604993
1225202395346612224
1225202358621286400
1225202194196160512
1225202144011341826
1225202107659300864
1225202048095981569
1225201914142482433
1225201848933658624
1225201842763845634
1225201779404660736
1225201590111494150
1225201552882835461
1225201460528517121
1225201401673981952
1225201345478774784
1225201294647943169
1225201171016503296
1225201136195514379
1225201108827529216
1225201099705126917
1225200889977327616
1225200522212388864
1225200330461323265
1225200286697844737
1225200263226679301
1225200260118609920
1225200193261494273
1225200102316412935
1225200040874070017
1225199931855720455
1225199926549680128
1225199801781768193
1225199629698031619
1225199591429046273
1225199470033260545
1225199454682218497
1225199428673212416
1225199365645623297
1225199323346079747
1225199239963250694
1225199059675287557
1225199041027432455
1225198839050752001
1225198649384329222
1225198633676611584
1225198611266404352
1225198537375285248
1225198514789060608
1225198484745113607
1225198320974487553
1225198305774358530
1225198259171360770
1225198117789880320
1225198098479108096
1225198004614914049
1225197997052637186
1225197860347613185
1225197814289797120
1225197767024357379
1225197729690914819
1225197722770247680
1225197491899043841
1225197429324013568
1225197368053649408
1225197323497693184
1225197224679890944
1225197209018392577
1225197180941717506
1225197125006483456
1225197032974909440
1225197025316048896
1225196991925379083
1225196974879789058
1225196926804643841
1225196762333360128
1225196665604333581
1225196572457259009
1225196430052085760
1225196404781408256
1225196379582205954
1225196250573803521
1225196240700309504
1225196236132769792
1225196218378313729
1225196167295885315
1225196148123721729
1225196124337778699
1225196081283293185
1225195966522937345
1225195875900829696
1225195794137042944
1225195715292467200
1225195708099309568
1225195487600484353
1225195231764762624
1225195225733369857
1225195098000035841
1225195042731634688
1225194975895445504
1225194972967731200
1225194969738117121
1225194948506443776
1225194711457173506
1225194679152660480
1225194657929449472
1225194636181938177
1225194633505972224
1225194615030079489
1225194464634982401
1225194445420875778
1225194436604252160
1225194370174980096
1225194345818554368
1225194336469573634
1225194329645473792
1225194314843795461
1225194132903223297
1225194094324060160
1225194073545420801
1225193710616530944
1225193672972656640
1225193629683154945
1225193565468278784
1225193554223534084
1225193532438261760
1225193468382760965
1225193351865159686
1225193247422795782
1225193169597468672
1225193137301225472
1225193136101711881
1225193072272736257
1225192984876068865
1225192953523703809
1225192940835921921
1225192873697644545
1225192786749685761
1225192782580547585
1225192656063479808
1225192538962829315
1225192434730184704
1224918600076668929
1224918548662800385
1224918285197533185
1224918065814605824
1224917963293196288
1224917834515398656
1224917738201735168
1224917440087252992
1224917342766977024
1224917280276074496
1224917159379439617
1224917044115779585
1224916886778855424
1224916851701870592
1224916830072033281
1224916789450231809
1224916630083338240
1224916525552824320
1224916400369741826
1224916052607488001
1224915838735650817
1224915755038277632
1224915337130532865
1224915308776914944
1224914929230041088
1224914909953085440
1224914757922238464
1224914078084345856
1224913723325681664
1224913660704849920
1224913446568910849
1224913420568420353
1224913407893073921
1224913082557833217
1224913061322141698
1224912989272322048
1224912528469319685
1224912168392568832
1224912072997265408
1224911926414790659
1224911843782746112
1224911817169702913
1224911759842168832
1224911572172201984
1224911377061629952
1224911355318362112
1224911200649203712
1224911191429877762
1224910836440993793
1224910773509476353
1224910692970528773
1224910248735059970
1224910120188104709
1224910014684352512
1224910002240008193
1224909802377109504
1224909508767449088
1224909385010438147
1224909218685145089
1224908965319868416
1224908709706395648
1224908585848623104
1224908419955666944
1224908348686000129
1224908183409451008
1224907806723145728
1224907653161181184
1224907121298300928
1224907018034536449
1224906966415347714
1224906669295054850
1224906613519241218
1224905934348091392
1224905847647670274
1224905687542554624
1224905643594788864
1224905622833049600
1224905514603163648
1224905417865732097
1224905262328360960
1224905230501859328
1224905223350693888
1224905184834400257
1224904844638593030
1224904513313632256
1224904503750799360
1224904450030145536
1224904445743509508
1224904280118833157
1224904182035075073
1224904152226193408
1224903922105692161
1224903902081904641
1224903900689567744
1224903738864865282
1224903639996612610
1225146568371818498
1225146482799497216
1225146350213296128
1225145965327286275
1225145949330296834
1225145218607079424
1225145062406778880
1225144581303492608
1225144566120091648
1225144397450313735
1225144352474681345
1225144169628340225
1225143920251867138
1225143869198737410
1225143867818770433
1225143717482373122
1225143705864212486
1225143687027613698
1225143664659324930
1225143542097612801
1225143148965433344
1225143113284493318
1225143080409387008
1225143067696680960
1225143052483862530
1225143025246113799
1225142912373182471
1225142869058621440
1225142832433979392
1225142824468910080
1225142772295843840
1225142756688793600
1225142690431602688
1225142579127341056
1225142561511301121
1225142446708883458
1225142332565028864
1225142286125801473
1225142260662095872
1225142216701681665
1225142181842653185
1225141966842867712
1225141868306075650
1225141721849155584
1225141662193766401
1225141514617217028
1225141511316287493
1225141411084939267
1225141162127872000
1225141039473651712
1225140970083246081
1225140851489136640
1225140785844232192
1225140693015896067
1225140605728251907
1225140584236666881
1225140543044423684
1225140529932816384
1225140529492525059
1225140452086644738
1225140410047135745
1225140350471327745
1225140343529713665
1225140303667060737
1225140282481614848
1225140261447262209
1225140259647819777
1225140190609641473
1225140188000800769
1225140136846905345
1225139934052470784
1225139873578987521
1225139786371010560
1225139703877382147
1225139564773134337
1225139496301268994
1225139401237377024
1225139387635314690
1225139240427757572
1225139175135031298
1225139142662725637
1225138967286292483
1225138955424870401
1225138875225362432
1225138820024274944
1225138571859976198
1225138490309922816
1225138411125858308
1225138028483678209
1225137872627478529
1225137864163438593
1225137820660043777
1225137818822938624
1225137712635817985
1225137648878149632
1225137631236886528
1225137600190734337
1225137346523299840
1225137136791277568
1225136844377071622
1225136740261879808
1225136735538929664
1225136706711695360
1225136571881607169
1225136538453004288
1225136424627949576
1225136378603720704
1225136308642693121
1225136239621234688
1225136108146548736
1225136083849170949
1225136019936137216
1225135899698245633
1225135843293057024
1225135786254917636
1225135774158540810
1225135752754778113
1225135605773848576
1225135537889009664
1225135460126617600
1225135382318080000
1225135369924108290
1225135350047219715
1225135303691853825
1225135289443721222
1225135269415751680
1225135246636670977
1225135177321590786
1225135035906449408
1225134891949420544
1225134701263966214
1225134663347425280
1225134623862218752
1225134519826563072
1225134496376393729
1225134466936512512
1225134464122179584
1225134458300502016
1225134356282261504
1225134243409317889
1225134078787309568
1225134014375383043
1225133882695208960
1225133801938006021
1225133761093951488
1225133673550372864
1225133603891433472
1225133516779925506
1225133410726940672
1225133377436688384
1225133367525609473
1225133235488735232
1225133202928480256
1225133085290893319
1225132956634603520
1225132954462146560
1225132878448562176
1225132666049060864
1225132510117421058
1225132434343284736
1225132246765580288
1225132236258721792
1225132212686934017
1225131923753795584
1225131772800897024
1225131771588743170
1225131706270855174
1225131486623555586
1224948950345535488
1224948698171338753
1224948550355881984
1224948506152050690
1224948293219700736
1224947758940839938
1224947753748455424
1224947678309646336
1224947415909720064
1224946431905001472
1224945997052145665
1224945924293775360
1224945814465736704
1224945586807476225
1224945066319331329
1224945019200643072
1224944578324766720
1224944384258596865
1224944080616148993
1224944002232750080
1224943750394318850
1224943060959866882
1224942993909653504
1224942817132216320
1224942453922332672
1224942341737320448
1224942053324414976
1224941887934664707
1224941810998484994
1224941636737818624
1224941317672919040
1224941220570505217
1224940779736567808
1224940696722911233
1224940560106037248
1224940039517265920
1224939738492067841
1224939698512154625
1224939495268737025
1224939371964530688
1224939052878553090
1224938630411456513
1224938341830803456
1224938192320614401
1224938121781043200
1224938092810756096
1224938048086888451
1224937987282108418
1224937919665922048
1224937884697808896
1224937694762917889
1224937609488629760
1224937306882179072
1224937287064137728
1224937218348867585
1224936966929756160
1224936820544344065
1224936462673682434
1224936188965945345
1224936013451022336
1224935972527386624
1224935893078888449
1224935700589469696
1224935443839569920
1224935151462948864
1224935106374258688
1224935091740270596
1224934905504813058
1224934865520513028
1224934373457195009
1224934319401193475
1224934274606026752
1224934047379611652
1225025189294923779
1225025141752512512
1225024928019124226
1225024765187981312
1225024760414920704
1225024629246312448
1225024613333245952
1225024609851932672
1225024431145267200
1225024077989064705
1225024045005053952
1225023984082804736
1225023983013302272
1225023622181457922
1225023424508178435
1225023270157606913
1225023022924550144
1225022967760818176
1225022360719368194
1225022285792202752
1225022118078877696
1225022116346638336
1225022065784315907
1225021349569212417
1225020755978727424
1225020710382383105
1225020513514393601
1225020435458416640
1225019991105380352
1225019683318960129
1225019667472900104
1225019324991254529
1225019252823867392
1225019021046767617
1225018996560486400
1225018881644822528
1225018825030225920
1225018733523079168
1225018654347157505
1225018321327673344
1225018202813616128
1225017804509704193
1225016331537240064
1225016058802778114
1225016030314917888
1225015947213275136
1225015874429444101
1225015724290297857
1225015433931018240
1225015409717522432
1225015399592402945
1225015333997744129
1225014996549148672
1225014753984008193
1225014631657299970
1225014415042310145
1225014087400280065
1225013623711387648
1225013328797487104
1225013135121272832
1225012711727095813
1225012669310275586
1225012615623184384
1225012154300084224
1225011791861813249
1225011662966661120
1225011383844118528
1225011349182435330
1225011021443739648
1225010950127980544
1225010946881605633
1225010913205538817
1225010889612582912
1225010718665334785
1225010656774172672
1225010510606798848
1225010444122972161
1225010333464645632
1225010326019682304
1225010117147578368
1224873074270535681
1224873046906998784
1224872932075196418
1224872763011280896
1224872543838003200
1224872503123771392
1224872423067045888
1224872211254669312
1224872196566241280
1224872187754090496
1224872030106980352
1224872012239253504
1224871775915388928
1224871705669251073
1224871645954723841
1224871566703501312
1224871534071894016
1224871515298127872
1224871473631956992
1224871383546486784
1224871369243914241
1224871332199813120
1224871310565744640
1224871237337387008
1224871206559666184
1224871021288792065
1224870996450185216
1224870823653068801
1224870788056190982
1224870643046473734
1224870542966214661
1224870381913362432
1224870338410024961
1224870267349913602
1224870256826556416
1224870181261971457
1224869988118532101
1224869931092795393
1224869569149505542
1224869561700429825
1224869558986661889
1224869386328203265
1224869382087725057
1224869070547247104
1224868959977189378
1224868950997184512
1224868820348817408
1224868793974972416
1224868780918087681
1224868730594787330
1224868555625091074
1224868522033106944
1224868240930660352
1224868052963135488
1224868028438863872
1224867981676761088
1224867897891311623
1224867847182045184
1224867807898324994
1224867553673011200
1224867429655941120
1224867405693890560
1224867387255640064
1224867289570385920
1224867218305044481
1224866917766307840
1224866819162411009
1224866786597752832
1224866688178556928
1224866310670163975
1224866305049841667
1224866137315463168
1224865950199177217
1224865925763149824
1224865910671822848
1224865749765906432
1224865719269187586
1224865706975449090
1224865681411198977
1224865651426299909
1224865536175198211
1224865501815476225
1224865398652198912
1224865382659514369
1224865262823866368
1224865248882110464
1224865145605804032
1224865024558039041
1224864938285355008
1224864935982829570
1224864874775437313
1224864863740211200
1224864654717071366
1224864532952047616
1224864442082566145
1224864416761446402
1224864204055896065
1224863846311043073
1224863778682155008
1224863709513711616
1224863686264836097
1224863604710760449
1224863593910415360
1224863591284846592
1224863585450545152
1224863561954086917
1224863377861808129
1224863244550098945
1224863166519054337
1224863128279638017
1224863075242774528
1224862933592805376
1224862771851874304
1224862705816952832
1224862651278340096
1224862441307131904
1224862198968864768
1224862193092567040
1224862114621218817
1224862099345694721
1224861980982312960
1224861914984878080
1224861843149205506
1224861808504139776
1224861798433722375
1224861369624776704
1224861273059471361
1224861228100542465
1224861167304290304
1224861094503763973
1224861016384774146
1224860999947128832
1224860980691243009
1224860799291752448
1224860738990198784
1224860555623587840
1224860503580692480
1224860395120332800
1224860384470929412
1224860350727647232
1224860245077512193
1224860207139803136
1224860169852661760
1224860043125891072
1224859763659476992
1224859741760999424
1224859720898490374
1224859655014436865
1224859555638759425
1224859470003687424
1224859390399959042
1224859352961638401
1224859283126411265
1224859004565893120
1224858998593085440
1224858979777556480
1224858937352060928
1224858774906667008
1224858697874034688
1224858605003976704
1224858437202464770
1224858424027930624
1224858380097015808
1224858261347872774
1224858231488569344
1224858224555225088
1224858076106436609
1224858031927758849
1225116094710546437
1225116093213265922
1225116058618597376
1225115818716954624
1225115782708899845
1225115761233911808
1225115757341601792
1225115718305439744
1225115645529837569
1225115636822630405
1225115488877010945
1225115369012105217
1225115107375689728
1225115073917718536
1225114874860261377
1225114852672208896
1225114515525603329
1225114413998465026
1225114137732079616
1225114113799573510
1225114049102241792
1225113883045781506
1225113796307488768
1225113796152365061
1225113663935217664
1225113634348716034
1225113616313212929
1225113584700657664
1225113565557690368
1225113527771418625
1225113305154576384
1225113160589463553
1225113107934208003
1225113034026295297
1225113009565175808
1225112903898091520
1225112857123139587
1225112839536435202
1225112438787493896
1225112340195991557
1225112335087521793
1225112054773768192
1225112039829446658
1225111279595139073
1225111220988129281
1225111172900323328
1225111035893506048
1225111033238491141
1225111022941409280
1225110980041965568
1225110789163405312
1225110758880698376
1225110537387642881
1225110418798104580
1225110318550061056
1225110296118923264
1225109953616195584
1225109912210018305
1225109700577906689
1225109655879389189
1225109294623985668
1225109178605342724
1225109139833196546
1225109129573699584
1225109057553387520
1225108950200324097
1225108934995988487
1225108825646288896
1225108798408253440
1225108716879597568
1225108674860998658
1225108585979531266
1225108530379677696
1225108516253376517
1225108499220140033
1225108472137764867
1225108450604130304
1225108445495549955
1225108443767476224
1225108442202939393
1225108402919088128
1225107953713401858
1225107931865210881
1225107889678901248
1225107812188966912
1225107713631211521
1225107709336465408
1225107479404666881
1225107467467657216
1225107451885891586
1225107450493358081
1225107449176301569
1225107227968565248
1225107082547990528
1225107018391810048
1225106907037237248
1225106879006806016
1225106764540076032
1225106586986786816
1225106399828508673
1225106172048478212
1225105859912568835
1225105714772836352
1225105561462722563
1225105490180337665
1225105440612212736
1225105376296800257
1225105167059685376
1225105031105523712
1225104914742947840
1225104731703365637
1225104474399748097
1225104272431493123
1225104261303996416
1225104184648880128
1225104053190963202
1225103833547923458
1225103703809646597
1225103568220368897
1225103529490223111
1225103527422328833
1225103428378120194
1225103427924975616
1225103386107879424
1225103343250550787
1225103311281541122
1225103222546878465
1225103155714822144
1225102997291700225
1225102890324439040
1225102773622124544
1225102671847346176
1225102620240621568
1225102483233615873
1225102426241404929
1225102297031725057
1225102105339420678
1225101832629952514
1225101751243509760
1225101711372640256
1225101583261872128
1225101565763211264
1225101441980870656
1225101221129867264
1225101194403700736
1225101165777559552
1225100980024332288
1225100698712444929
1225100675052449796
1225100656761036802
1225100327675813889
1225100303839588352
1225100237737381889
1225100134524035072
1225099975635492864
1225099926763442182
1225099813819240449
1225099440698077184
1225099325337980936
1225099191329923073
1225099009884413952
1225098997083312133
1225098990317899776
1225098697375014912
1225098671752085504
1225098550620696576
1225098541699403776
1225098430126661632
1225098339353604096
1225098185670086658
1225098185351131136
1225098005755265024
1225097947655950344
1225097942845009920
1225097894325256196
1225097849999888384
1225097805456429056
1225097762431062016
1225097724820885507
1225097647410831365
1225097607904661505
1225097385602428930
1225097154835951616
1225097031430987776
1225097010673520640
1225096973474242561
1225096953240989696
1225096644342865920
1225096624868921350
1225096567620689923
1225096541423243266
1225096515833815042
1225096509613649920
1225096337928196097
1225096288695271424
1225096284090007555
1225096213520953345
1225096122441633793
1225096080012054529
1225095995651846145
1225095964580548608
1225095953155264513
1225095725744300032
1225095582601170945
1225095461503229953
1225095312928317440
1225095200248233985
1225094943577952256
1225094738052698114
1225094347860869126
1225094325136084994
1225094055119458306
1225093979022274560
1225093793579458561
1225093780245766144
1225093632761483264
1225093576884797441
1225093533448769542
1225093528579190784
1225093474984194048
1225093465085706241
1225093321091096576
1225093294633385985
1225093179864702976
1225093104786722818
1225092909185339394
1225092755543728130
1225092575553576966
1225092392203816961
1225092303209009154
1225092196522774528
1225091925448937473
1225091918259871745
1225091773799768064
1225091700797796352
1225091376888647680
1225091370131578880
1225091047342137344
1225090857164066826
1225090808325369857
1225090741363494914
1225090611289776129
1225090275443400704
1225090208556822529
1225089961927618562
1225089910492860417
1225089781153116161
1225089714547515393
1225089658255814659
1225089566576607232
1225089474436194304
1225089381934878720
1225089362460844034
1225089102296625152
1225088902752546816
1225088653564829698
1225088622774378496
1225088496576188416
1225088493065515010
1225088293907451909
1225088289260154880
1225088096057856000
1225087903518412800
1225087750661181440
1225087683401150464
1225087665718034440
1225087634621464576
1225087241258786816
1225087144047366144
1225086948915601408
1225086772830507009
1225086573106073600
1225086546744938499
1225086462011625472
1225086432701812737
1225086339462389760
1225085988952846336
1225085898263605249
1225176885971181568
1225176864307712003
1225176664688082944
1225176610552393733
1225176494596657155
1225176462967418881
1225176414124740608
1225176364367728641
1225176345044561921
1225176324689539072
1225176304103849987
1225176203415490560
1225176123430047744
1225176069214547970
1225175996862730241
1225175964268814338
1225175897801744384
1225175892881743872
1225175812527337475
1225175624404361219
1225175517780938755
1225175477851164675
1225175454778306561
1225175366551162881
1225175294132334603
1225175254097633281
1225175118529417217
1225175055119912968
1225175007858511872
1225174998639353856
1225174946810232833
1225174928783220739
1225174905119039489
1225174892158414848
1225174823384625153
1225174674390298625
1225174598758600710
1225174564558319616
1225174493187805189
1225174375650988034
1225174263348396032
1225174208663162880
1225174187410628610
1225174133274808324
1225174112647155712
1225174030552006657
1225174024898170881
1225174020204658690
1225173891208884227
1225173886301548548
1225173859160207371
1225173852554063872
1225173775710334976
1225173488115372032
1225173443387314176
1225173434331803648
1225173415461629958
1225173398449524736
1225173331294478336
1225173302035079168
1225173237002330112
1225173123185750018
1225173017795407873
1225172881748918273
1225172712349454336
1225172571773116417
1225172549224620033
1225172466206756864
1225172308828049415
1225172190359846916
1225172186840936449
1225172132822429698
1225172132428050437
1225172097904861184
1225172066418057216
1225172010222989312
1225171924067680257
1225171305512697860
1225171285283504128
1225171237795745792
1225171213347098624
1225171189007572996
1225171155889377281
1225171138449412096
1225171115749859328
1225171106178273280
1225170988624728067
1225170906403622912
1225170833573842944
1225170626488545281
1225170571002073089
1225170553062993920
1225170424666955790
1225170366332534786
1225170329695330306
1225170290042236928
1225170209767555076
1225170097758724096
1225170096567570434
1225170085498761222
1225170084328546304
1225170060353966086
1225170020193513474
1225169922881413120
1225169905756098561
1225169868816707584
1225169863913758721
1225169833496666112
1225169657650450434
1225169606966435846
1225169595520225282
1225169544794140672
1225169506554613760
1225169410593316864
1225169353768931329
1225169292309737472
1225169203545739265
1225169142833197057
1225169106489528321
1225169074419896326
1225169072888913921
1225168985794269190
1225168963795070977
1225168687516262400
1225168678674751490
1225168560034631680
1225168552052822017
1225168482578374656
1225168366748327936
1225168317746503680
1225168278911406080
1225168271231483905
1225168230995525632
1225168229166985221
1225168129698992130
1225167955182391296
1225167946269581312
1225167825721004032
1225167752140410880
1225167721849139208
1225167690072911872
1225167599685816321
1225167542290800641
1225167399663521793
1225167346035314688
1225167285179912192
1225167281128382464
1225167276808318984
1225167266066595841
1225167253399908352
1225167252829458434
1225167094003593216
1225166998621081613
1225166974298312711
1225166956770287618
1225166846128803843
1225166802251964416
1225166609540702208
1225166532516491264
1225166515881701376
1225166282200358912
1225166149433905152
1225166000833863680
1225165889747767296
1225165881522737154
1225165864409993219
1225165823582576643
1225165540966240257
1225165501275484160
1225165444991967232
1225165408124198915
1225165350368694273
1225165300884299776
1225165280902553600
1225165234173706240
1225165064207912960
1225164961627983872
1225164831323353088
1225164739518586880
1225164739313094663
1225164725606068224
1225164716336656384
1225164679464595461
1225164644601470977
1225164463445118976
1225164417504952321
1225164384563015682
1225164352199655426
1225164341957152768
1225164247103102976
1225164098675073028
1225163831237849089
1225163764527509504
1225163514505023489
1225163501515235328
1225163443843391488
1225163420598706177
1225163397844684803
1225163368442429446
1225163360112607232
1225163318807101443
1225163270333448193
1225163268815147008
1225163235231436800
1225163149239836672
1225162934998970369
1225162770880114691
1225162714948878338
1225162452129718274
1225162376212774912
1225162351059578895
1225162330490777600
1225162303181553664
1225162237062647809
1225162103981531136
1225162047320743936
1225161982946480129
1225161928756154371
1225161924318380033
1225161881079504899
1224933794714537985
1224933554053775362
1224933138390036480
1224932984588918784
1224932941945544716
1224932851054870530
1224932764019052544
1224931951305547776
1224931581493514241
1224931427139170304
1224931249451610112
1224931241729769472
1224931120598396928
1224931083227205632
1224930919791742981
1224930696034164736
1224930676186607617
1224930670171934720
1224930613406253056
1224930408867008513
1224930379779448832
1224930003000819713
1224929986173440000
1224929807428915200
1224929574309519360
1224929573881569280
1224929391878103040
1224929191960961028
1224928476106379265
1224928293478109187
1224927914778558470
1224927902254407680
1224927761401307137
1224927745769123842
1224927709387804673
1224927638839447552
1224927435738603521
1224926979595489280
1224926914076262400
1224926611990028294
1224926398734839810
1224926211744227328
1224926126759469058
1224926021402578944
1224925955581497345
1224925921884418048
1224925744025034752
1224925524314787842
1224925397667676160
1224925121376407553
1224924985895972864
1224924879063076864
1224924871471140864
1224924723038998529
1224924192404996097
1224923941959032832
1224923688669151233
1224923612089589760
1224923178159558656
1224923047343181824
1224922755142803456
1224922494395613184
1224922494177628161
1224922287557595136
1224922226572562432
1224922159744724992
1224922033793966081
1224921902914736128
1224921730147344384
1224921715626496002
1224921674744766465
1224921643706830848
1224921419819020289
1224921350210555904
1224921203502174209
1224920924907958272
1224920793508917248
1224920713850576896
1224920682645065728
1224920585614118916
1224920545919025153
1224920488033390592
1224919995169116160
1224919764440473601
1224919650858946560
1224919505438040064
1224919496516866051
1224919291306233856
1224919183369990144
1224919159911460864
1224919081817645056
1224918969561182208
1224918872177774593
1224918840884236289
