1232429693124562944
1232428918600323072
1232428571366477824
1232426965799522305
1232426895846719488
1232426618259304449
1232426267204440064
1232425800932003841
1232425785824174081
1232425650612404224
1232425604139622402
1232425535201894400
1232425007294427138
1232424404161789954
1232424389636956160
1232407820080861184
1232407293846790145
1232406957794963456
1232406358286307338
1232406310034923520
1232406187150323712
1232405386046644229
1232405353557450752
1232405140721864708
1232404221074472966
1232403167603720195
1232402290927185921
1232401194250883074
1232401182938845184
1232401124872855557
1232400880043020292
1232400874934276096
1232400842030010369
1232400465456795648
1232400288788680705
1232400050107691015
1232399653804617728
1232399578013609984
1232399526385766401
1232399340120858624
1232399020737400832
1232398774716289026
1232398119511392256
1232397319326306307
1232396123609976835
1232395280697290752
1232394995069374466
1232394403580301312
1232393818118422530
1232393403620478977
1232193163986522113
1232192759114670080
1232192366909558784
1232192356222480384
1232192313457291264
1232191817845575686
1232190936999976961
1232187607888678913
1232187481082208257
1232186455679799297
1232186427976409088
1232185730757062656
1232183947926343681
1232181365577138176
1232180979541762048
1232179663193153536
1232179620448997376
1232179434117124096
1232179023628918786
1232178808826007552
1232178657109536769
1232178558568554498
1232175951854723073
1232173857529831425
1232173538494353413
1232172451838205952
1232171674751029248
1232170456926449664
1232170454766542848
1232169918751281155
1232169761863135232
1232168772389097472
1232167622281777153
1232167067287158784
1232166918884294656
1232165981897752577
1232165299421667328
1232165133675220992
1232164664827613184
1232164298111225856
1232164231468003329
1232163127787245570
1232162914016153600
1232161020245880835
1232160909856038912
1232098188724776969
1232097456864796673
1232095727477637120
1232095404692529152
1232095345729056773
1232095120675295232
1232094082140459008
1232093830649974784
1232093810148216832
1232093772919529472
1232093261206106112
1232093254876680192
1232092873375518720
1232346911765602304
1232346823722971137
1232346138063360001
1232345368383361024
1232344950404243456
1232343502333280257
1232343363556446208
1232343013776601088
1232342238983667713
1232342195849568257
1232342176329109504
1232341843511332871
1232341598828146688
1232341272108519425
1232341139383967744
1232341052708806656
1232340926607036417
1232340682301460481
1232340543679737864
1232339990962745345
1232339894858584064
1232338896173666304
1232338790225674240
1232338691076632576
1232337844762337281
1232336841434681346
1232336195088273408
1232336097662980102
1232335827860099074
1232335494270390273
1232334158501945345
1232333959150931969
1232333299512565760
1232333101474471941
1232332824906272768
1232332515165249538
1232332460110831616
1232332071848304640
1232269868709371904
1232269681228238848
1232269623271313410
1232269620582764544
1232269617445425152
1232269614542938112
1232269610839420929
1232269596096376834
1232269493365284864
1232269469759811586
1232269048659886080
1232268988224163840
1232268848352710661
1232268422697902080
1232267939279183872
1232265321857323009
1232262341519167489
1232260729396498433
1232260149756268546
1232258185462996992
1232257443918491648
1232255341771075584
1232454958760333312
1232454708121354240
1232453272499191808
1232453216693964800
1232452936107581440
1232451726659055616
1232451490637238273
1232450524865187840
1232449340741832706
1232449133111205889
1232448556167876608
1232448351007723523
1232446467547127808
1232446363146711040
1232445400180613120
1232444831047176194
1232444558241222656
1232443996384808960
1232443860183216128
1232443469815136256
1232443170828374017
1232442106607595525
1232441992967155713
1232441325040984065
1232440856050667520
1232440468966793217
1232440047296606208
1232208380262932480
1232206803104096256
1232206172343689216
1232204396789825536
1232204256507154432
1232203737004941312
1232200962548387841
1232200788006625281
1232200679432712192
1232200165072785408
1232199545104236545
1232199325440204800
1232198968701882369
1232198904180957189
1232198104171991042
1232197401852698625
1232196607032152065
1232196130160750592
1232195414281072643
1232195208776953857
1232195054669721600
1232194565492236288
1232194421623574528
1232194091506700290
1232423068162822144
1232422825274814465
1232421370488905729
1232421229790945282
1232421082247749632
1232420031008518146
1232419615357227009
1232419401393221640
1232418801502883840
1232418219564191745
1232418087347118080
1232417891754090498
1232417694651232262
1232417535200501760
1232417174163202054
1232415239918047234
1232414541683650560
1232414328239927296
1232414108009598976
1232413438028255234
1232411818137702401
1232411689452294145
1232411210248859649
1232410163598020609
1232409938334507014
1232409384598351875
1232239474970591232
1232239425960251393
1232237949963636736
1232237942061576192
1232237711521652736
1232236978390937600
1232236849483018240
1232236367947673600
1232235196973506561
1232234571099508736
1232231505268740098
1232231252062875648
1232230165897498624
1232229589587578880
1232228754543431681
1232226321431965696
1232226219015516163
1232225120808132608
1232224742062428162
1232377389403037699
1232376404232278016
1232376378105958400
1232376099671244800
1232375627577282563
1232375603040575488
1232375088261058564
1232374590740914176
1232374520213798913
1232373540898377736
1232373134663331841
1232372293831028736
1232372203754270722
1232371405238362112
1232371160723140608
1232371030238232576
1232370607662288896
1232370093939515392
1232369249424936965
1232368980444229632
1232368182322749442
1232368058284544008
1232367944782483456
1232367287300239360
1232367286251671553
1232366960253558789
1232366879362224128
1232366694636630017
1232365657427234817
1232365413805285376
1232365378480857091
1232364330827558912
1232363954531209217
1232363612750008320
1232363510765674496
1232363130593927168
1232363068518281216
1232285178296520711
1232285137787858945
1232284458830770176
1232284250038292488
1232284086821146625
1232284043082899456
1232282740143403011
1232282439705333762
1232281481810259969
1232281416324538368
1232280997154213888
1232280724507693056
1232280471557623809
1232280050575212544
1232279457043505154
1232278969497608198
1232278725573607424
1232278332340875264
1232278314032730121
1232278146453393408
1232275921387827201
1232274802959953922
1232274783493951489
1232272283529601026
1232272157553479680
1232271566525714434
1232271532174409728
1232271034612502529
1232270908703854593
1232270521817059329
1232270211128184833
1232316170679791616
1232316144901611521
1232315867511132163
1232315058904031232
1232314432493117440
1232314426407022593
1232314323910975488
1232313970456813573
1232313952769429504
1232312796978860034
1232312593894690821
1232312557718761472
1232312185252040706
1232311518852612097
1232310412940439558
1232310190487326721
1232310137785810945
1232310061298585600
1232309559995203584
1232309269766299648
1232308518318788609
1232308138617049088
1232306706421551104
1232306490444328960
1232306041003692032
1232305506125066240
1232304058884612096
1232303207306498049
1232302253178048512
1232302124056248322
1232301864013770754
1232301563387039745
1232301158665990145
1232362239996416001
1232362221298241536
1232361545105133569
1232361514557898752
1232361162823438336
1232360947865403392
1232360809218662406
1232359865474928640
1232359389128019968
1232359244361601031
1232358162038083584
1232357885436465153
1232357004422918146
1232356509570543619
1232356309103710209
1232356174491766784
1232355173718249478
1232354868641357824
1232354738898907136
1232354064744222726
1232353311606689796
1232353183198011392
1232353121239805952
1232353027044134920
1232352589846585344
1232351652352602112
1232351571364716550
1232351321979850760
1232351306347618304
1232350030029316103
1232349721727045636
1232349164819886084
1232348548647096321
1232348507681566721
1232348244405112832
1232392626965372928
1232392349390639105
1232391962508042240
1232391667686281220
1232390977857277953
1232390877403848704
1232390534465019904
1232390378797461506
1232390285256163331
1232389400190955522
1232389107323752448
1232388794764185600
1232388372422770688
1232388128004091909
1232387957673406464
1232387270617042944
1232387059991678976
1232386937261965315
1232386242655985669
1232386094710190081
1232385555427733505
1232385445868134401
1232383180759617548
1232382581682921473
1232382405803155458
1232382270868262912
1232382195957981186
1232381922711568388
1232381884405100544
1232381560592224258
1232381344430379008
1232381134903939073
1232380611584765952
1232380378276663297
1232380053411057666
1232379951694983175
1232379913992318977
1232378674474881024
1232378404416163840
1232377690344132608
1232377563982581760
1232254581729611778
1232253618327298048
1232252153575559168
1232252102166097920
1232251607468765184
1232250739319300096
1232249172398657537
1232249075988402176
1232248985873797120
1232248407223349248
1232248166105350144
1232246970233839616
1232246654507585536
1232246121004765184
1232246029220810754
1232244689614655489
1232244370583080961
1232244100058927109
1232242843533664257
1232242836961189893
1232239693733023744
1232159964485103623
1232159553657212928
1232159378670702592
1232158801748516865
1232157945938554880
1232157944084606979
1232157186135973890
1232157027700559873
1232156463302205440
1232156159538233346
1232156068677066752
1232155871679057921
1232155298355449856
1232155229157720064
1232154537454112768
1232154509499084800
1232154081155637248
1232153265422393344
1232153260770750465
1232152428562321408
1232152063481499649
1232150943409434624
1232150575757824000
1232150356651585537
1232150336116314113
1232150170164441089
1232149722057580546
1232149298118197248
1232148818939928577
1232148488508624896
1232148279732953090
1232147632459526144
1232147529569067010
1232147346257055745
1232147038034374657
1232146574249058304
1232146567915806721
1232146271730913280
1232146250067255298
1232145528294641671
1232113659096244224
1232113498974326786
1232113149773398019
1232111551957565440
1232111354267435008
1232111083436953600
1232110558746419200
1232110473132179458
1232108724866600960
1232107453770354688
1232107067869057025
1232105817475674113
1232105502043074560
1232105051558227971
1232105044033536002
1232104209841098753
1232103966479208450
1232103949127372800
1232103315212730368
1232102913176227841
1232102044888158209
1232101639991046150
1232101619459772418
1232101261345992704
1232101247886483456
1232100437953859584
1232099387456860160
1232099143230853127
1232098743484342272
1232098657631166471
1232144640285061120
1232144406150623233
1232144343512813568
1232143969485828102
1232143894881673216
1232143887856230403
1232143833179328512
1232143751948013568
1232143292822777856
1232143289731518465
1232142792941432833
1232141664635875328
1232141290256699392
1232140814115131393
1232140754597896192
1232140668249636864
1232140603946885120
1232139506440196098
1232139301959368704
1232139224671019010
1232139093032816640
1232137531883433984
1232137414291939328
1232136024303820800
1232135055390191616
1232134920950222848
1232134219435954177
1232134103174144001
1232133360752836610
1232132057439952896
1232131757622910976
1232131755680813056
1232131650907254784
1232131234819661825
1232131215588638722
1232130337561595905
1232130335237902336
1232130333459566594
1232130331714691072
1232130329881841666
1232130328216600576
1232130321761611777
1232129587741634562
1232129551523831808
1232223923762278400
1232223032657293312
1232222252239708160
1232222053857624064
1232221955220111360
1232221608992894976
1232221520077959169
1232218053552885760
1232217531093528576
1232216025015320578
1232215419370573825
1232215098984259584
1232214557889875968
1232212699859365888
1232212195469152256
1232211688511938560
1232211523344400384
1232210979653586945
1232210332334071810
1232331394329739264
1232331340110082048
1232330233094774785
1232330155097567234
1232329564879282178
1232328807958425600
1232328401257713666
1232327685336182784
1232327599055044608
1232326675771412485
1232326538642763776
1232326376461676544
1232326324057989120
1232326264897363968
1232325844435132419
1232325723261677572
1232325720128573440
1232324693153198087
1232324552379772929
1232324396531904513
1232324227962818560
1232323945224949771
1232323373184823297
1232323067784749056
1232323007340740610
1232322342229041155
1232321868578770945
1232321804301209602
1232321121703251971
1232320612514791430
1232320424236797952
1232320240933130241
1232319658247606272
1232318882586619906
1232318754291363840
1232318534392266755
1232318461033897987
1232317935663898624
1232317842759933953
1232129098098630662
1232128556945244160
1232127467755728896
1232127363581980673
1232127299123843075
1232126864153612288
1232126687711649794
1232126429632090113
1232125910083612672
1232125896292651008
1232125537176322048
1232124329120423936
1232124127881895937
1232123974672248832
1232123654353379329
1232123600280272896
1232123261040939010
1232123078982983680
1232122972812566531
1232122710702088192
1232122317721030659
1232122132441763842
1232121782003544064
1232121135841583104
1232120554074910720
1232120511234265088
1232120062993104897
1232120049302982656
1232119534213062657
1232119454617800704
1232119390730059778
1232119334295699458
1232119166276001792
1232118766516850689
1232118657712439297
1232117899940257793
1232117607282638850
1232117454941196288
1232117090481528839
1232116953168236544
1232116629615628288
1232116583373377538
1232116128459173889
1232115248997511169
1232300633576919042
1232300518778769408
1232300302633721857
1232300165609988101
1232299639207948289
1232298675549790209
1232298498579668993
1232298091317022721
1232298023562227716
1232298008349462530
1232297549157064705
1232297044724854784
1232296830974562304
1232296264911314946
1232296121038442496
1232295553595269121
1232295173033472000
1232293220975104000
1232292635890475010
1232291204735340544
1232290435487477762
1232290255883186178
1232290246227873793
1232289935094407170
1232289717904801795
1232289500010819584
1232289486220013570
1232289354225156096
1232289061878009857
1232288568883716096
1232288404261494784
1232288051537338370
1232287978816491522
1232287784385286144
1232287096766947333
1232287096167190530
1232286436529000448
1232285798126542848
1232439439260975104
1232439221748527104
1232438651943964673
1232437990313431040
1232437367513866241
1232437309527609344
1232436713848356867
1232436657124560898
1232436313489412096
1232436295718195201
1232435813134131201
1232435657236074496
1232435162916380672
1232435064236961794
1232434997425885184
1232434236231057409
1232433487900106752
1232433467398352896
1232432722011815937
1232432605397577728
1232432513160634368
1232432241017360384
1232431528778465280
1232431287136219136
1232431254060109824
1232431188196741120
1232429852499771392
