1330117209872625666
1330117153656279040
1330116663518384129
1330116579984543744
1330116358865084416
1330116294264434691
1330115812586364932
1330115706009112581
1330115616229953541
1330115538111115267
1330115047574675463
1330114731873619969
1330114533722087427
1330114476964802560
1330114336413671424
1330114257749471233
1330114039985426437
1330113990962409477
1330113969466576898
1330113889346990084
1330113607242309634
1330113415059222531
1330113240781774850
1330113087098204163
1330112935394500610
1330112540291051520
1330112439875203074
1330112305720389634
1330111573457854464
1330111374241001480
1330111321338208259
1330111271329558531
1330111166849355777
1330111162520903682
1330111049832476674
1330110990013374464
1330110988528586757
1330110755073568774
1330110743279263745
1330110686576447488
1330110683338461185
1330110162967859201
1330110138678697988
1330109896734494722
1330109748289679363
1330109594098692098
1330109471406911495
1330109193588797441
1330109152153260035
1330109079033966597
1330109063154298883
1330109017952227329
1330108754562600962
1330108611532632072
1330108404333940738
1330108376735490050
1330108121839263746
1330107995838091264
1330107400616103938
1330107399819173888
1330107296081436673
1330107246571876355
1330106913888100352
1330106551022055427
1330106512526766080
1330106406884741120
1330106098481852417
1330105964880666635
1330105281695637504
1330105242122391554
1330105189282566146
1330104989440684035
1330104942275727361
1330104657147006985
1330104629145841673
1330104488749895680
1330103976847675399
1330103822694412296
1330103614916988928
1330103320971780098
1330103303628271616
1330102975101071364
1330102320907112448
1330102280608157702
1330102162848952320
1329994761692917760
1329994550874492929
1329994463683481600
1329994030852280321
1329993922660200450
1329993715625160705
1329993692682330112
1329993385076269056
1329993340939431936
1329992876047036416
1329992276848861184
1329991843598110721
1329991711506845696
1329991676006338560
1329990816400617474
1329990749182636032
1329990632849498112
1329990602277044226
1329990076403748864
1329989917066350592
1329989623775375360
1329989273957912577
1329989206916157440
1329989188062593027
1329988830628245504
1329988685832437761
1329988555255398400
1329988449688985600
1329988349000634368
1329988287243710464
1329988037934075904
1329988015121453058
1329987858006872064
1329987845176569858
1329987783910371330
1329987714129817600
1329987704398856192
1329987367558582272
1329987092508798978
1329987087270113280
1329987086171049984
1329986883108048896
1329986803839893505
1329986756633128960
1329986739658690561
1329986673875234818
1329986625263243267
1329986569537720321
1329986499077689344
1329986299101671432
1329986119761489920
1329985866618576896
1329985845273767936
1329985486677565447
1329985480780369924
1329985329701351424
1329985312358068231
1329984963073241091
1329984902436167680
1329984704905236486
1329984604330192897
1329984590912565250
1329984515129835520
1329984461388337153
1329984352646701056
1329983961603469312
1329983513635016704
1329983453194907648
1329983346009640960
1329982822480703488
1329982507941507072
1329982476593360902
1329982215158001665
1329982083045920769
1329982047981613056
1329981921254907904
1329981793005694976
1329981750651580417
1329981596854837249
1329981493129728000
1329981398103552000
1329981212379779072
1329981206084120578
1329981052832468992
1329980923346104321
1329980820358983680
1329980799014285313
1329980631137333253
1329980391172804608
1329980281999273985
1329980265712787457
1329980261589782529
1329980024653430784
1329979976779661313
1329979969917751298
1329979818721603591
1329979752581640192
1329964209229148161
1329964027372593158
1329964020179333129
1329963843754336257
1329963755418030082
1329963681715605505
1329963638719967237
1329963411103379457
1329963363934224384
1329963173705867266
1329963018634088449
1329962921024253957
1329962846483050497
1329962738999848960
1329962672884838403
1329962603360227328
1329962428952686594
1329962351089627137
1329962071660892160
1329961955663245312
1329961622081859586
1329961489491394566
1329961480398262278
1329961450387992578
1329961250260983808
1329961204266266626
1329961191267995649
1329960937944715265
1329960723984887814
1329960628388327424
1329960564714573824
1329960560348131331
1329960521194381312
1329960431285383171
1329960313723162626
1329960311978221568
1329960286846152713
1329960224032247813
1329959905499906051
1329959821458673664
1329959685785411585
1329959685479407617
1329959681817710597
1329959562976366592
1329959211825065984
1329959086780276737
1329958643551383555
1329958368090464258
1329958228285911045
1329957983112065025
1329957622099787776
1329957575371206662
1329957550410911744
1329957518756384770
1329957395775311879
1329956768219336704
1329956761026048001
1329956743959498754
1329956704331599872
1329956687097126915
1329956602590490625
1329956446109372416
1329956374856523779
1329955904855400450
1329955840149872640
1329955834340790272
1329955746369343491
1329955722784894982
1329955327790501888
1329955184424914947
1329955125423640579
1329954921450450945
1329954912973828108
1329954652503289857
1329954624024047617
1329954449486274560
1329954431367049218
1329954166224023552
1329954111538622467
1329954076709298176
1329953891950194695
1329953679542087680
1329953182173151232
1329953170068439042
1329952648594821121
1329952598061850626
1329952581926350848
1329952297007386624
1329952150802161664
1329951896686141440
1329951840536981504
1329951732290490368
1329951719820845058
1329951101840330752
1329950948777717762
1329950912899649536
1329950888970993666
1329950838966661120
1329950616597241856
1329950511957741570
1329950311050588163
1329950279173873665
1329950208474701824
1329950102559936512
1329949665983270912
1329949590930526210
1329949566993641475
1329949264089214976
1329949194891784193
1329949133688303617
1330223662931304453
1330223594278936576
1330223590097162250
1330223440213708804
1330223315466809346
1330223269262352389
1330223103079800832
1330223078660575234
1330223048184766464
1330222924968693761
1330222679614492674
1330222597708124162
1330222489046306827
1330222145255989255
1330222078386171906
1330221996777615360
1330221865625858048
1330221786567495681
1330221736999202817
1330221660205670406
1330221544707076101
1330221524192780290
1330221450888945671
1330221006389202953
1330220980443213827
1330220907533627395
1330220891943415809
1330220742131281923
1330220734346571778
1330220702407008257
1330220697982001159
1330220694806949889
1330220691610873863
1330220688309956608
1330220684975501314
1330220674489716736
1330220669402017793
1330220451025522698
1330220293663694853
1330220152701513729
1330220149945868289
1330220086028800001
1330220061928337416
1330220043016294401
1330219915022905349
1330219744016936961
1330219624105959425
1330219589364572162
1330219483424813057
1330219399610048527
1330219384871264258
1330219367473311744
1330219304919379970
1330219214699950083
1330219187759943681
1330219045107412997
1330219009090969608
1330218727917424640
1330218568663900162
1330218333543821312
1330218299238576130
1330218268657848325
1330218266065833987
1330218175003324418
1330218135660744704
1330217966319898624
1330217947005116416
1330217916269203457
1330217806034513921
1330217669052788741
1330217653122854912
1330217620583444484
1330217577482772482
1330217335425208329
1330217212947406853
1330217110484774915
1330216934235893772
1330216909980250116
1330216880183922695
1330216809883176963
1330216710666932224
1330216646070464525
1330216645705560064
1330216550096384010
1330216545826508804
1330216522208391182
1330216492936425480
1330216453497348097
1330216334253305857
1330216258449666049
1330216194704609281
1330216081571655680
1330215978962128896
1330215970154143745
1330215623029366786
1330215559972196355
1330215558164385793
1330215408213823495
1330215402794782721
1330215288604942339
1330215115820568576
1330215038372737029
1330214813503549441
1330214799100227584
1330214369486123009
1330214260128034823
1330214182629814274
1330214103114280962
1330213467446521857
1330213251905441799
1330213239771312131
1330212941828943872
1330212763013099523
1330212755694120967
1330212696202113025
1330212689382084613
1330212540010426371
1330212482770755585
1330212459840462854
1330212367532253184
1330212282471747586
1330212159117287427
1330212153064873984
1330211908482445315
1330211838089437184
1330211790261792770
1330211724729999360
1330211568244633603
1330211415412576262
1330211215751192576
1330210985165148160
1330210976252243973
1330210910636531713
1330210880227774466
1330210739492171785
1330210446222254090
1330210439330992128
1330210407705927684
1330210403482275840
1330210385417351170
1330210358540251141
1330210318719590405
1330210282128482306
1330210109725749251
1330209933829214209
1330209768670187526
1330209516634443778
1330209463429632005
1330209264904843267
1330209093424967680
1330209080774897671
1330209073372024837
1330209035816153089
1330209007676624899
1330208989167181825
1330208973618900994
1330208970649313281
1330208845994594305
1330208800742252544
1330208791510601740
1330208787580510211
1330208763689787392
1330208613604978690
1330208609746161664
1330208601315680260
1330147671986802694
1330147452138217478
1330147446765318154
1330147206918254596
1330147162018242564
1330146942228291586
1330146867758428174
1330146855003578376
1330146418804322305
1330146397170118658
1330146340744138752
1330146249056641025
1330146208753586178
1330146169465565184
1330146152298246146
1330146137957863428
1330146023151427591
1330145939026276353
1330145811821453323
1330145736625971207
1330145689779777538
1330145680330022912
1330145678354419713
1330145527007240197
1330145525518233604
1330145383855558661
1330145312011382785
1330145225017319431
1330145215940845569
1330145176317292557
1330145138195259395
1330145084482981896
1330145073191915526
1330145070746656771
1330144984251699204
1330144707607924738
1330144701270405121
1330144636556423176
1330144620475527168
1330144515043299330
1330144229566410754
1330144176944648201
1330143930067902466
1330143787289632770
1330143702304624644
1330143667613536262
1330143662903349249
1330143638723178496
1330143332446691331
1330143273801932801
1330143225915600904
1330142801498136576
1330142416142299137
1330142364535500800
1330142361847013386
1330142348857237506
1330142286785679363
1330142161845821447
1330142039464423426
1330142010695692290
1330141967825727489
1330141954361929731
1330141880999403522
1330141742188945411
1330141658227335168
1330141639105503241
1330141624953925645
1330141289304743936
1330141248276094978
1330141243846893572
1330141230064340993
1330141088217260033
1330140991924408322
1330140950920912898
1330140530462879750
1330140493217472513
1330139974528880640
1330139798988869632
1330139528208805892
1330139278890897412
1330139062963933185
1330138658167468033
1330138649380458499
1330138547697963008
1330138457902026753
1330138336233721857
1330138229736165377
1330138199939801096
1330138014346047489
1330138010340429830
1330137801552171011
1330137592382320641
1330137472634920962
1330137468532912131
1330137447100014595
1330137365373915137
1330137289490620416
1330137201787744257
1330137069398732800
1330136678766440452
1330136616707502082
1330136604560781313
1330136582263869440
1330136175005331464
1330136166914514946
1330136092796968960
1330135898864947204
1330135816815992832
1330135604668100609
1330135503744753667
1330135470278397952
1330135208876765185
1330135130564857861
1330135120909660164
1330135050030034944
1330134967649792006
1330134941477298178
1330134830135259141
1330134686048325635
1330134524618027010
1330134385782386688
1330134359165325315
1330134291657928709
1330134053501235207
1330133987449327619
1330133899289235458
1330133742287990793
1330133720490242049
1330133633261252614
1330133615016030216
1330133438649802754
1330133338816909323
1330133257808121856
1330133250002587648
1330133176556154888
1330133150761181187
1330133141902807040
1330133131165364226
1330133065276993538
1330132986466086915
1330132976638824448
1330132738746314758
1330132716583604227
1330132638573744129
1330162860396310528
1330162767383433223
1330162733627682817
1330162688333328384
1330162492581031938
1330162388214173698
1330162357058883588
1330162308656607234
1330162305523453958
1330162236673970176
1330162192667336706
1330162077856649220
1330161986794102790
1330161978611032065
1330161760058421253
1330161469749665792
1330161314698829832
1330161219576205316
1330161076726587399
1330161065083211784
1330161031469993988
1330160897915056134
1330160893968216067
1330160849059778564
1330160780734586880
1330160755233132551
1330160704784125957
1330160693027483648
1330160629055959041
1330160566535598085
1330160509518278656
1330160456162488322
1330160453461434369
1330160450110181377
1330159985704267778
1330159946202222595
1330159892175446017
1330159809769971712
1330159797585457153
1330159555620245509
1330159518140014594
1330159369938477057
1330159201075785730
1330159165705236482
1330159068204371973
1330158890462433281
1330158730558763011
1330158648543358976
1330158469408763910
1330158331630116869
1330158131805097986
1330158120346263552
1330158081263742986
1330157963504463876
1330157706246754307
1330157696058863617
1330157565477605381
1330157448175476745
1330157429200392192
1330157183091298312
1330156989679357963
1330156957009850373
1330156947153309697
1330156904216190976
1330156894103756805
1330156803225767941
1330156798964359169
1330156797794119681
1330156762759094274
1330156732962775042
1330156707637555202
1330156705934692353
1330156647382212610
1330156607435583489
1330156587550388226
1330156518965194753
1330156485616263171
1330156483267457033
1330156465970155531
1330156454133837834
1330156272340045825
1330156267835363336
1330156258524098560
1330156127032635395
1330155779534573569
1330155720193478656
1330155712329240578
1330155335756247047
1330155191358943233
1330155165119344648
1330155147394158604
1330154912987144193
1330154827033219074
1330154820024590343
1330154667985264642
1330154547688435725
1330154485721731077
1330154271229227014
1330154083802558467
1330154083110490115
1330154054056554496
1330154014474907652
1330153953619742720
1330153951841423363
1330153912461090821
1330153890428440577
1330153792143306752
1330153753819967488
1330153735209832452
1330153630238994432
1330153536718508037
1330153411015303168
1330153186989133826
1330152993480724480
1330152938065498118
1330152767906869256
1330152758515798020
1330152708087672833
1330152697891336192
1330152568027303936
1330152483071680513
1330152434136723462
1330152355149570048
1330152171518758918
1330152112488116231
1330151872267739140
1330151661839507462
1330151236457390082
1330151208779132930
1330151086041264129
1330151038490472451
1330150932655595523
1330150784902770701
1330150729684840448
1330150718536347648
1330150713368915979
1330150570334810112
1330150504597434368
1330150474935373827
1330150334728196105
1330150277605978112
1330150267719913472
1330149955810504708
1330149949292634115
1330149846167281666
1330149838055464964
1330149679686934531
1330149630579978240
1330149603539365890
1330149574921555976
1330149534115180548
1330149418876760067
1330149392754544642
1330149351658819594
1330149227369009157
1330149224604950531
1330149159798796290
1330148696730853377
1330148597451657228
1330148398100602885
1330148344061157379
1330148311563702281
1330148174309302275
1330147962270461953
1330147907492786180
1330147889289572358
1330102097363218444
1330101785642545155
1330100914473086984
1330100839638249473
1330100803235876869
1330100774962155527
1330100759954853890
1330100372468363268
1330100351874248704
1330100251592679425
1330100094201425920
1330099799367016449
1330099765133127685
1330099449167814658
1330099195752177665
1330099160037646337
1330098859062792192
1330098825697046528
1330098613326901249
1330097838836084738
1330097730685988864
1330097721299111936
1330097462988709895
1330096991314055168
1330096867217186816
1330096752217772035
1330096650715623429
1330096610999721984
1330096403465596928
1330096221759922177
1330095904972566532
1330095898962096130
1330095813176008706
1330095623920627714
1330095576050970632
1330095516781305856
1330095440994447360
1330094984750641154
1330094793511346186
1330094778281766914
1330094752251977731
1330094630814224384
1330094488707010561
1330094291075682305
1330094244267241472
1330094089111539712
1330094087853268992
1330093956667936768
1330093888003043329
1330093857560727556
1330093812807557122
1330093810798501892
1330093749674909699
1330093718158848004
1330093567990231045
1330093420212330499
1330093295217881113
1330093294630694915
1330093291279429637
1330093216155185158
1330093152485732353
1330093097095737346
1330093086672818179
1330093009795506178
1330092863175221250
1330092849921224704
1330092349054136320
1330092142044340239
1330092042404376579
1330092035563540482
1330092004223700994
1330091890893615107
1330091676732428288
1330091592846290948
1330091565474344967
1330091361870213120
1330091190662930432
1330090942041387010
1330090937549262850
1330090934500003840
1330090815608250368
1330090712801681410
1330090679222067202
1330090435470123008
1330090047643770880
1330089891812823047
1330089880353972227
1330089509371990019
1330089175803174912
1330089067413975040
1330088928293040131
1330088920382640132
1330088645278175234
1330088580040028163
1330088366940033027
1330088198765244427
1330088119329296386
1330087622946000896
1330087613924040704
1330087528205053960
1330087238143799306
1330087199287767044
1330087074213613569
1330010067404468224
1330009960734867456
1330009613492695040
1330009228162052096
1330009171232763905
1330009134490587136
1330008623527849988
1330008328727040000
1330007915151953922
1330007663627935746
1330007379723870208
1330006909244514305
1330006607573491712
1330006492511162368
1330006044970426370
1330006020274352132
1330005803361849344
1330005695853457408
1330005612357410817
1330005570955345921
1330005365111578625
1330005334035861504
1330004968443686915
1330004956582178818
1330004946981359619
1330004701367111682
1330004020048629763
1330003592057536515
1330003302549843975
1330002998148407297
1330002638818009094
1330002143445622786
1330001963904360449
1330001709557559297
1330001166101430272
1330001155758362625
1330000421650378752
1329999569833357314
1329999398286229505
1329999196238213121
1329998840074743809
1329998748785795076
1329998537577308161
1329998321830674434
1329997925888401408
1329997901012086786
1329997674511171585
1329997463353176064
1329997397817139203
1329997134096191488
1329997097660280834
1329997002113892352
1329996769929924608
1329996758290739200
1329996661804843009
1329996606381309955
1329996407458181121
1329996403809136641
1329996350323265536
1329996271797538822
1329996069292400640
1329995998031130630
1329995430571233280
1329995176509464577
1329995099321888768
1329948688685338625
1329948515439579137
1329948189743587328
1329947820070203393
1329947813967523841
1329947682853560321
1329947234956414976
1329947184532484096
1329947054521671683
1329947041796153347
1329946868126769154
1329946864326569984
1329946663222468612
1329946640862547971
1329946602790809600
1329946542854336512
1329946478098276354
1329946304194043904
1329946237227954177
1329946231179800576
1329946178327175168
1329946158647701504
1329945681667133440
1329945662901919747
1329945625396453378
1329945451248967682
1329945432726900736
1329945402787958788
1329945196621139972
1329945119013957634
1329945041121538048
1329944828554186753
1329944792911007744
1329944464559837187
1329944409702543362
1329944106307637248
1329943826170060802
1329943820373528582
1329943754732658699
1329943750630535168
1329943299457576961
1329943269317468169
1329943219476582400
1329943196214980612
1329943049057742850
1329942985396670464
1329942955638087681
1329942623772176397
1329942550204051456
1329942287154089986
1329942281173020678
1329942042596675585
1329942019612020736
1329941846588596231
1329941814023909376
1329941764556386304
1329941746319495169
1329941604900204544
1329941481478529024
1329941428953374720
1329941359944372224
1329941268819025923
1329941211956842501
1329940985401520134
1329940929533284352
1329940861153546240
1329940750168182784
1329940740907044864
1329940515731763202
1329940458064257032
1329940430906134528
1329940342385352708
1329940169978470406
1329940119533469698
1329940083307319305
1329940007671504896
1329939929045078016
1329939836833132544
1329939432749711360
1329939394501939209
1329939294425899010
1329939249924370436
1329939142243999745
1329939036207804423
1329938953332469762
1329938764748058625
1329938652911308801
1329938645680345089
1329938575329271808
1329938340137869313
1329938231094366211
1329937881146781697
1329937823630196737
1330299917533933573
1330299733122936840
1330299717146832897
1330299592479531008
1330299573840064516
1330299548405805064
1330299508710838275
1330299479585648641
1330299421897216000
1330299036780343298
1330298983714009096
1330298881096159235
1330298566242349056
1330298470972993542
1330298458704670723
1330298433589170188
1330298319885754372
1330298242505043970
1330298195793108993
1330298142361792512
1330298102692110336
1330298096727842818
1330298076830060545
1330298060749103105
1330298017346433024
1330298002980958211
1330297993782759424
1330297949100929026
1330297927336652800
1330297909322067971
1330297841215021058
1330297822558695430
1330297815780745218
1330297685849542658
1330297653901582337
1330297494014734341
1330297323180744704
1330297158071955468
1330297121069797377
1330296953935171596
1330296904769548288
1330296792857141248
1330296609981259782
1330296571896934402
1330296432436383744
1330296334318964739
1330296319232110592
1330296279956660227
1330296228538687489
1330296200474603521
1330296182657216513
1330296120958971912
1330296055733301249
1330296042336759808
1330296017602883585
1330295996975345665
1330295981833924609
1330295951936860163
1330295611632054272
1330295605382557701
1330295536570789895
1330295520632385539
1330295369645821953
1330295342999408640
1330295333688135684
1330295291149475841
1330295250024361985
1330295116205060101
1330295087734120448
1330294973158350849
1330294931672461312
1330294809282670594
1330294612855033858
1330294570148646916
1330294458156462085
1330294428989329410
1330294359338717188
1330294345006800897
1330294292166938624
1330294261821140993
1330294214375186434
1330294163791863810
1330294075401117696
1330294060276387841
1330294038520598540
1330293938968809475
1330293908597829643
1330293905229803521
1330293853233016834
1330293804872704001
1330293756462043136
1330293693899804674
1330293679043571714
1330293649083609090
1330293648366432263
1330293564719460356
1330293518208806914
1330293508914241538
1330293408569679888
1330293335681064963
1330293268006006790
1330293165362978817
1330293073901916160
1330293050313216000
1330293048614510593
1330293010614128641
1330292952070033415
1330292867097632768
1330292856058245123
1330292830712029186
1330292796268417024
1330292751506796547
1330292712738856962
1330292514839023622
1330292476561723392
1330292443951083521
1330292437726715904
1330292420366512131
1330292390377254916
1330292378121490432
1330292345779212294
1330292239533215747
1330292193232351240
1330292154225274881
1330291947974643719
1330291871244046342
1330291836909391874
1330291727643664384
1330291671167365124
1330291652523683842
1330291542804852736
1330291505047740420
1330291470092423168
1330291443580145672
1330291388152508419
1330291384545382408
1330291315184177165
1330291301183594496
1330291229679083526
1330290952771137543
1330290913231462400
1330290846114197505
1330290828699381775
1330290820604448768
1330290654342230017
1330290584020463616
1330290553142071299
1330290500922974209
1330290449219809282
1330290442529861634
1330290277349732353
1330290256176963584
1330290239366180864
1330290158982270977
1330290043848695808
1330289954707083269
1330289886377684999
1330289814076354565
1330289783512424449
1330289750100598784
1330289733327605760
1330289666315214849
1330289644106379264
1330289431799074817
1330289425427931147
1330289306787852289
1330289302958379011
1330289264937013250
1330289228689911810
1330289187443126273
1330289104920190983
1330289041313583104
1330289005607448585
1330288997403406338
1330288990533136386
1330288873918910467
1330288866796957701
1330288775918923781
1330288713788776449
1330288600752250880
1330288566623215618
1330288539901308928
1330288477708161026
1330288346065678345
1330288302189113354
1330288301748723716
1330288163600920577
1330288162028052480
1330288137206198278
1330288126758162437
1330288120571588620
1330288118776389638
1330288106550009857
1330288010223628290
1330287890472067075
1330287807898726401
1330287729394016259
1330287712289644547
1330287698339393536
1330287661324652544
1330287649253371915
1330287535575195659
1330287533381578755
1330287408978538496
1330287179273285632
1330287159648116739
1330287154426220547
1330287144502484995
1330287143105802242
1330286916051329025
1330286850628587520
1330286816986009600
1330286803585298432
1330286801370624000
1330286768512507906
1330286762019713029
1330286701583994882
1330286603969982464
1330286577499697161
1330286549146234884
1330286541869109250
1330286476207284235
1330286455680356358
1330286423392604160
1330286360188608515
1330286237115162626
1330286206911967233
1330286178671669249
1330286169058369537
1330286066012745728
1330286064590856209
1330286046479867908
1330286013755879424
1330286011335716864
1330285971603156992
1330285949201346565
1330285868897198081
1330285732771094531
1330285707139706880
1330285694720356359
1330285638860595203
1330285480630493184
1330285468450222083
1330285464524382211
1330285372757192704
1330285364536336390
1330285286287433735
1330285268549722112
1330285224396271617
1330285211293274119
1330285135460257802
1330285134025732099
1330285105479364615
1330285092636397568
1330285024403484679
1330284887832743937
1330193262586552330
1330193125244022789
1330193058789462016
1330193037922852867
1330192808813211648
1330192491967094784
1330192447490699266
1330192262853222404
1330192253000814594
1330192191373848577
1330192123644227584
1330191982002663424
1330191757787754503
1330191746886725635
1330191587444404225
1330191473590079489
1330191149454258182
1330190916586500099
1330190913021341701
1330190834222985217
1330190733731622913
1330190700781166599
1330190610058387457
1330190480085315587
1330190430139510793
1330190416357052422
1330190288644665353
1330190267912237059
1330190232441016328
1330190100534321157
1330190064173912067
1330190044943015943
1330189891259543553
1330189458310893575
1330189392686747654
1330189349988790272
1330189313561210887
1330189254341914625
1330189228081295361
1330189168111198212
1330189097097437184
1330189094291468297
1330189051157225478
1330189036863053829
1330188958123356162
1330188817706389516
1330188710441267200
1330188618892238849
1330188528702136323
1330188463707189250
1330188451954774016
1330188349919858695
1330188320148779009
1330188315958652932
1330188112207687689
1330188082323337221
1330187954724216832
1330187663568220164
1330187617632198661
1330187612863213570
1330187601031081988
1330187340208336897
1330187223724134407
1330187012440264710
1330186970866257920
1330186859151036422
1330186735846887425
1330186522407137283
1330186364294488077
1330186327850164231
1330185912643411969
1330185857375096833
1330185748751020033
1330185588390195203
1330185435151282180
1330185418642509828
1330185387839533066
1330185207849357318
1330185110851825666
1330184693266993155
1330184659276337155
1330184635700174848
1330184613038350342
1330184580398260233
1330184571321724931
1330184426429485057
1330184306199826437
1330184153552326656
1330184036652888066
1330184030948646918
1330184011789045763
1330183734843371526
1330183718015803393
1330183659282948100
1330183565464784896
1330183391774453762
1330183327568039943
1330183163344265218
1330182933001416706
1330182731079278597
1330182713651957770
1330182709243768836
1330182707612102657
1330182555832823813
1330182378627719172
1330182353717751812
1330182244078669825
1330182003740827648
1330181785938964483
1330181528035487748
1330181510041915394
1330181485157101568
1330181362343669760
1330181207502577666
1330181128817405956
1330180846821715971
1330180811413475385
1330180809412780041
1330180627694489600
1330180599739539462
1330180274114752512
1330179939753144327
1330179880554799105
1330179862309576705
1330179851878326273
1330179663617028101
1330179218609762310
1330179190793113605
1330179162896805889
1330179037797474311
1330178902359158787
1330178749854339074
1330178573693554703
1330178331879288837
1330208366908624901
1330208351251259396
1330208238327967745
1330208199044198406
1330208177556754436
1330208176000602112
1330208132220510209
1330207987705769985
1330207958848958471
1330207930101194753
1330207785175412736
1330207752677974024
1330207744230617088
1330207706054086657
1330207695304093702
1330207692057694215
1330207684067520515
1330207544023920642
1330207270093934593
1330207008893579269
1330206994490400770
1330206826013536257
1330206756191019009
1330206474044321793
1330206467299938304
1330206434341040128
1330206413419929600
1330206357014851584
1330206118321205254
1330205931154644994
1330205844647063553
1330205825097457667
1330205813374332929
1330205764351365125
1330205549158395904
1330205351522799624
1330205331222355968
1330205272757952513
1330205236200345600
1330205204550213638
1330205081489301505
1330204946072031234
1330204857966469120
1330204822587535360
1330204821383749634
1330204778681561089
1330204748948049922
1330204650587435009
1330204549190201347
1330204425479188485
1330204385075408897
1330204286651928577
1330204286605725699
1330204218809049090
1330204156389416962
1330204147002593280
1330204108385619974
1330203999786700805
1330203405567094784
1330203181419204610
1330203178885926914
1330203135105757190
1330203021133942784
1330202855467257856
1330202829852700673
1330202818242883586
1330202737271840769
1330202687040843778
1330202671073140737
1330202348761837573
1330202203752173571
1330202200862289923
1330202162136223748
1330202119174049793
1330201886885089281
1330201774117036035
1330201575290187781
1330201336349134848
1330201288206901249
1330201144493301764
1330201075224338437
1330201050184376332
1330201048674422790
1330201010304917507
1330200899722104836
1330200486260191235
1330200416701853696
1330200413279227909
1330200211147386884
1330199841151070208
1330199708309073920
1330199578801541120
1330199472547246081
1330199203134509062
1330199144678514690
1330199109320499203
1330199018996178949
1330198899248738312
1330198780885536768
1330198766973054979
1330198746156720134
1330198715546603541
1330198713118167047
1330198653869436934
1330198637612240904
1330198608860344327
1330198579609276417
1330198360519815171
1330198166742953996
1330197932595965952
1330197877935779840
1330197846818254851
1330197818275995648
1330197697941401602
1330197527212290048
1330197227973849088
1330197170117636105
1330196975904550925
1330196723143225345
1330196537452933123
1330196482365005825
1330196414924791808
1330196296641163269
1330195883477053441
1330195846873407489
1330195711506477064
1330195694905397249
1330195669227810817
1330195646222098435
1330195561400725508
1330195349814784001
1330195339920498696
1330195283284733968
1330195191085625349
1330195129903280129
1330194939746119681
1330194927704223746
1330194874730213384
1330194705204867080
1330194676763283464
1330194656819367936
1330194499771961351
1330194321178550273
1330194138432741376
1330193996606562311
1330193922002391043
1330193764221153281
1330193703592452101
1330193697212948483
1330193694054559756
1330193589293477890
1330193536973762562
1330193515591180289
1330193367817400320
1330086986573602817
1330086616350806018
1330086130587463680
1330085856628109312
1330085789766742016
1330084947525308416
1330084763256967168
1330084616552722433
1330084561913589767
1330084529575522306
1330084166956933120
1330084020412166147
1330083955249442818
1330083539900051458
1330083382420787202
1330083310815629313
1330083222613618691
1330083112106254343
1330082932472623106
1330082719183872003
1330082126998495234
1330082121499684865
1330081713238777856
1330081410628116480
1330081086626553858
1330080844321533952
1330080783667769345
1330080521469177863
1330080227301732352
1330079920740048904
1330079658566692866
1330079255796064262
1330079223575404544
1330078917055684613
1330078106934272000
1330077644264706053
1330077489167798277
1330077082945277953
1330076764618567680
1330076747174473730
1330076724479062016
1330076655600209921
1330076623803125762
1330076238992568322
1330076173293015041
1330075450341732353
1330075143213895681
1330074910681690113
1330074607676698626
1330074329741135876
1330074146777288706
1330074031844954113
1330073988610088960
1330073541073571840
1330073208322666506
1330073190211706880
1330073134825959426
1330073089791713281
1330073056082071552
1330072936741548034
1330072912733343746
1330072303728791554
1330072089274019853
1330071993115357185
1330071976937988097
1330071970302599169
1330071954766917632
1330132375892844545
1330132267319037953
1330132219369807875
1330132193922985984
1330132032232583177
1330131980785229824
1330131976368566273
1330131898237128709
1330131883880050688
1330131820348928001
1330131786517590019
1330131626018426886
1330131609614508033
1330131420484952064
1330131379150000130
1330131376272773121
1330131165676793857
1330131082134638593
1330130938655870982
1330130866845196289
1330130841574535169
1330130796301201408
1330130593317867523
1330130494839808008
1330130436761276417
1330130393467641858
1330130136511950850
1330129852431818752
1330129822119571467
1330129804901965824
1330129781279567872
1330129613046079489
1330129513800478723
1330129473711333382
1330129103610109952
1330128920562315265
1330128906737905668
1330128837422821378
1330128762730655748
1330128741582909445
1330128644375769088
1330128590046945283
1330128516134866946
1330128486653190150
1330128270864642048
1330128060625121280
1330127973090013189
1330127909911220226
1330127739416965121
1330127641303805952
1330127589034352640
1330127532197343235
1330127440795021320
1330127426387587074
1330127391012872197
1330127230668853248
1330127107691843585
1330127078918934531
1330127013974315010
1330127003794739204
1330126898563780612
1330126888593973249
1330126687972044800
1330126524700381185
1330126187780333568
1330126175067320333
1330126124190486529
1330125819063234565
1330125696572731393
1330125678935674882
1330125422756028417
1330125135286833152
1330125060301090816
1330125015770128384
1330124932920070144
1330124761612095492
1330124533173456897
1330124457747369986
1330124320383922179
1330124307880665093
1330124269603463168
1330124126036615170
1330124121028632579
1330124109330722819
1330124048911757316
1330124030968537088
1330123844552699904
1330123753930493952
1330123556437561345
1330123550141935616
1330123217890119680
1330123133043478533
1330122903191425025
1330122707086794754
1330122666527879168
1330122509094629376
1330122383592710150
1330122318723608585
1330122313694633994
1330122275572625413
1330122157460951040
1330122017819987968
1330122006482874383
1330121896478842880
1330121723505684482
1330121677473243143
1330121613325590528
1330121580031127553
1330121335230566401
1330120968501596160
1330120889019543558
1330120885655760898
1330120638502232067
1330120468263817218
1330120454397452288
1330120402467696642
1330120364307918854
1330120092999442432
1330119790325866496
1330119279782617088
1330119198945767424
1330119088698429447
1330118786142396418
1330118169269309440
1330118158825435137
1330118068773810182
1330118037115170816
1330118022753902592
1330118005720829953
1330117919741710342
1330117862128803841
1330117844697292807
1330117705068912640
1330117704074883073
1330117659783000068
1330117640598249473
1330117581278240768
1330117469143494658
1330117423803084800
1330117342894895104
1330117301945970689
1330239091397566466
1330238946811535367
1330238929795158031
1330238857581916161
1330238845208686592
1330238838753681409
1330238664652300290
1330238604635942915
1330238603746832384
1330238595131731975
1330238264452804610
1330238247751053313
1330238227580657668
1330238144755736578
1330238078326362114
1330237981366554624
1330237953222844421
1330237759118831619
1330237742161276932
1330237532647329794
1330237465702129680
1330237421338976258
1330237266917281795
1330237221748822017
1330237195437936645
1330237189733675010
1330237107948969988
1330237047756427272
1330236998481752064
1330236943725113345
1330236876087832583
1330236768793341953
1330236630079311881
1330236520419258369
1330236411484762113
1330236302466441219
1330236273706094592
1330236259021840386
1330236252281516034
1330236125491982338
1330236083284697094
1330236064083140619
1330236031740874754
1330235937104781312
1330235913616678913
1330235899364462592
1330235686008594432
1330235411449438215
1330235242272186368
1330235062193942535
1330234811022192647
1330234412961820673
1330234406687137793
1330234145809838081
1330233997893521416
1330233966448812032
1330233888287940615
1330233844960817153
1330233422002974721
1330233300552708101
1330232963565563913
1330232904174227459
1330232851141455881
1330232815884132352
1330232814135103489
1330232746279624705
1330232681968365574
1330232642827149314
1330232505711079424
1330232486547353609
1330232478477455362
1330232253021089796
1330232202051903491
1330232167830605826
1330232000469463041
1330231869993086979
1330231790867537934
1330231716833800201
1330231698668335106
1330231623896469512
1330231586927878150
1330231561493606404
1330231486537142274
1330231448213794821
1330231227828342784
1330231198824722451
1330231156009218048
1330230995971403776
1330230966493831175
1330230852001861634
1330230753880322052
1330230694954627074
1330230668304019458
1330230548086841350
1330230543905157122
1330230414267609088
1330230365710114816
1330230233132396544
1330230176433758210
1330229966420766727
1330229949324812288
1330229889115557889
1330229887878172672
1330229813181820932
1330229788771020801
1330229779711324162
1330229678737600522
1330229562052141062
1330229553424437250
1330229410662903814
1330229388995080199
1330229205909577728
1330229196325605378
1330229128373604360
1330229114289221632
1330228962270785539
1330228856410824711
1330228817311510531
1330228793986981896
1330228654559924231
1330228236886962176
1330228089721401353
1330228022054629384
1330228017709404164
1330227748153995265
1330227728881250310
1330227594969706497
1330227570676297728
1330227499134038017
1330227401742307332
1330227325183664132
1330227246594994182
1330227225422131206
1330227068181880833
1330226996245385218
1330226878435782657
1330226721493225477
1330226703243894785
1330226689570451459
1330226686982582274
1330226679332134913
1330226645886709776
1330226553503035397
1330226412004007937
1330226286434848768
1330226031496732678
1330225843600232454
1330225606471135233
1330225558182109188
1330225215327113217
1330225202794541060
1330225011370635265
1330224895112994816
1330224727122726915
1330224701675868161
1330224486159970316
1330224171801055234
1330224015584137221
1330071452683563011
1330071321447903235
1330070323505598468
1330070301204426752
1330070285333237767
1330070026796339206
1330069724831637507
1330069497009627141
1330069180322902016
1330069149545074691
1330069010571030529
1330068803863126017
1330068664649981953
1330068658085883904
1330068650749997059
1330068225040773122
1330068169797595137
1330067723234258945
1330067404769140739
1330066956779663360
1330066876077137920
1330066812181114880
1330066701275303936
1330066210134888448
1330066196947996675
1330065820425334791
1330065581605867521
1330065355314753538
1330065056588042241
1330064898940952576
1330064886324482048
1330064765381644289
1330064234647007232
1330063834091036676
1330063772350869507
1330063698317209601
1330063625776717824
1330063550937763846
1330062912535343107
1330062874513960960
1330062801948250112
1330062798194417664
1330062749183991809
1330062197872095233
1330062132688384000
1330062123779690496
1330062042225586182
1330061641858379778
1330061425340014595
1330061085685276675
1330060741383237633
1330060662337392643
1330060605408108545
1330060461237280768
1330060317200670722
1330060298187902981
1330060061822038016
1330059970046554113
1330059887779475456
1330059789871747074
1330059648980951040
1330059154304720896
1330059118149849089
1330058885152043010
1330058736996593665
1330058499766841348
1330057953978802178
1330057633689202690
1330057519289524224
1330057384954372100
1330057252322103297
1330057108302286848
1330056816227704833
1330056612929826817
1330056434105643016
1330056428300754944
1330178157757034498
1330178065142587392
1330177957021835266
1330177687751716874
1330177658794160133
1330177580838825985
1330177537427824643
1330177492376825862
1330177485355552781
1330177346356326402
1330177295483547648
1330177272993755143
1330177252450054146
1330176700366397444
1330176691952623617
1330176650256977923
1330176573144707078
1330176552139677701
1330176492366688261
1330176243543760901
1330176234828034049
1330176232084869122
1330176184097894407
1330176158969761797
1330176090959208449
1330175967596306434
1330175924915105794
1330175774335315971
1330175611344654338
1330175520651272193
1330175498077556738
1330175479966478343
1330175201443803138
1330175170733076480
1330175144560619520
1330175139888177152
1330174763474546694
1330174538978619399
1330174473111220227
1330174471743954946
1330174357906337795
1330174279523192837
1330173881332723713
1330173838735400962
1330173723534651395
1330173708477018118
1330173550867734529
1330173463907201026
1330173261934682119
1330173098436521991
1330172962952130562
1330172956316733462
1330172895226695685
1330172880315965449
1330172880274010112
1330172667106910209
1330172616800423937
1330172387200000000
1330172174720700417
1330172083515650048
1330171628060340226
1330171518328954882
1330171447894036485
1330171220420079618
1330171053180678145
1330171010105171969
1330170904186380292
1330170588317556750
1330170301699723271
1330170261539348488
1330170231420030978
1330170135890554882
1330170033121734666
1330169798030979077
1330169784613400579
1330169729043099650
1330169699179630594
1330169698961547268
1330169551745671170
1330169459877744644
1330169446195998724
1330169408824729608
1330169388633305092
1330169345021014016
1330169325987258370
1330169274984525831
1330168765183643651
1330168730584838148
1330168727325843456
1330168545171415045
1330168380633063424
1330168322176978948
1330168280338796546
1330168155591860226
1330168140920139781
1330167772068843520
1330167733170958336
1330167657878999043
1330167577595826179
1330167558436237312
1330167397202980870
1330167345608855553
1330167149256699905
1330167143896322050
1330167120345358343
1330167107494014980
1330167015106105344
1330166833450717189
1330166751204618241
1330166680509698052
1330166608552202241
1330166563505319940
1330166548468801536
1330166510409691139
1330166283426476036
1330165788905500673
1330165773076226050
1330165761021767682
1330165631648456704
1330165625239572483
1330165596521164806
1330165587385978883
1330165534051233796
1330165479617474565
1330165415209799688
1330165394963918850
1330165213639946241
1330165150851215361
1330165145545416712
1330165068298858499
1330165053044174851
1330165049776885765
1330164891714531332
1330164848072810502
1330164834013483012
1330164600977940484
1330164482216235010
1330164293896171525
1330164143157030918
1330163928282882050
1330163865418682371
1330163691409518597
1330163683301978122
1330163572631089160
1330163477042900992
1330163346474209286
1330163299095355397
1330163281668034563
1330163262097412105
1330163153146089477
1330163068173766660
1330284563969478665
1330284498609713152
1330284406855045129
1330284070505476096
1330284001316233218
1330283992726327305
1330283963269713922
1330283851265024002
1330283848920412164
1330283837683806214
1330283828322111488
1330283787335458817
1330283717017939975
1330283654451503107
1330283629348614144
1330283580849840129
1330283576743649313
1330283517117407233
1330283501883707393
1330283492857536513
1330283483349049356
1330283474171949058
1330283454710341633
1330283397961437191
1330283383126192130
1330283314285080576
1330283108193734661
1330283068272283653
1330283043962179584
1330283031333101568
1330283023783370752
1330282917977853956
1330282693435777031
1330282680487907331
1330282675417083907
1330282568080646151
1330282543401332739
1330282542302449665
1330282519896403968
1330282356607946752
1330282348458483720
1330282226311892993
1330282167545573378
1330282062104965122
1330281877220057090
1330281816901775363
1330281734076829700
1330281693220102152
1330281683078230024
1330281620931272706
1330281435597508609
1330281353007525890
1330281343104770048
1330281311903354882
1330281295096786944
1330281199554748417
1330281124229226499
1330281018780241921
1330280952568942602
1330280887079100421
1330280883853647873
1330280853163937795
1330280845513543685
1330280727343194119
1330280722465218565
1330280598884200448
1330280587442184192
1330280583117803520
1330280378108678144
1330280329136005129
1330280209682194438
1330280206565863434
1330280094842097665
1330279917922242560
1330279834535260165
1330279746089967617
1330279731753836546
1330279680436539397
1330279672404447234
1330279664951111682
1330279656604528649
1330279653878194180
1330279584596635650
1330279545270923269
1330279498567331841
1330279444569874433
1330279436105736196
1330279399309127687
1330279395156746244
1330279377821642754
1330279373363097601
1330279322171699200
1330279295906930691
1330279293646200833
1330279256254001154
1330279236305883141
1330279206220156930
1330279184472616962
1330279102650126338
1330279062296793089
1330279053694267392
1330279030185205768
1330278969342619651
1330278888992288769
1330278858633981953
1330278761997152258
1330278619143434245
1330278429548290049
1330278383666794503
1330278261281185813
1330278191387303936
1330278154716504075
1330278105416671234
1330278077960777728
1330277964458635266
1330277919734771713
1330277882539745283
1330277877359792128
1330277838772166657
1330277777245921280
1330277763400536068
1330277723537858565
1330277664905687043
1330277661625753600
1330277581543837697
1330277556763889667
1330277472399745025
1330277470122242055
1330277443614158852
1330277372759773185
1330277366279643136
1330276830935478272
1330276800010842114
1330276667777052676
1330276540127567875
1330276458242183173
1330276439485247491
1330276308601942020
1330276150690582528
1330276133041004548
1330276060462800902
1330276055500939271
1330275964929134595
1330275959740698625
1330275691833782272
1330275628134830080
1330275613849112580
1330275610350989314
1330275526808924168
1330275480579305480
1330275450262872077
1330275413793366024
1330275409209008131
1330275404310056961
1330275394361167873
1330275369413455877
1330275305710379014
1330275284524916737
1330275228870651904
1330275178916552704
1330275168988618752
1330275112311021570
1330275097618288643
1330275016395599873
1330274983872958466
1330274962544922624
1330274953464254465
1330274913018634250
1330274885030060032
1330274843686805506
1330274733120741380
1330274697666289664
1330274650291658760
1330274624802852875
1330274528346460160
1330274492321566720
1330274439179739136
1330274434695966721
1330274410838831104
1330274394397171713
1330274288381865984
1330274287329177601
1330274268819677186
1330274263681675275
1330274250008178692
1330274193208979456
1330274182685466631
1330274179912962049
1330274172262641664
1330274034005766144
1330273961922457607
1330273959561097218
1330273951906467842
1330273922584109061
1330273900605960196
1330273856213409794
1330273813339246593
1330273787208736768
1330273709026922496
1330273634993188866
1330273606295842818
1330273580811251715
1330273559906758657
1330273524880207873
1330273523454062592
1330273511072538629
1330273502608445440
1330273459918802946
1330273392696680454
1330273391425753090
1330273371318341632
1330273320642678789
1330273258881634306
1330273251063443458
1330273244092522497
1330273235531915269
1330273179017875459
1330273146587516932
1330273110659051526
1330273054493200389
1330272978005880835
1330272940265508865
1330272873290797057
1330272857692180485
1330272853468581897
1330272850188656642
1330272793083203589
1330272766537461764
1330272747122020358
1330272693577543681
1330272687978115072
1330272508789002242
1330272484877344776
1330272482431995913
1330272464019058689
1330272379755524096
1330272359329181704
1330272271550865416
1330272271441793025
1330272251049078789
1330272186817531908
1330272025802403843
1330272016830697474
1330271969774858243
1330271966415237125
1330271863566688264
1330271854720913409
1330271810160562177
1330271799532253187
1330271773233991680
1330271762815311874
1330271748961542144
1330271722860404737
1330271705281998852
1330271629121818628
1330271625988763655
1330271616484380683
1330271362963943427
1330271324841906178
1330271323902390273
1330271306282045446
1330271300707868677
1330271259196846080
1330271190921990148
1330271170642534407
1330271065621352449
1330271012835962882
1330270911170310146
1330270881537536001
1330270866911932418
1330270861341978630
1330270811199053824
1330270761467203586
1330270717624127491
1330270683000152065
1330270666508152837
1330270627845058560
1330270620408573958
1330270613185966083
1330270596576448522
1330270585620926465
1330270533896839170
1330270516742131712
1330270453110345731
1330270335288086528
1330270329013481475
1330270253222391809
1330270214655762438
1330270185706708993
1330270055444213763
1330270002373668864
1330269938678980608
1330269932446167049
1330269890675093506
1330269882139750400
1330269839995318274
1330269835754926080
1330269825650855936
1330269777714171907
1330269772945240066
1330269761289203712
1330269753315897346
1330269736924553222
1330269732528910340
1330269689818345476
1330269648789573636
1330269583194918916
1330056303528521728
1330055569017868288
1330055439304810496
1330055431214034945
1330055120097304576
1330054899963457537
1330054765192089600
1330054625655926789
1330054422672646145
1330053624609771520
1330053450831458305
1330053107468918786
1330052561118900225
1330052483826282501
1330051980753055746
1330051705468227587
1330051414329094144
1330051243604107277
1330051204790038529
1330051150754799620
1330050729923448838
1330050594103582720
1330050584557318146
1330050508996943874
1330050475832565760
1330050307326357510
1330050257707802624
1330050115810316291
1330049760854683649
1330049730328604675
1330049719515701248
1330049683377491969
1330049434755936256
1330049248939962370
1330049218480918528
1330048599359692800
1330048539477610496
1330047716215443458
1330047566935977984
1330047456948723713
1330047223162417153
1330047188228059140
1330047144833806339
1330046807536242691
1330046754591485952
1330046660592996355
1330046557090172932
1330046271046946819
1330045846520537088
1330045718954905600
1330045562268364800
1330045558904549377
1330045199431716868
1330044630050725888
1330044461729116162
1330044230253867013
1330044009063059459
1330043890729160707
1330043525078147074
1330043184710356994
1330043072420466689
1330042778060005376
1330042673017872385
1330042657901514767
1330042650125275136
1330042590037684227
1330042565975044098
1330042541744533505
1330042189125218305
1330041982195032065
1330041872983744512
1330041800275398661
1330041774824448000
1330041566367518721
1330041424138657798
1330254283149877250
1330253910293012481
1330253861341319172
1330253533585825793
1330253418158575630
1330253309068910594
1330252978188652547
1330252840309305344
1330252816728928256
1330252747657109505
1330252607546413066
1330252511287054342
1330252496183435267
1330252327727624194
1330252324745449481
1330252250166546433
1330252089004535815
1330252063914254336
1330251766357692416
1330251467358425088
1330251345635500034
1330251000003883009
1330250779341492226
1330250591390601216
1330250541201584132
1330250540584996864
1330250462851981314
1330250462617067526
1330250415196303367
1330250212560998400
1330250011096047619
1330249795093602309
1330249377479266308
1330248697389703171
1330248569450848257
1330248519245062144
1330248464689664002
1330248456716349446
1330248289338486793
1330248137185910785
1330248117447516165
1330248059884802048
1330247816501997570
1330247564705357827
1330247461835841550
1330247143291056137
1330246960331296769
1330246920430886915
1330246815166377991
1330246810812739584
1330246809437024256
1330246665123618822
1330246638833704966
1330246617212067843
1330246517643481088
1330246514388721668
1330246460651212801
1330246437767090177
1330246292883300352
1330245996924837890
1330245992080437252
1330245917107216392
1330245863344660482
1330245726278995971
1330245723816939525
1330245687972401154
1330245565297422347
1330245274808233987
1330245248300232707
1330245169938128897
1330245029395304450
1330245025096216576
1330244963540537347
1330244921022959623
1330244723710287877
1330244579178782723
1330244382692421640
1330244222386130954
1330244215188713477
1330244163141558279
1330244114043068420
1330244097815293954
1330244054618140674
1330243898401296385
1330243869531926534
1330243861709524995
1330243801147973638
1330243791828168708
1330243775155892235
1330243698291052550
1330243612987318279
1330243570566107151
1330243488030584835
1330243479268679683
1330243418254168066
1330243230642876416
1330243170932826112
1330243128293543937
1330243100246220800
1330243022009798658
1330242825309597709
1330242744300826629
1330242573135392772
1330242513303724033
1330242472153391109
1330242455128715265
1330242404708978691
1330242357770522628
1330242318155313154
1330242202459574273
1330241901392519171
1330241775110402053
1330241570583490560
1330241373862309896
1330241299962863617
1330241278873915392
1330241188209827841
1330240479938678786
1330240328318775298
1330240301458395142
1330240294026088460
1330240236601937922
1330240151591800832
1330240003599953924
1330239947354333194
1330239903830044673
1330239902441742343
1330239876361490439
1330239720530595841
1330239525042483201
1330239308884815876
1329979610495332352
1329979507617435653
1329979335646666755
1329979020142899205
1329979004766605312
1329978953285718018
1329978910038257664
1329978891398615040
1329978357153411075
1329977612563845121
1329977353532022784
1329977282014928897
1329977046387273734
1329977006319169536
1329976954708226048
1329976943869972481
1329976703414833155
1329976675543646208
1329976628898799617
1329976591401836545
1329976454679994374
1329976171023523840
1329976151716945923
1329976018040356864
1329975983617626112
1329975544176390145
1329975428396711939
1329975334108708866
1329975289347096577
1329974998115774464
1329974765793185795
1329974757417160705
1329974747430494211
1329974664802824195
1329974647778013192
1329974429623984129
1329974385516572672
1329974120470237185
1329974085724540930
1329973100465836032
1329972940742516738
1329972928147038209
1329972894345007106
1329972704829698052
1329972662366474240
1329972546205265920
1329972532481548290
1329972247835013123
1329972203123847168
1329972195813171202
1329972130482712576
1329972088182951937
1329971954129002496
1329971924429021185
1329971894141894656
1329971663967035392
1329971100948852736
1329971075527094273
1329970869179883521
1329970825928208384
1329970701093236738
1329970550014316545
1329970156890693632
1329969751578198018
1329969693176721408
1329969184638373889
1329969177310982146
1329968998138646528
1329968672186699781
1329968231713542144
1329968073370165248
1329967596897259520
1329967533370318850
1329967429011836931
1329967321910218752
1329967190351687680
1329967110559309824
1329967079844323328
1329966757336010755
1329966707436363778
1329966139519197184
1329966074478129160
1329965842394722309
1329965668570181637
1329965402621927424
1329965205938376707
1329964952489238528
1329964948571656192
1329964880804388866
1329964835908575232
1329964651606511616
1330025329616777219
1330025092215136259
1330024722914971649
1330024718137651203
1330024539972055041
1330024479821496322
1330024345805205504
1330024233477410818
1330023882955231238
1330023732195147779
1330023526120742914
1330023302790668288
1330023261774766080
1330023201787678721
1330023004303208448
1330022797335097346
1330022548461928449
1330021789292957697
1330021496962519041
1330021453035687936
1330021429144940544
1330021328695545860
1330021208226631681
1330021109643812866
1330020994270957569
1330020850490195969
1330020593224339456
1330020592884576256
1330020167359868928
1330020094450094080
1330019698201808897
1330019445981515778
1330019404269182978
1330019402104901634
1330019130175533057
1330019095362867201
1330019016166039552
1330018984096387073
1330018924495314944
1330018921953550336
1330018865636577280
1330018857201885184
1330018736930222081
1330018694999777281
1330018679816396800
1330018344980918274
1330018323606634499
1330017838464110592
1330017681936838659
1330017322774327296
1330017284157558785
1330017040929853442
1330016875338551296
1330016463512612864
1330016384017788929
1330016276119490560
1330016182758498305
1330015854965112833
1330015539771695104
1330015309034627072
1330015268010160128
1330014219287236608
1330014140602015751
1330013737814781953
1330013610521759745
1330013542335045635
1330013530427420674
1330013477608493058
1330013444062384128
1330013411279822848
1330013065669210114
1330013033545027584
1330012669299011584
1330011907160412160
1330011848222126082
1330011358470021122
1330010716083003393
1330040975557857280
1330040817625554952
1330040774143176704
1330040739984789504
1330040658833313795
1330040653120724994
1330040391450714116
1330040313021394945
1330039668436504578
1330039563511877632
1330039560466739206
1330039508549726209
1330039285039460352
1330039008550903808
1330038860919746560
1330038439975284736
1330037658383503360
1330037514678235136
1330037267344330752
1330036526017810433
1330036036949467138
1330035908402352129
1330035886382264321
1330035577845125125
1330035524577468417
1330035420969758720
1330035221232832513
1330035090945167363
1330034797029298179
1330034518124883970
1330033905286705153
1330033877742743553
1330033837733195778
1330033797535035393
1330033167575740417
1330033106070417408
1330032623540973569
1330032586501058563
1330032568218099716
1330031951726653440
1330031760378388482
1330031745362784257
1330031606870978562
1330031438239035392
1330031184198426624
1330031161217867776
1330031071828848643
1330031034247811080
1330030977083641858
1330030647755366406
1330030615048183808
1330030355500429313
1330030130773766145
1330029607328886786
1330029580321689602
1330029578585300992
1330029533152546816
1330029377241935877
1330028914488586243
1330028814617993216
1330028692857380867
1330028684011581441
1330028589601972225
1330028416914042882
1330028359062085632
1330028166123978752
1330028121286995973
1330027961718861824
1330027755375824896
1330027692679426049
1330027273051922434
1330027155267399681
1330026345506725891
1330026099384872961
1330025953364471810
1330269465288830979
1330269438545956872
1330269430945878016
1330269267992989700
1330269237458440192
1330269201911656455
1330269183054131201
1330268992494301184
1330268982146961409
1330268925276409857
1330268899858853895
1330268846008229890
1330268805675749379
1330268794883887121
1330268736033607680
1330268667347656705
1330268666022211584
1330268614872723460
1330268592055705601
1330268480428515329
1330268387428233220
1330268326422056960
1330268304167100418
1330268283686293507
1330268247015493639
1330268231844720647
1330268160885465095
1330268154199740416
1330268050369748994
1330268039531683841
1330267928567160833
1330267899471269898
1330267893259493378
1330267827773861889
1330267785499467786
1330267740557471745
1330267719598559239
1330267680050442240
1330267655673163783
1330267653773123585
1330267608134901760
1330267544930963456
1330267514580951040
1330267508683780097
1330267485472509954
1330267448759775234
1330267404673437705
1330267372368912389
1330267350134878218
1330267348893376518
1330267323954057219
1330267288113700864
1330267247533756418
1330267198477250572
1330267130848292864
1330267102188605440
1330267037621481475
1330266937767698434
1330266925377662979
1330266922659831808
1330266813213642753
1330266787959730176
1330266765734121474
1330266712260943872
1330266705965297665
1330266690521849857
1330266671760760834
1330266633995218953
1330266621311660032
1330266598490386432
1330266528357511183
1330266351571771393
1330266308710166530
1330266305472176129
1330266296458616836
1330266277156417538
1330266236748488704
1330266188270739456
1330266187159236608
1330266157291593733
1330266106238537729
1330266082821738496
1330266028639739905
1330266009496932352
1330265937614934022
1330265928005808128
1330265750871937030
1330265725009874947
1330265719267856386
1330265660044275712
1330265645473214467
1330265623662825478
1330265602360020992
1330265540963823616
1330265525243490306
1330265506666967042
1330265434193600515
1330265419387645952
1330265363334967297
1330265361355337728
1330265314890838018
1330265302697914374
1330265266492764171
1330265262541697026
1330265197513232385
1330265100549287942
1330264849549582350
1330264800463613954
1330264762547105793
1330264727281414151
1330264704401502221
1330264691290107913
1330264681769033728
1330264635908481028
1330264573786591232
1330264561665134600
1330264474226450434
1330264468438339584
1330264466269888515
1330264262409904128
1330264249197846535
1330264219133087746
1330264167044042753
1330264120122368004
1330264077722148866
1330263999959674884
1330263914328825857
1330263890043801601
1330263868287971330
1330263837396918272
1330263823366955010
1330263733541670914
1330263662632820740
1330263549592154115
1330263533636947968
1330263481199845378
1330263446366138374
1330263414908866565
1330263409821147142
1330263292070289409
1330263286470864904
1330263250731200513
1330263223522775040
1330263193529278472
1330263082426363907
1330262906294964226
1330262877136162817
1330262826036965376
1330262786425942017
1330262751378345991
1330262660622012418
1330262624261566471
1330262561233702917
1330262323718729733
1330262310531854336
1330262250490310658
1330262139005771781
1330262131468537856
1330262022227980298
1330261523869130756
1330261344419975175
1330261288644210697
1330260987623174147
1330260760660938753
1330260689030701057
1330260593958416385
1330260558885638147
1330260418313547776
1330260340186243073
1330260310486343683
1330260301435068422
1330260270694936576
1330260193146531840
1330260012397191181
1330259977576001537
1330259947830071296
1330259876103196672
1330259813666873346
1330259738488156161
1330259681382715395
1330259656250421249
1330259565997412352
1330259488524349440
1330259446614855683
1330259331900731399
1330259261335724042
1330259261167972352
1330259253945360389
1330259017977958400
1330258877317861377
1330258688691548163
1330258515349430275
1330258434902659072
1330258406691790851
1330258344750305285
1330258105163255808
1330258039153291277
1330258028201906176
1330257871569870848
1330257825042477063
1330257752321646598
1330257703516704768
1330257429163089920
1330257393528295434
1330256951717015553
1330256089753980931
1330255822358781952
1330255736996237318
1330255681547603971
1330255611142033411
1330255507702095873
1330255468095266817
1330255438718308357
1330255170001903624
1330255136476852236
1330254996852641793
1330254978796179468
1330254881110827013
1330254849372532748
1330254734415044613
1330254728027131905
1330254601690509325
1330254513400373256
1330254505586388995
1330254466260602885
1330254443619766274
1330254370529808385
