1303499053192351744
1303498720466657284
1303498592062246921
1303498551276822536
1303498105497825282
1303496818794299392
1303496042462105600
1303495102980067328
1303494338299609091
1303494208620081158
1303493535216394248
1303493309608976385
1303492972261060611
1303492929059725312
1303491763315732481
1303490738232139781
1303490503279693825
1303490191290707968
1303489833432571904
1303489296498917378
1303488202246815744
1303485673366839296
1303484978471239681
1303484937698332672
1303484533900075009
1303484527315226625
1303484104227328002
1303576049809268736
1303573886668214273
1303573792376184832
1303573094603333634
1303572919042281473
1303572401515450370
1303572121264812033
1303572085566877697
1303571994525528064
1303571203513364480
1303570798712676352
1303568430784675841
1303568032103567360
1303566152052936704
1303565371195232256
1303565140542066688
1303564968931897347
1303564918353022976
1303564746810163200
1303563346562646016
1303562641143721985
1303561755268874240
1303561624666529792
1303782396018544640
1303781747025477636
1303781165841735682
1303780523626561536
1303780067861049348
1303779377247850496
1303779335233581073
1303778814166806529
1303778086442471426
1303778017890709504
1303778001641975809
1303777239255994372
1303776698970898433
1303776633808183297
1303776377301274625
1303775999897853955
1303774548324683776
1303773188522946561
1303772843092504576
1303772444465995776
1303771966256615426
1303771815312056328
1303771613507268612
1303771456027885568
1303771395625758721
1303771347307425793
1303770481846345735
1303770418738798599
1303770395582005248
1303769875052199944
1303769757385142272
1303769717849706497
1303769344447582210
1303768537543200768
1303768148169154560
1303637486233464832
1303637324475936772
1303637077381259264
1303636922292600833
1303636065211670529
1303635012403605504
1303634447456231424
1303634380070494209
1303634011198160897
1303633375777832961
1303633125327679491
1303632267902943232
1303632263792545792
1303628730728767490
1303628272891121666
1303626778603393024
1303626335365939202
1303625945513893889
1303623739385413632
1303623255505252353
1303622867456724992
1303622704352948230
1303622490573463557
1303704118675079168
1303704016031944705
1303703828370542594
1303703820506079232
1303703315709034499
1303702540102623235
1303702188976414722
1303702165203152897
1303701835560042498
1303701242187862022
1303700907343917056
1303700895796994051
1303700489343840261
1303700488802783235
1303700335203151872
1303699973742243843
1303699720401899526
1303699630706708480
1303699381174984704
1303699313915297796
1303699212383719425
1303699071748767744
1303697866922356739
1303697549472169989
1303696631565627394
1303696046791577601
1303695373458903041
1303695370573283328
1303695196064972800
1303695195721084928
1303694658787250177
1303693885491810304
1303693666767306752
1303693515180789760
1303693489885122568
1303692377542934528
1303692217383493632
1303689819818610689
1303689573369884672
1303689174130864129
1303765616361439234
1303765144464433152
1303765127989166080
1303764945511866371
1303764886120529922
1303763973465165831
1303763841369636864
1303763688369926144
1303763332911042560
1303762799676489735
1303762641702313986
1303762137366622209
1303762130844430336
1303761085862948865
1303759790687113217
1303759680716582916
1303759487753482241
1303757776594833409
1303757497715560451
1303756659676909579
1303756099028303872
1303756088970543104
1303755811269771264
1303755774976552967
1303755414534860803
1303755299803799552
1303755227556847617
1303754269464633350
1303754065965268992
1303754010541817859
1303753947308593154
1303753338543112193
1303753031075459072
1303752737130192897
1303752434947297280
1303751346420670466
1303751188043780096
1303751121425620992
1303750673591345152
1303514719135969282
1303513675916075008
1303513235862118401
1303512272309018625
1303510761583587330
1303509135103873025
1303508828286312449
1303508218925080577
1303507984157413376
1303507920097746944
1303507676261875712
1303507246807216128
1303506824188977152
1303503801954037761
1303503628167192581
1303502340285173760
1303500584360710145
1303828780113424385
1303827427890614272
1303826775407865856
1303825375978545153
1303825149267865601
1303824155201155073
1303823361122861057
1303822922188877825
1303822635713921024
1303820980188450821
1303820173728796672
1303819091325616135
1303818940481765382
1303818632531718145
1303818410724388864
1303817319840391171
1303816958673117188
1303815578629451776
1303815571654418433
1303815462363566082
1303815206813007878
1303814722429444096
1303813826366836738
1303844863813840897
1303843138797264896
1303842217015087104
1303842057551781893
1303840991200370690
1303840932530249728
1303839852400717827
1303838220346687488
1303836400794517504
1303835416768983040
1303834605196374018
1303834522610552833
1303750361690370050
1303748756018470912
1303748674414088201
1303747994521661441
1303747966801448963
1303745102515286017
1303742694859116546
1303742368047337474
1303741962554662919
1303739634585870339
1303739618936991744
1303739582345867264
1303738953133101070
1303737740643663872
1303737600465760260
1303737027993759754
1303736464245743621
1303736121894014989
1303545030137712640
1303542093240061954
1303540359729803264
1303540351093952512
1303538722927910912
1303538251282563074
1303537997636407298
1303536776087310336
1303535086218784768
1303534388035149825
1303533802954784768
1303533697371570176
1303532969798238208
1303532677396488193
1303532336953212930
1303531718696001536
1303531323571621888
1303530673706119168
1303530150785556481
1303591159332089857
1303590315157155840
1303586578875310080
1303585611530477568
1303585004597833729
1303584354057117696
1303581898468253696
1303581242932080642
1303580823699025921
1303580466293825536
1303579958325866496
1303579593509449728
1303578718560858112
1303578307510767616
1303577969546481664
1303577880236929024
1303577547880439808
1303577286201888769
1303576951332859905
1303576116255367168
1303622243210203139
1303621756268150784
1303620785584644097
1303620189217464322
1303619615826862080
1303618968905592834
1303618276795138048
1303617905066565632
1303617603265376256
1303617344812449793
1303617141938159616
1303617001936445440
1303616714202992641
1303615873131790336
1303614401715597313
1303613689963003905
1303613418021085185
1303613031948136448
1303611305450897409
1303610780055515137
1303610712992804865
1303610250621259776
1303608221584646144
1303607310384861185
1303529844039319552
1303529664380428288
1303529485459890178
1303529073310937089
1303528949536813062
1303528507092250624
1303528173792120833
1303527500882960385
1303526950397509632
1303526105295405057
1303524036073447424
1303523864576757760
1303523085748858881
1303522136733216770
1303521858160136192
1303521411701649408
1303520950424678402
1303519274728783872
1303518409473351681
1303518109173788673
1303517089190141952
1303607061649948674
1303606560321462273
1303605015358169088
1303687356764114944
1303686768437288960
1303686018101653505
1303685741092974592
1303684816269914114
1303684807180853255
1303682690567282690
1303681700153692167
1303681577348521984
1303680462716575745
1303680358940958721
1303678825134321671
1303677903792672768
1303677281207037958
1303676794281881601
1303676789269704705
1303676512391122950
1303676482758291456
1303676214968758272
1303675983590031360
1303675940518625281
1303675807106322433
1303675784817790976
1303675595235241985
1303675388917420035
1303675190686158848
1303673128669900800
1303672791934398465
1303813417589854208
1303812127212404741
1303811862715412481
1303811779429109761
1303809919049707521
1303809915094327296
1303809604997058560
1303808992804835328
1303808159556001794
1303807503990480896
1303807347014340608
1303807308183420928
1303805292304572416
1303804897897439236
1303804764963115008
1303803323313786882
1303803013849591808
1303802414076755968
1303801208428204032
1303800657779064832
1303800631090540544
1303800347941654533
1303799415208062976
1303799027352449025
1303719874305425413
1303719203980161024
1303718645508571138
1303717628926668802
1303717589474893824
1303716455951880193
1303715936604770307
1303715841368883203
1303715334415945728
1303715293173354498
1303714552576704513
1303714293892825090
1303712759104716802
1303712656423968769
1303712521954537473
1303712417134776320
1303712342086242304
1303712328081264640
1303712304580657152
1303712253854674948
1303712166504087553
1303712103300132864
1303712025327972352
1303711918905946114
1303710876105691136
1303710869302452226
1303710710883659777
1303709941543378945
1303709826585964551
1303709819891662850
1303709755345575937
1303709650647302146
1303709469071863808
1303709233893052417
1303708946016776192
1303708714625413125
1303707959269101568
1303706786638241792
1303706690131390465
1303705917490307075
1303705849056038913
1303705807972978688
1303705783696347142
1303705630100742145
1303705018604949506
1303704914556628992
1303560715400171520
1303560012275556353
1303558387712417792
1303556240031834112
1303552286946471938
1303483621651734535
1303735081123475458
1303734848117338113
1303733811348492288
1303733142952587275
1303732863318339586
1303732558018928640
1303732159166001152
1303731004083810304
1303729944904769538
1303729526275362816
1303729126063439877
1303729035407654912
1303728803395629060
1303728724035211264
1303728571437838336
1303728359202000896
1303728110328860673
1303728105480024064
1303727558429679618
1303727154933518339
1303727002373877761
1303725943551397890
1303725676445528066
1303725384144486400
1303725261905592327
1303725212907630592
1303724424919744513
1303724315687485448
1303723686613127169
1303723295796330497
1303722546622115840
1303721835981344774
1303721777819004932
1303721256869654528
1303653266366984199
1303652804993708033
1303652713281064961
1303651506462298112
1303651445846278145
1303646136885010432
1303644621218611200
1303643825097728000
1303643163232534530
1303642861477527559
1303641779070275584
1303641372176588800
1303640472196317184
1303640260841271299
1303639587256807424
1303639064390721541
1303638588689534977
1303638231255117826
1303797656548851713
1303796980662108160
1303796190417313794
1303796046431043585
1303795689386913794
1303795491839315968
1303795066901655552
1303794645294608388
1303794280826318859
1303793899513630720
1303792440034430976
1303791870699384832
1303791674024321024
1303790979091255297
1303790957859610626
1303790899466362880
1303789699086143488
1303789158293528589
1303787964921712641
1303787064840912896
1303784639706923010
1303784531804196864
1303784023324413952
1303783627449229312
1303783278814601219
1303783038413869056
1303782703477661696
1303782593452621824
1303668575803146240
1303668010591293440
1303667129535860736
1303666684646117376
1303665912395034629
1303665767825764353
1303665326262046720
1303664958140559362
1303664628887625730
1303664074094501888
1303663694144962560
1303663047333076993
1303663013413621762
1303662903829110791
1303662582155210753
1303662362545840128
1303662241489629184
1303661589090967553
1303658687278579718
1303658264849047554
1303656391698194432
1303654988250570752
1303654752392286209
1303654633894809600
1303653915804696579
