1319844529181130754
1319844519597076480
1319843613191274498
1319843168435617793
1319840373246709761
1319840256963891200
1319840235786821632
1319839906475266049
1319838580898922501
1319837539075674113
1319836041952391168
1319835811634769920
1319835772380274689
1319834583567757312
1319834470770327552
1319834239341387777
1319832856491769857
1319832122912374784
1319831869979037696
1319831757064110080
1319831006363471873
1319830523821346816
1319830384431878144
1319883481531469824
1319883067779997697
1319883052496130049
1319883040106098689
1319882591659388935
1319882013911011329
1319881904464793600
1319881692664967168
1319881308596817921
1319880879729266689
1319880425288810496
1319880150406828032
1319875946200076288
1319875547502030850
1319875269877026817
1319873854618148870
1319873403478654976
1319873102462025728
1319872789692768256
1319870292139909126
1320026628706107394
1320025983886479363
1320025879620308992
1320024410909192193
1320024004061704192
1320023908108496896
1320023707339935747
1320023276052226048
1320023114655281153
1320022808500592644
1320022726602440704
1320022233272717313
1320021666412531713
1320021607293792262
1320021335171649539
1320021231786098688
1320020964751691781
1320020509682262019
1320018830324805633
1320018550980071425
1320017236602609665
1320017133569515520
1320016693121482753
1320016399922831361
1320016210889760768
1320015697674702848
1320015431055323136
1320014958558646273
1320014663661330435
1320014351898640387
1320012066204360705
1319944707707994113
1319944493702041601
1319943302913744896
1319942451109502976
1319941897595604993
1319940982566256640
1319939209105473537
1319939084660461569
1319938908923150340
1319937618700832768
1319933918024507392
1319932200205324288
1319932026414374912
1319931344332464128
1319929478827696128
1319929166922420226
1319927263727636480
1319927008097427457
1319926665577889792
1319926364938653697
1319926131886272512
1319926037279592448
1319925910662008834
1319925281205829632
1319925107016540161
1319924970370355201
1319924614328352769
1319924472003125248
1319924337143615488
1319924020255621121
1319922039130554374
1319921614272761856
1319920947831410688
1319920870685577218
1319920666439802882
1319919299667152896
1319919268201365509
1319917082272620545
1319916794677727233
1319914425340645377
1320104998722805760
1320104870934818816
1320102904926261248
1320102720620167168
1320101427113492481
1320101411963740162
1320101031393492992
1320100559483883520
1320100306601103360
1320100167006277634
1320099826055434246
1320099300215525377
1320098915975385090
1320098897444982791
1320098558146588672
1320098409995472896
1320098281993785346
1320098225324392449
1320098140398157824
1320098101449924609
1320097989604540417
1320097415840604162
1320096831251120129
1320096497497563136
1320096087005405186
1320096029216280578
1320095993791188992
1320095551610904593
1320095311629615109
1320094686581821441
1320094068131745795
1320093755341352960
1320092581733273610
1320092266103537664
1320091384486002692
1320091383257092097
1320091020009349121
1320090582216212486
1320089945655095296
1320089933281939457
1319860218961010688
1319858123402842112
1319857821291368448
1319855936467619840
1319855894402899969
1319855508971524097
1319855484283817985
1319853235751079939
1319851199227625473
1319850767423975424
1319850142535536645
1319846333906386949
1319845220532404226
1319995419309625344
1319994577361768451
1319994530083516417
1319994054709596162
1319994042596298753
1319994011394912257
1319993426633510913
1319991973193932801
1319991938809024512
1319991607576260608
1319991558586904577
1319990971401228289
1319990497151168513
1319990380914507776
1319987581094907906
1319987551701262342
1319987207084584960
1319986743844753409
1319986189269684224
1319984730159329285
1319984606511271936
1319983249972731904
1319981929878462466
1319981190858870784
1319980785529769989
1320137540691652608
1320137249669980166
1320137233148473344
1320136927161552901
1320136505969549315
1320136234447110144
1320135979009794048
1320135817847865350
1320135186961584129
1320135148889931783
1320135099149680640
1320134257331834882
1320134034127683584
1320133650579480577
1320133034272870405
1320132739291475968
1320132689069047815
1320132571385237505
1320132454221479939
1320131317011341312
1320130714977751041
1320130565476110337
1320130448433967104
1320130313008414726
1320129461522780161
1320129249567703040
1320129114754396166
1320128769110269952
1320128700050976771
1320126858512470016
1320126222932840448
1320125364174229510
1320125360785313792
1320125209354096642
1320124705718882308
1320124451787206656
1320123802605465600
1320122741220122626
1319977081023901697
1319977024316989441
1319976943517913088
1319975726012051456
1319975648622854144
1319975469912129536
1319975101308170240
1319974742464598018
1319974409298391041
1319972106235502594
1319971828496990212
1319969875159175168
1319963462227865601
1319962181560127488
1319962094008139778
1319827995998248960
1319827910723727361
1319827134676979714
1319827053609443328
1319826618626486273
1319826133601325057
1319826114433384448
1319824916158398464
1319824696439795713
1319824278188077056
1319824063229984771
1319823091195785216
1319822957561208833
1319821124465639424
1319820872568324096
1319820310804418561
1319819788156358657
1319817841692950528
1319817825100484608
1319817386409721857
1319816957944889344
1319816732438134784
1319816684270649344
1319816624774447104
1319816554565890048
1319816382242906112
1319815990209806336
1319815962862907393
1319815773100060672
1319815550084763648
1319815411765022720
1319815351144767488
1319814861530877954
1319814650767134720
1319814563018268672
1319814211476852739
1319813960263229440
1319813420175085570
1319812927541571584
1319914238748577792
1319913849265348609
1319913714338979841
1319913448856141825
1319913150964088832
1319913057401843714
1319911657930457088
1319911489990426624
1319911022249979904
1319910515343298565
1319910407407046656
1319908406019477505
1319908342613954560
1319906425322262528
1319905965492363265
1319905732532314113
1319904320754716673
1319903907410182144
1319900773493346304
1319900361600258049
1319899358993723393
1319899270057779200
1319961576003219456
1319960677960790016
1319959794762080256
1319956851048484865
1319956455399641093
1319956159583969280
1319955589422850048
1319955584825937921
1319954867553710080
1319954056387899392
1319953551448301568
1319953479142576129
1319951559585878018
1319950548519378947
1319948543872933888
1320042379252989953
1320042377772519427
1320042087526486016
1320039885726715904
1320038895271149570
1320038864870920192
1320038298899927040
1320037943533314049
1320036444912615424
1320036394186715136
1320036308786577409
1320035526276190209
1320034009179631618
1320033162186100741
1320032395219947520
1320032393139507200
1320032005493501952
1320031955572981760
1320031580585414657
1320031380739424258
1320031228318371841
1320030720094576641
1320030659038019584
1320030269857009667
1320029331629002752
1320028989440876545
1320028948949065729
1320028544743997441
1320027843926130688
1320027490438451200
1320153015299371009
1320152402947964934
1320150224849891328
1320150186258300928
1320150097984970753
1320149924621676544
1320149440775163904
1320147264527081474
1320147065377259521
1320146714658037761
1320146699176771586
1320146569509785605
1320146409463508992
1320146329209688066
1320145960631062529
1320145568254091265
1320144223098851330
1320142500330393600
1320142297162522625
1320141945499430915
1320141276310835206
1320140521604460549
1320140308286377984
1320140099611283456
1320139278098128897
1320139164512378880
1320138793861713927
1320138569546084353
1320058058974912512
1320057056422957058
1320056959970779145
1320056549130338304
1320056334201606144
1320055911092752387
1320055236233285633
1320055070491197442
1320054788776775688
1320054533112975360
1320054406189109248
1320054305186107393
1320053926964547584
1320053079132327938
1320051974943985664
1320051492208992261
1320051331365699586
1320050154783838208
1320049918845816833
1320049125535191041
1320048832307224577
1320047506202357764
1320046920568455168
1320045109933756416
1320044999988445190
1320044943092699138
1320043335302762498
1320043176871288833
1320074245972570118
1320073971249852416
1320073548103360518
1320071477941686272
1320070965590740993
1320070202172841985
1320069755554820096
1320068348718219270
1320067100820541447
1320066055570624517
1320065676061642754
1320065519140147200
1320065516258512897
1320065046693793793
1320064888794853376
1320063888990371842
1320062382476058624
1320061570643333120
1320061533687287809
1320061500728422401
1320060455306539011
1320060125311389696
1320059936064393217
1320059785690087427
1320059768086593536
1320059283015409664
1320059209224957952
1320089347719397376
1320088396900012037
1320087829452627973
1320087614993633280
1320086965090476032
1320086928297897984
1320086776313069568
1320086233557716992
1320086174413762562
1320085406155739137
1320085157089628160
1320083867143987200
1320083862437900290
1320083442101571589
1320083255551352832
1320082331751927809
1320082197458653189
1320082012225622016
1320081692393164800
1320080113275265024
1320079230089166850
1320078466662998023
1320078093298651137
1320077456024440832
1320076945498005509
1320075167654158336
1320075090432823301
1320074739231186947
1320011266119827458
1320010808835952642
1320010586105745408
1320010042729443328
1320009869315932160
1320009315709800448
1320009010590978048
1320007326535921664
1320006404460171265
1320006305340411905
1320006085768523777
1320005925021863938
1320004887652990978
1320004489596776448
1320003969687736320
1320003547987988480
1320003005505101826
1320001042466115590
1320000967849496577
1320000420031463424
1320000066724265984
1319999707381297153
1319998682398412800
1319998127114539009
1319998029873713154
1319997597453615104
1319997322785337344
1319996268215750660
1319797415327784960
1319797383476269056
1319796397437222914
1319796058772377600
1319795764931956736
1319795546345951232
1319793707407859712
1319793615720374279
1319792933470568449
1319792697880739841
1319792515919339520
1319791999013294082
1319791739427749888
1319791180230594560
1320122079602245633
1320121668543614981
1320121651409944576
1320121502277242883
1320121129512636416
1320120806563848193
1320120612782657537
1320120341847404544
1320119556464148482
1320119371210043392
1320119237738926087
1320118879922733056
1320118812554002432
1320118808518881281
1320118627832524800
1320118193340416000
1320118192661037057
1320117034525421570
1320116935397380099
1320115510449565696
1320115354367070208
1320115349203775488
1320115155901030402
1320115057150160896
1320114657009385472
1320114629524291585
1320112656615952384
1320111967059623936
1320111939444301826
1320111193021947904
1320110393570873351
1320110320204042240
1320109834944061440
1320109830422540298
1320109703607746567
1320109700432670721
1320108716717412352
1320108651214942213
1319812791096705024
1319812442742902784
1319812155735076865
1319811589214621696
1319810217807278080
1319809627987431425
1319808844206379008
1319806937811255296
1319806823138983941
1319806441167925248
1319806243729514502
1319806043157921794
1319805954486161409
1319805710281117700
1319805698289635328
1319805357997383680
1319804428791152641
1319803937726279680
1319803547370713089
1319803463413366785
1319803449945608192
1319803048395460609
1319802216010649602
1319801837457989634
1319801650853367809
1319801354290892800
1319801233272500224
1319801183830216711
1319801032063569920
1319800848516481024
1319800788353503233
1319800749279379459
1319800441446813698
1319799735163719680
1319797915284635649
1319899073575591936
1319898194680139777
1319897927083491328
1319897494332071936
1319897306238537728
1319896995675291648
1319895933224734725
1319895407099547648
1319895029192617984
1319893975273144320
1319893272173682689
1319892312399450112
1319891664316604419
1319890979072184320
1319890691921674242
1319886696121446403
1319886424397746178
1319885652264128512
1319884933503111168
1319884316143460352
