1342691979042451457
1342691844115857408
1342691839392980994
1342691722103562243
1342691249443270656
1342690696550088704
1342689458387374080
1342688378152738819
1342688322016194560
1342687750839922693
1342686445962747910
1342686411313573888
1342686045955973120
1342685798349631488
1342685752250028032
1342685598663008258
1342684985845829632
1342684055867781122
1342683701222600704
1342683069656956931
1342683049335676928
1342682748436135937
1342682127775612928
1342682029524209666
1342681474605199361
1342681041895628801
1342680673216323585
1342680434765942785
1342680347306295299
1342680317199589377
1342680297557655554
1342680090887512064
1342679822829555720
1342679560798801930
1342677967571398657
1342677688352468998
1342677490507149312
1342677366829678592
1342677270150795264
1342675504139218944
1342675440524259328
1342675075477213185
1342674715521892353
1342674293621194752
1342673985754988544
1342673513841381376
1342673414717247489
1342672663341367296
1342671582662111232
1342671547421507584
1342670777850728448
1342670094892199937
1342669453889216512
1342669450538082304
1342669344317308928
1342669322431287297
1342668893274296320
1342668688898580481
1342668485244166146
1342668214472359936
1342667888537317380
1342667629702619137
1342666763733856256
1342666642057150465
1342666317363617793
1342665870716362754
1342665453097914368
1342664673888497670
1342664490135875584
1342664260350971904
1342663869114830849
1342663846922612736
1342662509480828929
1342662307965493248
1342937996451053568
1342937944408133633
1342937885146673153
1342937643668168708
1342937124602081281
1342936931575988233
1342936701673603083
1342936280418689024
1342936271493058560
1342936084993466371
1342935964604391424
1342935835998564353
1342935412650565632
1342935366995734538
1342935345566986243
1342935323207200769
1342935307189161985
1342934982612955140
1342934831206977537
1342934797002231808
1342934482295336962
1342934077654106113
1342934030325583880
1342933688913453056
1342933256648404997
1342932879899316224
1342932242973270022
1342932037125210112
1342931900806144000
1342931820183248898
1342931196607651844
1342931035147874304
1342930819246137346
1342930078343311360
1342929940031938563
1342929897224892416
1342929775787188235
1342929760666660865
1342929573198049286
1342929525894627328
1342929310177513475
1342929208356593667
1342929207001800704
1342928748195274757
1342928330153099264
1342928235735244805
1342927792510480392
1342927772990255106
1342927748084412416
1342927676412190720
1342927549958131720
1342927168687529991
1342926892731670528
1342926729107697667
1342926332791910401
1342926106576510977
1342926040117686272
1342925945729114113
1342925927064494086
1342925823909765120
1342925625959600129
1342925547270070272
1342925464248053760
1342925353711509505
1342925264389550080
1342925185511530497
1342924813044756481
1342924685303029760
1342924542948347905
1342924520450121737
1342924426443190272
1342924204597886976
1342924174193377282
1342924141859639297
1342924139879788544
1342924064323584000
1342923938331025410
1342923916495495170
1342923874913148930
1342923617064124417
1342923438176890880
1342923237022441478
1342923047305687047
1342922967358038021
1342922949897105413
1342892563284570112
1342892560591761408
1342892454564007936
1342892364336156673
1342892337500889089
1342892234820247554
1342892067098279937
1342891891822616579
1342891618987167745
1342890815530684416
1342890796958281728
1342890772635525123
1342890424063684610
1342890366383628290
1342890148267257859
1342890066084044801
1342889925998469126
1342889794754539522
1342889514637864960
1342889461433036803
1342889392239734793
1342889355149365248
1342889336807845894
1342889324279435267
1342889103419985920
1342889052832485378
1342889051028934658
1342889042065711106
1342888963556708352
1342888905503342593
1342888494184726528
1342888435586134018
1342888199354523650
1342888194094854144
1342887922333310976
1342887902330679297
1342887793366683649
1342887617176760322
1342887558989099010
1342886480226775040
1342886214613921797
1342886103855099906
1342886021403455488
1342885804134322178
1342885686848970752
1342885649578389509
1342885630716637186
1342885569609789442
1342885469512585216
1342885351199813633
1342885253287960576
1342885192504115200
1342884930041376771
1342884620287799297
1342884399684194305
1342883780638466050
1342883771587178498
1342883288885702657
1342883280568332288
1342883163266306049
1342883053161631745
1342882708557615106
1342882679994331137
1342882632808374274
1342882224027398150
1342882220533432320
1342882188233207808
1342881620559335427
1342881095117762560
1342880888833585159
1342880643924025346
1342880433382559744
1342880385806561283
1342879953289945089
1342879609428332544
1342879424484675587
1342878840515940353
1342878713348820999
1342878682189205504
1342878604322103297
1342878555198394377
1342878467243864072
1342878370598711298
1342878058492141568
1342878012921044999
1342877980842975232
1342877842128953345
1342877841784975360
1342877621986668545
1342754391074418688
1342754385173098498
1342659066330542081
1342658885799313408
1342658711131729920
1342658543435051010
1342658357270900737
1342658194212941825
1342658127578202112
1342657954730926080
1342657952507949056
1342657816188907527
1342657711062790144
1342657571648401408
1342657493110042625
1342657397144358914
1342657232236924928
1342657059247034368
1342656919648006146
1342656809161654273
1342656560540098560
1342656330666889216
1342656192666079232
1342655916806524929
1342655761114128385
1342655582441009156
1342655457329090560
1342655422805770240
1342655397262458880
1342655199790424064
1342654981640511488
1342654742833618945
1342654390675660800
1342654136177848320
1342653776742797313
1342653707708735488
1342653628885168128
1342653483699335170
1342653473582563328
1342653348483366915
1342653235660656641
1342653072212951040
1342652896081543168
1342652843140866048
1342652822106599425
1342652254046670848
1342652008172408838
1342651418294046723
1342651106866778112
1342651073253810178
1342650938037776384
1342650610215231488
1342650568343433216
1342649945178828801
1342649427983441921
1342648650485407744
1342648176671653889
1342647931942232065
1342647810177572864
1342647598012899329
1342647188204097539
1342647021241573381
1342646736704196608
1342646703619391490
1342645733535596552
1342645642905014272
1342645341410095105
1342645171444277248
1342644968867983362
1342644650344067073
1342644303487770625
1342907736531607556
1342907730147815424
1342907337489735685
1342906862044389380
1342906268890103811
1342906149461491713
1342906121393238016
1342905716902866945
1342905701266550785
1342905349141983238
1342905236676079616
1342904756705112064
1342903790211641346
1342903659999469573
1342903250702503938
1342902487100096512
1342902307818766343
1342902207155474434
1342901944533229568
1342901929761005569
1342901794054287360
1342901679046479875
1342901533386555392
1342901440772235273
1342901426469662721
1342901378138730499
1342900875115851779
1342900637604978693
1342900583485751296
1342900563453878273
1342900363775668224
1342900082102964229
1342899889898971147
1342899441779552256
1342898975670734848
1342898818300391434
1342898626591420417
1342898491350245381
1342898447301693445
1342898122616401921
1342898072767094787
1342897706897960960
1342897666062233618
1342897447224414211
1342897322607435776
1342897290227412999
1342897210837577736
1342896932461666307
1342896812949176323
1342896754421866497
1342896713829330944
1342896276489318402
1342896205861445635
1342895941800632321
1342895628247040001
1342894928691654656
1342894839709503489
1342894742141628417
1342894544954617856
1342894308337328131
1342893219915456515
1342893210377576452
1342893031435984896
1342892862413950981
1342892643819401216
1342627230648659968
1342626862195994624
1342626410947604482
1342626062690357248
1342625184709300224
1342625133538795522
1342625121878630413
1342624812640960512
1342624481429266432
1342624145587232769
1342624127144894464
1342623230004178945
1342623071119806465
1342623011975913473
1342622717607088132
1342622572828106752
1342622067124883456
1342622060401598464
1342621948027744262
1342621684810063872
1342621525481037826
1342621496523575296
1342621443872481281
1342621256470974466
1342621227916124172
1342877428994203650
1342877373209997313
1342876817863168000
1342876744634793985
1342876571472949256
1342876277326417920
1342876075530055680
1342875915462860802
1342875491288686594
1342875025884516357
1342874755683250178
1342874593707646976
1342874384642531328
1342873872631214081
1342873758512668672
1342873554573029376
1342873475392925697
1342873142662860802
1342873051218776064
1342872878748995585
1342872450019840005
1342872288673345538
1342872191277412352
1342872148742971393
1342872057055477760
1342872025602396161
1342871945201782786
1342871937232547842
1342871926453096449
1342871426550935552
1342871424025899008
1342871342945861633
1342871137856974848
1342871014917758979
1342870439652110338
1342870397289713664
1342870334727467009
1342870206729904129
1342870094628737024
1342869831318646784
1342869645754298371
1342868994437611520
1342868954331623424
1342868858907095040
1342868727583420417
1342868529813598209
1342868369318535169
1342868331381010433
1342868255304769544
1342868220081020929
1342867911153745922
1342867692664086535
1342867644320514054
1342867642592489472
1342867386865770498
1342867178794717185
1342867168875188225
1342866706558025728
1342866362419576834
1342866297294618625
1342865985615884291
1342865981601771520
1342865801842466816
1342865741570322432
1342865706392682496
1342865653552861186
1342865622695256065
1342865498887888897
1342865455065804805
1342865256859787264
1342865254062157825
1342849373835821056
1342849229295923208
1342849107593986048
1342849093404651520
1342848633121726465
1342848628306681859
1342848515081457666
1342848339243651072
1342848264517922817
1342848248390811650
1342848181458128897
1342848159417036800
1342848045256499201
1342848035588632577
1342847749172191232
1342847658797506560
1342847546889273346
1342847543332503554
1342847321156018180
1342968375488688129
1342968339480645633
1342968274296975364
1342968195976720384
1342968149495455755
1342968120533798915
1342967984097292290
1342967968997773312
1342967720837431296
1342967462644609024
1342967228543750145
1342966667882721282
1342966563255808002
1342966524320108544
1342966257235193861
1342965964497952776
1342965851885076480
1342965848680632322
1342965697668898818
1342965561265967104
1342965544555847680
1342964622706548739
1342964323094695937
1342964168492601344
1342964016545746947
1342964001114906625
1342963816368283648
1342963346111393794
1342962911715729416
1342962264647688192
1342962167486828545
1342962167302266888
1342961806101405696
1342961557802688512
1342961542245957632
1342961457873338370
1342960889306042368
1342960578071986176
1342960372169535488
1342959937123713024
1342959442795626496
1342959142659473408
1342958506056540162
1342958308898947072
1342958029776572416
1342957936079986689
1342956605013327872
1342956445671841794
1342956172874309640
1342956013507420160
1342955882615885825
1342955712113242112
1342955441190543360
1342955394134462464
1342954937089728514
1342954920874561536
1342953504206442498
1342769739517616128
1342769609506754561
1342769173940809729
1342768858806054912
1342768726232469505
1342767892471939072
1342767798070611968
1342767701090033664
1342767469170204674
1342767422416310273
1342767209127428097
1342767147928473600
1342767081373065216
1342766936652800001
1342766801277480967
1342766683933581313
1342766682788548610
1342765780849610753
1342765723047788544
1342764450785406976
1342764368887472129
1342764220883075072
1342764139832352768
1342763391375597569
1342763002173374465
1342762759394570241
1342762372247793664
1342762152541757440
1342762026356105216
1342761730087120897
1342761586629480449
1342761263936360448
1342760676914122752
1342760060750016512
1342760058787160064
1342759590543446017
1342759381989933058
1342759134073131008
1342757708248846337
1342757116243750914
1342756495012884480
1342755972100579329
1342755495258501120
1342831977922252800
1342831813887188994
1342831617811881988
1342831602410401792
1342831560500850688
1342831348818567170
1342831232439234560
1342831178349490178
1342831166131490816
1342830935411224576
1342830803504541697
1342830797854814208
1342830582590541825
1342830485043630086
1342830470355009538
1342830301370847234
1342830206143356928
1342830027319234562
1342829971685994496
1342829692437618688
1342829582626545665
1342829042165288960
1342828857540403200
1342828582293397505
1342828550924197888
1342828536097333254
1342828517332029440
1342828217514807298
1342828135004450816
1342828115123437570
1342828058068172802
1342828053718851585
1342827744460230656
1342827708116578304
1342827661324931072
1342827611978944515
1342827461780844544
1342827339131088899
1342827269849554944
1342827213935284224
1342827037959090184
1342826632680251392
1342826601185234944
1342826503420174338
1342826182321045506
1342826163933241347
1342826162599436290
1342825751440216064
1342825532325568515
1342825462465224704
1342825267937435650
1342825130339135488
1342825026215669760
1342824864407810048
1342824665912324098
1342824330544046081
1342824319525806080
1342824262411968512
1342823930898354179
1342823796294750214
1342823658977435649
1342823471798214656
1342823245872041984
1342823134680911874
1342823097699852294
1342823062220267520
1342823004921851904
1342822113170882561
1342821888251183104
1342821743984050176
1342821198741299202
1342820953064009728
1342820778937638914
1342820682514706432
1342820273062637569
1342820257677914113
1342820011245772807
1342819969143349248
1342819864822607872
1342819671913979906
1342819628771385344
1342819554658054145
1342754290977415168
1342753870443917312
1342753862457942021
1342753511444983808
1342753041146122240
1342752706277109761
1342752644901851137
1342752459660390401
1342752082105872384
1342752012530806784
1342751890321375233
1342751872810151936
1342751865210105857
1342751364351463424
1342750444154712064
1342750317847441408
1342749709144875009
1342749564818706433
1342748948122005505
1342748643992997888
1342748350387343360
1342747622805819392
1342747500051116032
1342747337026891776
1342747188053602305
1342746934361075712
1342746552880738305
1342746340057624578
1342746268284710914
1342745507786092544
1342745409911984128
1342745338361212929
1342744504483385350
1342743898561667072
1342743422424256512
1342743371186642944
1342743066227052545
1342742941241110529
1342742791844204545
1342742652161126401
1342741787186614272
1342739963255799808
1342739521859969026
1342953225406832641
1342952852189286401
1342952535485796353
1342952490841436160
1342952406879879168
1342951786701705219
1342951159120633856
1342950496009641985
1342950150600327168
1342949506854375424
1342949430874533911
1342949330660040719
1342949070701285376
1342948569615978498
1342948556714500098
1342948205424762891
1342948010200743937
1342947953053495297
1342947779216343040
1342947764846661632
1342947202990178304
1342947102155034624
1342946674260516866
1342946610217701377
1342946513811611648
1342946087691300870
1342945923853250560
1342945717736771584
1342945606860496897
1342944269431152641
1342944050891128832
1342943773370839041
1342943631838244864
1342943589320556553
1342943401243774976
1342943271140646912
1342943251343486977
1342942740972126208
1342941894964293638
1342941870435913729
1342941120561610759
1342941006480609281
1342940419949166593
1342940368380301314
1342940242194571264
1342940186502594560
1342940055543959555
1342939911029198848
1342939554941173763
1342939485114408960
1342939443620155392
1342939340436103173
1342939249897656320
1342938893541404674
1342938342384668674
1342707134832594945
1342706678857285632
1342706388829532161
1342705996511272960
1342705746547408896
1342705109504028673
1342704943673847808
1342704740128481280
1342704579633410048
1342704503410323461
1342704229463552002
1342704142834421760
1342703296256090117
1342702890591383552
1342702676455337985
1342702271088484352
1342702199000985606
1342701992892837890
1342701312228679680
1342700666293108737
1342700391398596609
1342699846692691970
1342699127126159360
1342699033081634818
1342698904865955843
1342698082354524161
1342697911344377856
1342697834303389699
1342697830805192705
1342697738480316417
1342697638001565696
1342697619009785858
1342697528156971008
1342697380894957570
1342697284249772033
1342697243757961218
1342697118885154816
1342696903843131392
1342696779519815681
1342696777192001537
1342696760741924864
1342696689002573828
1342696638888947715
1342696596719493120
1342696376824700928
1342696325771632641
1342696249405931522
1342696170993442816
1342696051359313923
1342695965904543744
1342695821117186048
1342695422868021248
1342695147553894406
1342694969757347840
1342694846000209920
1342694690160783362
1342694413198385154
1342694278766714882
1342694259045109762
1342694145173975041
1342694014806601728
1342693956451246080
1342693817800138753
1342693769712439302
1342693641312219136
1342693592536666112
1342693431827693568
1342693362516840448
1342693271890513928
1342692948752924672
1342692883795566593
1342692833321508864
1342692759141052416
1342692167257628672
1342642457385857024
1342641892224331776
1342640261520879619
1342640204734074880
1342640176120492033
1342639736763146241
1342639588813234176
1342639576834322434
1342639206594699266
1342638672462503937
1342638571698741249
1342637534971453440
1342637208432504834
1342636987505930241
1342636923811196935
1342636516451999744
1342636224482168833
1342636053878853634
1342635824878399491
1342635042921705474
1342634655846043648
1342633579369664512
1342633452122697728
1342631783502897152
1342631614413742080
1342631572042874880
1342631495165472773
1342631368157777921
1342631169968377856
1342630099762487301
1342629419257655296
1342629337154072576
1342629298398703619
1342629155754700801
1342628866507108353
1342628735602761728
1342628575523074048
1342628548104753152
1342627777036562433
1342627603027378177
1342627462602059777
1342659231837790208
1342865159140892675
1342865111959089155
1342864986092285956
1342864823432970241
1342864752809299968
1342864744538107910
1342864453868654592
1342864382091554822
1342864340601491456
1342863967706877953
1342863749515014145
1342863584628408321
1342863545394978820
1342863415602278400
1342863169929289729
1342862967109517312
1342862863442956289
1342862824830332953
1342862775199150081
1342862693712072704
1342862614930608135
1342862424727285761
1342862381366571013
1342785474335821826
1342785269599264768
1342785200451944448
1342784762029760513
1342784628348907525
1342784236445704192
1342783858119503873
1342783403146563584
1342782907547529221
1342782440839008256
1342782358525718531
1342782248316243968
1342782229689327618
1342782135334285312
1342781935702200321
1342781508604612610
1342781056097857536
1342781015400464384
1342780882223034370
1342780631898583040
1342780327249530886
1342780191198896128
1342778921218093056
1342778231448084480
1342778032965242880
1342777752991248388
1342777569146499072
1342777410673139712
1342777311419125760
1342777292972560389
1342777015049531392
1342776816789020672
1342776725575524352
1342776557971107840
1342776541571403777
1342776208153600002
1342776189862211584
1342776129149685762
1342775877151678465
1342775780850487298
1342775641259839494
1342775297389826055
1342775176749051906
1342774846816538625
1342774837186592768
1342774556621213697
1342774333077417984
1342773769098698752
1342772845726806017
1342772328783114240
1342772092245311488
1342771200007806976
1342771062216351746
1342771045481279493
1342771020701306881
1342770718866632704
1342862324194045954
1342862311522971648
1342862271136075778
1342862056861675521
1342861941417644032
1342861880138854403
1342861778980655104
1342861383579406336
1342861315904319489
1342861221838598153
1342861179169943553
1342861138837581826
1342861099188842497
1342861013419483137
1342861003718012928
1342860961703747585
1342860858368667649
1342860548392833025
1342860446303453184
1342860431459815424
1342860428725071872
1342860325473935361
1342860323494227970
1342860247497650177
1342860100453756933
1342859996019781633
1342859940356976644
1342859814666346497
1342859757732945927
1342859615495712770
1342859527767654406
1342859503172284418
1342859398532784128
1342859150108323840
1342859056470482945
1342858842493763584
1342858807261749248
1342858801188392961
1342858783861702663
1342858770095943681
1342858642094256129
1342858629188354049
1342858616899035136
1342858532425768960
1342858498070224904
1342858402943287297
1342858402293313538
1342858368398999552
1342858343333974016
1342858238648315905
1342858199146389505
1342857888730116096
1342857866743607296
1342857829741375492
1342857803308945408
1342857592327049217
1342857560618110977
1342857500849299457
1342857406229803009
1342857400190185475
1342857386034425857
1342857362730840064
1342857252215156739
1342857235664396292
1342857215330439169
1342857197294940162
1342857151358918657
1342857151224684547
1342857136594972674
1342857123177385985
1342857082530312192
1342857035206045701
1342856976481579009
1342856938749644803
1342856913919373313
1342856801847533568
1342856738039586823
1342856640085831680
1342856598906142722
1342856569420070912
1342856529888882689
1342856460565422081
1342856458132746242
1342856393116811268
1342856311915089920
1342855902924255234
1342855807159906306
1342855784124870658
1342855745394634753
1342855688016506883
1342855329059635201
1342855247065194496
1342855198247628800
1342855187233341441
1342854901337006081
1342854766955790338
1342854762899845120
1342854736748441601
1342854671678009349
1342854542573113345
1342854482250629121
1342854231968149515
1342853989646405633
1342853720393080832
1342853595390234624
1342853529967464450
1342853330738016258
1342852991196532737
1342852691396063232
1342852682189590531
1342852498055454720
1342852289137160192
1342852146514034690
1342852014313598981
1342851944679952386
1342851704795099136
1342851578978586624
1342851282571292673
1342851201487011844
1342851091436867589
1342850905629200385
1342850796107522050
1342850671419256832
1342850584605585410
1342850443555336195
1342850390606438403
1342850053724119040
1342849970899214337
1342849896123162625
1342849802959081473
1342849579549675521
1342849450985857030
1342819488551608327
1342819018823110658
1342818978952056832
1342818885788184581
1342818395646005248
1342818063469711361
1342818061250920448
1342818019249152000
1342817960541511686
1342817686259200000
1342817303482789889
1342817215998009344
1342817121982677000
1342801059736072192
1342800946225549314
1342800580062941190
1342800050217488384
1342799425886973958
1342799397453783041
1342799283334959110
1342799272761315330
1342799102678020097
1342799054988845056
1342798844350885892
1342798585805549569
1342798565719105537
1342797863831691266
1342797830512128003
1342797090481713152
1342796542361612288
1342796346814676994
1342796169781669888
1342796137384857601
1342795544234762243
1342795439624617984
1342795430745284608
1342795307478888449
1342795115312496640
1342794537018810369
1342794366113427458
1342794325672001537
1342793779019984898
1342793565928370176
1342792959834509313
1342792954776342528
1342792671237124097
1342792608842711041
1342792342894501888
1342792293640757249
1342791954929774592
1342790963698294790
1342790014258868225
1342789857194684416
1342788904957698050
1342788256375697408
1342787831152988161
1342787820184883202
1342787777231015936
1342787669479272448
1342787383889158145
1342787100102549504
1342786441865211906
1342786334776295426
1342786181868761090
1342723130410889216
1342722717380993025
1342722391659732992
1342721540228599808
1342721249416335360
1342720893433352192
1342720793717817344
1342719511699410946
1342718889927585792
1342718684779970561
1342718651498196992
1342718238656966656
1342718176036065280
1342717771088445440
1342717614808846336
1342717119138447361
1342717008836612096
1342716784147722241
1342716697254359041
1342716218277556224
1342715901251088390
1342715532756172803
1342715461834825730
1342715310777004032
1342715141666824192
1342714755446878209
1342714647871307778
1342714270396510209
1342714244480045057
1342714153467867137
1342714064716369921
1342713941005389824
1342713776194244614
1342713733332799489
1342713640126836736
1342712947785797632
1342711666803355648
1342711557738745859
1342710424752562177
1342709407172317185
1342709260678008833
1342709252746579968
1342739102467321856
1342738756353351680
1342738662744879104
1342738443999260673
1342737475777818624
1342737403304321025
1342737038592753664
1342736888990494720
1342735903513427968
1342735348338667525
1342735294462889984
1342735271733956610
1342735252205301761
1342735230977912832
1342735228419387392
1342735203115167744
1342735179811581953
1342735153181954048
1342735112304254976
1342732189730004992
1342731819951792133
1342731606705004546
1342731604947566592
1342730515728707584
1342730373684318210
1342729818903875585
1342729767100035073
1342729152210857985
1342726844542578689
1342726580057956357
1342724513859977216
1342724219453407239
1342847094583922689
1342846896088489984
1342846723564179458
1342846715242684416
1342846704073244673
1342846578042802179
1342846572804059138
1342846564050620416
1342846437055483906
1342846432076771329
1342846378784002050
1342846341282746368
1342846311742238730
1342846221958995968
1342846191365722119
1342846103838994433
1342846091784384512
1342846066161569795
1342846040026865664
1342845870178512898
1342845794458722304
1342845665290936322
1342845662803722240
1342845600149205000
1342845578208833537
1342845499808899074
1342845327217487872
1342845309400084480
1342844972459061248
1342844931774312450
1342844819375325184
1342844564655247360
1342844562033811456
1342844435860779008
1342844406408347650
1342844365358698496
1342844100324831233
1342843862096564224
1342843749399896066
1342843705456259078
1342843542541127681
1342843316711415810
1342843160611971072
1342842813906563074
1342842739763904514
1342842578459357184
1342842491440148483
1342842263144173570
1342842146194337793
1342841937716518913
1342841851515199490
1342841848881176579
1342841775929630723
1342841621113671682
1342841343538851840
1342841258243457024
1342841159392096258
1342840599435767809
1342840517030195200
1342840431210614787
1342840419386875905
1342840177484587009
1342840131003277312
1342839986773753858
1342839910752014337
1342839665288769541
1342839625258295296
1342839576960778242
1342839143387295744
1342839135728504832
1342838588598349829
1342838500274679808
1342838348575105025
1342837754816843777
1342837505163468801
1342837413085925377
1342837188287987712
1342837179161206784
1342837053483081732
1342836963817058304
1342836781885124609
1342836601274183683
1342836511675441156
1342836410156523525
1342835928608485384
1342835351337971713
1342835343733698561
1342835316600631296
1342835315355090945
1342834835644100608
1342834792442826753
1342834743692423168
1342834655792398336
1342834188618264577
1342833869708472321
1342833782517329922
1342833759826161665
1342833677709938688
1342833675159957505
1342833654767226887
1342833647255076864
1342833505953312768
1342833468351410177
1342833355147120640
1342833172279664640
1342832899670896642
1342832658456465408
1342832230536773634
1342922877759328258
1342922811053121536
1342922720250654721
1342922631285248001
1342922483993870337
1342922464058195968
1342922418613084163
1342922314883727360
1342922249876234242
1342921785151524864
1342921428837027848
1342921276801888256
1342920700823277570
1342920644783173633
1342920452923076608
1342920332450021376
1342920199889149953
1342920123779317762
1342919911170039814
1342919866068721666
1342919605610815488
1342919317399207937
1342918913097662465
1342918657303863297
1342918414902423556
1342918168172486656
1342918152519208960
1342918101600526340
1342917812499714049
1342917720342466565
1342917146481991681
1342917094292279296
1342916603990700035
1342916553772306435
1342916239086252035
1342916148858400777
1342915981941874691
1342915943597535232
1342915893995646976
1342915812529557504
1342915629955903488
1342914688150089730
1342914406309654530
1342913763167662083
1342913744758837248
1342913571194286083
1342913297872527361
1342913232017776643
1342912956670083072
1342912812121812998
1342912744052432899
1342912723705856000
1342912666159996928
1342912349091540992
1342912320645853188
1342912165418848257
1342911918022008836
1342911625720811520
1342911443742695425
1342911143447322625
1342910962874126338
1342910901884571648
1342910217881845760
1342910058619920387
1342909706801717248
1342909415389847552
1342909412885876736
1342909077580632067
1342908935410307072
1342908916007628800
1342908854959403009
1342908630010654720
1342908448883793921
1342908371746349057
1342983507489001474
1342983423393148928
1342983032400191488
1342982543306616833
1342982383763652614
1342982227760717829
1342981792026996736
1342981722300960768
1342981350102618113
1342980943808757761
1342980813693087744
1342980705626837004
1342980658021478405
1342980430606299142
1342980362650185728
1342979975616450561
1342979910357446659
1342979114958008323
1342979037082357763
1342978842844135424
1342978656906440706
1342978585515196418
1342978460663349248
1342978427020836865
1342978272053878788
1342978116449431557
1342977737821044736
1342977641004068868
1342977470585311233
1342977187624984576
1342977187234918400
1342976961258389505
1342976878513188869
1342976709419819009
1342976686221103106
1342976454275944448
1342976218698756098
1342976140584001537
1342976132858056704
1342976092307644416
1342976040910503936
1342975754775097344
1342975698617716737
1342975146286526465
1342975124488773634
1342974988228374533
1342974858406342656
1342974706668941318
1342974509884846086
1342973950255575047
1342973751508557824
1342973575788163072
1342973374147014657
1342973332333813760
1342973053278543874
1342973053106589698
1342972033286680595
1342971434935726086
1342971341331439622
1342971107465437193
1342971096929357824
1342970949486981122
1342970926053416962
1342970380521238528
1342970378587521024
1342970367044947969
1342970266587168768
1342970074001416192
1342970016505982986
1342969535784235008
1342969298122248193
1342969263582285827
1342969109688946688
1342969068630978560
1342968434989023234
1342816365468475392
1342816348917751813
1342816275844632576
1342816079203209216
1342815959317360641
1342815899313709056
1342815614830841858
1342815564213997568
1342815267903197188
1342815210113957888
1342815036545396737
1342814619170197507
1342814548026392579
1342814523238060034
1342814509958836226
1342814078201442304
1342813830695555072
1342813348392542215
1342813239206432774
1342813138647973889
1342813069551038464
1342813053704937473
1342812972356407296
1342812858254569478
1342812738830135296
1342812647180423168
1342812632923975680
1342812614829760512
1342812457509613568
1342812374911377408
1342812255449133056
1342812081993744384
1342812032492576768
1342811853139931136
1342811646113275904
1342811549765931008
1342811373487742979
1342811221213503489
1342811032801181697
1342809949412405249
1342809638002167808
1342809076242247683
1342808827721375745
1342808513303744512
1342808473159913476
1342808098914902018
1342807312403226625
1342806685317017600
1342805951435468801
1342805912474570753
1342805740419891200
1342805188034367489
1342804913143894016
1342804747527532549
1342804119703183360
1342803636213182464
1342803589505413122
1342803559272738816
1342803482454216705
1342802833918337024
1342802702502260736
1342802515029454851
1342802213639512064
1342801952615378944
1342801946273452032
1342801789159141378
1342801746146578432
1342801591464706056
1342801440385982464
1342801348224557056
