1304854121586012167
1304854115848126465
1304853904807657472
1304852211437047811
1304852207519453184
1304851993052229632
1304851877226520576
1304851443829088266
1304850526237061123
1304850111512678407
1304849760147263489
1304848710996688897
1304848597985431554
1304848313410297857
1304847885784223744
1304847781887127553
1304847508334694405
1304845430857936896
1304845093694853125
1304844275864145920
1304844207035691013
1304843992157347841
1304843495199436801
1304843483786641409
1304843210838212608
1304843190000848896
1304842161767079938
1304841504276361217
1304840880164020231
1304840834072838144
1304840662593015810
1304840167589638146
1304916656892903426
1304916599196061697
1304915589937246208
1304914955259580416
1304914825412304896
1304914822253903872
1304914810203705346
1304914590027968514
1304914483496792065
1304914356082180101
1304913823481044992
1304912971601244161
1304911094100746241
1304910320528285696
1304909357180690432
1304909106428489729
1304908922432581632
1304908395154210817
1304908198348906496
1304907331440963587
1304905732823953409
1304905567647879169
1304905457916616704
1304905225061441537
1304905081800847360
1304905074901221377
1304904768452726784
1304904754729029633
1304904343682822144
1304902517227245569
1304902395458187264
1304901757668122624
1304574744445026305
1304573340649226244
1304572568859545603
1304572348092297219
1304901536313729024
1304900949257977857
1304899682234183680
1304899429644861440
1304899258995355648
1304898239997579264
1304897950292860929
1304897768427839488
1304897680955576322
1304897480941764608
1304897191224455174
1304896960772538368
1304896960491446272
1304896959996506112
1304896959895891968
1304896547788906501
1304894742006767627
1304894602290356224
1304893955696361472
1304893066441109504
1304890968659775488
1304890572667318272
1304888709125414917
1304761066166026241
1304760505811173376
1304760307416399872
1304759737255223298
1304759086584664064
1304758871748206592
1304758111794724865
1304757625880539136
1304757456959139841
1304756991760498688
1304755883252035588
1304755732131307521
1304755083788398592
1304754671853207553
1304754626479222784
1304752716657446913
1304752577922453504
1304752427506204672
1304751773966577667
1304751548736692224
1304751158406402048
1304750012581261312
1304749806221484032
1304748075592953856
1304748065375612929
1304747187528708097
1304746855587368961
1304746588066197504
1304730380747051008
1304728571563266048
1304728232026087425
1304727105952002048
1304724503319048192
1304724294266695682
1304720395866705921
1304720277188669440
1304719507601063936
1304719246463700992
1304718964350545920
1304718727821160448
1304717494171598854
1304717487297028097
1304717282795347969
1304717016549343232
1304716659635007488
1304716330310881281
1304715929088008192
1304715529664344064
1304807866386317312
1304807809633091586
1304807535103242240
1304807242735038464
1304807114494406657
1304806333284220929
1304805834128588801
1304805528099598336
1304804382228258818
1304803951351672832
1304803144984154112
1304802710714290176
1304802655793893376
1304801653586046976
1304801316221399040
1304799541435170818
1304799225738297348
1304799128082407424
1304798026049949697
1304795299119009799
1304795055237074944
1304794762919247874
1304793683733155842
1304792980545515520
1304792918419480577
1304590178426605569
1304589884288626689
1304589672727756800
1304589442078957570
1304589332691300352
1304588383998672896
1304588323600478208
1304586784421163017
1304586091295641602
1304585630794625024
1304582992749301760
1304582738704560128
1304582730663915520
1304582579543314434
1304582493350383616
1304582323036356608
1304582024238370816
1304581948409548802
1304581614769504258
1304580201205166081
1304580155743105025
1304579969713086471
1304579598487891968
1304577468733566978
1304577123647135744
1304577026834259974
1304576990771662848
1304576650949152768
1304575613945118720
1304869478786838530
1304868520828833796
1304867723789377542
1304867148121153537
1304866690409418758
1304866562843836418
1304866392508895233
1304866108399329282
1304866094084239366
1304864267359969283
1304864006780448776
1304862677601325058
1304861716598198275
1304860735583875072
1304860164768641027
1304859116767240192
1304858206368223232
1304857595673546755
1304683243896270848
1304680603326074880
1304680428335509504
1304680233103175682
1304677689916297216
1304677182388797447
1304676579012784129
1304676464177094661
1304676347785216003
1304676091974635520
1304675801225330689
1304675518277615617
1304674653999443968
1304674623397666817
1304674574152294400
1304674334477148160
1304673250669195264
1304672132463341568
1304669889567752192
1304669264415252482
1304669137562554368
1304668704572022784
1304668662863933442
1304776858823610369
1304776811520438273
1304776577214033920
1304776538823376898
1304776133255331842
1304775715896860673
1304775120771256320
1304774813580394496
1304774728385658880
1304772729816702976
1304772470776500226
1304771745279246337
1304771530606481408
1304770349918191617
1304770303239827460
1304768838769278978
1304768508543283201
1304768314695065600
1304767678293438465
1304767524131794944
1304766377887182851
1304766249528942593
1304766082717224960
1304765914181701633
1304765418020708355
1304765310357045249
1304765284352491526
1304765111249309698
1304763866937786368
1304763355488555008
1304762964805914625
1304762805606928384
1304621269149769728
1304620636741009408
1304620442901245952
1304619710068207616
1304616197460197376
1304614490999193601
1304614402205851648
1304612297155936257
1304611147522416640
1304609919392460802
1304609797157785602
1304608218828611584
1304607870298853377
1304607138396827648
1304792074638761984
1304791952429387776
1304791864353132545
1304791660539400193
1304791368074768384
1304789705721098244
1304789507372441600
1304789426640433152
1304788762837356544
1304787641016213504
1304787082645299201
1304786983365951488
1304786762938671110
1304786545082163200
1304786463389896704
1304786307844124672
1304786164893638656
1304785766170664960
1304785590093668353
1304785248832688128
1304785135355658246
1304785021937553411
1304784749114789891
1304784700330971136
1304784258037428226
1304783711590780928
1304783642242080775
1304783222967021570
1304782979600986118
1304782938907705345
1304782833303642122
1304782807936442370
1304782709374373889
1304782538548805632
1304782006799147010
1304780862647603200
1304780524007944193
1304780398275096577
1304780227026063363
1304779570361413637
1304778838703046657
1304778751423717376
1304777506394902528
1304777398903336967
1304884618110349312
1304883733502332930
1304883378341253127
1304883295923187712
1304882996043026433
1304882966972305409
1304882866187366401
1304882688457871363
1304881351645069312
1304880080565411842
1304879569686593536
1304879566477983753
1304877467111485440
1304876944522203138
1304875867835858945
1304874943881113600
1304874299627655169
1304873328209997824
1304873104041279490
1304872804026855424
1304871778389458947
1304871672613343233
1304871505784967168
1304871191933587457
1304870172755361793
1304839008971886592
1304837354893447168
1304836145835110401
1304836055473025029
1304835714727792648
1304832171392282631
1304831898934562817
1304831804915019776
1304831722748612616
1304831599872282624
1304831554124996609
1304831210326089728
1304831188788416512
1304830960702296064
1304830621865390080
1304830299575128066
1304830284358209538
1304828517285326856
1304827803704143872
1304827751074070535
1304827574221262849
1304826740360052736
1304825960739614721
1304825085975392256
1304824377020690432
1304823419280584704
1304822576489934850
1304822449066958849
1304821705089703942
1304820762507964416
1304819459807481858
1304818327018143744
1304817811399770112
1304817268652638209
1304817121587855360
1304816946022670336
1304816823754526722
1304815243357548544
1304814501779378176
1304814072970518529
1304813430780567553
1304811847758082048
1304810921357766657
1304810673185136641
1304810152722300930
1304809592254324737
1304809289295552517
1304809247151185920
1304808839984885765
1304808524887724035
1304808436497080323
1304667902788788229
1304667749629734912
1304667520465600514
1304667328727134208
1304666170348507136
1304665604977123333
1304665237577175061
1304663772674404352
1304662719015120897
1304660420859326465
1304659577376575488
1304658871353372672
1304657763126173697
1304657372909113345
1304656950018228224
1304656766031089664
1304655555156299778
1304653617584955393
1304745839718359046
1304745713528639490
1304744266208550912
1304744198940381184
1304743750032396288
1304743111470592001
1304743066809630722
1304741057276645378
1304741003224666113
1304740593566912513
1304740316621217794
1304740230168080387
1304739198537273344
1304738394539462657
1304738290042630144
1304737822935408640
1304737468575485952
1304737240313032704
1304735548133781505
1304735233275760640
1304735087720894464
1304733653092765696
1304732456063586305
1304714562625703936
1304714138489241602
1304713180476833792
1304711968188760064
1304711190430363648
1304711015670706177
1304711006363541505
1304710839719604225
1304710692532965379
1304710626019872768
1304710275602419719
1304709981510434820
1304709774135631877
1304709580899966981
1304709254402588679
1304709017764327424
1304708711156387840
1304707500046864384
1304707461950173186
1304707108160503808
1304705777823744000
1304702159468916736
1304701434978598912
1304700148572925952
1304605810455007232
1304605452328554498
1304604327521275906
1304603415478243328
1304602976649187328
1304602521009233920
1304601349343055872
1304600493327556609
1304600351354400768
1304600313676980224
1304599131353161732
1304599030719279105
1304598937085435904
1304598935562936321
1304598619513745408
1304597535399518210
1304597519213555713
1304597163545034752
1304595050832080897
1304594940140433408
1304593462814273537
1304592882813276160
1304592633654722560
1304592356822319104
1304591910166818816
1304591793162391553
1304591077286899712
1304699290753794048
1304698882719277057
1304698458838884352
1304698413619884035
1304698354216005633
1304697424376672256
1304697225977749505
1304696604213964802
1304696405634822150
1304695982152613888
1304694723865489408
1304693800133165057
1304693792172249088
1304693558440460288
1304691679488806912
1304691215653273603
1304691008299577344
1304690906952589312
1304690901139234818
1304690662609235969
1304690174094462977
1304689281080983552
1304688877236613120
1304686926356598788
1304686324587229184
1304685941781487616
1304684916794208257
1304652176279691264
1304650918088957952
1304650017530142720
1304648568586874881
1304648423958704128
1304647918163570688
1304646712267399168
1304646417261056002
1304646028398702596
1304645475627196416
1304645207678304256
1304644690957004801
1304644640075849728
1304644627119484929
1304644120309161991
1304643430480375808
1304642600985452545
1304641858967089157
1304641746781966336
1304641598509051904
1304641565491683328
1304640268763713536
1304639263770697734
1304638025918492672
1304932200455041024
1304931790956752898
1304930817311993856
1304930690044252166
1304926128566665216
1304925341027360769
1304923756670967808
1304923657542733824
1304922946415153152
1304922629778952194
1304921494988812289
1304920646447554560
1304920201050206208
1304919696152629249
1304918158516588544
1304917732136189952
1304917142387781634
1304636742968975360
1304635743705403392
1304635192750080000
1304635046557437953
1304633897158877184
1304629310951620608
1304627198263877635
1304626746059259905
1304625492360933376
1304624955208810496
1304624066398007299
1304623956108824576
1304623100147961856
1304622897999224834
1304622419085328384
