1317024349615017985
1317024207532851202
1317024078222557184
1317024070282760192
1317023881648103424
1317023850685734912
1317023460900675584
1317023285054443520
1317023274874949633
1317022796229345281
1317022606860652545
1317022485225766913
1317022469560086528
1317022261438722048
1317022210800951297
1317022181843415040
1317021918835449856
1317021585178492928
1317021449052454912
1317021202242744320
1317021042955739138
1317020954338484225
1317020872675332096
1317020754551181312
1317020479031529472
1317020370294181888
1317020361653948419
1317020295358709760
1317019950951911425
1317019857666281472
1317019799143260160
1317019647649173507
1317019549569589248
1317019473883271170
1317019296774672386
1317019210594267136
1317019200087609344
1317019099847942144
1317018833404743682
1317018707294650369
1317018546187227136
1317018521176559616
1317018464704487424
1317018332432945153
1317018178590023682
1317017881612255233
1317017551210237953
1317017546885943296
1317017544335777792
1317017424521211904
1317017277397651456
1317017187559800836
1317017180404408320
1317017000758083584
1317016880201203712
1317016867161210881
1317016211218141184
1317015992682369024
1317015954925158401
1317015894724325382
1317015885769547777
1317015863053021185
1317015779401994245
1317015743603613696
1317015604801556482
1317015557393219584
1317015524526743553
1317015481094721538
1317015389184950272
1317015170451988480
1317015155369271296
1317015054034833410
1317015018521698304
1317014580770504704
1317014515683364864
1317014446829699072
1317014413136830464
1317014265992237056
1317014119925583872
1317014114821132289
1317013613111091201
1317013604034633729
1317013589660663809
1317013494139682816
1317013091696234496
1317012976260370434
1317012957981777920
1317012716922556417
1317012589268828160
1317012494301396992
1317012459727835136
1317012308477050880
1317012257474289666
1317012237995921410
1317012210040885249
1317012062535634944
1317012032944746497
1317012024593874944
1317011693600464898
1317011659097927680
1317011420215709697
1317011306499682304
1317011281719758848
1317011245543886849
1317010961719529474
1317010862763376640
1317010825589108736
1317010655044460544
1317010501809876992
1317010458230943744
1317010373686534144
1317010219545788418
1317010139929595904
1317010058706903040
1317010037299159040
1317010003727798279
1317010003023331328
1317009543642017792
1317009449228402691
1317009401891360769
1317009311244177408
1317009298371772417
1317192711674433537
1317192538164498434
1317192438579122179
1317192064371691521
1317191646187032576
1317191255970009090
1317189931341664258
1317189926543306752
1317189538008031234
1317189493800292352
1317189415551291395
1317189380541329408
1317189283833327617
1317189135841566721
1317188699139039232
1317188457387601920
1317188421014622208
1317188285719085059
1317188165199867905
1317187951613349889
1317187901520777216
1317187575514165249
1317186903687503875
1317186879649763328
1317186521011638272
1317186426275069953
1317186193944203266
1317185545026625537
1317185400860016640
1317185166578798592
1317185150623666178
1317184726701010946
1317184635789598720
1317184545398181894
1317184334114291712
1317183915354918912
1317183906949615622
1317183851874144257
1317183639529152512
1317183129979809797
1317182942381330432
1317182644686327808
1317182595025850374
1317182184701128704
1317181848594780160
1317181682676621317
1317181202571341830
1317180742959497217
1317180200728350721
1317179559700320258
1317179196163149824
1317179123727519747
1317178729328619522
1317177927918866433
1317253740806615040
1317253581876170761
1317253310743683072
1317253110754992129
1317252939073937408
1317252657195646976
1317252649121624064
1317252315426951168
1317252303439757318
1317252278810718209
1317252261417013249
1317252168320253952
1317251974799261696
1317251042514472960
1317250781964283905
1317250616947691521
1317250566368731136
1317250444113137664
1317250357056163840
1317250250323628033
1317250122829295618
1317249976662216706
1317249896639045633
1317249765319454720
1317249279220764672
1317249059611029504
1317248546689765381
1317248400010608640
1317248341844152320
1317248338937380865
1317248165331013632
1317248061299695617
1317247875584327681
1317247572185174016
1317247342689591297
1317246952325574658
1317246722414870530
1317246701976064005
1317245635213643776
1317245569971224577
1317245236909903873
1317245233583824899
1317245219323203586
1317245171231346690
1317244655537455104
1317244542240817153
1317244457146847233
1317241620761350144
1317240553403240449
1317240353725046789
1317239948416851970
1317239585332731904
1317239493582221312
1317238813031280640
1317238734824366081
1316932658543366144
1316932350681505793
1316932291856355330
1316932076105535489
1316931876368584704
1316931457823236097
1316931338172309507
1316931101546381312
1316931016758538240
1316930894037385218
1316930641200582656
1316930403660431363
1316929589281759233
1316929569132367885
1316929565298667521
1316928718787518465
1316928264397606914
1316927971794554883
1316927817754513408
1316927250240098306
1316927198817931272
1316927123798589440
1316926820873347072
1316926665742864385
1316926648961335333
1316926559920492544
1316926495936385024
1316926439002963976
1316926337324666880
1316925997405642753
1316925953419902980
1316925494219124746
1316924835344371712
1316923621026254850
1316923556916330500
1316923436468477953
1316923162056065027
1316922280195297280
1316922121243811840
1316921626018123777
1316921463912435712
1316921338251141125
1316921018829733888
1316920237745491974
1316919920362508288
1316919846018404353
1316919746164555780
1316919639893487617
1316919384703717378
1316918816069328896
1316918289306734594
1316918285724680199
1316918171459309569
1316918111585685504
1316917818076598274
1316917708412325890
1316917645040635905
1316978517679263744
1316978000999624704
1316977194300825600
1316977071931916288
1316977052256448513
1316976869447786496
1316975833597313024
1316975748280877058
1316975137976164352
1316974762497814528
1316974355201523712
1316974086896103424
1316973905928663040
1316973823577759744
1316973764207403008
1316973757592895488
1316973550889291776
1316973393930059776
1316973377438031873
1316973281728147461
1316972625193766913
1316972603165257728
1316972535255306241
1316971996635430914
1316971557269442560
1316971063973216256
1316970942493564930
1316970500925652993
1316970323124826113
1316970260084461568
1316970259832856576
1316970209291501568
1316970060351705088
1316970027757830144
1316969988520136705
1316969818818564099
1316969803131854849
1316969724425764866
1316969649884549127
1316969396863205378
1316969202142642178
1316969161051017216
1316969083355713536
1316968949465206791
1316968914451075074
1316968763351310336
1316968701959262211
1316968628454084608
1316968501316362247
1316968333057601536
1316968248244637699
1316968122801360896
1316967978747953155
1316967734727614464
1316967668868665346
1316967593924767747
1316967467093266433
1316967195012980736
1316967166588182528
1316967017505820672
1316967013940604928
1316966820948094976
1316966819530506240
1316966780640940034
1316966554819592194
1316966397638004736
1316966363374735361
1316966248933171200
1316966232130785281
1316966153823059968
1316966127642267648
1316965923618721793
1316965887753265153
1316965775719223297
1316965577915834369
1316965216010358786
1316965166261669888
1316965153422909441
1316965142995832832
1316965038205341697
1316964998791520263
1316964882907017221
1316964814334328832
1316964791487967232
1316964694477971456
1316964538651127808
1316964536168099842
1316964416391446528
1316964331058270208
1316964054578102272
1316963947371745280
1317069935089045504
1317069889606176768
1317069885537722370
1317069862460588033
1317069828113485826
1317069816805662722
1317069734332989441
1317069627436920832
1317069492732727297
1317069430266867715
1317069179065860096
1317069089274175490
1317069025223036928
1317069012962979842
1317069009972506625
1317068801028935680
1317068773699059712
1317068763896848384
1317068728224415745
1317068690408394753
1317068578621812736
1317068511131303937
1317068459944103941
1317068371146440704
1317068335264092162
1317068311960670210
1317068281170128904
1317068249511514113
1317068213293846529
1317068104619429890
1317068083228442624
1317068079478710273
1317067876428369921
1317067789543350273
1317067785642659840
1317067729547964417
1317067726716727301
1317067680969596928
1317067657359855616
1317067588111724545
1317067584320139264
1317067537243426816
1317067456662351873
1317067443701952515
1317067355638231040
1317067302244962304
1317067302009892864
1317067135856922625
1317067121759637504
1317067032341467140
1317066923297964032
1317066830687731713
1317066813461680128
1317066800803229698
1317066795111546880
1317066779374587905
1317066725440036866
1317066721338032130
1317066704153968640
1317066644376719360
1317066553679093761
1317066551762296834
1317066379841908736
1317066372350767104
1317066368747937792
1317066333893332995
1317066205430243328
1317066205342191616
1317066064673591296
1317065934973042688
1317065912407740416
1317065892367400960
1317065886491156482
1317065825279528960
1317065673240154119
1317065495795957761
1317065459192061955
1317065410823507971
1317065410810908672
1317065215478030342
1317064944135843841
1317064808542425089
1317064773683400705
1317064681077510150
1317064677868761088
1317064666560987141
1317064608906006528
1317064538316038144
1317064428202885120
1317064397517369345
1317064350994112512
1317064249399652354
1317064034013880320
1317063985187811329
1317063931152695296
1317063924957720576
1317063836902588416
1317063689485180935
1317063635848491009
1317063610179440641
1317063434748547073
1317063386467794945
1317063377156337665
1317063323175784454
1317063265881522176
1317063100554567680
1317063090735706113
1317063044023898112
1317062928307290114
1317062397836873729
1317062370519248896
1317062305218236416
1317062113358012416
1317062112670220288
1317062024812220418
1317061984248999937
1317061839679672321
1317061772700942337
1317061481167507456
1317061386191646720
1317061342570942464
1317061258701656072
1317061229349904386
1317061189143322624
1317061117382885376
1317060862096539648
1317060718034812930
1317060699949047808
1317060585654157312
1317060448320094209
1317060224382099460
1317060113899769858
1317059934211743744
1317059666002718722
1317059656003375106
1317059629889835010
1317059304969699328
1317059230113927169
1317059229753266176
1317059151386845184
1317058874583678976
1317058597684084736
1317058325406679040
1317058320000151552
1317058224630255617
1317058020023668736
1317057894513213441
1317057852624830464
1317057640812478465
1317057134538985472
1317057068453474304
1317057056914968578
1317056872696991745
1317056744045088769
1317056419418402816
1317056416641961986
1317056361361035265
1317056355744841728
1317056065268305920
1317055705673830400
1317055574014558208
1317055491420422146
1317055489654607873
1317055414652063744
1317055246124933122
1317055243637706753
1317055241024667650
1317055236750671872
1317055192345550848
1317055068261261313
1317054671371096065
1317054501422047233
1317054449794338825
1317054199260131328
1317054183594467328
1317054132067258369
1317054119065038849
1317054097120497664
1317054059724025856
1317053926768869377
1317053888705499168
1317053878060388352
1317053848507252738
1317053742160674821
1317053732820058112
1317053634027323394
1317053569992937473
1317053458080477190
1317053425876672513
1317053361196249088
1317053330925981697
1317053239330680835
1317053057155424258
1317052917044695040
1317052828792328192
1317052804066873344
1317052793740496896
1317052727042674689
1317052438663266304
1317052362750656514
1317052086052442113
1317051944033263616
1317051477010075648
1317051328938508290
1317050974821847041
1317050928651001858
1317050927749222400
1317050925802979328
1317050724333879299
1317050645724225538
1317050477498957826
1317050250213924864
1317050217628401665
1317050074455805954
1317049889038192640
1317049816623579137
1317049667767631872
1317049622406234112
1317049561496670210
1317049327328649216
1317049259569475584
1317049105894486017
1317049097073889281
1317049035434459136
1317048966056415232
1317048935547101184
1317048680856375297
1317048538258432000
1317048485280141312
1317048363192287233
1317048186268155904
1317048117435506688
1317048011315421186
1317047944441335808
1317047598042185729
1317047400129875969
1317047256915259394
1317047250359648257
1317047240104562688
1317047053399314432
1317047051339825153
1317046999473135618
1317046944288575490
1317046886625325058
1317046815963942913
1317046787107180544
1317046724024766464
1317046676897599488
1317046600125059072
1317046432881348609
1317046383992594432
1317046368578510848
1317046353726300160
1317046111417389056
1317045924447870976
1317045689654906881
1317045682453229568
1317045595434090496
1317045562601099264
1317045546364829696
1317045539783979009
1317045348335050753
1317045338105024515
1317045047078998016
1317044997942874112
1317044988140769280
1317044978720407554
1317044901188689921
1317044765242908672
1317044746829893634
1317044623471239169
1317044403433664513
1317044362602291203
1317044110495186945
1317044001980153863
1317044000667348992
1317043952302907394
1317043823692873729
1317043746098286597
1317043721519726595
1317043715391823872
1317043667392147457
1317043558696820736
1317043400177311744
1317043338705575941
1317043228328251392
1317042858013134848
1317042818209189889
1317042767873409025
1317042553628315648
1317042550973304832
1317042495113646081
1317042179102081024
1317042168008237056
1317042090807787521
1317042055965741057
1317041590368669698
1317041588040814592
1317041405206974465
1317041390912753665
1317041335925428226
1317041190252969984
1317040944315834371
1317040868264652800
1317040813952667649
1317040790930116608
1317040742339104768
1317040658016800768
1317040542140801024
1317040342840102913
1317039978476699648
1317039968884297728
1317039958155268097
1317039933148770306
1317039657541132288
1317039646887546880
1317207871919165454
1317207759688007680
1317207266399973376
1317207058597466113
1317207046169780229
1317206757312167938
1317206456073150464
1317206436175351809
1317206178577981445
1317206144025124864
1317206119954157574
1317205958280531970
1317205919407738880
1317205784946769920
1317205625915539458
1317205588976168961
1317205515169124353
1317205455215742977
1317205170040786946
1317205032949919744
1317205026780172288
1317204988205142017
1317204941618913280
1317204796533714944
1317204423391805441
1317204393717092352
1317204384153890816
1317204332173873152
1317204134030942209
1317204131895889920
1317204090552713216
1317204018117201921
1317203812701118465
1317203712088166401
1317203639472214018
1317203635646943232
1317203413306953729
1317203308805750786
1317203008451731458
1317202765542817794
1317202485338083330
1317202391066959873
1317202374813995011
1317202276843425800
1317202253573402625
1317202205452259331
1317201380298412033
1317201135581712386
1317201099447730176
1317201090304233474
1317201035857809408
1317200646010032132
1317200563524829184
1317200346905604096
1317199912275238912
1317199831836758016
1317199820885512193
1317199787670663169
1317199739826311168
1317199535349878788
1317199450201329665
1317199396971278336
1317199069996027912
1317198925107953666
1317198576129241088
1317197552274624523
1317197499183091713
1317197296925315074
1317197192948555777
1317195998481981440
1317195953187606528
1317195737260716032
1317195708362096640
1317195646684770304
1317195547023990784
1317195219977314306
1317194823007412225
1317194791516479489
1317194522108059648
1317194401127555074
1317194280100790273
1317193882388602880
1317193704776650753
1317193598220357632
1317193509154279424
1317192934345732096
1317192911994331136
1317039513311563779
1317039387209846784
1317039380272472064
1317039343949828096
1317039269408608257
1317039167642214403
1317039012654309376
1317038951585189888
1317038839546941440
1317038787789312001
1317038742142619656
1317038634277679104
1317038595216199681
1317038594712743936
1317038269218029568
1317038247248277510
1317038234375983104
1317038213781966848
1317037874789928967
1317037807546806272
1317037742874820610
1317037669449453569
1317037441157681154
1317037330209845248
1317037326686691328
1317037272777318400
1317037214182838278
1317037097887334400
1317037063737241604
1317037055566925825
1317037007441448960
1317036985039675392
1317036889988268034
1317036886972682240
1317036808291614724
1317036726284595200
1317036685230747650
1317036660148883456
1317036586727559170
1317036541122928640
1317036446302277632
1317036285165436928
1317036232451543040
1317036208023883776
1317036200788709376
1317036193595465729
1317036100737765377
1317036004147105792
1317035996031160320
1317035887218352129
1317035865760301056
1317035863428132865
1317035845828923392
1317035752325304320
1317035668804145153
1317035660608372737
1317035372233318400
1317035254293692417
1317035247339511811
1317035160114782211
1317035106368933888
1317034191788310529
1317034176466604032
1317034144149495809
1317034029766610945
1317033940671057924
1317033703965679616
1317033641919340547
1317033372594638853
1317033356178149379
1317033336347480065
1317033316105678849
1317033240876654592
1317033202339483648
1317033126934302720
1317033113835495424
1317033030767226885
1317032937611796481
1317032801426956289
1317032757986357248
1317032573030354945
1317032448740499456
1317032441589227525
1317032429706727425
1317032283682078721
1317032262161006592
1317032204682264577
1317032065725046784
1317031979439849472
1317031863895101440
1317031841178689537
1317031808236736512
1317031597418446848
1317031523388895232
1317031305327087619
1317031303351574531
1317031301787062274
1317031167758159872
1317031114490392576
1317031055015223298
1317030828996702208
1317030802526523392
1317030784759377920
1317030517603270657
1317030464570478593
1317030368835489793
1317030338292412416
1317030312556269568
1317030302850703363
1317030182105026561
1317030140019441664
1317029771876978688
1317029768768999424
1317029731926265856
1317029631405457408
1317029615366438912
1317029483359199232
1317029285794881536
1317029156039917569
1317029051656294401
1317029040524562432
1317029021201432577
1317028872060325888
1317028837050515457
1317028820512395265
1317028680758140930
1317028641524584450
1317028633769349122
1317028218671681537
1317028088954355712
1317028025440100352
1317027989721292801
1317027907190009857
1317027858896818177
1317027468679798784
1317027186570940416
1317027170527621120
1317026598030397440
1317026518900502528
1317026484599640064
1317026484041768960
1317026267951136769
1317026261865320450
1317026253413691392
1317025811032137729
1317025810088427521
1317025793726349312
1317025771609903110
1317025752353746950
1317025715083161600
1317025620858208256
1317025372899332096
1317025236756402176
1317025118292422658
1317025108599447552
1317025070238355460
1317025044544036864
1317025007676002306
1317024911081132032
1317024879804370945
1317024779313029121
1317024732177436672
1317024730784858114
1317024658466766853
1317024473955160065
1316993789647589376
1316993604275949569
1316993543609720833
1316993534776418304
1316993506980843521
1316993386813980677
1316993007078367233
1316992788056113154
1316992768527380480
1316992461965828096
1316992134629724160
1316991935811358731
1316991626405961728
1316991231319281664
1316991212675620865
1316991200382111744
1316991187761463296
1316990799305973760
1316990740136951809
1316990664081608705
1316990638051700736
1316990464449499136
1316990215056220160
1316990155438383104
1316989892434558976
1316989743771549698
1316989618160603137
1316989044010737664
1316988913202978816
1316988695245774848
1316988677642399744
1316988604862877698
1316988335395622913
1316987775623876608
1316987724851798016
1316987689510469633
1316986745137876992
1316986725865050112
1316986447593902081
1316986143888605185
1316986134652649472
1316986010270638081
1316985828317581312
1316985444282880000
1316985325479223296
1316985001637040129
1316984961606569985
1316984825270718464
1316984719817510912
1316983965782282241
1316983616195485702
1316983424893227008
1316983333608370178
1316983057157586944
1316982592705646592
1316982270293643264
1316982132196126726
1316982098490761221
1316981960829526016
1316981716486148097
1316981563272400896
1316981395525410816
1316981320678051840
1316980847279525888
1316980296881983489
1316979773046915073
1316979382662139904
1316978916935012352
1316978773133328384
1316978707328868352
1317146467363098625
1317146372903231490
1317146179759710208
1317146123367231489
1317146063334236160
1317146036310335488
1317145793992732672
1317145756466356225
1317145508306128896
1317145200448385024
1317145024430329856
1317144745756495876
1317144416973430786
1317144091453542403
1317144032930369543
1317144022281052160
1317143733142421504
1317143619187445760
1317143437293064193
1317143180190601217
1317143155054137345
1317143065782591491
1317142915337113600
1317142855689949185
1317142787830272000
1317142708209610752
1317142176040685568
1317142049037209601
1317141951997747201
1317141826546077697
1317141774725386240
1317141730039193600
1317141462094667781
1317141409057615872
1317141370805649410
1317141287804366850
1317141251045658624
1317141118530801676
1317141088495427585
1317141021042552837
1317140988813508608
1317140916965154816
1317140667840131073
1317140608528633857
1317140540203372546
1317140501615828992
1317140448146837504
1317140285810483207
1317140249450000387
1317140216096882688
1317140035695759362
1317139892867092482
1317139770234052615
1317139732753731585
1317139728861450245
1317139631058702336
1317139602591961094
1317139601186725894
1317139350392655873
1317139337805484032
1317139218569875458
1317138922082893824
1317138906039504896
1317138735931265026
1317138728213766144
1317138648366780418
1317138568192679938
1317138489717174273
1317138407009767426
1317138295957180416
1317137610360442880
1317137586440310784
1317137355170566144
1317136844618833920
1317136822116515840
1317136045574639616
1317135873448738818
1317135660139089926
1317135635464028160
1317135559475822593
1317135504555626497
1317135246001901568
1317135228536803329
1317135159259467776
1317135153559490560
1317135119790952449
1317135007773765633
1317134969320386567
1317134887716081664
1317134718131859458
1317134649097859073
1317134598086758405
1317134522153041922
1317134510908010497
1317134095973904384
1317134066395705346
1317133808500695041
1317133475535880192
1317133409433550851
1317133405205745664
1317133307499454465
1317133238893223937
1317133069556477953
1317132836986638338
1317132791532953600
1317132769718394881
1317132763372216323
1317132578512568320
1317132527467859969
1317132444240281607
1317132324329455623
1317132234143432705
1317131925379796992
1317131909093208064
1317131872867143684
1317131794345545731
1317131651948941312
1317131389410607104
1317131115430281217
1317131108711059456
1317131081552961536
1317131073130618881
1317131036745236480
1317131028927053827
1317130929576595458
1317130891366457345
1317130831052365831
1317130619743137792
1317130428159983616
1317130373290205184
1317130334157393922
1317130161482043394
1317130130523815936
1317129923962802176
1317129828647174151
1317129826327822343
1317129794035863554
1317129793175957509
1317129643951087616
1317129638326554624
1317129601546584069
1317129576712077312
1317129219411910658
1317129213124759553
1317129185974915074
1317129144476512256
1317129120334098432
1317128780310249472
1317128646335791106
1317128552018575360
1317128368362541057
1317128312712552449
1317128290402856961
1317128199910862851
1317128143442857989
1317128127852806144
1317128106910584835
1317128028724600836
1317127666118631424
1317127562506665984
1317127540981596164
1317127396919836673
1317127372815192066
1317127291072352257
1317127248139440130
1317127208880787456
1317127180820881408
1317127125179068416
1317127086558105605
1317127085383712768
1317126943481888768
1317126813752188928
1317126790838669312
1317126682826792962
1317126675424026626
1317126521572610048
1317126496759259136
1317126370363764737
1317126344627585025
1317126338692542464
1317126147860254721
1317126099965542405
1317126032542060544
1317125983397277696
1317125870247694343
1317125870243450887
1317125868058157061
1317125786659295233
1317125724730499072
1317125718912856064
1317125554395545602
1317125494337343494
1317125409817956353
1317125350657122304
1317125219467874309
1317124996485971971
1317124703362838529
1317124560437784577
1317124532470222848
1317124322767536128
1317124073978290187
1317123927190073344
1317123915458686976
1317123855111065600
1317123690568454145
1317123390067572736
1317123204897452033
1317123107094732800
1317122881340493824
1317122822574133248
1317122744891396098
1317122744002162696
1317122709197901824
1317122621767618560
1317122584450838530
1317122556160282626
1317122546664427521
1317122511562309634
1317122476149714945
1317122468910452737
1317122385288531969
1317122306196480000
1317122172016644099
1317122165393756161
1317122162671628294
1317122095998853126
1317121995335716868
1317121965048668161
1317121879971450880
1317121746739265536
1317121726212411392
1317121721225314306
1317121470435381248
1317121380027072514
1317121174602682369
1317121107531583503
1317121104134144000
1317121033535655938
1317121005215690752
1317120986228183040
1317120968372924419
1317120894381232134
1317120815427653633
1317120763351224321
1317120716152705027
1317120603351023619
1317120554567110659
1317120518827495425
1317120448732213249
1317120361582989312
1317120311683387397
1317120269799051265
1317120169592918016
1317119777786064896
1317119702372581377
1317119651810283520
1317119175270293505
1317119145721430019
1317119077631086592
1317119036082343937
1317118944247992320
1317118912912306181
1317118813343784960
1317118789432020992
1317118675187617792
1317118644237852673
1317118511202881538
1317118254180147200
1317118232348807168
1317118185590673409
1317118183086657536
1317118044825669632
1317118024021725184
1317117882694852611
1317117876369674240
1317117664142262273
1317117624262733827
1317117451943948289
1317117403424317440
1317117254652362758
1317117047977824256
1317116903429611527
1317116880201654272
1317116866687533057
1317116827760209926
1317116714182758402
1317116415028076546
1317116269716537346
1317116243552444416
1317116205958836224
1317116023976337408
1317009133326000128
1317008866975023104
1317008828270039040
1317008736389660672
1317008582416736256
1317008381190733825
1317008328124469248
1317008023911649281
1317007487086727168
1317007319276937216
1317007255166996481
1317007198317350912
1317006997045260288
1317006806430982144
1317006729343807493
1317006691729395712
1317006689862864896
1317006650092433408
1317006529078374400
1317006309498245120
1317006160025817088
1317005904836022278
1317005818978598912
1317005725617541120
1317005710522155009
1317005704444694528
1317005698551734272
1317005602753777664
1317005522663591941
1317005420767121409
1317005098338316289
1317005091086376960
1317004960480067584
1317004859330134016
1317004420316581889
1317004411542044672
1317004196206477312
1317003833302831104
1317003594655301632
1317003320502923264
1317002960560414720
1317002909951950854
1317002696705167362
1317002373613735942
1317002292382629888
1317002264532316160
1317001926257594368
1317001896398180354
1317001187888189440
1317001091343679489
1317001062927241217
1317001043163697152
1317001038667390979
1317001025082056706
1317001020195676161
1317000965942370306
1317000963371184133
1317000877941686280
1317000812489486337
1317000803694071808
1317000678984777728
1317000647405875201
1317000634349064193
1317000391066816512
1316999935208886273
1316999899699990528
1316999830657519616
1316999454969528320
1316999379514019843
1316999346823581697
1316999240883777537
1316999222177169408
1316998868165365760
1316998425645260800
1316998361426296833
1316998322834624512
1316998279603826688
1316998261979447296
1316998186523918338
1316998093578080257
1316997747053133824
1316997741730476033
1316997464444973060
1316997456341700609
1316997115868901376
1316996792794468352
1316996543686246400
1316996506151493632
1316996326744330240
1316996124633346048
1316996020065193984
1316995989446840321
1316995929166221312
1316995813680336896
1316995807070081024
1316995538609459200
1316995410951548929
1316995114930216960
1316994955009810432
1316994658699038720
1316994624544595968
1316994469883949058
1316994288429969410
1317223130323177472
1317223107694874624
1317222806833201161
1317222666810449921
1317222432101568512
1317222249368330241
1317222167596175363
1317221352898789378
1317221278680600576
1317220747618717697
1317220659349671937
1317220058725294082
1317219910297227265
1317219652880289792
1317219313254830081
1317218482174545922
1317218187780476938
1317218171879780352
1317217525952704512
1317216995943706624
1317216819376230401
1317216756046401536
1317216737167900673
1317215765465042944
1317215615829069824
1317215283539562496
1317215223468752896
1317214915044777984
1317214533560184832
1317214247605207046
1317214216173092864
1317214134467899392
1317214111684423680
1317213885301075969
1317213874362474496
1317213753444884481
1317213612990210049
1317213298689912832
1317213296395653121
1317213158646435842
1317213091512217601
1317212870258675720
1317212817699766272
1317212631246245888
1317212298302337025
1317211955376082947
1317211931292409858
1317211791827587074
1317211655370121217
1317211569873408003
1317211490617823239
1317210674553028608
1317210657440215040
1317210177985253377
1317210167436406784
1317210090630426630
1317210062977454084
1317209844156403712
1317209759607566336
1317209740624056320
1317209654770925568
1317209203040161792
1317209150175301640
1317209088502210561
1317209071703838720
1317208673123364864
1317208613350506504
1317208142279835649
1317208108175888385
1317208059488444423
1317238472617373698
1317238444121378822
1317238050372595719
1317237831090139141
1317237578526040064
1317237203572084736
1317236378036416513
1317236087325138949
1317236052927524864
1317235841798909957
1317234954292506624
1317234690814861312
1317234639581437952
1317234537043288065
1317234251402825728
1317233819565592577
1317233732470902785
1317232927294574594
1317232885708034056
1317232532287639553
1317232473181458432
1317232377169629184
1317232116283936774
1317231935694032896
1317231714012454915
1317231188382085120
1317231152386740232
1317230801055088647
1317230771233562630
1317230652647931905
1317230548251774979
1317230298720047104
1317230108709687303
1317230063042134016
1317230041177026561
1317229963511275520
1317229926718885892
1317229766836211714
1317229701266575360
1317229480738508807
1317229254908780545
1317228935055368192
1317228902562004993
1317228586890268672
1317228572340342784
1317228571899854849
1317228560566812678
1317228475510628359
1317228341087391745
1317227936085241856
1317227860751507457
1317227555766894595
1317226930693935104
1317226930391973891
1317226839895519232
1317226670072467457
1317226452576882689
1317225795782397957
1317225565653401600
1317225308794269699
1317225127118065665
1317224966375419905
1317224937459978241
1317224754659663872
1317224461905571841
1317224436597219330
1317224212671680512
1317223782843441152
1317223756939599878
1317223604728324097
1317085513002647555
1317085458921304066
1317085310828875777
1317085176510414849
1317084993945034756
1317084988744105989
1317084894707798016
1317084876118646789
1317084825933709312
1317084766773137408
1317084537134977026
1317084324039184385
1317084316686573571
1317084214433513472
1317084209819885569
1317084206716096513
1317084133915492356
1317084133563183106
1317084102911287298
1317084026361044994
1317083967338631169
1317083966369878017
1317083945108934656
1317083776447643648
1317083568573714432
1317083517344505857
1317083460377391107
1317083441066803201
1317083344765652992
1317083228172406784
1317083139991285761
1317082909078073344
1317082728349732865
1317082687585325056
1317082569171718144
1317082513727213571
1317082469791899648
1317082463160717313
1317082361184485381
1317082217076568064
1317082216480993280
1317082196650307585
1317082184327565313
1317082149347086336
1317082053175889922
1317082052966125575
1317081939690520576
1317081891355430912
1317081870891388928
1317081802847244288
1317081765333315591
1317081457702195205
1317081394493915139
1317081309819392000
1317081234430857216
1317081184665559041
1317080915512872960
1317080886370762752
1317080879915827201
1317080548121206787
1317080527485177856
1317080436745568256
1317080289718472706
1317080274132520962
1317080172953296897
1317080171342667776
1317080156591317001
1317080057203097603
1317080050353713154
1317079661260701696
1317079626863226880
1317079612782972929
1317079538812227584
1317079530402648066
1317079517375176708
1317079430578249730
1317079416225353728
1317079354636193793
1317079215326507010
1317079120182992897
1317079115946708992
1317079100046061570
1317079094992003072
1317079092357976067
1317079065820614657
1317078898719526912
1317078872303820801
1317078845938434049
1317078840863227905
1317078791446024197
1317078661934309376
1317078622780489728
1317078567772213255
1317078540261724160
1317078459529764864
1317078239886503936
1317078233997770753
1317078179652173825
1317078141039529985
1317078070415732739
1317077896666648576
1317077631259508736
1317077532781518851
1317077449780326402
1317077379890728965
1317077371351142402
1317077351872811015
1317077245115105280
1317077230376251392
1317077003095494658
1317076987064836096
1317076884371443714
1317076846253641729
1317076791434088449
1317076676929466368
1317076581395755014
1317076516073885698
1317076498956824577
1317076457051594754
1317076454698635264
1317076383655407618
1317076357126393856
1317076323395919872
1317076289090514944
1317076271650738176
1317076243435515908
1317076241644769280
1317076224343232512
1317076223009370113
1317076221465890816
1317076216453558273
1317076023935000576
1317076013919162368
1317075988963090433
1317075967517609987
1317075949364666369
1317075920109379584
1317075912890978306
1317075793424666624
1317075772977246208
1317075719890100225
1317075676550320130
1317075633592274946
1317075475383132160
1317075346764800003
1317075320311250944
1317075309968044035
1317075293232824321
1317075242221768704
1317075185800011777
1317075058146332673
1317075052420943872
1317075039796297729
1317075033018204161
1317075029306331138
1317075009924435969
1317074957835378688
1317074731896627200
1317074672824029184
1317074577789456385
1317074548446142465
1317074503869075457
1317074237572763648
1317074201774313472
1317074198490210304
1317074173454409734
1317074086472814593
1317074040310403072
1317074018353205248
1317074017753419776
1317073952414498816
1317073921204756481
1317073767923929088
1317073757287186433
1317073717508308992
1317073607080570880
1317073580660789248
1317073549035589632
1317073519138754560
1317073512012578817
1317073484833562625
1317073463891251200
1317073413404413952
1317073311805796353
1317073227370307586
1317073224740622337
1317073086940909569
1317073079697367042
1317073061330382849
1317073054250381314
1317072892161675265
1317072876739190787
1317072741804158976
1317072709327687684
1317072582374457344
1317072576871604225
1317072467802918913
1317072433615167489
1317072251817201669
1317072183223603200
1317072169298526209
1317072128139776000
1317071928566439936
1317071877500796930
1317071866092310529
1317071806864515073
1317071789265162241
1317071687490428928
1317071555319431169
1317071490634948609
1317071463887761408
1317071401484906496
1317071215559954437
1317071128624570371
1317071090557063169
1317070858108719105
1317070747525771269
1317070724545212416
1317070713669472256
1317070615195668482
1317070615153704960
1317070611022336002
1317070607419273218
1317070559742726144
1317070504449183746
1317070469363757058
1317161931850088448
1317161836035362818
1317161769735876608
1317161631894376452
1317161300716363777
1317161051138437121
1317161039503437824
1317161012114513920
1317160978253926401
1317160684417916928
1317160278526619650
1317160267843661824
1317160226647310337
1317160203339681793
1317160169592279041
1317159726946267136
1317159516883066881
1317159485446615040
1317159468778409984
1317159399706841088
1317158948449890310
1317158913427623938
1317158586728865792
1317158377189879808
1317158328578068482
1317158006195392514
1317157926184902657
1317157913430003718
1317157753014669312
1317157713634332673
1317157649398550529
1317157337157849088
1317157277091139587
1317156580245254146
1317156295649251329
1317155786360053761
1317155187283419137
1317154926095560704
1317154877060120579
1317154816125067264
1317154745799364609
1317154524440764416
1317154504350093313
1317154400507342848
1317153971241406467
1317153741238423553
1317153515517677570
1317153444302626817
1317153326258151424
1317153163577716736
1317153140874117121
1317153015460208642
1317152636131561473
1317152575972548608
1317152105635880960
1317152031103193090
1317151673970790401
1317151615447494656
1317151313344581633
1317151083626717185
1317151041943703559
1317150497506271233
1317150418716282881
1317150316668678144
1317150224977174528
1317150109214400514
1317149251508572160
1317149117458468870
1317148790659350528
1317148658559836160
1317148403885871105
1317148402057097216
1317147804742148097
1317147754645327876
1317147477460484096
1317147468505747458
1317147327019307009
1317146901783990278
1317115741640994817
1317115685760344064
1317115670610456578
1317115632622723073
1317115269328834561
1317115234469900288
1317115226521800705
1317115185329545217
1317115137384394755
1317114840771514370
1317114748257841160
1317114596625420289
1317114547971497985
1317114431432687617
1317114416509353986
1317114334250700800
1317114113437409280
1317114019728285697
1317114018167984130
1317113852300066819
1317113794976505865
1317113788148207617
1317113770150416387
1317113638407294977
1317113557922717697
1317113443741241345
1317113422958358528
1317113397121613825
1317113375017652226
1317113334680948737
1317113270793342977
1317113266179612675
1317113116128313345
1317113069017821184
1317113052735602688
1317113042648375302
1317113038894497792
1317113020741451776
1317113004060758016
1317112933034250240
1317112854718369793
1317112805997244417
1317112776154882049
1317112681325826049
1317112472978006024
1317112429172674560
1317112396054470656
1317112378593562626
1317112364102307841
1317112301724573696
1317112281847705601
1317112273652076545
1317112186712383489
1317112146883379200
1317112039337242627
1317111889281822722
1317111802489147393
1317111772990607360
1317111702710816768
1317111699607080960
1317111685811982336
1317111662508462086
1317111566777671681
1317111536704520192
1317111492207050754
1317111321389838337
1317110922662600705
1317110869403275267
1317110858275835904
1317110851514568709
1317110796711755780
1317110764646268929
1317110704797876225
1317110357849219072
1317110337947291648
1317110294565539840
1317110179322880002
1317110106052583425
1317110103850520583
1317109621111271425
1317109569764556801
1317109448264060931
1317109338394296321
1317109287647326212
1317109241358987266
1317109238892687360
1317109155455533056
1317109148551700487
1317109040405676032
1317108992238407681
1317108858318475265
1317108824860491781
1317108759039074305
1317108489181945856
1317108416121171969
1317108363084398592
1317108299364519936
1317108194213330948
1317108167751405568
1317108163221590016
1317108155843776514
1317108118233452547
1317108047429439488
1317108046200528896
1317107887819415555
1317107868382973953
1317107851303768064
1317107832014073856
1317107820056236034
1317107752163069952
1317107738434994179
1317107696076771328
1317107671192031233
1317107654322421760
1317107620310896640
1317107575964446723
1317107524600999941
1317107470502907904
1317107433639206912
1317107375623589891
1317107323631009792
1317107315686875139
1317107310234304512
1317107286653939714
1317107221516439553
1317107211957579776
1317107209105510402
1317107201148882945
1317107200653930501
1317107174825447427
1317107085922897921
1317107029807345668
1317106923070738433
1317106906578735105
1317106830452162560
1317106593549275138
1317106534061662211
1317106504751747072
1317106473101647874
1317106470425665537
1317106427446628352
1317106399436926978
1317106317081956353
1317106268226674688
1317106195497451525
1317106174739742720
1317106121476374530
1317106117151895553
1317106053528625152
1317106039100219393
1317105985144737792
1317105899673182211
1317105549532712960
1317105534588387328
1317105530511392770
1317105522546532352
1317105462601486337
1317105320817250305
1317105262306742274
1317105219835109378
1317105219692539905
1317105075878350853
1317105066743091205
1317105018827321344
1317104991543332870
1317104986048909314
1317104971859562498
1317104929270423552
1317104802510372865
1317104626395742209
1317104418131709953
1317104410263126016
1317104383079944192
1317104368039190528
1317104301131493377
1317104271628914690
1317104264951595016
1317104243908743168
1317104229555818498
1317104151269150721
1317104056716861440
1317104051113381891
1317103934335582209
1317103900466368514
1317103867599949824
1317103836507607040
1317103764365578240
1317103688280924160
1317103634174410760
1317103621096542208
1317103620534472704
1317103592768155648
1317103543141236738
1317103436085723138
1317103423246958594
1317103208939114496
1317103189892673536
1317103140219441152
1317103129205374976
1317103000821923840
1317102897247768578
1317102853052313602
1317102851454324736
1317102704834056192
1317102526995587073
1317102427598999553
1317102405905952771
1317102266785124352
1317102091337224192
1317102079442178048
1317102070567063552
1317102010701877249
1317101970986045440
1317101970642042880
1317101914274910208
1317101787653021702
1317101749333876736
1317101741989646336
1317101731625533447
1317101598770855937
1317101589300129794
1317101511432900610
1317101503581245443
1317101420810829825
1317101352082878465
1317101221593886727
1317101189247438851
1317101148017356802
1317101110914666496
1317101016022646784
1317100993943900161
1317100863312351236
1317100739865489409
1316963376677912577
1316962943326617600
1316962661935046657
1316962307356975104
1316961869769441281
1316961567242670081
1316961316377157633
1316960879691374593
1316960780294696961
1316960670307524615
1316960623377473536
1316959466164813824
1316959219942367240
1316958613794152448
1316958271627010048
1316957989216129025
1316957795313455106
1316957689021419520
1316957560210100224
1316957491620700160
1316957456614985734
1316956855172800512
1316956776609230848
1316955370754113536
1316955329440157696
1316954685811675136
1316953890957479936
1316953703832834048
1316953294389055488
1316952850103209984
1316952384761901058
1316952090510491648
1316952059564916742
1316950665038626819
1316950497627115520
1316950174313422850
1316950020692860929
1316949511454003200
1316949340812959745
1316949045911453696
1316948823957250048
1316948662472331269
1316948477281263617
1316948348860059650
1316948108337709056
1316946381597192192
1316946194585866242
1316945910308524039
1316945809804566529
1316945327426068489
1316945240171962368
1316945121259171840
1316944799677775872
1316944212202573827
1316944159631171585
1316943984946708480
1316943143103877120
1316942868645367808
1316942733664280576
1316942506379063296
1316942347943501825
1316942290850582528
1316941771310497792
1316941667333820418
1316941264735080449
1316941097713754114
1316940953215766533
1316940358123651074
1316940086999732228
1316939572568334336
1316938485236977664
1316937606614159362
1316937571742715909
1316937467996536833
1316937373675118594
1316936693522587653
1316936635339186176
1316936182278819840
1316935628492316672
1316935474641047554
1316935449919823872
1316934075756793858
1316933275907182593
1316917469622259712
1316917292656197633
1316917272791973890
1316917226251952128
1316917172401283073
1316917072870412289
1316916931753070592
1316916768229756932
1316916744603185153
1316916686851891200
1316916506303827973
1316916059627290624
1316915921441726464
1316915800444383232
1316915709084041221
1316915345689612289
1316915038607855617
1316914878326734848
1316914707912151041
1316914374687207424
1316914096948858880
1316913653971562498
1316913627593609216
1316913434366267394
1316912820198494209
1316912462713802753
1316912278575480833
1316912175299133441
1316911738785128449
1316911049858273280
1316910260393824257
1316910039291072514
1316909655621308419
1316909109178994693
1316909098101768192
1316908146217177088
1316904189188960256
1316903781066510337
1317177588591304707
1317177326787059719
1317177085056765952
1317177038755725317
1317177017373261824
1317176968329179136
1317176800993267712
1317176752381206528
1317176599507337216
1317176585540259840
1317176318669238272
1317176275325358082
1317176185508429825
1317175460816736257
1317175283372322817
1317175035690328065
1317173494560493571
1317173231397359616
1317172595268136968
1317172098750697474
1317171972967747584
1317171969255739394
1317171618284785664
1317171482871693312
1317170738630184960
1317170530957598720
1317170499953299456
1317169170073718785
1317169126230487040
1317168747321450496
1317168530421248001
1317167979721871360
1317167867478089732
1317167817754615809
1317167567707004930
1317167340442710017
1317167196007694336
1317167193214377986
1317166965031665665
1317166634335899650
1317166572293689344
1317166450138927104
1317166050199314432
1317165644756905985
1317165526288863234
1317165486627573761
1317164866713563142
1317164766209675266
1317163998362673152
1317163967899369472
1317163769928294400
1317163756732940289
1317163378184433665
1317163187305914369
1317163146054946816
1317163118720581634
1317162782719049728
1317162690775781377
1317162635230539776
1316897676005396480
1317100618146775040
1317100538568331266
1317100472600350720
1317100425464762369
1317100243926831104
1317100188637409282
1317099978137894917
1317099910022483968
1317099858008879105
1317099766585634824
1317099763158962177
1317099664638906371
1317099629536825345
1317099457599635457
1317099381796048896
1317099379027750913
1317099203382939648
1317099199851319302
1317099189751455746
1317099090933592071
1317099080552599553
1317098991725674500
1317098968585801733
1317098931021635584
1317098908649218050
1317098790868975624
1317098736900857856
1317098705661603840
1317098670903468033
1317098580470095872
1317098149668884480
1317098133181038594
1317098074808963072
1317098053816504320
1317098029564952578
1317098023898537984
1317098021071523841
1317098005611352066
1317097728179044352
1317097661892382722
1317097588731056130
1317097545668186115
1317097530530754561
1317097495693086722
1317097463443054592
1317097390487359489
1317097271775928326
1317097149176315906
1317097119870722055
1317097020935577603
1317096955303124992
1317096870158761984
1317096714860310530
1317096580869201921
1317096499101257734
1317096431786876929
1317096314564272128
1317096221060878336
1317096190291292162
1317096132867022848
1317096130392588288
1317096075979796480
1317095984577564673
1317095943657852928
1317095924645175296
1317095889387704320
1317095869418799106
1317095852003840001
1317095832848662530
1317095824766033922
1317095814158643203
1317095801626238978
1317095797524099074
1317095796001501185
1317095743547711494
1317095734538309633
1317095733821116416
1317095710727262209
1317095699083919360
1317095609724227584
1317095587792130055
1317095566053093376
1317095553042325505
1317095548684537857
1317095474432802818
1317095440869969925
1317095430346428416
1317095397651849218
1317095363988185089
1317095347571838979
1317095296241790984
1317095278340616194
1317095195629027333
1317095101429129216
1317095056235352067
1317095045653319682
1317094958218637312
1317094901335601153
1317094875247108097
1317094784209543170
1317094771530387457
1317094765637169152
1317094599723151362
1317094379710947328
1317094209434779650
1317094159086399489
1317094040194744320
1317094003821727746
1317093990278270976
1317093986239131649
1317093915057639424
1317093871537381378
1317093825878347776
1317093633858899970
1317093633800212481
1317093490879270914
1317093146870882310
1317093137752403968
1317093093561274369
1317092964074737665
1317092675712069638
1317092657487876096
1317092428453642240
1317092380881965056
1317092328960610304
1317092318797832194
1317092310962851841
1317092252183896064
1317092240162918402
1317091874633637888
1317091874004295681
1317091599927529472
1317091422110162945
1317091331433431048
1317091240979140608
1317091195441524739
1317090982698078208
1317090977643962369
1317090963786006528
1317090962032701440
1317090876162596864
1317090745132744706
1317090726287638529
1317090600982904833
1317090473903882243
1317090444162064389
1317090188766679040
1317090175114162177
1317089976627101696
1317089939809587200
1317089701115973632
1317089571813924867
1317089570459209728
1317089494806482945
1317089408244482048
1317089330049921024
1317089135828606978
1317089127473565696
1317089081705246720
1317089051674054657
1317088947684724738
1317088819460583424
1317088788724604929
1317088582000140288
1317088419894431751
1317088361123807235
1317088341821689870
1317088326185345024
1317088181142102018
1317088128168022017
1317087998132015104
1317087920700952577
1317087876799221766
1317087784738410501
1317087595294326786
1317087583399112704
1317087519008317440
1317087508753252354
1317087379774164992
1317087286048206856
1317087098655166465
1317087067743059968
1317086998251868161
1317086877225279488
1317086699428642817
1317086649352921096
1317086544633556994
1317086481102626819
1317086407282876416
1317086279960383488
1317086239078666241
1317086137526161410
1317086016273088514
1317085853945122817
1317085827776860167
1317085815823060992
1317085662978445312
1317085616480419843
1317085573929144320
