1321021300136181760
1321021167193313280
1321021119529472001
1321020061751062538
1321019732775108610
1321019689041043457
1321019211427115014
1321019199708372993
1321019014399799297
1321018505274208256
1321017884026568706
1321017566626779138
1321017531495288833
1321016559796703233
1321016534890926081
1321015331335397376
1321014889897324549
1321014577929355264
1321014207568072705
1321013106580115458
1321012889310953472
1321012636474114048
1321012295934320641
1321011679291998208
1321011634354073600
1321011617795088385
1321011538455658496
1321011283777474561
1321010957896790018
1321009282259677189
1321009015669796867
1321008867820658688
1321008298913615874
1321008041249120257
1321007231337328641
1321007061317095426
1321191753739894787
1321191046223638536
1321190645864656896
1321190437625991169
1321190284382752769
1321190277508263936
1321190230494425091
1321190132398129153
1321189940248674307
1321189934741528576
1321189384226525186
1321189360255991809
1321188307712180224
1321188249214328838
1321188173595095041
1321188009363021825
1321187856333811713
1321186314016968712
1321184516778659850
1321183454004916227
1321182835001094144
1321182040721678339
1321181779324092416
1321181490949070864
1321181303283326977
1321181300015943680
1321179549971980288
1321179411853373440
1321179243003273216
1321178895501217792
1321178726143528960
1321178708435226634
1321178065540579328
1321178015586504708
1321177214688415755
1321177159705251844
1321206940933017600
1321206868925050880
1321206435703914496
1321205811977355266
1321204669385969668
1321204284579553281
1321202530664255489
1321201880924639234
1321201803753607168
1321200398598889477
1321200220315803652
1321199691439235072
1321199656576180225
1321199509951680512
1321199082522726405
1321198568674369541
1321198289971253248
1321197692450689024
1321196923764789253
1321196912989642753
1321196505156472838
1321195838970990600
1321195243945877505
1321194797093294086
1321194670609829889
1321194462509441024
1321194411863265281
1321194219902558209
1321194042806444034
1321193230164135936
1321193180847579137
1321193074333085697
1321192228572680192
1321191907322523650
1321144879796252673
1321143803286310915
1321143490563244032
1321143225181106176
1321142117671030786
1321142117180280840
1321142062532743171
1321142061987467265
1321141899617513473
1321141848421838850
1321141572281507840
1321141525531811840
1321141510918840321
1321139848657412107
1321139315859165184
1321139063253028866
1321138637896097798
1321138501010731008
1321138309716938753
1321137961723973636
1321137574044442626
1321137164483235842
1321136221347827723
1321135751732617217
1321135502347640835
1321135419237564417
1321135398094069762
1321135202589122561
1321134907633078278
1321134226532716544
1321134201069051905
1321133684720758785
1321133192691240961
1321132363636744192
1321132276479070211
1321132030894157826
1321131912514146306
1321131107262353415
1321130384244023303
1321130258633019393
1321130238626222081
1321129714518528002
1321129547446788104
1321129213424996366
1321129081115725824
1321127305390030850
1321127198821175297
1321127047121543168
1321126920428412932
1321126907648368640
1321126758905716738
1321126094804783104
1321125803720146952
1321125056513277953
1321124805085712384
1321124360770490369
1321124122634584065
1321123792282963968
1321123666583666689
1321123643989069826
1321123553870229506
1321123413893640192
1321123282075222016
1321122439611514885
1321122139517317124
1321121934449528832
1321121207090118656
1321120424386854913
1321120291255390209
1321119912761434113
1321119548825690112
1321119468123246592
1321119259850887173
1321119200203726851
1321119189692608512
1321119187801001985
1321119174878466049
1321119134718066690
1321118543841288198
1321118471783108610
1321118462954115075
1321118427730354183
1321118230224740359
1321118177619750912
1321117539548577792
1321117515498606593
1321116174717833224
1321116022007582720
1321115973827645440
1321115856999501825
1321115620788760577
1321115170215612422
1321115054109036544
1321098399022809091
1321098388012699649
1321098128364326912
1321098066494181376
1321097168162357248
1321096567294746626
1321096374755049472
1321095989651005442
1321095824550645760
1321095820779921410
1321095761933774849
1321095755814363144
1321095752492503043
1321095430898356227
1321095240808357889
1321094618293874688
1321094555517800448
1321094302118912001
1321094148640907267
1321094129376468994
1321093680183287808
1321093177168842756
1321093059682119682
1321092071562846216
1321091283235053568
1321090538515386373
1321090141067321347
1321089503252123649
1321088747589509120
1321088723317084163
1321088597399920649
1321088146210197507
1321087956870930434
1321087710422093830
1321087620865314816
1321087364769501187
1321086949256548354
1321086722353090563
1321086472791986183
1321086325911621632
1321086134135496705
1321086086337208320
1321086036672421898
1321085902714773512
1321085897438363650
1321085703380443138
1321085598447390721
1321085559272591371
1321085479106842624
1321085392280584192
1321085391605256195
1321085260596215809
1321085172331155456
1321084134115205124
1321083922067968005
1321083677229654017
1321083400376242178
1320888720887664640
1320888538435604486
1320888313579012097
1320887878331715587
1320887706508005377
1320886996966006787
1320886352980791296
1320885625185308674
1320885522110271489
1320884919678058497
1320884839772372992
1320883485968531457
1320883319169404928
1320883213720576001
1320883160352198658
1320882671195770880
1320882619303763968
1320882410372898816
1320881622443544580
1320881574833844225
1320881487604895744
1320881393979670528
1320881353265684482
1320880907797045252
1320880670332252160
1320880244576964609
1320880055376089092
1320879962187046914
1320879788920344576
1320879720926425095
1320879445897596936
1320878900663197697
1320878349816913925
1320878073496166402
1320942291343732736
1320941437291118594
1320941369104289792
1320940796321869824
1320940718580531200
1320940490272002050
1320939883523940352
1320939382220750849
1320939242646687745
1320939226418966529
1320937995524927488
1320937912230416384
1320936599367069698
1320935960708866053
1320935672304201729
1320935434264825857
1320933354464751621
1320931445687410692
1320930881897463808
1320930628997529601
1320929912744804353
1320928899316920320
1320928592491122688
1320927970752630785
1320927720025378816
1320909052482912256
1320908486725828609
1320908466505060352
1320907733219028992
1320906122765733889
1320906017530544129
1320904751102513153
1320903975646814208
1320902605233627136
1320901988612218881
1320901898174648320
1320901506778963969
1320901090427215879
1320900764668145665
1320900134180368389
1320900110310535168
1320899958283882500
1320896203702194176
1320895730903441408
1320895041657802752
1320957492113797120
1320957284684603392
1320957220704686080
1320956580783812608
1320955177629831168
1320954999392915456
1320954420306300928
1320954044685389824
1320953740090888192
1320952980787531778
1320952120250568706
1320951201391906817
1320950050155950081
1320949384847200264
1320948625908879361
1320948436066357250
1320948303924621313
1320948222752444416
1320948204482027521
1320947269726728192
1320946675330985986
1320946484242571266
1320945164047863809
1320943637505560576
1320943368424333314
1320942688061906944
1321004945018101760
1321004866479808512
1321004620538413056
1321004382943662082
1321003885285175297
1321003415389016064
1321003317963771905
1321003061083602945
1321002891977519105
1321002710464897024
1321002707923177472
1321002188529901568
1321002029469163521
1321001735800934409
1321001560156065793
1321001188544884736
1321000640705867777
1321000066988023814
1320999565219119104
1320999340995825664
1320999333525778433
1320999008349921280
1320998874769727488
1320998623098724353
1320998417162670082
1320998404399529992
1320997858162692097
1320997680227753985
1320997594915622912
1320995993047994370
1320995767599964160
1320995676650643456
1320995535583465472
1320993771127934977
1320992962067746816
1320992674187534336
1320992663148105730
1320992284150767618
1320924711950393346
1320923891250929666
1320922366386589696
1320922278713008129
1320922027025289216
1320921597205688323
1320921385980579845
1320921262139625474
1320919562393534465
1320918600232947712
1320918325019463683
1320917910974468096
1320916588682510338
1320916081125588999
1320915392060104708
1320914627371257858
1320911903804149761
1320911471312834561
1320911351607365632
1320911309043478528
1320910220105756672
1320910013523763200
1320909746690469888
1321037092449865728
1321036609425412097
1321036523928772611
1321036441632256001
1321035695377580034
1321035485578358791
1321035338198953984
1321035237233602561
1321035099375325184
1321034904143040512
1321034880080371717
1321034876959817728
1321034482397433860
1321034357084073984
1321034335370256390
1321034210233073664
1321033918393569281
1321033826349551617
1321033568076898304
1321033333300727809
1321033210504118272
1321033156334477312
1321033069940396033
1321033068476588034
1321033063921520640
1321032488400158720
1321032313476698113
1321032304479899649
1321032226042249216
1321032099239964674
1321031967001989121
1321031921367801856
1321031916309590021
1321031516198260736
1321031136781443073
1321031113167540224
1321031047602003968
1321030992363180032
1321030845117943808
1321030824158900225
1321030792550715393
1321030752176377867
1321030664410587141
1321030486848724992
1321030364647854083
1321030359065206784
1321030262285836291
1321030104739434497
1321029922685669382
1321029803064131584
1321029708683702272
1321029483839803392
1321029448079187969
1321029413937377281
1321029286678155272
1321028839519047680
1321027055346208768
1321026540994318337
1321026244515946496
1321025707502374913
1321025200381714432
1321024854334840832
1321024740451143681
1321022670390153216
1321022107581636610
1321066916258172933
1321066536145223681
1321066292686786560
1321066057482862592
1321066014646423558
1321065910506004480
1321065288247447555
1321065151844503553
1321065143166521345
1321065118596255746
1321065006822248449
1321064910407798784
1321064889822121985
1321064628319825925
1321064601459503104
1321064213276708864
1321064129059262464
1321063988654792709
1321063934913400832
1321063774032375814
1321063691194945536
1321063505907376133
1321063303611699200
1321063265942777857
1321063169507446786
1321062988661596162
1321062951311282182
1321062654081978368
1321062606828961794
1321061991260311552
1321060686085148672
1321060653512183808
1321060275081125888
1321059981404286976
1321059524887891968
1321059196905967617
1321058440408694784
1321058401632325633
1321058362826653697
1321058265187405824
1321058184468013056
1321058082596769794
1321057646766485504
1321057635014201347
1321057560284332033
1321057531112947713
1321056944396914689
1321056930673078274
1321056727660433408
1321056652079046656
1321056557086482432
1321056543270338560
1321056521736851461
1321056314437455873
1321056228936683520
1321056155959963648
1321056143381323781
1321056111995269122
1321056100733620224
1321055892092145665
1321055860118982656
1321055801361006592
1321055674252488704
1321055429175218178
1321055075511332866
1321054881453641728
1321054725131980800
1321054601903222784
1321054406763290624
1321054233181835265
1321054187556376578
1321054151846055937
1321053613767217153
1321053580774821890
1321053551423070208
1321053257624555520
1321053069484806147
1321053063336153089
1321052912986984448
1321052634472734725
1321052273666068480
1321052174026215425
1321052021554778112
1321051930655813634
1321051917531885571
1321051846409113601
1321051773931405312
1321051667685613570
1321051585321996288
1321051484549623808
1321051403314327553
1321051362684293120
1321051277145575424
1321050813540814848
1321050732703981569
1321050717671534592
1321050682657591302
1321050444521680897
1321050420643569665
1321050223247056897
1321050007009587200
1321049903867584514
1321049711705497600
1321049592742449152
1321049223492706305
1321049147873595392
1321048835490103296
1321048785376559105
1321048441779310592
1321048246052159488
1321048219988602881
1321047909345972225
1321047751862353920
1321047537449639936
1321047464976261121
1321047448891117569
1321046821087498248
1321046682214240263
1321046389657346049
1321046087310831619
1321045773983883266
1321045728484012032
1321045594731937792
1321045330012573698
1321045191449628677
1321045062025883649
1321045026340806656
1321044977103716353
1321044759444656129
1321044251443187712
1321044128738779136
1321044110552276994
1321044063940993026
1321043997423554560
1321043602391392259
1321043443754422273
1321043339832102917
1321043141588377601
1321042987967799296
1321042824515780612
1321042722082476035
1321042403864629250
1321042190777360385
1321042100100734976
1321042025152565249
1321041409709875200
1321041358564581376
1321041250548633600
1321040935329894406
1321040628936024065
1321040244024770560
1321040149891993601
1321040123866324992
1321039982769901569
1321039490987761665
1321039165132296195
1321038798634033152
1321038684460732416
1321038409029218305
1321038224337371143
1321038069450051585
1321037909021999107
1321037497611231234
1321037468221792258
1321037416841396224
1321160827785736194
1321160636232065026
1321159966376579072
1321159573303185408
1321158798413684736
1321157555784192004
1321157092577857539
1321156875006726145
1321156820770136065
1321156205209964550
1321155590329159681
1321155356848984072
1321155315191189505
1321155245209255937
1321155226448076802
1321154924978253832
1321154526703984646
1321154525617659911
1321154484018515972
1321154268288765955
1321154186088730628
1321154164555194368
1321154138240147460
1321153763604746240
1321153418216513536
1321153278613331968
1321153145125457920
1321152790165671936
1321152586607693824
1321151733377150978
1321151507245473793
1321151021859614723
1321150923356446722
1321150424569782273
1321150299818643458
1321149997648388110
1321176454110072834
1321175589278142467
1321175509766725643
1321175023521009676
1321174765621682178
1321174365849997321
1321173604457975808
1321173097588813825
1321172667198824454
1321172511858565120
1321172402739548160
1321172213345751040
1321169143530430464
1321168563470626816
1321167808470884352
1321167035951362051
1321166823342170119
1321165944979415040
1321165796979126276
1321165256610189312
1321162777025720320
1321162353187164162
1321162254528729092
1321162009656860673
1320893048981651457
1320892637847515136
1320892596147933184
1320891455456440320
1320890820065546240
1320889413224656898
1320888814982844417
1320888805914718211
1321222357831344131
1321221967593177088
1321221955165380608
1321221180842541056
1321219899625213958
1321219284731863049
1321219001616388103
1321218498207666176
1321218384818679812
1321216857513304066
1321216856464760832
1321216613115416579
1321216091100749827
1321216069793710080
1321215857129889792
1321215302894497792
1321213796661211136
1321213439814127618
1321213242652430340
1321212197146628107
1321211774734127105
1321210597774643200
1321210433945194496
1321210389338738688
1321209215470325760
1321209050097483776
1321208227770585093
1321207594162282499
1321239218979524608
1321238402960924672
1321238174241333249
1321237531929751553
1321236845502570500
1321236394023571460
1321235652877438978
1321235096125452291
1321234482448445441
1321233947825721347
1321232486232444933
1321232327087951875
1321231535148679175
1321231525472620547
1321231015659098112
1321230194255056897
1321227934405959681
1321226980235321350
1321226976410193923
1321226617167949824
1321225797672275968
1321225618076377089
1321225386185949190
1321225318284333057
1321225089824755717
1321224907745857536
1321114083920207873
1321113740369108992
1321113024346886146
1321112922576355330
1321112776203489282
1321111320385753089
1321110570070876161
1321110500101529600
1321110236904656896
1321110221239078918
1321109649026932736
1321109646803935238
1321109597680226305
1321109200852967425
1321109105801531392
1321108950075478022
1321108431147851776
1321107414498889728
1321107360945983488
1321107175738085376
1321107093454311424
1321107010839076864
1321106828126769152
1321106667832967174
1321106654847533058
1321106284939280386
1321106137194876929
1321105968600616960
1321105679835254784
1321104905449304065
1321103991187607553
1321103915450916865
1321103838070394882
1321103485627211781
1321103090997727233
1321103079681511424
1321102381547982848
1321102126437773312
1321102086206038016
1321101856307896320
1321101468716486659
1321101224452726784
1321100765516226561
1321100717696966656
1321100427241271297
1321100309415022592
1321099972696309760
1321099657628405762
1321099616063049728
1321099541987364864
1321099361451986946
1321099225292279811
1321099145545977857
1321083096326955011
1321082138037493762
1321081792229724160
1321081654358757381
1321081496682352641
1321081461064273922
1321081193132183552
1321080939565457410
1321080708002185220
1321080326605733888
1321080015539326977
1321079915404513280
1321079345167933446
1321079099171971072
1321078547088351232
1321078336462987265
1321077730213941248
1321077448163905537
1321077368249819137
1321077115337527297
1321076577237671939
1321076288124145665
1321076177549877249
1321075831423307776
1321075817888309248
1321075776859611138
1321075316798844929
1321075026658054149
1321074615356215297
1321073870275829761
1321073562837524484
1321073526321909765
1321073385724522496
1321073252966551554
1321073056769548289
1321072853786251265
1321072760601354240
1321072658444914688
1321072476726554629
1321072393629159425
1321072064766349312
1321072034311450627
1321071887921930240
1321071846809346048
1321071412271075328
1321071362371473409
1321071203977670656
1321071029649838083
1321070970304630784
1321070959034568712
1321070823025872898
1321070802150842373
1321070782701834240
1321070438022369285
1321070415251464192
1321070415020777476
1321070414689374211
1321070347161055237
1321069689414569996
1321069274551648260
1321069146197676032
1321068846741147649
1321068768345247746
1321068755573743616
1321068588023861250
1321068417013567488
1321068398294585344
1321068282863124483
1321068254060814337
1321068105100120064
1320989003294806017
1320988016387633152
1320985397137149955
1320984660932001793
1320981955689828352
1320981742090657793
1320980743166853120
1320979293544062977
1320978516758818817
1320978379005292544
1320978302450847745
1320978183966003201
1320978098104406017
1320977978830901248
1320977678598426624
1320977610889781249
1320977537414017024
1320977462977687552
1320977367758598144
1320977283251761152
1320976979693195265
1320976722838253568
1320976621671571456
1320976549030494208
1320976484438216705
1320976312429735937
1320976234503782400
1320976147853668353
1320976058930216960
1320975918819536897
1320974885846396928
1320974531889123332
1320973422751604736
1320970414022119424
1320969743071850497
1320967126006566912
1320966185521917953
1320965791672578050
1320964727498035200
1320964341487861761
1320964154753273857
1320963841908482049
1320963802876145664
1320963385719017473
1320962869857570816
1320962293409210368
1320961852948443136
1320961752658575360
1320960556774338561
1320958892298309632
1320958843065651200
1320958745329999873
1321067620112703493
1321067480773586948
1321067471022006277
1321067427589861377
1321067395478392832
1321067332039528453
1321067194193686528
