1245469238195818496
1245468925804060676
1245468726776016897
1245468343244673027
1245468311334211585
1245467527267958785
1245467496930557956
1245467380412637184
1245467343578370053
1245467068910059520
1245467049129914369
1245466754966360066
1245466494168899584
1245466302703173635
1245466206490034177
1245466035245002752
1245466013098856448
1245464974966820865
1245463779548291076
1245463352991760386
1245463345068572673
1245462040635793408
1245461580042711043
1245461334206091264
1245461080329068551
1245461059323998209
1245460966961266688
1245460636986941447
1245460266319597575
1245459895857614851
1245459328695521285
1245459304632680449
1245458300524621825
1245458063143743488
1245457222563442693
1245457167030730753
1245456350471225344
1245456250806185985
1245455028392992772
1245455025809260544
1245407731508547594
1245407578491928584
1245407337625649159
1245407119207211010
1245406987053137924
1245406209152188416
1245405820977917954
1245405537031933953
1245405168482516993
1245404658891448322
1245404590213705728
1245402893114576896
1245402798180753410
1245402459293573125
1245402121526263808
1245401707216957440
1245401197068144644
1245401064947490817
1245400965571842049
1245400696289181697
1245400413370830850
1245399900566761472
1245399810393255936
1245399636011089921
1245399197324660736
1245398538927984646
1245398045354852352
1245397147291455494
1245397083592384512
1245396600056360960
1245396568590688256
1245396114544775170
1245395893072912384
1245395491749273600
1245395441182785537
1245394804344786945
1245394714746138624
1245394354606407680
1245392897614249984
1245392868501524484
1245392826386599936
1245233028974215170
1245228732807348224
1245228557900689410
1245223255708848129
1245219758892408832
1245218777458814976
1245218773805621249
1245168270182842372
1245167586456645633
1245166114511953920
1245165974678052865
1245165509722681344
1245164555766030337
1245161462794014720
1245161315024261120
1245156364948770816
1245500355648999424
1245500325596778496
1245500303878701056
1245499771546152960
1245498088363450368
1245497689493692418
1245497657767804928
1245497580433309696
1245496799046983681
1245496748572884992
1245496661700489216
1245495702559633408
1245493941207814145
1245493558896779265
1245493211247845377
1245493082314944512
1245492376392601608
1245492113816670208
1245490872264900608
1245490749254160387
1245490692748697601
1245490690429202432
1245489742076133377
1245489709964500994
1245488457235005441
1245488397302595585
1245488249457594369
1245487191855452164
1245487169432682497
1245487101409398784
1245486366508679171
1245486258668941312
1245486240679579651
1245485578247983105
1245249897600860160
1245249778847330305
1245248164321517570
1245247599852032001
1245244864637403141
1245243827767541760
1245242825924464640
1245242400064172032
1245241626936504322
1245239104373166081
1245238348299599872
1245238269622784000
1245235299656982528
1245201459639189505
1245201006234873858
1245200939885215746
1245200365383016448
1245200243504922625
1245199750959415296
1245197777065443328
1245196175722102794
1245196050488528897
1245195830551695360
1245192945411559424
1245192041358716928
1245191202921734144
1245190892429774848
1245188897623040000
1245328739908681728
1245327913119072256
1245326348815601664
1245326062797676545
1245325940873474050
1245325682089091073
1245323653115453442
1245321865310146562
1245321780211916800
1245321213578100736
1245318027861606400
1245316580231335936
1245316470663286786
1245313718923206658
1245438270542094339
1245437320087601152
1245437149475995648
1245437061672226818
1245436944320004096
1245436790913339394
1245436352432308224
1245435700796887042
1245434120148221953
1245433533595881478
1245433095551102977
1245432201841434627
1245432022971158530
1245431698394951680
1245431597081538562
1245431547198668806
1245430364174237696
1245430055632863233
1245429519344951298
1245429383352942593
1245428886797574144
1245428834939387905
1245428646690635776
1245428197413404672
1245427698366808064
1245427359722995718
1245427029865943043
1245426589124476928
1245426571198058496
1245426535856816129
1245426307896401920
1245425817016025090
1245425459879448583
1245424595206897665
1245424142758928384
1245424028845670401
1245423773286686721
1245423607490269185
1245423454712717312
1245423303763922945
1245153068364238850
1245149309177401345
1245148855508885505
1245146536352284674
1245145864403931137
1245145182791745538
1245143950383603723
1245143941151948801
1245143791402614786
1245138880531017729
1245138851120775173
1245484767275089921
1245484698148757512
1245483494718881792
1245483341505273857
1245482166768881664
1245481776778264576
1245481666069409792
1245480870959603713
1245480700100345857
1245480419946049536
1245479711066685440
1245479247944323078
1245478979152367616
1245478020648972291
1245477768038621187
1245477628854886400
1245477036556259332
1245476789016723461
1245476693441015808
1245476622720880640
1245476422430470145
1245476380785225730
1245475952727031808
1245475645284646912
1245475465067933696
1245475269751832577
1245475193302155264
1245475107822358528
1245474859762831362
1245474446250586115
1245474428865085450
1245473979005050885
1245473867608489994
1245473788520730625
1245473338014793729
1245472689491283968
1245472293817647106
1245472184270815234
1245471138030989313
1245470827845468160
1245470551382114306
1245470359144587272
1245470210141966337
1245470091598274561
1245469979966705664
1245469943715508224
1245361316610461698
1245360284891521025
1245360150006960128
1245358280962170881
1245357166485102595
1245356273958301698
1245355281871245312
1245355233305186304
1245354900596445184
1245353337010126850
1245352272718110721
1245351807976501253
1245351229531848706
1245351094370422784
1245350056745566211
1245348976896946181
1245347866417258496
1245346411752886274
1245345988971282432
1245343977248903168
1245343687305019392
1245342342455926787
1245342219109875713
1245341750186541057
1245340406482710529
1245339832005558279
1245338930196725762
1245338675443109890
1245336509512900608
1245336300200185858
1245335556567023617
1245335534962180096
1245334141551480832
1245333485046444033
1245331072537317384
1245376735497068545
1245376723937628160
1245376643050414087
1245376570325438464
1245376527656681473
1245376453061095430
1245376359398072326
1245376046188433408
1245375707590438913
1245375579525918723
1245375524819668992
1245375373388505090
1245375210892791809
1245374670599270401
1245374624092864514
1245374246571909121
1245374080041312257
1245373820988542976
1245372258585018374
1245372142377713665
1245371711748538368
1245371573630119937
1245371387969187842
1245371224718544902
1245370569702494208
1245369976581754881
1245369954880421888
1245369675912970240
1245369313969741824
1245369053394452481
1245368232422375427
1245368026670796800
1245366503479758850
1245366321493270528
1245366103087419393
1245364811044737025
1245363666406518784
1245363059100712960
1245362885938855938
1245297131117670400
1245293967194775552
1245293276799946753
1245288115335507968
1245287789035319297
1245287533703041025
1245285775329107968
1245283969903419392
1245283579954749442
1245283043545436162
1245282842894127104
1245282647825358848
1245282049336004608
1245312775582355459
1245312749644558336
1245312661610528769
1245312600956702726
1245312470538911746
1245312223578394626
1245309744228827136
1245307924370653184
1245303027755446273
1245300214682071041
1245299586996015104
1245299412236189696
1245299288483278856
1245299000695304192
1245298791672172544
1245298780553052160
1245298714878578689
1245297941612351488
1245184419641602048
1245181286932713472
1245178324134973442
1245177993766621184
1245177763511906308
1245177567176515584
1245177516157009921
1245177043563819009
1245176869294616576
1245175842810068992
1245174685052080128
1245171767888543744
1245170665537318912
1245217445914112000
1245216984972828675
1245216669519282176
1245216317373919234
1245211443663798273
1245210889881608194
1245209104139915264
1245208044386074631
1245207627598094348
1245206912943063041
1245205397461401601
1245204052331450368
1245203882051076096
1245203703155642368
1245392095147425793
1245391827030528000
1245391747909406721
1245391693198868480
1245391663582887936
1245391087532998656
1245391033208356865
1245390855751585798
1245390520509227008
1245390498027757569
1245390488670294016
1245390288975286272
1245390283832877056
1245390053603409920
1245389493907197952
1245389120920268801
1245388621563203585
1245388210257223680
1245388152002555907
1245387191796346880
1245386735212810246
1245386544338350086
1245386504794525697
1245386407255912449
1245386381985304576
1245385810431574016
1245385677719683072
1245385644249145346
1245385578289475590
1245385483032629248
1245385422693335042
1245384982702501900
1245384737935556608
1245384147117408256
1245383949771083776
1245383507351932929
1245383299574509574
1245383099048955906
1245383012239446017
1245382954047569920
1245382058530275330
1245381844226498562
1245381353606127617
1245381279857758210
1245380686942535680
1245380295827664899
1245379944009605121
1245379876703649792
1245379821254905856
1245379800740630529
1245379759007137794
1245379725712855040
1245379680984858624
1245379615356583936
1245379519671910400
1245379210757181441
1245379053143633922
1245378825955000322
1245378820649160705
1245378527677079554
1245378259216470016
1245378116291264514
1245377996531421184
1245377402739580928
1245377376197980161
1245453870295175168
1245453542141411328
1245453006105174016
1245452773342224390
1245451799546540033
1245450666551603200
1245450621185970176
1245450231052935169
1245449780874051589
1245449683805155330
1245449615010402304
1245449488681979904
1245449321052540930
1245449290509500416
1245449184402116610
1245449126029832192
1245448312590946304
1245447139620048896
1245446661649948672
1245446592938815488
1245446586429251587
1245446178591956992
1245446095397773312
1245445776437702657
1245444682525618178
1245444011847892992
1245443349877796867
1245442965511774208
1245442927981219841
1245442803984990210
1245442657725435909
1245442073123115008
1245441956387397637
1245441116419301381
1245441085821853706
1245441028104093697
1245440767289700353
1245440274186330112
1245440196067262464
1245439565315399683
1245439257096970241
1245281407712120832
1245278300198580224
1245276566931865600
1245276202312650754
1245275969021083648
1245275755422068741
1245274566290636801
1245269725623418880
1245266773211054080
1245265689591476224
1245263754385936384
1245263653470961665
1245263536823115776
1245263469458358273
1245262254217420801
1245261849744093185
1245261042835480577
1245259556667752448
1245257596799311877
1245256625319010305
1245254010501615616
1245253165554925569
1245423109563396097
1245422127961997315
1245421734876119040
1245420834803482624
1245420592032960512
1245420270850097152
1245420129292337160
1245419385461694464
1245418638460375040
1245418383992066048
1245418318221185024
1245418298092724229
1245418274550157313
1245418032165502978
1245416309204099072
1245415465846857730
1245415272766296064
1245413993117868044
1245413987690438659
1245413969973706757
1245412943027752963
1245412144054702086
1245411932477120512
1245411845327990784
1245411681804705793
1245411457052758016
1245411279336079363
1245411260503658498
1245411177796194311
1245410689918869507
1245410520984739841
1245410141370867714
1245410089588097031
1245409078953881600
1245409066056404992
1245408893049745414
1245408804034023424
1245408676556550151
1245408567622074374
1245408373031518210
