1264901136676503553
1264900822758031360
1264900805276164097
1264899911683846146
1264898403663740931
1264898222033702912
1264897992605171712
1264897763445297152
1264897507567366144
1264895639219064833
1264894709798973447
1264894170377842689
1264893819381743616
1264893142165225473
1264892820088918016
1264892621819969538
1264892131975540736
1264891186864705537
1264890104579010562
1264890081032245248
1264889110361145345
1264888610735755266
1264888011814318081
1264887689402253312
1264887045480120326
1264947111667400706
1264946923867303936
1264946832356061185
1264946126052098053
1264946033643012097
1264945663533596673
1264945141665525761
1264944764866134016
1264944620242231296
1264943744031297538
1264943712112705537
1264943491756351488
1264943111614205952
1264942964083744769
1264942758269267968
1264942472502763522
1264942328948690945
1264941584098963460
1264940594528423936
1264940590354972678
1264940258556338177
1264939768707678209
1264938864860422146
1264938800859484160
1264938570655117312
1264938180073177091
1264937070457470976
1264936238173298690
1264935885440679940
1264935219263688706
1264934531792060416
1264934429182570497
1264933221512478720
1264777602620887040
1264776921734279168
1264776078255677440
1264775871845588993
1264775685509222402
1264775334244868097
1264775164241338368
1264774507975315457
1264774310800941056
1264774188885258243
1264774095801122818
1264773553603280896
1264773250451746816
1264770627552100353
1264770533582761984
1264769066344034305
1264768457549242369
1264768126161432581
1264767495099088898
1264767304962801664
1264766653084110848
1264766486901673984
1264766484796014595
1264764970413195264
1264764947772440576
1264764774296018951
1264764623850541062
1264764548361445378
1264763952505991174
1264962294036828163
1264962281441497090
1264962020408950790
1264961991350710272
1264961576857149444
1264961211759759361
1264961024475770881
1264960880292368389
1264960575932698625
1264960545482047488
1264960492319182849
1264960195324772354
1264959258195615744
1264959175874039808
1264959146799104004
1264959022056251392
1264958932574928896
1264958867047415808
1264958759954272257
1264958480999464963
1264958235569684480
1264958149934661632
1264958124454227968
1264958118762622976
1264957624661008384
1264956239181643782
1264955780018700289
1264955743914123266
1264954878142676996
1264954657547452417
1264954542422142977
1264954280567607297
1264954019388305408
1264953812823035904
1264953687534735360
1264953685077090304
1264953682996727808
1264953618337353728
1264953393371586560
1264953100965740552
1264953076496072704
1264953001682317312
1264952828482580480
1264952704696229890
1264952618176004096
1264952474319966209
1264952469135724547
1264952120752640000
1264951205534597120
1264950617132486659
1264950203255316485
1264949706347761665
1264947866872750081
1264714973529268224
1264714929925320704
1264714912598757388
1264714907607601153
1264714787612753920
1264714785930829824
1264714574047129601
1264713497629339648
1264712601444986882
1264712593127747586
1264712462835879945
1264711015293267968
1264710463474065410
1264710272326856706
1264710213417996298
1264710195051143170
1264709732603883520
1264709298866794496
1264709102380466182
1264708995865915392
1264708959807475712
1264708858779439104
1264708851481423873
1264708795625877505
1264708355769225222
1264708089640517632
1264708000855388163
1264707985319870466
1264707864461017095
1264707832840171523
1265054844173328384
1265054797670936577
1265054506049552385
1265053726986960899
1265053369632088064
1265053199771320322
1265053169823842305
1265050566956326912
1265049251115139074
1265048833261780994
1265048739879751681
1265047789081366529
1265047744734990336
1265047569018826755
1265047231968587776
1265046889080270848
1265046847841853442
1265045967105073159
1265045728939790336
1265045687919677442
1265045496374218753
1265044961109643265
1265044653625262080
1265044180369395712
1265044033044447232
1265043317793980416
1265043201775349766
1265042557127581697
1265042373094096896
1265042037985828864
1265041769223327745
1265041316057976832
1265040939179020291
1265040678276513792
1265040554603225089
1265040286830526465
1265040043040624640
1265039893459111936
1264839152341827584
1264838534956904449
1264834116832411648
1264833922682281988
1264833921814081537
1264833840499036161
1264833683531448321
1264833331457175552
1264832786759692295
1264832698125897728
1264832335054241800
1264832033550786562
1264831872653242374
1264831640750247936
1264831271663960065
1264830988754042880
1264830294282166272
1264830138715213824
1264829954702934016
1264829512195477505
1264828576274268160
1264827780644118531
1264827332629577730
1264827261749825536
1264826852025282562
1264824167150637056
1264793115522727936
1264792542417162245
1264792094616551426
1264791846330314752
1264789732866682886
1264788676950798336
1264788303896875008
1264788106307407872
1264786950650769410
1264786142638952451
1264784919399546881
1264784269580423170
1264782924148355083
1264782820213313536
1264782423092584450
1264782379098476549
1264782179680296964
1264780992407052288
1264780692845727745
1264780665087811586
1264780538612715520
1264780215378681857
1264780013896896513
1264779509703704576
1264779210381561857
1264778863961427973
1264778678715723777
1264931683922513920
1264931299124543491
1264931276462493700
1264930776489103360
1264930659396653063
1264930595840368641
1264929987800555520
1264929526070591488
1264929509234671618
1264929109811048449
1264929049912041472
1264928866709245959
1264928666951155712
1264928511434858496
1264927337709211648
1264927304532152320
1264927130766499847
1264926756592549888
1264926354274910209
1264926303117066241
1264925985373380608
1264925970563129344
1264925588135043078
1264924682819600384
1264924566402600960
1264924271517851658
1264924088528748545
1264923995331334144
1264923970941390849
1264923821548634112
1264923340319469568
1264923238380875780
1264923066095865864
1264922790383300609
1264921831460331522
1264921819095674891
1264921689747607552
1264921658592317441
1264921276851748866
1264921036362936321
1264920782297337856
1264920504495939584
1264920223657926659
1264919670240485377
1264919136708296711
1264917133923942406
1265070058176262144
1265069533095768064
1265069180027580417
1265068249579950082
1265067681943707648
1265067601543286786
1265067543426973703
1265066672102223875
1265066545534742528
1265066326281777152
1265066132471496711
1265063975701680136
1265063687288692736
1265063343330598915
1265063175508156422
1265062754618150914
1265062610774429696
1265061213312094208
1265060856494206982
1265060286769377285
1265058998757330946
1265058582451687424
1265058572112715781
1265058504039071744
1265058362347192320
1265058302221836288
1265057522999844864
1265056846936711173
1265056846479413248
1265056773750378497
1265056406329331714
1265055816261894144
1265055207114883079
1264730139314860034
1264730067793588224
1264729690595405825
1264729683637219330
1264729533678305280
1264728453372424194
1264728313530114050
1264727962345254912
1264726767429988358
1264726356958437377
1264725968993779713
1264724910082936832
1264724792600522755
1264724202327769088
1264724039702061071
1264723586427863041
1264722617895997440
1264722231193751552
1264722146892353538
1264721985818501122
1264721979782893572
1264721732381732864
1264721395684081666
1264721211172499456
1264721187315183618
1264720765104074757
1264720609503830018
1264720189062594569
1264720112004800520
1264719214415314945
1264719159436468232
1264719144752201730
1264719142583775237
1264718696548913154
1264718298790453248
1264718186148245505
1264717508692541446
1264716991149019137
1264716932139241472
1264716640308154376
1264716530840985602
1264716432643940352
1264716416504213506
1264715959408955394
1264715768912056322
1264715503563612162
1264715251792007168
1264885199235616770
1264885092360482816
1264884310932434944
1264883722618372096
1264883654465126401
1264883435740504064
1264883321726734336
1264882519297703937
1264882501555806210
1264881157151371266
1264881010535251970
1264880654023622656
1264880592086339584
1264878091584880640
1264877662817878018
1264877386321006592
1264877344646365185
1264876517848473601
1264876502274969601
1264876497426419713
1264875990544715781
1264875646121107457
1264874242153148419
1264873557915586560
1264872347116462082
1264871905355579393
1264870999650185216
1264762336830722049
1264762158061101058
1264761823682756614
1264760971500929024
1264760670924558341
1264759985436864512
1264758805193207809
1264758679640801280
1264758372840112133
1264757847696572416
1264756652928106497
1264755788137914368
1264754587367387137
1264754476071583744
1264753429173370886
1264753030274179079
1264752455948144640
1264752403280166919
1264751427165052931
1264750482997854213
1264750436873052161
1264750349920768000
1264750305721417728
1264750251715461122
1264750131917848577
1264749758465351680
1264749492454096896
1264749470719242240
1264749399659425795
1264749386514534407
1264749315144200194
1264748362403905539
1264748230895562754
1264748227552702464
1264748097227218949
1264747966914387968
1264747661590233089
1264747399957721089
1264747363022880769
1264747355712163840
1264993246440239105
1264993188844048384
1264993184574246914
1264992856151908352
1264992588182048770
1264992190067085314
1264992064590229507
1264991929244225537
1264991662687899649
1264991440674844672
1264991311461003266
1264990924343513088
1264990600190926851
1264990135252389889
1264989566722650112
1264989466713829376
1264989398912905217
1264989202695012352
1264988963904913410
1264988519904182272
1264988044945494017
1264987730221678592
1264986811849269250
1264986502272090113
1264986442721157121
1264984815218065409
1264984681893826560
1264984439794384901
1264983642922782720
1264983133197197313
1264982759786917888
1264982745094258689
1264982481918480384
1264982012160507906
1264981746677960711
1264981428472856577
1264981316199747584
1264981060502409218
1264981015669268480
1264979383111921664
1264978655102603268
1264978619761340416
1264978168802349057
1265039629478252544
1265039400351694849
1265039329732296706
1265039016396836865
1265038778244030466
1265038755884400640
1265038067653586944
1265037937345015808
1265037902788124678
1265037758218846211
1265037182894436352
1265036471477702657
1265036190161481733
1265035976021282817
1265035889119543296
1265035704029057025
1265035606582689792
1265035191719952386
1265034673018867717
1265034050781220864
1265034006384594944
1265033553542287360
1265033377104588801
1265032451321147394
1265032079626194945
1265031914488037378
1265031666432499712
1265031454746202123
1265030487111872522
1265029820095873026
1265029742652272642
1265029184386146306
1265028996212776960
1265028944270671881
1265028790826213376
1265028320690876417
1265028150028914690
1265028064838389762
1265027988955058182
1265027985427648513
1265027980448931840
1265027537538703360
1265027415023202305
1265027073036267520
1265026651475382273
1265026519987916801
1265026172968030208
1265025827948953600
1265025504412930054
1265024888093519873
1265024756241387520
1265024587936305152
1264823677058613249
1264822718412849152
1264822338207600642
1264821937764732928
1264821469739089926
1264821219540566022
1264821096504795137
1264820978993049602
1264820735777873921
1264820700101181441
1264820419682603008
1264819916152209411
1264818972119220224
1264818912983683072
1264817130903650305
1264815978686357505
1264814095196393472
1264810764377952256
1264810724464791552
1264810344519589889
1264808654152351749
1265008484862607365
1265008268503547907
1265008071757254656
1265007680130822150
1265007457618845697
1265006968189652993
1265006627251466240
1265006590148489218
1265006377551921154
1265006356987330562
1265006122282430465
1265005407266881536
1265005079213596679
1265004473904234496
1265004444896432131
1265004417876660225
1265004342135922692
1265004203858169868
1265003861191917568
1265003827620691971
1265003757454196738
1265003173720150016
1265002844295290880
1265002610429493248
1265002295919599619
1265001944013082624
1265001504919949312
1265001158860554245
1265001006087180290
1265000786603528192
1265000532617441281
1265000475075715083
1265000393722990592
1265000033340002304
1264999670574653442
1264999584633421824
1264999372238053376
1264999266122072064
1264999158546526208
1264998647114207233
1264998569766989826
1264998047852793856
1264998043520204802
1264997946485063680
1264997920937586688
1264997770290778116
1264997671653257216
1264997324624932866
1264997160866676742
1264997002817032194
1264997000468140035
1264996699119984645
1264996697412861952
1264996457045733377
1264996339919831044
1264995646890704896
1264995240181628929
1264995237161832451
1264994819413364741
1264994795916857344
1264994452835360771
1264994406224089091
1264994384178806786
1264994233980801026
1264994053092978688
1264994052862337024
1264993943843995654
1264993910490828802
1264993780970725376
1264993429882314754
1264977796469686272
1264977683303133184
1264977608409845763
1264977539224743936
1264977502335893511
1264977318612697100
1264977241374687232
1264977010037788674
1264976906274783232
1264976677446320129
1264976432511488002
1264976417869135872
1264976416753532928
1264975950241918977
1264975578186297345
1264975480509227009
1264975340423860226
1264975259872063488
1264974953075691526
1264974637143744517
1264973707551936512
1264973243510927360
1264973208308121600
1264972688881258502
1264972569209303040
1264972529283858432
1264972191289901056
1264972162349305857
1264972062273220609
1264971479302787080
1264971370099666945
1264970915705741312
1264970526205923329
1264970351462809600
1264970032527933440
1264969722161795073
1264969654520381440
1264969368221487105
1264969064881020930
1264968842251579392
1264968496460337153
1264968367095582720
1264967712679374849
1264967038247763971
1264966661553246209
1264966481512521733
1264966217099509761
1264965970860412928
1264965864639598594
1264965797761314817
1264965500448018438
1264965308189536256
1264964884980281346
1264964383785881602
1264964265930350595
1264963969497825284
1264963829756198912
1264963788920557568
1264963752018931713
1264963257598607367
1264963185603477508
1264962800969015298
1264962758883381250
1264808347104133121
1264807240210538497
1264807188750614529
1264805249921028097
1264804684029624321
1264802779790442504
1264802165597573121
1264801883622785024
1264800761428480000
1264800231251677184
1264800022920679426
1264799941802811392
1264799874572222465
1264798521141706752
1264798022543835138
1264797924942319618
1264797175642329090
1264795242437451776
1264794898856914944
1264794431439462403
1264746289075572737
1264746266443071490
1264746058653065218
1264745204554313728
1264745200246820865
1264745054620356608
1264743965020041216
1264743788272115713
1264743189057089539
1264743185580003329
1264742746905956353
1264742588076171266
1264742138215948288
1264741912017330188
1264741832975626243
1264741225372008453
1264741079888408576
1264740695912468485
1264739493044604928
1264737704643825673
1264737648503140352
1264737541195956225
1264737220331741184
1264736668227194881
1264736545510227974
1264736510164828161
1264736416149524482
1264736331936268288
1264736267130019840
1264735464226992128
1264735324116324353
1264734407618957319
1264733920521666561
1264733593756041217
1264733347324067842
1264732981807255553
1264732683592183813
1264732340875603968
1264732340745535489
1264732340670156800
1264732100298760194
1264731706722004992
1264854584016732161
1264853696938196993
1264852983180939265
1264852896778051592
1264852816830574594
1264852411308539904
1264851455732789248
1264851049225031681
1264849472040906754
1264849229043949568
1264848918262829056
1264848573595697158
1264848348529463299
1264848164772773894
1264846142849847298
1264846011282927617
1264845298356060163
1264844408400146432
1264843176399056899
1264842994370273286
1264842667676053505
1264842440634236935
1264840278596374528
1264916451657502725
1264914814024867841
1264914811898519553
1264914235517284355
1264913748281765889
1264913577003057152
1264913438414901248
1264912642306686980
1264911616010711047
1264911286942470144
1264911160467480580
1264910834079277056
1264910826483351554
1264910323636506624
1264910302837161987
1264910011869921281
1264909284086865921
1264908824294625280
1264908607830843392
1264907708219691008
1264907606725926915
1264906913587900416
1264906428571160577
1264906242419499008
1264906153466769415
1264904437681868800
1264904376189177856
1264902883042099200
1264901644938027008
1264869838847127554
1264868034688270336
1264866873239371777
1264866362452848641
1264865053448310784
1264864068663468034
1264863542815031297
1264863414364635138
1264863276560719873
1264862838973247489
1264862487326920704
1264862239821086720
1264861338704187392
1264861325316022275
1264861145858523136
1264860340409466880
1264859895796563970
1264859827257384961
1264858920222425088
1264858152333443072
1264857653282590720
1264857375078518786
1264856443531833345
1264856215835873280
1265024378997096449
1265023891124236288
1265023687490748416
1265023528434352129
1265022868716433411
1265022229278056448
1265021090893565952
1265020945678417922
1265020825876549632
1265019566285094912
1265019428548210688
1265018898136666112
1265018459802435586
1265018233956061192
1265018087159533575
1265017838563098624
1265017463483351042
1265016828817883136
1265016332929687552
1265015836105990151
1265015439832363009
1265015154959360005
1265014945382412288
1265014332728975360
1265014235702063104
1265013619374411777
1265013282999382019
1265012317848309762
1265012179549462530
1265012141389733895
1265012119847698437
1265011602681745409
1265011196727570435
1265010760544956419
1265010649379344384
1265009640624005129
1265009622055661568
