1227259160011476992
1227258790237442050
1227258701855236096
1227258619495899137
1227258413568020481
1227258338829914112
1227257980518727680
1227257708350447618
1227257630802038791
1227257524862119937
1227257351645908992
1227257272692289536
1227256988687642624
1227256910086311936
1227256832546234369
1227256473513791488
1227256461610356738
1227256318903377920
1227256218823122948
1227256156478988288
1227256143061377024
1227255963423404032
1227255920373194757
1227255827993710593
1227255707331964928
1227255695239733248
1227255654827642880
1227255523164262401
1227255356826537984
1227255272629891072
1227255160289652736
1227254613465657344
1227254361195081730
1227254169448468487
1227254087500140544
1227253954762788864
1227253795241025543
1227253603691163656
1227253552231440384
1227253488901595136
1227253462796292102
1227253371805011969
1227253253022183424
1227253142821228546
1227253095228461056
1227252865913282569
1227252759558266882
1227252747554217985
1227252656663560193
1227252494004375553
1227252246309670912
1227252173945307136
1227252144581021697
1227252133453537281
1227251908009713664
1227251828359720962
1227251751457189889
1227251741613150210
1227251320274337792
1227251148115120130
1227251040447152128
1227250951930744832
1227250885136441344
1227250352472219649
1227250320419348480
1227250218653159424
1227250173971030018
1227249937521479680
1227249868105830403
1227249831699046400
1227249818218557441
1227249771615858693
1227249748278640641
1227249704221708288
1227249633556037632
1227249518246121472
1227249198526910470
1227248803650011137
1227248758917697536
1227248688579391488
1227248680853311489
1227248320810225664
1227248083379138560
1227247882828500992
1227247812498329605
1227247589168308228
1227247483132239872
1227247423057252352
1227247351686934528
1227246982781165568
1227246691562196993
1227246632967626753
1227246628379201536
1227246560557379584
1227246497680502784
1227246447004831745
1227246077419687936
1227246016971395073
1227246008217681920
1227245744492630016
1227245557564919808
1227245204807278592
1227245168073592833
1227245142429569025
1227245087228338177
1227244936984133633
1227244787259990016
1227244770130419714
1227244651456786432
1227136441949413376
1227136246033420289
1227135985319804928
1227135977455525888
1227135970555777024
1227135272632160258
1227135051244109826
1227134446765166592
1227134342490619905
1227133391121911809
1227133258468642816
1227133111017844736
1227132730296733697
1227132630417707008
1227132412070465543
1227132136559235072
1227131876856516608
1227131560106905602
1227131551290445828
1227131159005429761
1227131056840568833
1227130774144593920
1227129281857413120
1227129159618445312
1227128717652168704
1227128654892879872
1227128605458780161
1227128558721683457
1227127999201366016
1227127802157092865
1227127604072726529
1227127366092234752
1227127166317494273
1227127041163591681
1227126851287556096
1227126468297269248
1227126450266001408
1227126271445995521
1227126246624157696
1227125579025199104
1227125466672304128
1227125162962608131
1227125145552052224
1227124983534673920
1227124930241867776
1227124546169376774
1227124148348112896
1227123700383744001
1227122975054422016
1227122901767335936
1227122607750864896
1227122246050832384
1227122069927866368
1227121936683225088
1227028929866760193
1227028889291153408
1227028139622256641
1227027403211329539
1227027073086214144
1227026368392765440
1227026196342464512
1227026082198626305
1227025522766602243
1227025169522270209
1227025033433882626
1227024976105967616
1227024812608040960
1227023621698154496
1227023403170881536
1227023287504588800
1227023214238478336
1227023085007753216
1227023079060074498
1227022894460477447
1227022373859287040
1227022038981894145
1227021943179743234
1227021922514325505
1227021873365561350
1227021514890936322
1227021474772455425
1227021382812360706
1227021178960670720
1227021138154446849
1227020633495633920
1227020573139619841
1227020561462808577
1227020437156179968
1227020403358351360
1227020397188714498
1227019760795340801
1227019744223645696
1227019668717596672
1227019461472841729
1227121015156686849
1227120809950400513
1227120747618766848
1227120666564009984
1227120428709228544
1227120226795282432
1227119915758321670
1227119877124526081
1227119561989926912
1227119165380714496
1227119159626076160
1227118472070598661
1227118050551517184
1227117522442317824
1227117486925058049
1227117460282757121
1227117404158750720
1227115586435592192
1227115276958883842
1227115247795875841
1227115009232297987
1227114830827573248
1227114726003544065
1227114477121941505
1227113597194526720
1227113589762396160
1227113506866188288
1227113445499310081
1227113332320194560
1227112247933231104
1227111980684759041
1227110918095429632
1227110877297438726
1227110239570403329
1227110173501726720
1227109787592163329
1227109778754691072
1227109553763954689
1227109362197504000
1227109295256293376
1227108615993032704
1227108493410406400
1227108250878787584
1227108247787778049
1227107945890095104
1227107914420121603
1227107326966059008
1227106793001635840
1227106617247895552
1227106016027906049
1227059291913379840
1227059267070390272
1227059265988329473
1227058085723885568
1227058011144949760
1227057890193575937
1227057768135217152
1227057005489160195
1227056828002865152
1227056756146065408
1227056563342364672
1227056314448273408
1227056291383656448
1227055786368684033
1227055459476983809
1227055341025812482
1227055076784705536
1227055065321660417
1227055003933777921
1227054374737915905
1227053850399367169
1227053771139645441
1227053706459406336
1227053421234135040
1227053314405101568
1227053002034421760
1227052686220156933
1227052645875113985
1227052029819809794
1227051775737417729
1227051678609879040
1227051410233024514
1227051029063139328
1227050818894880768
1227050785432842240
1227050479944970241
1227050053321318400
1227050027127910400
1227050008324734976
1227049755898937344
1227049735682494466
1227049202498314241
1227049081664655360
1227049063645880324
1227049011590266880
1227048769402933377
1227048309166166016
1227048064071929856
1227047917820706816
1227047777001181184
1227046926077571073
1227046875100065792
1227046837586141185
1227046614600159233
1227046395271667713
1227046354020495360
1227046239784620033
1227045922644865025
1227045874473132032
1227044670045290501
1227044369624129536
1227044207724027905
1227304955377307654
1227304899593015303
1227304839102767112
1227304671120941056
1227304296871583745
1227304275598094336
1227303750630547459
1227303527841697792
1227303487375118337
1227303478827065344
1227303240141877248
1227302834904891393
1227302806198964224
1227302693837905922
1227302369148461058
1227302339096260609
1227302323606753281
1227302323359186944
1227302198863966208
1227302128076697610
1227302095579164672
1227302059160096770
1227301871188107264
1227301859674771458
1227301807615086593
1227301429469220870
1227301406371086336
1227301345293676547
1227301304772562945
1227301141966458883
1227301013771739138
1227300899346841605
1227300868908814336
1227300859400335364
1227300806652841984
1227300750239444992
1227300139708141575
1227300135379574784
1227300101644865540
1227299851047784456
1227299162259062786
1227299055597969409
1227298765452849152
1227298741138399232
1227298701002989568
1227298510351015938
1227298371653787654
1227298250451013634
1227298141839482880
1227297853275607040
1227297662065684480
1227297660190838784
1227297632244027392
1227297615806681092
1227297539990282240
1227296851558313984
1227296739989868544
1227296640408727553
1227296354516570112
1227296126015016960
1227295883802415104
1227295411402158081
1227295379261206536
1227294686416531456
1227294424130084864
1227294336435527686
1227294281465057285
1227293994322817024
1227293877410746369
1227293774705020929
1227293661773344768
1227293630299299846
1227293346219118593
1227292564191141888
1227292353188286464
1227292146245554176
1227291936257642496
1227291846113542144
1227290923463131136
1227290755024261121
1227290592742428672
1227290574484594688
1227274482022309888
1227274467849584640
1227274423998304263
1227274391832211456
1227274287616229382
1227273692763377669
1227273538081566727
1227273029501308928
1227272977621741569
1227272956151312385
1227272904104120321
1227272072205914114
1227271867695685632
1227271492339027968
1227271446990163974
1227271398332063749
1227271255629287425
1227271242727579649
1227271126348378113
1227270953392115718
1227270877370355712
1227270443784122368
1227270416818851841
1227270358102708224
1227270088635469826
1227269964928696322
1227269489227513857
1227269326811607040
1227268791761014785
1227268707111464961
1227268558679367685
1227268340030300161
1227268312330977280
1227268213186101248
1227267944763265024
1227267604290494465
1227267486946615296
1227267326954942465
1227267295388557317
1227267138466938880
1227266739391602689
1227266604150513664
1227266591827456002
1227266497183145984
1227266466266771456
1227266319189299200
1227266104222871552
1227266059398533121
1227265832717152256
1227265552248385538
1227265460368007168
1227265443385290752
1227264975770705920
1227264857520648198
1227264846191890438
1227264661277425664
1227264476350681088
1227264370905731077
1227264115086897166
1227264096841719809
1227264083113762817
1227263739843489792
1227263696235311106
1227263647941976064
1227263630850363392
1227263630191648769
1227263331221852160
1227263239970361344
1227263054104190977
1227262657423724545
1227262511407337472
1227262498463780871
1227262491232698368
1227262366427029504
1227261741396058116
1227261740456411136
1227261326180978689
1227261238553522176
1227261209872936963
1227261106902765568
1227261078175911936
1227260974471827459
1227260661568286720
1227260197032296448
1227260191449718784
1227259988747227136
1227259971563376642
1227259869448765440
1227259775450308608
1227259700829458433
1227259690964393986
1227151796415746048
1227151718632361985
1227151708498862081
1227151585148489729
1227151522410061824
1227151207413768192
1227151168754868224
1227150930027651072
1227150830878384128
1227150768907718656
1227150476090712067
1227150194795536384
1227150034917036032
1227149949378260992
1227149893355102208
1227149547299909632
1227149502932344832
1227148894036987904
1227148594299506689
1227147824313356288
1227147578757640192
1227147380597886977
1227147254420602881
1227146827662811136
1227145895340318722
1227145510592577536
1227145419928547334
1227145277871706112
1227145267654397952
1227145071792922628
1227144895980240896
1227144209746059267
1227144112966717441
1227144071489126401
1227143938643046400
1227143843126108161
1227142929485090816
1227142810010341376
1227142526152343552
1227141780400934912
1227141020158132224
1227140855636615168
1227140804814217216
1227140509430427649
1227139967962320896
1227139773569150976
1227139554026631168
1227139385596039168
1227138184296968192
1227137981116342272
1227137899868540929
1227137815705726976
1227137729345073153
1227137626781732864
1227137451522711552
1227137171435479040
1227137107912585216
1227136733478711297
1227197708974182401
1227197538429755393
1227197232283344896
1227196762240143360
1227196363311636481
1227196244818350081
1227196223947444224
1227196066145038336
1227195848959893508
1227195677387689984
1227195428158017536
1227195336038461440
1227195047596187648
1227194661803945984
1227194569965613056
1227194322786963456
1227194256625934337
1227192831061692418
1227192590002524160
1227192285303132160
1227192143589998592
1227192018771816448
1227191855005089792
1227191641586458626
1227191483058577408
1227191429539270657
1227191226077548544
1227191113532035073
1227190912301723650
1227190860648976384
1227190720513167360
1227190671154372609
1227189945992974336
1227189938715856896
1227189364926689281
1227189007148298240
1227188024938618880
1227187643739324416
1227187196496662529
1227187066926030848
1227186715191840774
1227186646698692608
1227186625555423232
1227186075640254465
1227185963408986112
1227185874900787200
1227185617705955328
1227185583182602242
1227185502060605440
1227185130533511168
1227184878233563137
1227184682363691008
1227184115578892290
1227183950201839616
1227183936666603520
1227183665437954055
1227183641085825026
1227183430888091649
1227183316237004800
1227183085902450688
1227182867844866048
1227351018142347266
1227350812629712896
1227349675281350661
1227348983397453825
1227348513433870336
1227348281857961984
1227348248219791360
1227347880442286081
1227347671024750592
1227347547129286657
1227347533753614336
1227347044282576898
1227346865147928576
1227346835653545985
1227346117836320773
1227345912818737153
1227345826952904712
1227345537285922823
1227345367911542784
1227344925710266368
1227344852544712706
1227344662945419266
1227344633308446720
1227344621900124160
1227343867931975680
1227343803176144896
1227343468659380226
1227343247770443776
1227343111443140613
1227342659141894147
1227342256052613121
1227342228311248896
1227341972765057030
1227341729319268353
1227341606681968640
1227341263147499521
1227340968560558082
1227340728973414400
1227340648149204993
1227340342413922310
1227339887176830976
1227339785536036864
1227339516031057920
1227339350297329665
1227339270894940160
1227338706547245056
1227338704252960775
1227338608505430021
1227338578797223937
1227338153880510464
1227338129025196035
1227337546654334976
1227337494066323456
1227337294874578946
1227336966867427328
1227336796050264065
1227336531960041476
1227320076572991489
1227319813443186688
1227319654596653061
1227319504386101251
1227319237749985281
1227318909147152393
1227318834387922949
1227318567575728131
1227318347198615554
1227318235051286529
1227318070139596805
1227318035058503681
1227316735172325376
1227316646798385152
1227316438723067909
1227316196565037057
1227316144756883459
1227315853668110340
1227315760005046272
1227315639204941827
1227315536259796992
1227315319577903104
1227315049708081154
1227314434084868098
1227314311372079104
1227314147039293442
1227314029372280832
1227314005032697859
1227313814875578369
1227313765881958400
1227313752506294272
1227313409626169345
1227313297571139584
1227313276511555585
1227312544144089092
1227312297221218305
1227312020585926656
1227311979007791105
1227311970451382276
1227311925006143488
1227311490719526912
1227311373924945920
1227311253372182534
1227311183901884426
1227311165551890437
1227311084836708355
1227311075990867968
1227311007191773187
1227310991672795137
1227310825649704964
1227310273758973952
1227310239575310336
1227310106481774592
1227310104585940998
1227309693300768768
1227309586857758720
1227309531018952706
1227309286038044672
1227309134703472656
1227309000015912961
1227308159292801026
1227308158009446401
1227307915175956481
1227307848486486016
1227307715195785217
1227307670706827271
1227307536711405573
1227307174403153921
1227306821943255046
1227306461396709376
1227306378055868416
1227306241111855105
1227306189299605505
1227306185189216256
1227306020608921600
1227305965197889536
1227305540910448642
1227305058636832774
1227305047786237955
1227366400764891137
1227365611384254465
1227365520141410307
1227365447852531717
1227365272870379521
1227364940840865793
1227364891637551109
1227364698993106944
1227364488749424640
1227364404326490112
1227364106962788352
1227363825621622786
1227363697372299266
1227363557991313409
1227363506275651584
1227363404513501184
1227363394367262720
1227363223302819841
1227363194257186817
1227362954963832834
1227362935560921096
1227362784566009856
1227362666655731719
1227362333418123264
1227362311385624579
1227362112785260550
1227361870786519040
1227361715731353600
1227361638443102209
1227361485447475201
1227361326046961664
1227361309743878149
1227361265720463360
1227361209290092544
1227361179904942086
1227361153422151680
1227361100309639168
1227361057091588097
1227360786693152769
1227360360975491079
1227360281308880896
1227360102224683010
1227359828940476416
1227359563193692163
1227359474094002183
1227359267268841475
1227359193436319744
1227359189166477313
1227359183604875264
1227359091074297857
1227358690438569984
1227358486339579904
1227358392903184386
1227358371097063426
1227358209133993987
1227357703569379329
1227357487453609984
1227357478507229185
1227357001845370880
1227356403834093568
1227356400772374530
1227356304462794752
1227356299555270656
1227355857442177024
1227355492864884736
1227355307397042186
1227355155403702272
1227355141990420490
1227355061199736832
1227354953120976901
1227354650799554560
1227354639215013894
1227354548567605249
1227354491390791680
1227354420096061440
1227354358133805057
1227354259164991494
1227354201908490241
1227354095922622466
1227353904427433987
1227353902237900800
1227353838706995206
1227353702576644097
1227353602760564736
1227353559433437185
1227353406962065408
1227353213852168193
1227352863178973184
1227352471221071874
1227352415935987712
1227351918722371588
1227351860341686272
1227351707509592064
1227212965054746626
1227212770296451072
1227212631410401281
1227212411133816835
1227212346172506113
1227212281789829120
1227212084888375296
1227211607450714115
1227211535271055360
1227211465922314242
1227211237361999874
1227211234375880705
1227211061889204224
1227210836076158977
1227210783001436160
1227210770255138821
1227210623043260416
1227210490608115712
1227210423428173824
1227210304251101186
1227210006359048194
1227209936959987720
1227209936201027585
1227209889514217472
1227209851580739586
1227209823646695424
1227209437993226240
1227209247823450118
1227209195759505408
1227209158534938625
1227209000636370945
1227208965798404099
1227208916997746688
1227208863499407360
1227208392063750145
1227208320601161729
1227207832933564416
1227207704772374529
1227207487570374656
1227207238466457600
1227206813138878464
1227206664824262656
1227206620649807872
1227205777003339778
1227205531900817408
1227205520752365570
1227204746152415233
1227204391884730368
1227204181347356672
1227204120878010373
1227203779818336257
1227203701917569027
1227203242372796417
1227203137251008513
1227202531102806018
1227202405684695041
1227202230618640384
1227201839604563974
1227201738903564289
1227201262015221760
1227200822074728448
1227200672069668865
1227200619435393027
1227200473821843458
1227200406243155973
1227200360923697152
1227200284432175104
1227200143893704706
1227200070166163456
1227199980852531202
1227199979778977799
1227199886971547649
1227199097397903362
1227198773660549120
1227198631758856193
1227198257371070464
1227198152932880384
1227197870627065856
1227381750617255939
1227381722729238528
1227381311410597888
1227380967347806208
1227380888155148288
1227380884174557184
1227380824196177920
1227380249299738624
1227380191942582273
1227380152134324224
1227380138678964224
1227380069699596290
1227379982797766656
1227379972240814082
1227379958625918976
1227379816397246471
1227379684482019329
1227379157237149698
1227379145937760257
1227379002047774720
1227378977557417984
1227378932787404800
1227378919235620864
1227378690897645569
1227378584274079744
1227378564540125185
1227378456423387136
1227378426136453120
1227378231013232641
1227378221068386304
1227377987374501895
1227377722894233602
1227377571387539457
1227377532867170310
1227377524285607937
1227377263311818753
1227377255971774464
1227377132822659072
1227376849967185920
1227376609830699008
1227376071693230081
1227375438575439873
1227375396963966981
1227375386914435072
1227375285517115403
1227375270346285056
1227375208803295239
1227374737690710016
1227374533952200704
1227374476964323329
1227374377693589504
1227374287327256576
1227374278053695489
1227374152937607168
1227374040660107264
1227373984272076806
1227373913182810112
1227373893343698944
1227373831226044419
1227373783247396870
1227373760409415682
1227373673465679873
1227373603743727617
1227373482343682048
1227373380401324032
1227373270762184705
1227373211475640320
1227373103673741313
1227373053555830784
1227372950699040781
1227372799083180032
1227372400901316608
1227372257288146944
1227372027729915905
1227371688846860290
1227370876552781824
1227370819833270272
1227370801286045697
1227370603314864128
1227370588102156299
1227370568787386369
1227370404123013121
1227370395554209792
1227370246710886400
1227370137369575425
1227369451403829248
1227369449788968960
1227369407887765504
1227369267617726464
1227369112407564288
1227368978638671872
1227368940558524416
1227368864792694786
1227368735352082432
1227367860856639489
1227367805160509445
1227367688722419712
1227367652340858880
1227367315106336769
1227367292121600001
1227289727197380608
1227289138304634882
1227289108982026240
1227288939918221312
1227288876076630016
1227288769323323393
1227288675060473857
1227288348332609537
1227288256787734529
1227288047647174656
1227287994161336322
1227287962897047552
1227287926456881152
1227287729018372097
1227287712924938241
1227287280332804096
1227286878581215233
1227286858805194758
1227286605783715840
1227285801815465985
1227285694793572353
1227285544373235712
1227285520201506817
1227285254391513090
1227285162846806017
1227285131603238912
1227284984152678401
1227284905475874817
1227284847950999552
1227284312774541313
1227283815959232512
1227283637911146502
1227283593325506562
1227283577064361990
1227283417601056768
1227283082627231744
1227282962305208321
1227282808248254464
1227282562751586304
1227282536314949634
1227282227068907522
1227282225114370049
1227282221880483840
1227281633197404161
1227281330645471233
1227280974247010306
1227280846354296833
1227280779887235087
1227280760677289985
1227280705698140160
1227280688157798401
1227280639189106689
1227280584805900288
1227280541721886720
1227280315468652544
1227280196010741763
1227280142319464449
1227280007862448129
1227279899771031552
1227279858281009152
1227279314409971712
1227279308504412160
1227279256075501569
1227279153210306560
1227278964286279682
1227278392476696577
1227278252273733633
1227277756968382464
1227277751083728898
1227277600680218624
1227277537425780736
1227277049095737346
1227276851955085313
1227276829456764928
1227276686707896320
1227276523218096129
1227276468159422464
1227276345262080002
1227276245286694912
1227276180488884224
1227276095214493697
1227276000838463489
1227275705932754944
1227275528153026560
1227275504438435841
1227275361202794501
1227274949045444608
1227274789649293312
1227274774826455041
1227182459613274112
1227182272799027200
1227182188539469826
1227181394855694342
1227181241235132416
1227181066756161536
1227180957091926016
1227180234488864770
1227180033401380871
1227179457213091842
1227179453907951616
1227179032480907264
1227178558633730049
1227178415826096128
1227178283634249731
1227178196514197505
1227177853235666945
1227177613896167425
1227177256096878592
1227177151797112835
1227176939040968705
1227175673011240960
1227175491813171201
1227175078099668992
1227174535109074944
1227173729068896257
1227173715386880001
1227173538248957952
1227172795416580097
1227172580466888705
1227172444995293184
1227172258659041281
1227172204401610752
1227172030090379266
1227171795817467907
1227171717333835782
1227171697473806336
1227171637914742784
1227171206471831552
1227171131230126088
1227171068873494531
1227170935603630080
1227170777264480256
1227170527573200896
1227170519708889088
1227170296874127363
1227169875912798208
1227169452799807491
1227169446713839617
1227169327113109506
1227169270804643840
1227169122368159745
1227169114889871362
1227168835679084544
1227168721418014721
1227168592778727424
1227167906972229633
1227167616474779650
1227167413197668352
1227335548764901376
1227335525587091458
1227335110774730753
1227335063051874304
1227335010119802880
1227334484586094595
1227334297813684229
1227334233313685504
1227334057878589442
1227333872272257024
1227333860679180291
1227333834661924864
1227333587655106566
1227333515567673344
1227333377998622720
1227333044467634177
1227332411350044675
1227332339031826433
1227332148069380096
1227331987855290375
1227331734875836416
1227331522354651136
1227331268960047105
1227330907314540544
1227330902474330113
1227330708600913921
1227330359018303493
1227330170140471298
1227329899633008640
1227329855550820352
1227329575182577665
1227329386304724994
1227329293384065024
1227328884363931650
1227328827321393152
1227328753455464449
1227328562660880389
1227328530498883589
1227328409841393665
1227328204635017216
1227328168853475328
1227327742687031297
1227327666623303683
1227327282110435329
1227327186149019648
1227327171611549697
1227326817075441665
1227326695730012163
1227326559335391233
1227326141142355968
1227326011525795840
1227325864297275392
1227325325383782401
1227325149810167811
1227325121108566023
1227324879344668677
1227324589782523904
1227324387847757829
1227324387168264192
1227324127146541057
1227323869566062594
1227323864138633216
1227323745045565441
1227323303871774720
1227323215837646851
1227323121612578817
1227322909800222722
1227322590022291459
1227322497957322764
1227322315584737281
1227322302502711297
1227322263973830658
1227322216238505985
1227321918510030848
1227321842697895938
1227321797630136324
1227321738477916161
1227321732274565121
1227321642596085760
1227321631909064705
1227321270766882819
1227320784336687111
1227320629331943426
1227320518833057794
1227167249817051137
1227166716364566529
1227166477444427777
1227165705876987905
1227164273660452864
1227164211446525952
1227164076905783297
1227164013504716800
1227163901852295168
1227163680254484480
1227162667539820544
1227161924900655104
1227161850091048961
1227161592804102144
1227161358602362880
1227161171066793985
1227161128901521408
1227160965457829888
1227160630467190790
1227159890055004161
1227159728242872320
1227159573913636864
1227159391411064833
1227159367830691840
1227159366605955073
1227159305868206080
1227158827751047169
1227158688529604608
1227158497680191490
1227158140631822337
1227158094091698176
1227158062122885120
1227157921735303168
1227157569560567808
1227157320825757696
1227157168215990273
1227156931246247938
1227156920869543945
1227156916884967424
1227156848559742982
1227156358715387905
1227156216507437058
1227156195695321089
1227156010214793217
1227155932682940419
1227155806279413761
1227155281043476480
1227155033906610178
1227154707401060358
1227154670814138368
1227154450365788165
1227154077936750594
1227154062874959875
1227153344642387968
1227152895054737408
1227152611050213377
1227152590410002432
1227152500026986496
1227152240818913280
1227090131007356929
1227090118902603776
1227089738215153669
1227089565434802177
1227089427182366721
1227089376582062081
1227089128740704256
1227088921986727936
1227088769750327296
1227088760145313798
1227087919535378432
1227087363261726721
1227087281032507392
1227087059690643456
1227086997090488321
1227086735865106434
1227086592864608261
1227086590784217089
1227086092987457536
1227085560990388225
1227085285760098310
1227084953093124096
1227084885816303618
1227084876224122880
1227084782993055746
1227084714181353473
1227084702512820225
1227084606152880129
1227084511915233281
1227084439135670272
1227084098855940097
1227084084406607872
1227084000637923328
1227083841040416768
1227083506792071168
1227083446045962241
1227083406376423424
1227083176020992000
1227083168815239168
1227083026192125952
1227082959255195654
1227082667306340352
1227082480173436928
1227082448032456707
1227082411047104512
1227082219690381316
1227082111892541440
1227082040446767105
1227081652976967681
1227081508877303808
1227081299325865986
1227081256480931840
1227081105775452160
1227081049395449857
1227081024670175232
1227080672474431488
1227080066825424896
1227080009510158336
1227079970989760512
1227079915561840645
1227079673898729472
1227079388035829761
1227079346462117888
1227079170880147458
1227079112310870018
1227079011597201408
1227078612836286464
1227078537578000384
1227078110476107776
1227078011691970560
1227077671181541377
1227077198814892034
1227077100579905537
1227076981302403072
1227076707338932225
1227076660320706560
1227076623196991488
1227076121675452416
1227076060166049793
1227075836190371841
1227075781244805120
1227075749313515520
1227075647647805444
1227075593692311557
1227075422136832003
1227075291933052928
1227075241135894528
1227075235452768256
1227075224618905600
1227044124085440512
1227044097115865090
1227042671895576576
1227042646159286272
1227042313521623041
1227041767968661506
1227041645394190337
1227041232603484160
1227040690594598914
1227040540514013186
1227040100414033920
1227039857488297984
1227039850131578880
1227039827234820096
1227039341429522433
1227039191915098113
1227038950558240768
1227038396939304960
1227038359274442752
1227037401358295040
1227037058042077184
1227036857571123205
1227036778462400514
1227036760150028288
1227036660010975234
1227036265612283906
1227036117486243840
1227035970412982272
1227035676111142919
1227035476067905537
1227035103718707200
1227034996143206400
1227034614860066816
1227034282125819905
1227034278053076992
1227033831812849665
1227033172937977856
1227033143540146183
1227032864946032641
1227032491317440513
1227032130934497281
1227032089578672130
1227031930513829889
1227031082798850048
1227030163956936705
1227030101960863744
1227029861878751232
1227029358537314304
1227105309669363712
1227105237309304832
1227105176718336000
1227105114705391616
1227103894854987776
1227103352472780801
1227103089515061248
1227103062898204672
1227102981658742785
1227102235500466177
1227102145050226690
1227101382919901184
1227101262950359040
1227100644441546753
1227100270183821312
1227099389757247488
1227099361181609984
1227099268051169280
1227098972784861184
1227098818744868864
1227098798779965440
1227098355597217792
1227098271358701568
1227098021512581122
1227097183574347776
1227097177903599617
1227096937809055745
1227096909824876544
1227095919742504960
1227095847508283399
1227095531224092674
1227095372029419520
1227095316601589761
1227095273744162818
1227094686696755201
1227093561037877255
1227093485079035906
1227093345840713729
1227093253746331658
1227093087010377728
1227093046996676610
1227092955250425859
1227092952029310976
1227092767274344450
1227092604698972165
1227092582473162752
1227092555348578306
1227092444673523712
1227092236136931328
1227092228440391683
1227091818006794240
1227091290338316289
1227091023152766976
1227090781300609024
1227090595308548096
1227228273463222273
1227227954427650049
1227227385969434624
1227227240368345088
1227227114132234245
1227227035413762048
1227227029315211266
1227227017134985216
1227226803145592832
1227226756899315713
1227226502984540161
1227226324382703617
1227226114789171200
1227226017682554891
1227225704858816512
1227225660395065345
1227225332849291267
1227225051591823360
1227224892623466499
1227224477982916608
1227224439135391744
1227224280255123457
1227223879996903424
1227223400071995392
1227222821136322563
1227222709614075904
1227222439194701825
1227222337097027585
1227222320336510978
1227221985446350848
1227221929121271808
1227221625717821440
1227220983787945984
1227220405338988546
1227220202976243712
1227220182311034880
1227219644345389056
1227219517501128704
1227218912967872514
1227218656368549888
1227218412277051392
1227217986462912512
1227217822389923840
1227217559251902464
1227217483926470661
1227217396752175104
1227217295048499201
1227216704805261314
1227216254328549376
1227215942968496128
1227215151083991040
1227214958506545153
1227214727174029313
1227214518347948033
1227214474194456576
1227214294833651714
1227214193884983296
1227214161521692673
1227214026062602240
1227213987479203841
1227213948161687553
1227213350037098497
1227213338104430592
1227213179672883201
1227074491332739072
1227074403747282945
1227074035760144384
1227073943514775557
1227073906038759425
1227073873599922177
1227073802502365185
1227073529889222658
1227072680513474562
1227071992949596160
1227071639227027457
1227070031638532096
1227070009039605761
1227069618402906112
1227069441436942336
1227068977660096512
1227067114642477056
1227066983138508801
1227066695614967815
1227066178138451968
1227065868904853505
1227065592294891520
1227065424434491393
1227064924087693313
1227064332174884866
1227064186561269762
1227064162016202752
1227063738785763328
1227062784732651520
1227062416652898304
1227062389536722944
1227062218048425984
1227062070400577536
1227061675838394368
1227061394023047173
1227061279304683520
1227060699513413632
1227060439944704000
1227060354795986944
1227060213817069568
1227059987270078464
1227059848681943041
1227243543686631424
1227243335460564993
1227243100524838914
1227242984325795842
1227242923139325963
1227242629366046726
1227242367671033857
1227242267745800193
1227241929445822465
1227241661454929927
1227241451387383810
1227241043965333505
1227240948922343426
1227240755795677184
1227240484789088262
1227240474324414464
1227240380426530816
1227240232140955649
1227240214466187266
1227240138599628806
1227240125043621897
1227239985415213059
1227239917362798592
1227239529339183104
1227239221213057030
1227239192545153024
1227239171657306112
1227238935937503239
1227238929071390723
1227238854698176512
1227238619867308033
1227238602830036992
1227238558131314692
1227238463088492544
1227238246670692354
1227238228349972481
1227238108468371458
1227238084309323777
1227237801667842048
1227237718872117249
1227237596776017921
1227237507722407938
1227237459160903680
1227237341523169285
1227236626666905600
1227236053284638720
1227235996971855879
1227235964352790529
1227235408062316551
1227235228676186112
1227235153220657153
1227234867269767168
1227234590877720577
1227234544689893377
1227234536154640384
1227234535529730050
1227233960868163586
1227233950952820736
1227233694538223616
1227233670991241217
1227233435514757121
1227233327238799362
1227233109483151360
1227233104324108288
1227233101337825282
1227232703415832577
1227232676177960960
1227232570536079360
1227232522410627072
1227232436351836160
1227231978963001344
1227231880010964992
1227231657419329538
1227231514141822976
1227231388400836608
1227231170259083265
1227231051010977792
1227230893003001856
1227230805983924225
1227230684923645952
1227230054003941377
1227230041471217664
1227229985229770753
1227229966259150848
1227229890279174145
1227229816354746368
1227229785883103234
1227229305916284934
1227229226471813121
1227229212085571584
1227228944899940357
1227228829967626240
