1290359169858572288
1290358479207768064
1290358333409566720
1290358131378106369
1290358025459503105
1290356609697435649
1290356238241402880
1290354036068233221
1290353969542332416
1290353342854594560
1290353312173191168
1290353070732447745
1290352922887241728
1290352810039681027
1290352399685767173
1290351722779627520
1290351674943352834
1290351116803362822
1290350938549563399
1290350829359247360
1290350782001426433
1290350316651548672
1290350276902301701
1290350212976910338
1290350055959015425
1290349207304515585
1290349072822534144
1290348407954051073
1290348151392657409
1290348065996636162
1290348017355284481
1290347799209553922
1290347494036123649
1290347311227457536
1290347007920541698
1290346945475641346
1290346927515729920
1290346891172093953
1290346881764270086
1290345871276556288
1290344989562740738
1290344813737512962
1290096663206326272
1290096385207877632
1290096045364371459
1290095955031650305
1290095807782219777
1290095637296377856
1290094582634393600
1290094472617840641
1290094043586629633
1290093355704020992
1290092687572361216
1290092675094310913
1290092315214622721
1290091198758047746
1290091034358116352
1290090921099276289
1290090451018514432
1290090323130093569
1290090005969289216
1290089158061498369
1290088947041759233
1290088655713779712
1290088438222397440
1290088428294397952
1290087773899067392
1290087399553286145
1290087221995831298
1290086917195743233
1290086483961896960
1290086424935452674
1290086274880221184
1290086269691846657
1290086004611616768
1290084684274122752
1290084531471450112
1290083484992602112
1290082429521125376
1290082236780355585
1290111829520166913
1290111434286936065
1290111408131072000
1290108915040923649
1290108679014895616
1290108505068670977
1290108501725913089
1290107685581381632
1290107193136685056
1290107139151675392
1290106901745659904
1290106022930128897
1290105644817752064
1290104320655007746
1290101607078612992
1290099925821267968
1290098853929050112
1290098681555779585
1290098676438720512
1290097910684606466
1290097572548243457
1290127380141363200
1290124111675441155
1290122784882831360
1290122091350487040
1290121672297766912
1290121326913417216
1290119682448453632
1290119154184290305
1290118346105483264
1290118344683577345
1290118276794552323
1290117893909180416
1290117140922503168
1290113606483312645
1290328080314183686
1290327563970240513
1290327523675574274
1290327095474819072
1290326947717885955
1290326938402398208
1290326311567872005
1290324820421378048
1290324785642102796
1290324619568852998
1290324183789064194
1290323521566986240
1290323470686081025
1290322950013489159
1290322824096292865
1290322072162443264
1290321622302326785
1290321061121331200
1290319691685060608
1290319490841018368
1290319386063114241
1290318597684961282
1290318247871553537
1290318060344283136
1290317258820968448
1290316360485142540
1290315565102399495
1290314632804962304
1290314495034720256
1290314184572440578
1290314027596312576
1290313872067395586
1290313806909001731
1290313617095528448
1290374431957811200
1290374395777564672
1290374286255955968
1290374154231746560
1290373641843232768
1290373316826394624
1290373270492139520
1290373116858732544
1290372852626202625
1290372851850194945
1290372310965170176
1290372142614208512
1290371532728832000
1290369235479388161
1290369159432409088
1290369105577553921
1290367963414040577
1290366174153396224
1290366051134386177
1290366010684514304
1290366001943650305
1290365984306614273
1290365719323054083
1290365718572269570
1290365390586097664
1290365269659942912
1290361478910894081
1290361089142784000
1290360859974184961
1290359710412046338
1290359605286010880
1290344036474277889
1290343731875516416
1290343615538110464
1290343575088234500
1290342986040119298
1290342646758744071
1290339777523286021
1290339706899697669
1290339159069130753
1290338352512864256
1290337753389924353
1290337357389082624
1290337134990286848
1290337055122157569
1290336674694615040
1290336506217930758
1290336278496649224
1290335327232626689
1290335125448916992
1290334569275809798
1290334495766228993
1290334299753811969
1290333475531296768
1290333296040251392
1290332187871649792
1290332164471623680
1290332108272132097
1290331600652181504
1290331256639586304
1290331183620947970
1290331041291534337
1290331018751283200
1290330109220708352
1290329734153482240
1290329291830566912
1290329288940695557
1290250242269409282
1290250230525571073
1290249890132455425
1290249506869526534
1290248655060914176
1290248373430300673
1290248355537289216
1290248013722443777
1290247423864971266
1290247113884831745
1290247049045131266
1290246395425771520
1290246082027376647
1290245752392790024
1290245312666169344
1290244597793226752
1290243522411368449
1290243395491782657
1290242134365233152
1290242018766012417
1290241803896070145
1290240666220470273
1290240206193356801
1290240005500096512
1290239355362058240
1290237912244658177
1290237776093261825
1290237120024461313
1290237061073641472
1290236197961216000
1290235445054332928
1290219781761581056
1290219754716684290
1290219529193193472
1290219382422097920
1290219035070668801
1290219032050692097
1290218609659142149
1290217118210768897
1290216136689123328
1290215954622816261
1290213669607890945
1290213267906994176
1290212243078959104
1290211840413372416
1290211136915116037
1290211079415463936
1290210958304874496
1290210145004265473
1290210105414189056
1290209965529894914
1290209287126560768
1290207935188971520
1290206400501575680
1290206388820381696
1290436865682739200
1290436622278897667
1290435652593627137
1290435590819913729
1290435572515966982
1290433030172155905
1290432076395601920
1290431174364389376
1290430074450255874
1290428771196051458
1290427826496131074
1290427401009344512
1290427299012239363
1290426600677240832
1290426130982469633
1290425921581862912
1290423718213296129
1290423154448437248
1290422775769948160
1290422381694115840
1290422195978752002
1290422085135806469
1290421440794308609
1290421177106694144
1290420624414912520
1290420436451373058
1290414741148573697
1290414584789114888
1290413224894976001
1290412881180266498
1290412379508006912
1290412261379538944
1290411705223151617
1290411515208765440
1290411260719190016
1290408857165008897
1290407866516504577
1290407853027713024
1290296702331584512
1290293727752331264
1290293375657062400
1290292829588058113
1290292817852420096
1290292789083688960
1290292398656860161
1290291610270355456
1290291478900518912
1290291407073107973
1290291362336833537
1290291189921361921
1290289975615844354
1290289971002146818
1290289626389782529
1290288947310944256
1290288653709611008
1290288527003901954
1290287465710919682
1290287159878942720
1290286934443491333
1290286534957072384
1290286441315016705
1290286360121622529
1290285648247582722
1290284888323534849
1290284414685995008
1290284307768946690
1290284253318717440
1290284068110663685
1290283984170004480
1290283900384681991
1290283766317867008
1290283370941837314
1290283268185772033
1290283241740673041
1290282971056963585
1290282950538403842
1290280957908402177
1290280868108365829
1290280471864078336
1290280163649785856
1290279906799050753
1290279448479055875
1290279266706313216
1290275727137370113
1290275523600343041
1290275330045939718
1290273701401751552
1290273627821281280
1290273491191652355
1290273126622756865
1290272729183158273
1290272645464776706
1290272481400385538
1290271521177559040
1290271517830414343
1290271203890876417
1290271197695848454
1290271167870197760
1290270779188289536
1290270715980087297
1290270310441263104
1290269168101556226
1290268827259871232
1290268636515414017
1290268610758287364
1290268291437490176
1290267344820826113
1290266841294635009
1290266580929011719
1290158237484900358
1290158094283137024
1290156854484508673
1290156653392756736
1290156455526424576
1290155744533323776
1290154600868151297
1290154092010991616
1290153453746917378
1290153153749377024
1290151512094605312
1290149869064261632
1290144544852340736
1290235011908558848
1290234906493083648
1290234500862140417
1290232724595253249
1290232177519517696
1290231822870147075
1290231781115990016
1290231154767884290
1290230943274262529
1290230783999741952
1290230673194676225
1290230203566809090
1290229767988367360
1290228420417208321
1290227513650745344
1290226367494152192
1290224712405024773
1290223743164280834
1290223489165619201
1290223223351607296
1290223097199693825
1290222962478481410
1290222201900167169
1290221542408769536
1290221189206437889
1290220391487533057
1290220263347384321
1290220038260105216
1290143051516538882
1290142378657865730
1290139631153901571
1290139275455995905
1290138528706433024
1290137617879584768
1290137522589167616
1290136987945414656
1290133987608805377
1290133108314869761
1290133078103306243
1290132532751560705
1290132290308169728
1290132256363700224
1290131652757266432
1290131098467364865
1290130955550654464
1290130186608898048
1290129403674890245
1290128789372985346
1290127968782577664
1290188809879957504
1290188333885218816
1290188217027670018
1290188003789246464
1290187771684851714
1290187131067879424
1290186134333489152
1290185758758719490
1290185124575768579
1290184669284069376
1290184465378152448
1290184320900952065
1290184249639759879
1290184130924167168
1290184051035213824
1290184047579164673
1290184012770623488
1290183140627996673
1290183008264151040
1290181787537117184
1290181156793487362
1290181050191101952
1290181034940612608
1290180600456912897
1290180592147996674
1290180584325644288
1290180018497183744
1290178571059699712
1290177979046232066
1290177154936737794
1290176977165406209
1290176652257816576
1290173937452584960
1290173828010635264
1290204063334834178
1290202060500217858
1290201752365498368
1290201225917370369
1290201062155137024
1290201011018063872
1290199049073655808
1290198007418368001
1290196642080096256
1290196380380585985
1290195838942076928
1290195712634810369
1290195153140023296
1290194819214528513
1290193972179083266
1290193820265537537
1290193365443547136
1290192963872538624
1290191728419278849
1290191502979690501
1290191066734313474
1290190823032795138
1290190392357396484
1290190266352070662
1290189940068765697
1290189455295303680
1290189269839917058
1290189045260140547
1290189032463323139
1290173425206648832
1290172613621293056
1290172061407514625
1290172052234596352
1290171023497637888
1290170836796583936
1290170571968274433
1290170345819738116
1290169959755128833
1290169822681145345
1290169041223483393
1290168332541243394
1290167752162869249
1290167302936301569
1290166761040613376
1290166021119082502
1290165832362860544
1290165817565425664
1290165711575212033
1290162986254966784
1290162903585132544
1290162765714219009
1290162593756262401
1290162145716367365
1290162111507845120
1290161847643983872
1290161064953262080
1290160944119574528
1290160107603386368
1290159861087404037
1290159659886604288
1290158911618654208
1290158583758204930
1290081007945674752
1290079332434448385
1290079180860739584
1290078294621196288
1290078213591334914
1290077844173799425
1290077689605316613
1290077648563998720
1290077614065848320
1290077484017266688
1290076785602830337
1290076448015802368
1290076357162971136
1290076186782113794
1290076104489947136
1290075927045476352
1290075637269446656
1290075415021748224
1290265671301861376
1290264180499419136
1290264159142068227
1290263710192132097
1290262492405534720
1290261448141275137
1290260926650699783
1290260754336284678
1290260752205406210
1290260615844392961
1290260479240056832
1290260422096875520
1290258887820550144
1290258826432614400
1290257384934236160
1290256978875359235
1290256631100403713
1290256576767356930
1290256556047519745
1290256435968868352
1290256407221002242
1290256402900951040
1290256401168658434
1290255967016194049
1290255009653784577
1290254335633285121
1290253942161461248
1290253541672497153
1290253062976593920
1290252893732220928
1290252829223919617
1290252625607303168
1290252346279305216
1290252255661154306
1290251441131540480
1290251279776673792
1290251208028872704
1290251071147765768
1290250791274475520
1290390176754262016
1290389745776775168
1290389110188838914
1290388543215415298
1290387964225179648
1290387679511797760
1290387536649441280
1290387223817474048
1290387133123964929
1290387019919753221
1290386394402246656
1290385520187645952
1290383437455659009
1290383294991867906
1290382713728520194
1290382614449270784
1290381755791286272
1290381686488752128
1290381163778002947
1290381032206864384
1290380822827225089
1290380359566274560
1290379454116777985
1290379069184327680
1290378661120679939
1290378497303748608
1290378104808996864
1290377847253721089
1290377397485928448
1290377313981521920
1290377311691382785
1290376627663314945
1290312390337335298
1290312387367710720
1290312171289743366
1290311468131352576
1290311322698158080
1290310346847092737
1290307961479299074
1290306329244889089
1290304923452575744
1290303780114894848
1290301767276589058
1290301303852109825
1290301056845398016
1290300948791742470
1290300635749863425
1290299922357448704
1290297963516895232
1290405421958729739
1290404779085234176
1290404774634954752
1290404596410703872
1290404546443976709
1290404526655119360
1290404104007749632
1290404071539703808
1290404070046552073
1290403418935263233
1290403370029776898
1290402919205031936
1290402839479672839
1290402767950032899
1290402694289436672
1290402265333764096
1290400830701666305
1290400666641457154
1290399723174666240
1290399377777922050
1290397288146378752
1290396721789505543
1290395495576121344
1290394052916056069
1290393539357093889
1290393257298530307
1290391830589247490
1290391597495062528
1290391438245662720
1290391003799719936
1290390791001604103
1290390782642446337
