1284608256141332483
1284608216530395136
1284608195743416321
1284608097957421062
1284607857326006273
1284607840196407296
1284607544913285120
1284607422800236545
1284607380492255232
1284606970402676746
1284606926710505475
1284606908482097154
1284606883848830976
1284606332549701632
1284605552128069633
1284605077206863872
1284604650562498560
1284604345393115136
1284604034683305984
1284603989133340679
1284602970345218048
1284602446522863619
1284602028317171712
1284601372327936000
1284600795351207936
1284600541406994434
1284600493168304129
1284600450113658880
1284600424679510016
1284600005538582534
1284599947824959489
1284599712348340224
1284599168321949697
1284599035093856257
1284598880433328128
1284598267964280832
1284597977219239939
1284597247850819585
1284597100794318848
1284596761143762959
1284596271332892672
1284596186704379909
1284595608817369089
1284594783944671233
1284594592717905920
1284594232427253760
1284594172725518337
1284594139804209152
1284593696655265792
1284593183582679041
1284348699368464385
1284348576466972673
1284348388599894016
1284346856219254787
1284346337312387072
1284345902409359361
1284345598078930945
1284345426188042240
1284345396857380870
1284345380981768192
1284344599448821761
1284344450144231425
1284343016136769536
1284342396130648064
1284340832347332614
1284340827087687682
1284340727380574210
1284340668207370241
1284340318620356609
1284340125892259840
1284338959703773184
1284338394177376256
1284338216200437762
1284338016740241408
1284337781502705666
1284337666327281665
1284337098112356352
1284336790086676481
1284336773716414464
1284336729294438400
1284336176166576128
1284336084512419843
1284335593137332226
1284335416439476224
1284335099081822210
1284334789860958209
1284470523070562306
1284470488165687296
1284469671014670339
1284469410372214791
1284468752717938698
1284468380024676353
1284468075648225280
1284467838489591814
1284467835893424129
1284467766402052097
1284467675066970114
1284467431684046849
1284467336737628160
1284465831489961985
1284465694206316549
1284464678802874371
1284464649652535297
1284464507260227585
1284464387063975936
1284464363533893633
1284464355078275074
1284464037896626176
1284463914281910274
1284463745389834242
1284463670743924736
1284463346562015234
1284462827663757313
1284462130742341634
1284461882515034112
1284461667104030720
1284461629795696640
1284460887462629376
1284460200334962688
1284460161642442754
1284459947011514368
1284459749191421956
1284459526914297856
1284459403362607107
1284459374916915201
1284459220604248065
1284459123493556225
1284459001288314883
1284458866013622275
1284458860200308737
1284458768093204481
1284458356057546752
1284458349183094788
1284458202814279682
1284458191405887488
1284458031317766144
1284457315106603010
1284457020813381637
1284456290681409537
1284456277373063168
1284456192362741760
1284455924967641089
1284455818918801410
1284455744922845189
1284455699091795970
1284455426378158084
1284318164009078784
1284317654665355265
1284317098122940416
1284317034009047040
1284316963649404928
1284316776940007425
1284316208565821441
1284316178949853186
1284315574680477697
1284315469298769920
1284315336599375872
1284314707533463552
1284314662608273409
1284314654374846464
1284314295665414144
1284314076638838785
1284314033022066688
1284313053077680128
1284312899347820544
1284312691948040201
1284312371469717504
1284312330768015365
1284312314703994880
1284312264829317120
1284312166716313603
1284311678465835008
1284311241633214464
1284311235115319296
1284311186213928968
1284310717252829185
1284310672671756294
1284310641088569345
1284310293137420288
1284310275169103872
1284309958415220737
1284309857710022657
1284309817297756161
1284309798989660162
1284309608220114946
1284309570630946818
1284309433409925121
1284309278950490114
1284309202769522689
1284308996195790860
1284308851622383623
1284308546113269760
1284308402055770113
1284308071997673472
1284307984286232579
1284307951369494528
1284307871111344128
1284307699010646016
1284307436153843712
1284307039532003330
1284306972066476032
1284306943574712327
1284306867834032128
1284306594579308544
1284306494226235392
1284306213296132096
1284305911398518784
1284305834499948546
1284305642627362816
1284305137876574208
1284305059682095104
1284304842979250176
1284304769645809666
1284304567581040640
1284304380661915648
1284304284562014208
1284303266335961088
1284333374711017472
1284332752192536581
1284332022240915456
1284331763750154240
1284331275864682499
1284330471162368001
1284329889353674752
1284329431226634241
1284329221259755525
1284328745151549440
1284326985616044033
1284326863171616768
1284325849240502273
1284325623305957377
1284325519232847874
1284324861435772928
1284324523899314179
1284324513375752194
1284324022142955520
1284323858003066880
1284323443278778373
1284323101757644800
1284322925093552130
1284322851135332353
1284322494502117376
1284322451661271041
1284322307369050113
1284321873677803520
1284321540012748804
1284321417429807105
1284321342721077256
1284321107567185920
1284320996669915136
1284320625717202944
1284320557769519104
1284320488349630464
1284320297143984128
1284320256312242176
1284320126485925889
1284319918003978240
1284319736159809536
1284319640600973312
1284319622351613954
1284319538251730945
1284319239172575232
1284318692894015495
1284287040914251776
1284286994160345088
1284286917014511616
1284286748709646336
1284286714211561473
1284286703876931584
1284286675846225920
1284286661984235520
1284286253047975936
1284286232487485440
1284286056796491777
1284286009518120962
1284285728613113866
1284285448924405760
1284285050369069057
1284285029305077760
1284284913756196864
1284284542371717120
1284284247952375808
1284283834972790785
1284283827284844544
1284283511650824194
1284283379333070854
1284282833050066945
1284282741085794304
1284282521249693697
1284282437800001537
1284282324201484290
1284282209420140546
1284281853948694531
1284281838945603584
1284281776710586368
1284281565682429953
1284280913501794304
1284280841825406976
1284280817552896002
1284280513155477504
1284280422923292673
1284279961038323718
1284279952766984192
1284279825885257730
1284279548826267648
1284279018200735749
1284278600288567298
1284278204845391877
1284278204694503424
1284278089606889472
1284277270887059456
1284277241611001858
1284276904149889024
1284276765389717505
1284516716530348032
1284516662524416004
1284516638117834752
1284516423977631744
1284516360635252736
1284516245363134465
1284516143634489344
1284515891456225282
1284515726469091328
1284515529479335937
1284515350462083072
1284515246577770497
1284515158883217410
1284515026578149381
1284514944743100420
1284514745157025792
1284514652735574017
1284514545759903745
1284513752835072001
1284513690532945920
1284513661457924102
1284513486278742017
1284513454246768641
1284513320192679938
1284513294552834048
1284513122846412800
1284513101862309889
1284513066525380616
1284513023328235521
1284512733094912001
1284512726111399937
1284512654632062977
1284512516878589952
1284511975418982405
1284511843315326976
1284511828526223362
1284511761190838272
1284511743075590146
1284511682040147968
1284511451390947328
1284511383451774976
1284511278468399104
1284511159274463234
1284511151674535937
1284510317041655809
1284510232820035587
1284510216340623360
1284510085968871424
1284509920742842368
1284509781760204801
1284509610024620039
1284509349155614721
1284509313072091138
1284509253005455360
1284509242423033856
1284509024596168707
1284508883612921859
1284508584114630657
1284508432402386950
1284508250646478848
1284508168979009536
1284507780121014275
1284507764707012608
1284507633077104641
1284507420283285506
1284507309289418752
1284507175348588544
1284507151990317056
1284507121518882817
1284507013385523200
1284506872771477505
1284506524975542272
1284506287435403265
1284506157214658560
1284505922765758464
1284505867472314369
1284505554250063872
1284505451774701569
1284505350855696385
1284504999259770882
1284504603103498240
1284504435268313088
1284504318486417410
1284504252984033283
1284503937752748033
1284503388118372352
1284503269994303489
1284503191699066881
1284502905819725824
1284502643554103296
1284502094775562240
1284501994456199170
1284501949442818048
1284593139433570306
1284593075277504513
1284592742941720577
1284592587114938373
1284592060167794689
1284591935798345730
1284591704125968384
1284591682722377733
1284591580037500931
1284591529949114368
1284591437141749760
1284591320439369728
1284591308263366658
1284590942222254081
1284590625388728322
1284590517045649408
1284590453829009410
1284590433008521221
1284590227240169472
1284589997341970432
1284589862461378560
1284589710015451137
1284589434076368896
1284589345157120005
1284589341675868161
1284588934949777413
1284588754393595904
1284588668309721093
1284588194168631297
1284588113663348736
1284587640080097280
1284587510090391553
1284587215511678977
1284587182649475079
1284587006891143168
1284586699511738372
1284586261320212481
1284586254508666880
1284586025487081474
1284586011658457093
1284585967580590088
1284585895983808514
1284585407682883585
1284585216410091523
1284584586123579394
1284584528305061888
1284584170707202050
1284583954948018176
1284583443179933699
1284582980934152195
1284582777271222272
1284582685487149056
1284582489554595850
1284581664270802950
1284581618733154304
1284581425820446722
1284581422922174464
1284581069140844544
1284580790601318400
1284580735744081922
1284580578763972608
1284580557486264320
1284580391156723712
1284580133278556161
1284580090731528193
1284579598194352133
1284579308959412226
1284579245461663744
1284578779780833286
1284578725754011649
1284578559915253760
1284578354943991811
1284578309666480128
1284532193092440065
1284532055729037313
1284531943317671936
1284531847494430720
1284531755417042945
1284531652102885376
1284531448465092608
1284531180138672128
1284530863875805185
1284530749283147776
1284530742937124869
1284530575362097152
1284530561386598400
1284530387478347776
1284530384424689664
1284530216468123649
1284530081231183872
1284530038335959040
1284529923231830016
1284529749805670400
1284529674337615872
1284529667278544900
1284529624249229314
1284529615029956609
1284529520314384385
1284529409421189121
1284529257721532418
1284529086514126848
1284529012468002824
1284528993493037056
1284528975570710529
1284528958273400833
1284528743793471491
1284528411868893186
1284528203726491648
1284528031726555138
1284527943348355072
1284527689991364608
1284527660664840192
1284527599683764229
1284527510470918145
1284527292048449537
1284527066608697344
1284526904574382081
1284526859267514368
1284526719005872128
1284526535433756672
1284526441875623937
1284526417166970886
1284526131534798848
1284526104716480516
1284526016489283587
1284525931290398721
1284525839908995075
1284525534467301382
1284525159379095552
1284525008908320770
1284525000897200129
1284524956957777920
1284524909457297409
1284524814686920705
1284524764728631297
1284524566396764161
1284524478714781697
1284524468694589441
1284524277786607616
1284524075621253120
1284524072504897538
1284523800453734400
1284523779713097729
1284523420957372416
1284523315462275078
1284523108431536130
1284522909600448514
1284522893473312775
1284522834912587776
1284522803597901825
1284522671619936256
1284522647490101248
1284522441616785408
1284522403960205312
1284522213681401857
1284522105065758721
1284522021754478592
1284521672020762624
1284521631348645889
1284521604404273152
1284521584741486599
1284521474204872705
1284521465878962178
1284521447218700290
1284521439224193024
1284521416520421376
1284521229521760257
1284521152451411968
1284520893105020931
1284520842651676672
1284520293315338242
1284519999751757825
1284519888799838208
1284519864175132675
1284519851021660160
1284519707282997248
1284519415728484352
1284519156948381699
1284518991172698123
1284518988039495683
1284518896540815360
1284518881680396289
1284518747760406529
1284518433183473665
1284518423612071936
1284518277968846848
1284518137233317889
1284518026436640768
1284517921100828675
1284517613914083328
1284517475368001536
1284517371068260354
1284517145020424192
1284394212751036416
1284394153430802433
1284394002507198464
1284393237386428416
1284393062253420544
1284393060663779330
1284392500283793409
1284392461167505408
1284392282834206720
1284392204329508864
1284390289315069955
1284390083588534273
1284389623435866113
1284389227388702721
1284389114511581185
1284388664525467648
1284388266741915649
1284388201872756736
1284388088484175872
1284387009016954881
1284386718511017989
1284386190750289920
1284385677870723073
1284385499256426496
1284385376115863552
1284385075996397569
1284384558620839936
1284384556381024256
1284384504866648066
1284384429373362176
1284384187705950209
1284384058621882368
1284383629339013120
1284383544928854018
1284383226799296515
1284382972809019395
1284382838503157760
1284382762082983937
1284382567752298496
1284382498080935936
1284381483965145090
1284381353639923717
1284381104154214400
1284381058625150977
1284380957487726592
1284380886448963584
1284380796174897152
1284380656873738241
1284379919452004352
1284379540954009600
1284379302419730432
1284379164540383232
1284623598007709697
1284623341949681666
1284623031797571584
1284623010109030400
1284622079975981056
1284622039022804997
1284621879731384320
1284621504370470914
1284621446577258496
1284620821156311044
1284620747273572352
1284620335086735360
1284619683749081089
1284619205136936960
1284619083351306240
1284618693545091072
1284618650863849472
1284618598678327296
1284618007742996480
1284617950771593216
1284617708697530370
1284617591017705473
1284617331851886592
1284616605389881345
1284616498879672320
1284616411692900355
1284616306575147008
1284616110822715392
1284615862113247238
1284615648367304705
1284615490137014272
1284615012640649216
1284614833950744577
1284614198308282368
1284613949393006593
1284613909224120320
1284613761332948992
1284613681360236544
1284613175271256064
1284613085320241153
1284613065942749190
1284612967082807298
1284612956857290752
1284612894387314688
1284612848899903488
1284612602765750273
1284612561175027714
1284612529851781120
1284612449820442624
1284612374209589248
1284612350457372674
1284612295289528320
1284612247264739328
1284612186887745536
1284612106474655745
1284612075596034048
1284612000476041216
1284611915931504640
1284611826890620933
1284611778266017793
1284611675249770496
1284611548573503489
1284611186747756546
1284611004257546240
1284610935479566336
1284610832769441793
1284610328957984769
1284610310515625990
1284609730909016065
1284609287633985536
1284609056074797056
1284608920103903237
1284608888072032262
1284608568252141570
1284547338183290885
1284547118200430593
1284547005986086912
1284546902592290816
1284546696416903170
1284546416832950272
1284545999562670080
1284545910761050114
1284545900174405632
1284545874798931968
1284545869744795648
1284545732549246976
1284545731005685761
1284545728409468930
1284545629746794496
1284545575807905792
1284545241559826432
1284544612242055174
1284544462593687556
1284544162633842688
1284543977123979269
1284543224703590401
1284543058663571458
1284542945157361665
1284542774931578880
1284542546451009537
1284542442386202626
1284542362144964614
1284542085350035457
1284541884849848326
1284541816889647104
1284541712946298883
1284541630842916864
1284541246216835077
1284541220417462277
1284541173823148033
1284541068789325824
1284540236421165058
1284539950072041472
1284539801824264193
1284539718038888449
1284539611310632965
1284539535108591617
1284539418594799616
1284539404313395200
1284539393064292355
1284539074792116226
1284539067238100992
1284539060682399745
1284538900170645504
1284538838937939968
1284538701478010890
1284538547589066755
1284538092578316294
1284537970268282881
1284537894800162816
1284537669444403201
1284537566860054529
1284537539492294659
1284537432361377792
1284537312710467584
1284536985089191941
1284536893074481153
1284536805119922176
1284536639986032641
1284535886902960130
1284535766497075200
1284535194607915011
1284535192980463616
1284535189625016321
1284534749336186881
1284534732072661001
1284534626795438080
1284534566703845376
1284534340622352384
1284534108937428997
1284533922819461120
1284533786131066881
1284533728673398784
1284533726324629505
1284533605478420480
1284533583374409728
1284533551770357760
1284533484841730049
1284533156901724161
1284533131983368192
1284532910276644870
1284532778126712834
1284532734837182464
1284532498500710400
1284532376455073793
1284532278832570370
1284455281750151169
1284455112493035522
1284454670287634432
1284454203050659846
1284454174458089472
1284454154044309505
1284454134582775810
1284454120779403264
1284453861466550273
1284453836258709505
1284453509283422209
1284453389871407106
1284452827616681985
1284452791541350400
1284452770565640192
1284452155387150336
1284452062336434177
1284451571569319938
1284451570340581376
1284451220661448704
1284451049173131265
1284450714530570240
1284450317736845320
1284449909232607233
1284449826831294465
1284449764432654337
1284449667833569280
1284449600250753024
1284449415059709954
1284449391718232069
1284449348252770305
1284449247279157249
1284449112943927296
1284448942571184128
1284448785033240576
1284448630179606530
1284448219544653825
1284446827274739712
1284446498449772544
1284446481781596163
1284446049189363713
1284446008802521089
1284445979458932737
1284444679463817218
1284443507990593536
1284443293720485889
1284442630441652224
1284442310403674118
1284441415506944006
1284562550143832065
1284562491180224512
1284560904395395072
1284560648974872576
1284560643551637505
1284560634202386432
1284560423828807680
1284560019288199171
1284559813830037504
1284559697757036545
1284559553103826949
1284559338825232384
1284559185787510784
1284559130737311745
1284558991360774145
1284558807234940930
1284558779707727878
1284558682911649795
1284558656332345344
1284558634618249217
1284558256652693504
1284558085659537410
1284557933632581632
1284557845506199553
1284557542211846144
1284557064350687232
1284557062358401030
1284556743687667714
1284556703913119744
1284556676788621312
1284556445019770880
1284556424610275332
1284556233119338497
1284556195806744581
1284556182032732163
1284556064055148544
1284555798815936512
1284554553095008257
1284554393136898049
1284553600413446147
1284553537272180736
1284553522323656705
1284553429357125633
1284553382598979584
1284553371895160832
1284553235957788673
1284552844109062144
1284552715729805312
1284552454101581825
1284551941725532160
1284551300865236997
1284551265436016642
1284551228626800640
1284551187644198912
1284551120589922309
1284550985696841728
1284550508686925825
1284550315216232448
1284550160245313541
1284549816203145217
1284549420948656128
1284549234776133632
1284549203511959552
1284548823344267264
1284548615625678851
1284548610340859912
1284548532028846081
1284548129241673728
1284547843370475520
1284547648859639809
1284577706890362880
1284577681774960641
1284577293176836096
1284577127829065729
1284577012812787712
1284576949436702721
1284576937919291392
1284576834538082307
1284576822936535040
1284576574927278080
1284576499753005056
1284576295666372609
1284576292726362113
1284576047615348736
1284575854283173892
1284575615585120256
1284575001765507072
1284574772693590016
1284574585040457728
1284574301211914241
1284574151559327744
1284574060157050883
1284573906582593541
1284573669545709568
1284573651715710976
1284573412116049920
1284573399491190784
1284573247732948992
1284573172109475840
1284573122839158785
1284572923089563648
1284572533623119872
1284572463289040897
1284572096421601282
1284571815277469704
1284571756691423233
1284571572288647168
1284571305887571968
1284571219283632128
1284570814126465026
1284570286977953792
1284569902091649024
1284569613406294026
1284569279711653889
1284569109397528577
1284568810419154944
1284568766093746177
1284568248751546368
1284568175804375041
1284568166216040449
1284568065817153536
1284567694222807040
1284567594557534208
1284567270732247042
1284567140167802880
1284566969908428806
1284566564973555713
1284566496354631682
1284566353391898624
1284565974683979778
1284565959114518528
1284565928257024000
1284565717661241346
1284565291704496128
1284565262621179904
1284565143012159488
1284564935230586882
1284564340566142976
1284564323592032256
1284564177625980930
1284563943084699649
1284563716223180800
1284563692013735941
1284563645788110849
1284563590649991168
1284563201242337280
1284563194674118656
1284562904478556160
1284439964759941121
1284439849886535680
1284439834044530688
1284438939290480641
1284438689196716032
1284438629750718464
1284438442626121728
1284438365371129856
1284438291492687872
1284437750138040320
1284437080676999168
1284436998669787136
1284436913001291778
1284436191308382211
1284435917709680640
1284435746493992960
1284435288283127809
1284434970707206144
1284433474640924672
1284433338930024449
1284432858657030145
1284432759159762946
1284431558305370119
1284430902009851905
1284430588523548672
1284430345039826945
1284430305017892866
1284430056916504576
1284429932345593857
1284429862867030017
1284428669839179781
1284428327839662081
1284428273888395264
1284427714372546560
1284427697225994240
1284427534084472832
1284426981807923200
1284426947200798722
1284426804015636480
1284425947102490624
1284425508118298625
1284424834223689729
1284424553821876225
1284424472108425219
1284424367083003905
1284424000370888709
1284423893273411584
1284423632224124928
1284422659913195520
1284422600387629056
1284422596004474880
1284421117818531840
1284420958330261505
1284420430963630081
1284420281960980480
1284419952410267648
1284419727796826113
1284419443053875203
1284419401316536320
1284418147257384960
1284417502244671488
1284417429813317632
1284417162589933568
1284416857831649280
1284416672196173824
1284416532534222854
1284416486182752258
1284415539847335937
1284415440073232384
1284415245507801088
1284414903831236608
1284414329421533186
1284413942027042816
1284413304962678784
1284413184355340294
1284412672218259457
1284412672071462912
1284412353874923520
1284412096869019648
1284411856833187840
1284411598057152512
1284410915627118592
1284410727197896706
1284410477527867392
1284410349450678272
1284409843022016512
1284501261556101131
1284501202655490049
1284501125958447105
1284500884689498112
1284500667567153153
1284500490210992129
1284500467238739968
1284500229304094720
1284500164321832961
1284499654403653638
1284499636074319872
1284499605007355906
1284499471892729856
1284499435079249920
1284498652015349761
1284498074145038336
1284497921010921476
1284497666366480384
1284496144425525249
1284495822164566016
1284495555675160576
1284495438972964865
1284495245531648001
1284493993741410304
1284493556695142401
1284493520741400578
1284493246606041088
1284493173574840320
1284492905873313796
1284492597839433729
1284492363902091265
1284491885537632257
1284491768491376641
1284490732292767746
1284490649379786753
1284490172520857600
1284490056670089216
1284489796396691457
1284489616964366336
1284489489168109571
1284489428367486976
1284488175595945987
1284488094285213698
1284487148218060800
1284486955246465024
1284486819422371843
1284486318085607424
1284363829619486720
1284363797180735489
1284362707584430086
1284362490839797760
1284362387739402240
1284362104502272000
1284362054376144897
1284361518407208961
1284361250294517760
1284360768490631170
1284360528421322752
1284360523392458752
1284360315111522305
1284360313777778688
1284360164548636672
1284359364472700929
1284359267928113152
1284358554632302592
1284358402316087299
1284357409381679104
1284357305702785024
1284357228900708352
1284357041369251840
1284356749882011648
1284356691388174341
1284356193150959616
1284355953928704001
1284355435106115586
1284355020322897920
1284354642957172736
1284354406117519360
1284354166484336640
1284353904570822656
1284353886124478464
1284353513191903232
1284353226771271690
1284352491010826241
1284351832525950979
1284349440229126146
1284349088406704128
1284349068291051520
1284349042487627776
1284639078340874241
1284638937647132677
1284638896199012352
1284638764309139461
1284638357931384833
1284638082650669057
1284637684640751618
1284637668702380032
1284635912605818880
1284635853571141632
1284635326644797440
1284635315093868546
1284635314443767809
1284635134671675392
1284634942266368001
1284634942228455424
1284634871382462464
1284634438215729152
1284634433656676357
1284634146816565248
1284633421944426496
1284633285897773056
1284633261357051904
1284633181497569281
1284632682647957510
1284632592986365952
1284632274814636032
1284631929094987776
1284631141018939392
1284630769562836992
1284630470026760192
1284630278099447808
1284629988407308288
1284628538986045441
1284627699953270787
1284627561058914305
1284627542373052417
1284627448978649089
1284627336743321606
1284627149958320128
1284627088788590594
1284626762329198597
1284626696465870849
1284626690086522881
1284626678052986881
1284626638949486593
1284626288171458563
1284626022433009666
1284625889708449793
1284625888538005504
1284625874185265154
1284625330804854785
1284624937068658688
1284624719560540173
1284624453176119298
1284624358833610752
1284379012849180672
1284378936382824449
1284378622493519873
1284378432290291714
1284378298131181569
1284378264988012546
1284378231274000385
1284378228057010178
1284377435069452288
1284376359033278464
1284376053872500736
1284374909288947712
1284374678098915328
1284373835651993601
1284373252073193473
1284373228551626753
1284372815442071552
1284372442916552704
1284372221855580162
1284370873718382593
1284370076439732224
1284369914061611009
1284369105424920576
1284368780471283714
1284368629832667136
1284368551244161024
1284368474228158467
1284368330359529473
1284368231000670208
1284367808847966208
1284367775935463426
1284367578702348288
1284366793881067522
1284366507238141953
1284366211732705283
1284366201213181953
1284366102907117570
1284366036985212928
1284365582909964290
1284365382002737152
1284365346414014477
1284365221960626176
1284364094041141248
1284409318398398466
1284408924712644609
1284408773570854912
1284408442359361536
1284407803369730048
1284407739880476672
1284407560431230977
1284406741497782272
1284406393286660096
1284406225136910336
1284406034711404545
1284405950758055937
1284405750010273798
1284405575124647936
1284405490890440704
1284405327690182656
1284405292906606592
1284405198648213505
1284404646535147520
1284404297728311297
1284404191805530113
1284403070114369542
1284402658443497473
1284402527409037312
1284402169970491393
1284402045399728129
1284401625570975744
1284401618163609601
1284401286167908353
1284400528156499969
1284400254876618753
1284399750213709824
1284399349640900609
1284399037379051521
1284398153232457728
1284397915906150401
1284397355236720640
1284397338103107585
1284397334546092032
1284396922153861120
1284395260681039872
1284395252808179714
1284394587403026433
1284394582013349894
1284394298436456449
1284394230190878721
1284486091194630149
1284485813619822592
1284485790769258496
1284485191843696642
1284485165256003584
1284484967939084288
1284484865191288833
1284484758580363264
1284484317255659520
1284484316567875586
1284484284967989249
1284483824022241280
1284483823292616711
1284483305220513792
1284483215953199104
1284482775240900608
1284482445170155521
1284482426845134850
1284481793794678784
1284481741118480389
1284481719043751937
1284481279262691329
1284480647214632960
1284480541421527043
1284480419887493123
1284479980433440775
1284479785083822080
1284479588635226113
1284479296929763328
1284478806397526021
1284478665540227073
1284478623714619393
1284478378700083202
1284477457140260865
1284477298423599107
1284477113505140736
1284476730225201153
1284476369645326342
1284475508432961537
1284474847544786944
1284474585929449472
1284474436775604226
1284473266158141440
1284473105189044237
1284473067205533696
1284472993792458752
1284472987517882368
1284472608260579330
1284472358661758976
1284471898919915520
1284471873745465344
1284471801314070530
1284471623404445697
1284302187565203456
1284302002890010624
1284301460457418752
1284301017601970178
1284300871413706752
1284300432785977344
1284300239264813056
1284300045219762176
1284299924360892421
1284299494700593153
1284299350340825088
1284298790233608192
1284298782264324097
1284298727839035394
1284298727763525632
1284298410926002177
1284297707742363648
1284297453169250306
1284296191098880001
1284296050577149953
1284295619809554432
1284294349367451649
1284294274700292098
1284294261878304768
1284293880813441025
1284293810198020096
1284293289068212224
1284292985820086272
1284292958288621568
1284292898628857856
1284292852235694080
1284292355562983424
1284292087027044352
1284291778355572736
1284291717382971392
1284291572356579329
1284290884155006979
1284290476091351042
1284290182674554881
1284289742360784897
1284289170211512327
1284289136728379394
1284288768732626945
1284288683357732869
1284288535030198273
1284288534849839106
1284288269421879303
1284288018401185792
1284287813710733312
1284287639504302080
1284287379990368258
1284287363422748674
1284287181033357312
1284287152596148224
1284287114868228096
