1337288444742049792
1337288323388166144
1337288319902703616
1337288185366253570
1337288021578833920
1337287966968963073
1337287688978743298
1337287680422522881
1337287234647691264
1337287217472016421
1337287114245935105
1337286773634953216
1337286393803001857
1337286229545660416
1337286073194598406
1337285938758766594
1337285852712431616
1337285401158053889
1337285326193250305
1337285324242898944
1337285284329828352
1337285219775377408
1337285039529181185
1337284874391187456
1337284573621792768
1337284025220730880
1337283844110774272
1337283663055249413
1337283475280457730
1337283326000975873
1337283187450540032
1337282963617230850
1337282719047430146
1337282162387787780
1337281747986182145
1337281684694298624
1337281242421661701
1337281136414887939
1337280621702311936
1337280589439832066
1337279708350865408
1337279612951388166
1337279399192719362
1337279170859196417
1337278780331728898
1337278529206149120
1337278372402130944
1337278293809262592
1337278038430502912
1337278027189821440
1337278005538906117
1337277918150443012
1337277887737548800
1337277764018163713
1337277686822080512
1337277624348008448
1337277511064018945
1337276925400797185
1337276902034321409
1337276862620459009
1337276784539283456
1337276412969902080
1337276283080753154
1337276182299983878
1337276151522213888
1337276138574524416
1337276121532882950
1337276048816279553
1337276018801876995
1337275852342480898
1337275688701878272
1337275684423516160
1337275609840562176
1337275393590562817
1337275391833223168
1337275385155743745
1337275354377908225
1337275309775757313
1337275309461299201
1337275283708133377
1337275243392454658
1337275158059315200
1337275132474138624
1337275093118939137
1337275053398953984
1337275043391352832
1337275009664917505
1337274980757766144
1337274920020086784
1337274911979687938
1337274843121631233
1337274815724457984
1337274723978403840
1337274667086663685
1337274627442151429
1337274530352402434
1337274410047139841
1337274191179968512
1337274147576008704
1337274029158387712
1337273764594118657
1337273603990044673
1337349537573216263
1337349338373222403
1337349137075879937
1337348839150383110
1337348797714878464
1337348710989230080
1337348703665807361
1337348634464014336
1337348427512868865
1337348420822962176
1337348284818608128
1337348114752147459
1337347997311651841
1337347479218556928
1337347214939713536
1337347214172184576
1337347144529948673
1337347124510547969
1337346931916410880
1337346681701093376
1337346523445817345
1337345995441631232
1337345969256587264
1337345815543681025
1337345712024154112
1337345364312076289
1337345295361990656
1337345233747648513
1337345120329318400
1337344839323676673
1337344609429508096
1337344534620069888
1337344424280551425
1337344267384217600
1337343823807123461
1337343669976911874
1337343526158422016
1337343422634582017
1337343079955783680
1337342559522152448
1337342406463811586
1337342139999678464
1337341677829201920
1337341388606730240
1337341347422822401
1337340645069950978
1337340408599371776
1337340318275035136
1337340264030068737
1337339724764209158
1337339395888672768
1337339385247883265
1337339163557978112
1337339122059538432
1337338866815164418
1337338863279345664
1337338522244681729
1337338406993539072
1337338397556400128
1337338314588819463
1337338239347093505
1337338198905794560
1337337647010881536
1337337344714805249
1337337311583866880
1337336892124262401
1337336865716842497
1337336280296738816
1337336257681174529
1337336225158451200
1337336149925355524
1337336095948804096
1337335623435366402
1337335508087808005
1337334862739611649
1337334828383969281
1337334814064644096
1337334783437893634
1337334782020235264
1337334447801204740
1337547691018993664
1337547640825925632
1337547593019174915
1337547537352454145
1337547100654104580
1337547064792788994
1337547018135277569
1337546450516013058
1337546289920299009
1337545890270244867
1337545752520904705
1337545678055202816
1337545601559502848
1337545514527559681
1337545430947794946
1337545375331266560
1337545263620247553
1337545214228099074
1337545147425427458
1337545070543835141
1337544938066612225
1337544709481312257
1337544299974692865
1337544159457107970
1337543846587195395
1337543542453972992
1337543467988381696
1337543368029638656
1337543362883235840
1337543203961122817
1337543153172221952
1337543076915646466
1337543003460743169
1337542877459705860
1337542809897885696
1337542753962643457
1337542685650006020
1337542614913069058
1337542437716287489
1337542379671330824
1337542367428169729
1337541924480114688
1337541882432327686
1337541433193062412
1337541274224607233
1337541270437244928
1337541113197060098
1337541031764619270
1337540732584927234
1337540683515777035
1337540559657979905
1337540310511960065
1337540295941033988
1337540209488039941
1337540098464702464
1337540090986434560
1337540039954186240
1337539849184808961
1337539683572576257
1337539484708184068
1337539427791491072
1337539407411286019
1337539197901697029
1337539055710580737
1337538982863835136
1337538931508662273
1337538464292761601
1337538316925882368
1337538211011182592
1337537953158066176
1337537944245198849
1337537752082993152
1337537721909260291
1337537714929987585
1337537553168265216
1337537528723804163
1337537233872584705
1337537190646177803
1337537147486806019
1337536970348777476
1337536962593435648
1337536728568127489
1337536719592321025
1337536567930400769
1337536419313672193
1337536418172694528
1337536384022818816
1337536213792722955
1337536097115582466
1337536087619616768
1337536052911693824
1337536025133010944
1337536012671741954
1337535888843304962
1337535716163784704
1337535700179120129
1337535696702234625
1337535672584957953
1337535493236535296
1337535445912215554
1337535409098731520
1337535367604482050
1337535110753775618
1337535107364769793
1337535084279320580
1337534788480196608
1337534702828351489
1337534536742268931
1337534434342539267
1337534254759071744
1337534194717749248
1337534097976160257
1337533746216484867
1337533716705447943
1337533176177184774
1337533132266934274
1337532668926423041
1337334410006286336
1337334386740482048
1337334330092208128
1337334092216426496
1337333734094344193
1337333638296375302
1337333547015737346
1337333464689991681
1337333349501841408
1337333241301364736
1337333206694051842
1337333167288504324
1337332866737295360
1337332771648311297
1337332760524963841
1337332417955291136
1337332247708438529
1337332078938124289
1337331981034676225
1337331865750007808
1337331451562438656
1337331430834262016
1337331027035840512
1337331018924257280
1337330398100119552
1337330320035745792
1337330061243015168
1337329865348050949
1337329446567596033
1337329438162345985
1337328715722706944
1337328438785392641
1337328380014956544
1337328379972882432
1337328315758047232
1337328292735504384
1337328221889716225
1337327814769577984
1337327673681461250
1337327428344176640
1337327362803896320
1337327319762006016
1337327205370781696
1337326921038827520
1337326626900676610
1337326563944247296
1337326450282795008
1337326362470674432
1337326109419995138
1337325645529956352
1337325579134263297
1337325352482385922
1337325266209824768
1337325153676648448
1337323279594516481
1337323241535246336
1337322980771319809
1337322842438955008
1337322811484897280
1337322746687197184
1337322677149650944
1337322337109225472
1337322150601121792
1337322128903786503
1337322104342126592
1337321992861564928
1337321801118937088
1337321799701426176
1337321499426844673
1337321480674226176
1337321405805826049
1337321289703415808
1337320772034064384
1337320759534911491
1337320709639565317
1337320541988872199
1337320381225439232
1337320372962783233
1337320294558691330
1337320259431305218
1337320214287904776
1337320175906009089
1337319630390476801
1337319537247547393
1337319493593231369
1337319481828368385
1337319409342279680
1337319343047102464
1337365072390328322
1337364883998978050
1337364404686340096
1337364103589924864
1337364059348488192
1337363865659715584
1337363785527533571
1337363325018050562
1337363314507190273
1337363129064443906
1337363009153486850
1337362886239334400
1337362744081862658
1337362727220641792
1337362660317425665
1337362640591605764
1337362317156216833
1337362295123480577
1337362264287039488
1337362050146832388
1337362021268992001
1337361603398864896
1337361539649724417
1337361448817864706
1337360920985575424
1337360886944714752
1337360818766274560
1337360753347670016
1337360432512700416
1337360177415114752
1337359768546127872
1337359733066502144
1337359395576045570
1337359332069888000
1337359037961183238
1337358931958575105
1337358885162635264
1337358846126399488
1337358727838625795
1337358604265897985
1337358514520547329
1337358355875115009
1337357980103225345
1337357427910565888
1337357368892350469
1337357119713140736
1337356939798466561
1337356413392334860
1337356265245175809
1337356264821682177
1337355580932022273
1337355419358908417
1337355082158006273
1337354840549117953
1337354630364344322
1337354605437603841
1337354300813496320
1337354290898345984
1337354211437244416
1337354204902543361
1337354173646565378
1337353893416759297
1337353552969297921
1337353057848487937
1337352559271489537
1337352524265877504
1337352395773399042
1337352283680600070
1337352252873265152
1337351689637072896
1337351679696637957
1337351649300525056
1337351201202057216
1337350992875171842
1337350646408867842
1337350560773775360
1337350284729745413
1337350281466695680
1337349997399072769
1337456756897832966
1337456751650672640
1337456701184872450
1337456680762658819
1337456647766085634
1337456486939766787
1337456463216861187
1337456428055994368
1337456383818686466
1337456332379664390
1337456310338658306
1337456250045538308
1337456248992788483
1337456176548753411
1337456161759633408
1337456147477852160
1337456093660925952
1337456047922012162
1337455954749689857
1337455794833518595
1337455648968216580
1337455624259506176
1337455598074540033
1337455520244887552
1337455475269328898
1337455441782190081
1337455342570115072
1337455338308636673
1337455299779825670
1337455179382333440
1337455079113285633
1337454937073213440
1337454885743304704
1337454841753440256
1337454821109075973
1337454781162512384
1337454772773941251
1337454652879736834
1337454615449759745
1337454357105811459
1337454210351173632
1337454208996544514
1337454191489536001
1337454048077881346
1337454039735431169
1337453984127324161
1337453812211097600
1337453787527716867
1337453735681912832
1337453688114319360
1337453542538420230
1337453514201690113
1337453328066809858
1337453275000557568
1337452807599878146
1337452763769413633
1337452681980506112
1337452646471512064
1337452549159464964
1337452499108827136
1337452349829345285
1337452318422429697
1337452311862534144
1337452292635766784
1337452265863598085
1337452251493838848
1337452166336950272
1337452153586282496
1337452141431181312
1337452099639140353
1337452058472026112
1337452016231124993
1337451574524661761
1337451456161583109
1337451397009338369
1337451378432610304
1337451239387357185
1337451186711121925
1337451158466596864
1337451048211009539
1337450965876826113
1337450940895473666
1337450883018354690
1337450824298082306
1337450594311802880
1337450383153786890
1337450371342426119
1337450237850492929
1337450121651494915
1337450072355852289
1337449959323529223
1337449846706466818
1337449666552733698
1337449338482647041
1337449025419833344
1337448974895222791
1337448918993563651
1337448875330850824
1337448627497824258
1337448609885769729
1337448428129939461
1337448397129850880
1337448306398679042
1337448222533574657
1337448064936783873
1337448022343524353
1337447899060432897
1337447829191585792
1337447802830512130
1337447691635347459
1337447654972923905
1337447613801639944
1337447274532757505
1337447043271430145
1337446887297835009
1337446858906619906
1337446741377953793
1337446626038865924
1337446573777842182
1337446486712479744
1337446454575546370
1337446071249801219
1337446067785306112
1337445660354883585
1337445526632099844
1337445310008737792
1337445170317385730
1337445007893127170
1337444993611554818
1337444382023290882
1337444318282469378
1337444167639818249
1337443975683321860
1337443529715486723
1337443494491787266
1337443456197812225
1337443296696815620
1337443233694064640
1337443090622124032
1337442656989839362
1337442504573071365
1337441992666705923
1337441901327355904
1337441686063095808
1337242936828948481
1337242766602997763
1337242756528234501
1337242580594155520
1337241995711049728
1337241984948428800
1337241878996025344
1337241601135939586
1337241344868139010
1337241264354373633
1337241251696029696
1337241070938300423
1337241038486847490
1337240791916244992
1337240454174187521
1337240155661406209
1337239545662767104
1337239483419418625
1337239422283227136
1337239410828398592
1337239359158935552
1337239234885742594
1337239176245211138
1337239170360684544
1337238766407192579
1337238701684871169
1337238668256415744
1337238323404869633
1337238279415083011
1337238029086449665
1337237867672850435
1337237845921181696
1337237828946829313
1337237590710292480
1337237507986104324
1337237373755650048
1337237354315071489
1337237249969238017
1337237238564851714
1337237091466444801
1337236864445665281
1337236722296483841
1337236270637002752
1337236041518862336
1337236000603443200
1337235965916672000
1337235325698125826
1337235218403479553
1337235157917388803
1337234547629408262
1337234375612780544
1337234345933860864
1337234199917498374
1337233844273999872
1337233517072310273
1337233099189530624
1337232735497314306
1337232644988231682
1337232377475579904
1337232304746487810
1337232176706854912
1337231996234461185
1337231610509316097
1337231174528282628
1337231120627191808
1337231097877434373
1337230794960433155
1337230522024484864
1337230486947565571
1337230377270841344
1337230062983077889
1337229949229551624
1337229617820741634
1337229526397435904
1337229501932167168
1337229419237150720
1337229320721469440
1337229275485798400
1337229255361638400
1337229173425725440
1337229134464835585
1337229093830414338
1337229048523571200
1337228961282080771
1337228951605800967
1337228932559486983
1337228820152111105
1337228736316518402
1337228711507062784
1337228671124467712
1337228635573547009
1337228598390898689
1337228477536284676
1337228391049646084
1337228277765705737
1337228153484296198
1337228051617206273
1337227965378289664
1337227959229353986
1337227910713753600
1337303808175710208
1337303642257448962
1337303570450878464
1337303387751161858
1337303381052940288
1337303329961963522
1337303300698337282
1337303146704539648
1337303029255524357
1337302956933140481
1337302937434009601
1337302641249054721
1337302560223399938
1337302442086559744
1337302428501372928
1337302407223652355
1337302145385836544
1337302038829555713
1337301988908949505
1337301960991584256
1337301894121861123
1337301843148480512
1337301819215781888
1337301779688681473
1337301748851953667
1337301705357107200
1337301666522144769
1337301368701415424
1337301328247226368
1337301251499945984
1337301247758454785
1337301222018179074
1337301140250226688
1337301100710522883
1337300935664656385
1337300804177440769
1337300761403936769
1337300749248770048
1337300559381065728
1337300419601715201
1337300307420786688
1337300258880163846
1337300123878043648
1337300057364733952
1337300009197383680
1337299972375470080
1337299897213538304
1337299889626230784
1337299871003504640
1337299819556184064
1337299618405740545
1337299460611829761
1337299428290379776
1337299395428102144
1337299332383510529
1337298910033956864
1337298901032964096
1337298900219256833
1337298760863399937
1337298606991179777
1337298582265880576
1337298379127263233
1337298296746991616
1337298182477320197
1337297882404237312
1337297615684190209
1337297031392583686
1337296601073782785
1337296360660463616
1337295937123848192
1337295723885457409
1337295420322623488
1337294642979741697
1337294509328265221
1337293970209181696
1337293808061587456
1337293507803951104
1337293051543257088
1337292964750643200
1337292403326111744
1337292096365969408
1337291668370952194
1337291622535585792
1337291522044256256
1337291409146208259
1337291174911086592
1337291026856366080
1337290965619527680
1337290632969285633
1337290384276336640
1337290240831021056
1337289884525064193
1337289808851431426
1337289723774185477
1337289635031085056
1337289607529041923
1337289606774075393
1337289525538775040
1337289477342040066
1337289419963867136
1337289047413202944
1337426234779820033
1337425562969763840
1337425524541575168
1337425255418228739
1337425231816888322
1337425214393774080
1337425207112425473
1337425186954604549
1337425068260012035
1337425001193082882
1337424868875382788
1337424755654324224
1337424138009501702
1337423796974841858
1337423594255736840
1337423589797224451
1337423586143965188
1337423580947210243
1337423403561734146
1337423280450449415
1337423177740390402
1337422950467837955
1337422872340541442
1337422702219579397
1337422428474142720
1337422420035059713
1337422074135109632
1337422046460952576
1337422037434986496
1337421825781936134
1337421744144080897
1337421706718289920
1337421628020580354
1337421421199454209
1337421299552030720
1337421228655697921
1337421141389029377
1337420707282771970
1337420701230391297
1337420651599187968
1337420617709215750
1337420532157984772
1337420318747598851
1337420289056120833
1337420285000241152
1337420149075419137
1337419868493189121
1337419731431796740
1337419539492073472
1337419439000707072
1337419298864828416
1337419184800673795
1337419179234914304
1337419061261635598
1337418914024841221
1337418784483762176
1337418714094989312
1337418702313189376
1337418567822659584
1337418543160152065
1337418273172779009
1337417942187839488
1337417581494341632
1337417457158529024
1337417362002370560
1337417296596398080
1337417232704368640
1337416482347753472
1337416161991012354
1337415639267360771
1337414924599889920
1337414881457418241
1337414333077327873
1337414320406343680
1337414000661901312
1337413656745807872
1337413550487302144
1337413496674324480
1337413465791553539
1337413081039851520
1337412859630919680
1337412750079823874
1337412732639973376
1337412656089673729
1337411682222665728
1337411344862240771
1337411278537691136
1337411252033904643
1337273288893075458
1337273229132460032
1337273029953548289
1337272898957029377
1337272730685558784
1337272686855262209
1337272658665279494
1337272481334300672
1337272219320410115
1337272167810146305
1337272149447413760
1337272057898426369
1337272055092441088
1337271925006012416
1337271920664915968
1337271810463711234
1337271511011393536
1337271466190983168
1337271392442703874
1337271288356810752
1337271195297787904
1337271078180294658
1337270637044191232
1337270565481148416
1337270558690484224
1337270484975513600
1337270186152521728
1337269522185773056
1337269485137379331
1337269383085895680
1337269032676802561
1337268667143188484
1337268393624416257
1337268166280536064
1337268132755337217
1337267364166049795
1337267277897498624
1337266784907497473
1337266516979380224
1337266273315483648
1337266159440154624
1337265760616460289
1337265679293009922
1337265293131825153
1337265124541947906
1337264495836598272
1337264030159785984
1337264029182652416
1337263969229279234
1337263901180825601
1337263504135360512
1337263477409292288
1337263085896290304
1337263001250893825
1337262706613579777
1337262679946227713
1337262411372404737
1337262365092552710
1337261941530640384
1337261863910957056
1337261429985079297
1337261323571187714
1337261319154786304
1337261174866382850
1337261141928464384
1337261045446889472
1337260949057794048
1337260897694146561
1337260655938859011
1337260625249112064
1337260318918053888
1337260272675926017
1337260255810646016
1337260254850150409
1337260094606733315
1337260002705195009
1337259705022943233
1337259227295911938
1337258958537560064
1337258590629924865
1337258270856278017
1337258222290399232
1337319287229358080
1337319193956372481
1337319126499381254
1337319064239132673
1337318797741596672
1337318767056072704
1337318592476418050
1337318513380225024
1337318392798142465
1337318324108062720
1337318220747849730
1337318211285618688
1337318155933270018
1337318148069011461
1337318119312924673
1337318114514644994
1337318096780972032
1337317882481426436
1337317855734456326
1337317817293680640
1337317759772811266
1337317756681785344
1337317671382167553
1337317666961309703
1337317592055181312
1337317536359014404
1337317494122397696
1337317427680460803
1337317366359715843
1337316739282038784
1337316641349267457
1337316593752272896
1337316562013925377
1337316502299529216
1337316473719689217
1337316117065461760
1337316064326258690
1337315464695975936
1337315440058650625
1337315423965110274
1337315347335176193
1337315294214193153
1337315272609460225
1337315122952417280
1337315025590087681
1337314698245664768
1337314598618341376
1337313823838101505
1337313629314691083
1337313602634543104
1337313412846641153
1337313220164509699
1337313156276903936
1337312849908166656
1337312726285217795
1337312621016600578
1337312579966779393
1337312509330644992
1337312209177772034
1337312070916857860
1337311944290791427
1337311614639497216
1337311519198081025
1337311122391752704
1337311077361737728
1337310857311739904
1337310494751920129
1337310481078308864
1337310365256839168
1337309718457458688
1337309687948193793
1337309570256039940
1337309482368573440
1337309319117766657
1337309173315301377
1337308834759647232
1337308407615938561
1337308398543654914
1337308376661942274
1337308238044401664
1337308131072880640
1337308050626138113
1337308020594913281
1337307942996086784
1337307884334555138
1337307695934812161
1337307285031428096
1337306948547440640
1337306874409005057
1337306537828683778
1337306311432744961
1337306252855144448
1337306056062537728
1337306051662721025
1337305679305043968
1337305345933279232
1337304941497606146
1337304885319045122
1337304659497799680
1337304492467834880
1337304349970722824
1337304208039669760
1337411075881504769
1337410969929211904
1337410585043013634
1337410564079951874
1337410509264605185
1337410493686968327
1337410452536561664
1337410392960720906
1337410267001577473
1337410255270125568
1337410018338082817
1337409931520192512
1337409845188849664
1337409797398945794
1337409666490527759
1337409553936347143
1337409359748493317
1337408965831962626
1337408720582701056
1337408609798512640
1337408577753894912
1337408547898855424
1337408491124903939
1337408375437594632
1337408045190623233
1337407957802360834
1337407891050000384
1337407594856591360
1337407182413975552
1337407059780915208
1337406984547684354
1337406521836249093
1337406164842262528
1337406006394032129
1337405754903572481
1337405531414212609
1337405523013095424
1337405478138236930
1337405421519302656
1337405282738171904
1337405210868789250
1337405141067177990
1337405086423797760
1337405001761742852
1337404711285174276
1337404619945807873
1337404598357618689
1337404505579790336
1337404474210521088
1337404408225816580
1337404357990604802
1337404202969161729
1337404172828893187
1337404086933708800
1337404076519288833
1337403701158420480
1337403558916972544
1337403465191010310
1337403241936674818
1337403087187800070
1337402646194511872
1337402438165282822
1337402396859920387
1337402045880524800
1337402016830812160
1337401435915497475
1337401314821681152
1337401022000607232
1337400680529715200
1337400508038983680
1337400251926233089
1337400228891271168
1337400004789547016
1337399922207969280
1337399879161827330
1337399815072870400
1337399224292552708
1337399088292171779
1337399000845053953
1337398820666281984
1337398614860181510
1337398387654623233
1337398213687578627
1337397987052376064
1337397801811124233
1337397720567443458
1337397435262525445
1337397319625543680
1337397173147856896
1337397142844010498
1337397020101922819
1337396986337783808
1337396953089335296
1337396937973239808
1337396841759924224
1337396697316593669
1337396671089610752
1337396669223211008
1337396431087427584
1337396192972582918
1337396143706279942
1337396005613002752
1337532583085740032
1337532512093032451
1337532452739436546
1337532230109945858
1337532230009237504
1337532129845125132
1337532081824526336
1337531653682569217
1337531372613734401
1337531087124377600
1337530675394703360
1337530472608501762
1337530137705897985
1337529935448051712
1337529807731630082
1337529703184257024
1337529364662071300
1337529298505363457
1337528925203914755
1337528708412878849
1337528641954123778
1337528401033367552
1337528379638222849
1337528259467239425
1337528231713513472
1337528229142253568
1337528117536071682
1337528110816710656
1337527953199157255
1337527830360567809
1337527741223227402
1337527686688894976
1337527669596962816
1337527555247714307
1337527512566534146
1337527271859642369
1337527187470159873
1337527030615826432
1337526927834267654
1337526746342715394
1337526528599453697
1337526393983254528
1337526096955387913
1337525800577290240
1337525740691132419
1337525645266493440
1337525620935434240
1337525609317224448
1337525553629442048
1337525396842156032
1337525377221189637
1337525299161030657
1337525249391390720
1337525100682375169
1337525090855030786
1337524902887362560
1337524859442778112
1337524854841597952
1337524822318977024
1337524735626928130
1337524690496196616
1337524679876227073
1337524676961193985
1337524586578120707
1337524552608473089
1337524501643472901
1337524460467970051
1337524343174258689
1337524079515955200
1337523822765850624
1337523693468012544
1337523482452692995
1337523361241571330
1337523306946301953
1337523305700610050
1337523052259717123
1337522505830068230
1337522502327705600
1337522496682283008
1337522233250549760
1337522016518344705
1337521623579103233
1337521594101534721
1337521442489917442
1337521280464117762
1337521078885707776
1337521065522688002
1337520940834578433
1337520791055843328
1337520435693580288
1337520310325817344
1337520208374870022
1337520197985570819
1337520196492386306
1337520128796274689
1337520121259102208
1337520102745509891
1337519893999218694
1337519652617019404
1337519590885175299
1337519569041166337
1337519568647057408
1337519507737198593
1337519428230144000
1337519388354867206
1337519353026244609
1337519266061488132
1337519149900210176
1337519124457598977
1337519098952114182
1337519082036482053
1337519062860050442
1337518812028166144
1337518739131146244
1337518658902487040
1337518625461309441
1337518476492238848
1337518435060867075
1337518379750617088
1337518369935945728
1337518297861001221
1337517961184219136
1337517736877060104
1337517729797074946
1337517592844623874
1337517584003035139
1337395785076453380
1337395683070906374
1337395601349226497
1337395562484813825
1337395313917747205
1337394980978044929
1337394908857069572
1337394869052919808
1337394864376471553
1337394638198542336
1337394041609015297
1337393745214496768
1337393619330805760
1337393505287757825
1337393426250215426
1337393267302936579
1337393212823113730
1337393009315491843
1337392975912038400
1337392883054366720
1337392624760725505
1337392462273376257
1337392333713797120
1337392276067282945
1337392270899867657
1337392185227026433
1337392055899852800
1337392042322878467
1337392017786200067
1337391904388861955
1337391791062933504
1337391661387837441
1337391544106627074
1337391443346800646
1337391352846422018
1337391157941317632
1337391156695621632
1337390979293319174
1337390809339940866
1337390789731758082
1337390562236882944
1337390403482488839
1337390334402326528
1337390314282242050
1337390310377271297
1337390135546163200
1337390063378952194
1337389950573174786
1337389766363451394
1337389618854031360
1337389367745105920
1337389231698808832
1337389165256839168
1337389135095586818
1337388292166332417
1337387624231788545
1337387374209363968
1337387182009405441
1337387107279630336
1337387042171465728
1337386768895717377
1337386658547679237
1337386595293540353
1337386174315294723
1337386022557069316
1337385985194287105
1337385943767146496
1337385868559052801
1337385831057612800
1337385719803817988
1337385690129162241
1337385389221441538
1337385327871320064
1337385151366574081
1337385105883541507
1337384923578023937
1337384817218842624
1337384684062461953
1337384507192844291
1337384434560094209
1337384398799462401
1337383921584132096
1337383902172864517
1337383852776501249
1337383670584381442
1337383403218477059
1337383145398804481
1337383089803321344
1337382843891281920
1337382441049337858
1337382033367109634
1337381760825499649
1337381530671468545
1337381427101507585
1337381333568528387
1337380859687694336
1337380798480125953
1337471928039321600
1337471916513374210
1337471872452222977
1337471760061648896
1337471633477558274
1337471570806272002
1337471416925622273
1337471227208863745
1337471184670257153
1337471130626633732
1337471041669656577
1337470995066707968
1337470691717726208
1337470687368388610
1337470664790454272
1337470552651534338
1337470449454886913
1337470048588410880
1337469995987644418
1337469977520201729
1337469770447380483
1337469742471393282
1337469694228516865
1337469475482787843
1337469455979458560
1337469404976648195
1337469343299489792
1337469236663513089
1337469233236750338
1337469231768727554
1337469206397378561
1337469135392034818
1337469014004666368
1337469002948472838
1337468901366657030
1337468826741518336
1337468782101614593
1337468506649059343
1337468492375855105
1337468390588428292
1337468315497877504
1337468181141708800
1337468103261872132
1337468015806386178
1337467883140616193
1337467831223541763
1337467692530470912
1337467463877988354
1337467287587139585
1337467149410045972
1337467089423110151
1337467032304930816
1337466837622132736
1337466830110199810
1337466807024820225
1337466776607727618
1337466620592214024
1337466533560377349
1337466516430852098
1337466335446642689
1337466025839890438
1337465995221458950
1337465906356768770
1337465792292597765
1337465735917015062
1337465731164803074
1337465616735854593
1337465605901832192
1337465534728777732
1337465463639511043
1337465437907537921
1337465365052477441
1337465263453835268
1337465256453394434
1337465235427495938
1337465122239942658
1337465020767080451
1337464992849940480
1337464971152732166
1337464867192795137
1337464803808468994
1337464790046941185
1337464680252641280
1337464555165921282
1337464528863420416
1337464398550618117
1337464362911543297
1337464361040883715
1337464200378146816
1337464125774049280
1337464091242217472
1337463821741535235
1337463746294374401
1337463651574427648
1337463556346966016
1337463473215852547
1337463437388099584
1337463386322456576
1337463272526712832
1337463269771063296
1337463251840479233
1337462996763697157
1337462987766996993
1337462901767102470
1337462768425971713
1337462721202315268
1337462489597030401
1337462439068139521
1337462276140490752
1337462225313918976
1337462037325238277
1337461886888144899
1337461628208607235
1337461521119645697
1337461463183732742
1337461330308177921
1337461317423214593
1337461306669096963
1337461162926084097
1337461082517098503
1337460989063815170
1337460914010927104
1337460760235167748
1337460706610974720
1337460706040541188
1337460651254538247
1337460636486258688
1337460628424773632
1337460589388501007
1337460531008073732
1337460453635731464
1337460396165361665
1337460329555628037
1337460166548201472
1337460121295859717
1337460077708652548
1337459965687177218
1337459862901501952
1337459822539677697
1337459786540048397
1337459747788902406
1337459713311641605
1337459699743068162
1337459696656150534
1337459639668137986
1337459617597693954
1337459576346652674
1337459476174168067
1337459462710423558
1337459438622564354
1337459398080421888
1337459380510466056
1337459245847961600
1337459017665359878
1337458994529636353
1337458954461384704
1337458936866279425
1337458907707559939
1337458906059190276
1337458769475727360
1337458711867105280
1337458700211073024
1337458629973336064
1337458556816257024
1337458476000358402
1337458456110960640
1337458395012587522
1337458332802674696
1337458235599704072
1337458147850596352
1337458114480758786
1337458054984568832
1337458014316589058
1337457949141327874
1337457880669310980
1337457813849780229
1337457532814512128
1337457479823872001
1337457380221624320
1337457226613727233
1337457196913872897
1337457042823450624
1337457022506299396
1337457001765343233
1337456992181424137
1337456918642774020
1337456878998212608
1337456862346752000
1337258154220990464
1337257942702313472
1337257924914274304
1337257835349094401
1337257716436398080
1337257454145515523
1337257208933969920
1337257096790724608
1337257045813317632
1337256985998356483
1337256908869218304
1337256743282352129
1337256739050119169
1337256651590529026
1337256338162900992
1337255989154705411
1337255713559597056
1337255705703747584
1337255160100302848
1337255074578493441
1337254760399908868
1337254743945699328
1337254723829772288
1337254465678831624
1337254444363206656
1337254288427372544
1337254252142424064
1337254123184353280
1337253846893142016
1337253834457051137
1337253686926565376
1337253612813217795
1337253404033290246
1337253396064198656
1337253368348209153
1337253296495599616
1337253210852093952
1337252886082965509
1337252862431293440
1337252799130660864
1337252746362281984
1337252484566409217
1337252438772944896
1337252385006247938
1337252356077993986
1337252278768635904
1337252106961612800
1337252088443588608
1337252063554789376
1337252029576540160
1337251938711310336
1337251821144956931
1337251579267788800
1337251528499994625
1337251373239447553
1337251174605533185
1337251170562129922
1337251050303217664
1337250840059514882
1337250543543201800
1337250540925952000
1337250515168595968
1337250490019704835
1337250433753079809
1337250372721778691
1337249864346988545
1337249761972412417
1337249753831190529
1337249715491139586
1337249629226856449
1337249570871500803
1337249521722667010
1337249482023579650
1337249297323220992
1337249232114298881
1337249173150855172
1337249070797221890
1337249005361885185
1337248911610802177
1337248856291983361
1337248732065243136
1337248678373969920
1337248612770779137
1337248598078189569
1337248442700025860
1337248408629895169
1337248400484536321
1337248270515625985
1337248246402408449
1337248207043227648
1337248189481689088
1337248115020197894
1337248061609947137
1337247953342369793
1337247932098080770
1337247913135624196
1337247901014102016
1337247892784996352
1337247892764037120
1337247806336196608
1337247566296207360
1337247494477111296
1337247439225491462
1337247345327665153
1337246900160905218
1337246861225304066
1337246822729977863
1337246706761564163
1337246675275014144
1337246493653299200
1337246419812577280
1337246348391813120
1337246292074967041
1337246210810204161
1337246149984579585
1337246050176778242
1337245957675610115
1337245953653411840
1337245802893373440
1337245687881338882
1337245667069210625
1337245584667766784
1337245500538564608
1337245189090504704
1337245089513529344
1337245077849124864
1337245003630981120
1337244910710296577
1337244733282902026
1337244491581943808
1337244385541406720
1337244128698978305
1337243929100627972
1337243883978289158
1337243635499364353
1337243582835507200
1337243518264356865
1337243508076318722
1337243413918478340
1337243357408595968
1337243243461955584
1337243201531330561
1337243153577910273
1337243137962430466
1337243062637113345
1337517423847743492
1337517420748136449
1337517384329023494
1337517295791304704
1337517223368413190
1337517177314787328
1337517171732344833
1337517130430951426
1337517076932681729
1337517022033403905
1337516964357476352
1337516648945897472
1337516490963050496
1337516285559791621
1337516254651887620
1337516109457715208
1337515993321537536
1337515899922739200
1337515776069279744
1337515411332468741
1337515397919232000
1337515289915912192
1337515212908285952
1337515182826860544
1337515179232419841
1337514980984426498
1337514622371282944
1337514572782047233
1337514550426529794
1337514316988297224
1337514014604226567
1337513940411166723
1337513904445026305
1337513846899167232
1337513767098343424
1337513766569775109
1337513686148280321
1337513551213170688
1337513514961920001
1337513161667166209
1337512715594715139
1337512656543100933
1337512601421418496
1337512493527207939
1337512450846052355
1337512260030373888
1337512201486094336
1337511865467932674
1337511777752522753
1337511750820790272
1337511677034602496
1337511655698288643
1337511570482540550
1337511542506577922
1337511475422879747
1337511217594851330
1337511090549383168
1337511059398275072
1337510954834272259
1337510923502841856
1337510756284305412
1337510749590130689
1337510705357058050
1337510620992856064
1337510597928345600
1337510595306737664
1337510591167021056
1337510531209555973
1337510499014111234
1337510388477386761
1337510264514744322
1337510170646237184
1337510077037735944
1337510019055710208
1337509995362086915
1337509920145551360
1337509573691838468
1337509516443783174
1337509370934988801
1337509317583515650
1337509190529642501
1337509018387046400
1337509017158111234
1337508958089732104
1337508689427783680
1337508672898027521
1337508552156569605
1337508481721577473
1337508266885210116
1337508229274808320
1337508226238210053
1337508039725895684
1337508009690492934
1337507945672822790
1337507581808451585
1337507575051456514
1337507513906900994
1337507487520595968
1337507431912407041
1337507395690434564
1337506323316019212
1337506069703225344
1337505941093306368
1337505893739597830
1337505434001960962
1337505377177505800
1337505323842760708
1337505306683662337
1337505229093433346
1337504987455381505
1337504746819751938
1337504585263575041
1337504445794414592
1337504394426920961
1337504080063852546
1337504031095320578
1337504025009410048
1337504021511278592
1337503857543442439
1337503795354415106
1337503621982937088
1337503389341667329
1337503242771689474
1337503143786147845
1337503086823272453
1337502976043257857
1337502961094766599
1337502886092103680
1337502871273701377
1337502831067230209
1337502805142065152
1337502601106092037
1337502599961075713
1337502524631298055
1337502509045256192
1337502450840907776
1337487125768531968
1337487114376769538
1337487002963501062
1337486962261975040
1337486956264103936
1337486885384572928
1337486851658174479
1337486845446385665
1337486842803998720
1337486665938468865
1337486449877405698
1337486354326884353
1337486320193646595
1337486140920786945
1337486137951203328
1337486035035549703
1337486008863100929
1337485969658945538
1337485942542782465
1337485892022243328
1337485891028312066
1337485762141556739
1337485660668768257
1337485645615423494
1337485629630910465
1337485438810910721
1337485262537023488
1337485188058787841
1337485055992672261
1337485010681561089
1337484959880245268
1337484923737960450
1337484775393779712
1337484731462668292
1337484702781992960
1337484684587102208
1337484646980984843
1337484589724545024
1337484589351260162
1337484480408334339
1337484435034431488
1337484335390330883
1337484290117033986
1337484179831836672
1337484178518994944
1337484118385446914
1337484048877449216
1337483977607753728
1337483792076849154
1337483583242592257
1337483461662269440
1337483415071887361
1337483392707858433
1337483337829654529
1337483317713784833
1337483315608244224
1337483302635180036
1337483174138568706
1337483167461224450
1337483155721363463
1337483050582560768
1337482975022379009
1337482853974728705
1337482725360619523
1337482704884027393
1337482681555120129
1337482548138680323
1337482544288292865
1337482542220341248
1337482470745321474
1337482417066684420
1337482235004383232
1337482131338092552
1337481930544070656
1337481877565923330
1337481847115313156
1337481638100557828
1337481598938341377
1337481590641979392
1337481579627679745
1337481554667433985
1337481514779545601
1337481478771515397
1337481477433532418
1337481445992960002
1337481298747777024
1337481281177866242
1337481220385431552
1337481178639720448
1337481121865621507
1337481096364220417
1337481060444213248
1337481018681536513
1337480959868940294
1337480955641147395
1337480893766709255
1337480841476382721
1337480822430060545
1337480786543587329
1337480721015975937
1337480712782536707
1337480682965258247
1337480649566015488
1337480539427704835
1337480493894410241
1337480462684524544
1337480370783055872
1337480347446030338
1337480337929199617
1337480242890420226
1337480236628398081
1337480074011013121
1337480048245280769
1337479920075857920
1337479906062716928
1337479833618690052
1337479806250856452
1337479696280416256
1337479481586556930
1337479465610457096
1337479415073222658
1337479351491846152
1337479339009597441
1337479236421115906
1337479125506940929
1337479086428577794
1337478946204606464
1337478903837974530
1337478844421378053
1337478842433368070
1337478810904748038
1337478786548461569
1337478784153497602
1337478748418043907
1337478629597585408
1337478594533187585
1337478407379148800
1337478388072800262
1337478168362573824
1337478165766266881
1337478098124558336
1337477946668412931
1337477760395210752
1337477644540112902
1337477600218845189
1337477548788371457
1337477522414514182
1337477418089664515
1337477368127119361
1337477355653230594
1337477237214416906
1337477178196422656
1337476905218535424
1337476272545415168
1337476262152052736
1337476231445557255
1337476224965283841
1337476149631463424
1337476089745010689
1337476043062513666
1337475810521825280
1337475805656576004
1337475693941321728
1337475669765353473
1337475631588761604
1337475600500584457
1337475564534444032
1337475473241231361
1337475196438130690
1337475148883046408
1337475099537108994
1337475093845381127
1337475088120246272
1337475053219438593
1337474920457113601
1337474519313899520
1337474495263727616
1337474257446645761
1337474246403125250
1337474167113875456
1337474132410327040
1337473948238426117
1337473899823558659
1337473397832392705
1337473380920995840
1337473344447406084
1337473338290155521
1337473172191514626
1337473163974860803
1337473120123428865
1337473052528013312
1337472977017966594
1337472760747061252
1337472627556843526
1337472618912505868
1337472606803529738
1337472593830535168
1337472503464091648
1337472498686976001
1337472295145795586
1337472209095430149
1337472194104975362
1337472167647166465
1337472126887092224
1337380258257858561
1337380107019722752
1337379972508475392
1337379758745645056
1337379743830827010
1337379614574997506
1337379541623263232
1337379477165322242
1337379427752308736
1337379391760961541
1337379380084023297
1337379272114237440
1337379261464805378
1337379185212448778
1337379056262795264
1337379051116376067
1337379006119727105
1337378614858362882
1337378410457337856
1337378373614628864
1337378098925473793
1337377526998568960
1337377420358406153
1337376820715528193
1337376801283313676
1337376299262808066
1337376251892338689
1337376211111202816
1337376098192142336
1337376000905277441
1337375926879997952
1337375812010582016
1337375656041132034
1337375448850952193
1337375337366368256
1337375077273378818
1337374903394316288
1337374704810688515
1337374702558384128
1337374557649448960
1337374550565195777
1337374545657933824
1337374428645249025
1337374383187369987
1337374307337588738
1337374255953154049
1337374112147189760
1337374070141145088
1337374004852760577
1337373906013986816
1337373794827194369
1337373783259222017
1337373682692321282
1337373577390284803
1337373268895031298
1337373258837073921
1337373103501045763
1337373068457611264
1337372812114202628
1337372810298220546
1337372612838580224
1337372576402845696
1337372469691371524
1337372453874462723
1337372408077033474
1337372245388390402
1337372071773532163
1337371927351070720
1337371852524703746
1337371614619561987
1337371461607108610
1337371453927329793
1337371259399761922
1337371252709859328
1337371248947556352
1337370828867051520
1337370785640542208
1337370698960916481
1337370677138116608
1337370494907994113
1337370474913947648
1337370325961609216
1337370246236299265
1337370133732470785
1337370037435437056
1337369878039318532
1337369802726395905
1337369780181876737
1337369647537156096
1337369124247363587
1337369096153915394
1337368789692928002
1337368554145017856
1337368543441117194
1337368037914243074
1337368018184073216
1337368017215352832
1337367611814924290
1337367423431806976
1337367400925323266
1337367351185051649
1337367209971052544
1337367124449214464
1337366961425055744
1337366682340372480
1337366529474777088
1337366421148463104
1337366239023337474
1337365944902017025
1337365834507845632
1337365708280389635
1337365319166218240
1337197296589676547
1337197070843863044
1337196895693844481
1337196861149556741
1337196799602401281
1337196706082004993
1337196541862404097
1337196414187802626
1337196343522017284
1337195986159067137
1337195425305153537
1337195259936174080
1337195229385007104
1337195009578323969
1337194788592947201
1337194767956971521
1337194706275610627
1337194274115432452
1337194260538408961
1337194210408210432
1337194093085143043
1337194062609321986
1337194034389872648
1337193895432769538
1337193754327998464
1337193634777722880
1337193262147227648
1337193258439544834
1337192633001762817
1337192602056208388
1337192568128380928
1337192506891485184
1337192379040714753
1337192287588265985
1337192253106909188
1337192124970913792
1337191954019307520
1337191850952847361
1337191442108665857
1337191382499340288
1337191270888837121
1337191106128318465
1337190938586779648
1337190902964609026
1337190846102376451
1337190811730128899
1337190759863382016
1337190479155220483
1337190395600654336
1337190338763616258
1337190327699066882
1337190256458731521
1337190230906978309
1337190206743728129
1337190038153666563
1337190005043818496
1337189969165774851
1337189827310198788
1337189820066619395
1337189715225743360
1337189698087874560
1337189482337021953
1337189444085047296
1337189363785068546
1337189214346100738
1337189170268282882
1337189079373459459
1337188925861982208
1337188868584599554
1337188785302499331
1337188714523611138
1337188395659890689
1337188335345950720
1337188052586868737
1337187973939523585
1337187698793132035
1337187665922371584
1337187314296971264
1337187213700984832
1337186981823066112
1337186848955887619
1337186831637495809
1337186737181876225
1337186690193035267
1337186478640615425
1337186429101813761
1337186355999354880
1337185913894547458
1337185816947302401
1337185617684344835
1337185500520648704
1337185445885710340
1337185351820058629
1337227808733450240
1337227732263067648
1337227690642792448
1337227628017639424
1337227485595889665
1337227236085170176
1337226958149742592
1337226921332109312
1337226902092849153
1337226532348174336
1337226433798684673
1337226351703707648
1337226346733449216
1337226252499955712
1337225903529549825
1337225438503071745
1337225044833882118
1337224882195755008
1337224712578064392
1337224613151952896
1337224490200207362
1337224319886262273
1337224205474037761
1337224071227072514
1337223789738930179
1337223759707721732
1337223745988071424
1337223685724377090
1337223580585779200
1337223445055062017
1337223113168179201
1337223097385095169
1337222861489131524
1337222626129928193
1337222285774577665
1337222138789556225
1337221937412468741
1337221886560890883
1337221829036019712
1337221686630871043
1337221411551776769
1337221277208125441
1337221071154651136
1337220620296155138
1337220521516277762
1337220441602199553
1337220358622031872
1337220081974210562
1337219752373211137
1337219598870044677
1337219575243476993
1337219554531938304
1337219424105934849
1337219413980950529
1337219165090770944
1337219014154727427
1337218670364266496
1337218639649517571
1337218387592818690
1337218294928060418
1337218202812690434
1337217560081666049
1337217175686361094
1337216938993315845
1337216878641557515
1337216436352139264
1337216088866770955
1337216029030821890
1337215866841178112
1337215812004958210
1337215680643358720
1337215652797538304
1337215621474480134
1337215525563363330
1337215475898408960
1337215263968808961
1337215114064384003
1337214806101790720
1337214738749665283
1337214649914241028
1337214614392680450
1337214542082805760
1337214530926104577
1337214303183622145
1337214155753889792
1337214151773470720
1337214108572266496
1337214020693192705
1337213981220610050
1337213373541388288
1337213175738068995
1337213162819641345
1337213049736990720
1337212920502001664
1337212818312073218
1337441363059568640
1337441200182321155
1337440995034738690
1337440974700748800
1337440922422960130
1337440837668638721
1337440778226896897
1337440766008963073
1337440171529211911
1337439998228893696
1337439939278102531
1337439729239855108
1337439707609903110
1337439683278757889
1337439647098691584
1337439602454396928
1337439493637492736
1337439335398912000
1337439280046600192
1337439279010566145
1337439199406993414
1337439160714588168
1337438940077428738
1337438701027115008
1337438511763435521
1337438441995374592
1337438340858204160
1337438243151896577
1337438160305987587
1337438118933303297
1337438088323198976
1337438055569899522
1337437297172680704
1337436979462623232
1337436749606383617
1337436648821436417
1337436476062175243
1337436396752044037
1337436393472217094
1337436039137251329
1337435724086439938
1337435689215025154
1337435677231812609
1337435519442149377
1337435350348816385
1337435317939429376
1337435106458411008
1337435087093248001
1337435030134665216
1337434802404925441
1337434792648994818
1337434780946767874
1337434765742452738
1337434526402875394
1337434501430075394
1337434400447889408
1337434250719744000
1337434224593342465
1337434046918438914
1337433865472839687
1337433853497987078
1337433826658758657
1337433409308688385
1337433378065326080
1337433287896297474
1337433093133754368
1337433049806610435
1337433040679649281
1337432426709209088
1337432312045318152
1337432232726675456
1337432183057895425
1337432160458874880
1337432090913218560
1337432036626280454
1337431926827851778
1337431466389585922
1337431457640419328
1337431457279713280
1337431345153368070
1337431285120323584
1337431140420956160
1337431104706514951
1337430905518841857
1337430875731091456
1337430798018867200
1337430744990429185
1337430549015695360
1337430442841083909
1337430341238345728
1337430240298217477
1337430086170136576
1337430044424212482
1337429963688071169
1337429959615406082
1337429845505171457
1337429706241683457
1337429480642662400
1337429461902512129
1337429436338229254
1337429211632594948
1337429208184852488
1337429070762618887
1337429008871460864
1337428134275190785
1337428127346270211
1337428118051704834
1337428098539802624
1337427720788209665
1337427596414337025
1337427568979533824
1337427523806883840
1337426966836744195
1337426846623944706
1337426841360064519
1337426768823799811
1337426270716653569
1337212473141673985
1337212155947520001
1337212046723575808
1337211940029014017
1337211722713554944
1337211627360366592
1337211449752621058
1337211241509646337
1337211222387789832
1337211219594403847
1337211188552327169
1337211164770459649
1337211030368378881
1337210998860574720
1337210853116895232
1337210468264501249
1337210415701512192
1337210363776036864
1337210331509239810
1337210325033218048
1337210250097811458
1337210095260762113
1337210059726626816
1337210050994061319
1337210022036557824
1337209920563900416
1337209886724263937
1337209669903904769
1337209626291445761
1337209365460357121
1337209063801810948
1337209020030070784
1337208966925987840
1337208886512607232
1337208843198066688
1337208841881210881
1337208664814448640
1337208567074590720
1337208541325766656
1337208510061322241
1337208248299085825
1337208240929705984
1337207809373581313
1337207540749377537
1337207533220614148
1337207203539767298
1337207183054942216
1337207132744200192
1337207045032914946
1337206952129081351
1337206744225894401
1337206730648936448
1337206665414905857
1337206194876854277
1337205920711905280
1337205773433188355
1337205771868704774
1337205606365597697
1337205531375771650
1337205397556523013
1337205280162123776
1337205248839077890
1337204955556536320
1337204800715362304
1337204796529504257
1337204682079547394
1337204544699322369
1337204386334851072
1337204378160287747
1337204304621420545
1337204162505945088
1337204152766644224
1337204109603033089
1337204056129941506
1337203899602665474
1337203556588400640
1337203511759687682
1337203442830376961
1337203439760257026
1337203396994953216
1337203369488904192
1337203183542706176
1337202950192705538
1337202890163834884
1337202575456681984
1337202539029286912
1337202524231782401
1337202348591083520
1337202263073333248
1337202074392678401
1337201984928165889
1337201945895825409
1337201907190861825
1337201807924215808
1337201775120670720
1337201482626723843
1337201461458071553
1337201376271753217
1337201325562613760
1337201321716420609
1337201299817828352
1337201218045800451
1337201150047694849
1337201110432555010
1337200939455967233
1337200893947764737
1337200848745717761
1337200771562147841
1337200767225225216
1337200669250506754
1337200657669865472
1337200587465699330
1337200582831058945
1337200552317431809
1337200550442655746
1337199914804187136
1337199859875647491
1337199859854581765
1337199524926799872
1337199318806237185
1337199280508047360
1337199096692498432
1337198837098835968
1337198775526445058
1337198537826832385
1337198500166184961
1337198150998781957
1337197963219767297
1337197542426152962
1337502246062288897
1337502136750501888
1337502040675774466
1337501784936505350
1337501469227028482
1337501401388204032
1337501396808183809
1337501333625167873
1337501286758027266
1337501143946186762
1337501125960937477
1337500877779849217
1337500802542415877
1337500601895227396
1337500581976485890
1337500483317948416
1337500416758702081
1337500345816256512
1337500110343823367
1337499842709479424
1337499699943759879
1337499441641758725
1337499438512664576
1337499158140366848
1337498983623761923
1337498962086023172
1337498905458651140
1337498890791108608
1337498745173385218
1337498705809698816
1337498676877377536
1337498450003423234
1337498357896540162
1337498275923030020
1337498257971417094
1337498240594358272
1337498229706002432
1337498174160740355
1337498134977634310
1337497811995090944
1337497767707615235
1337497513570557952
1337497468217356289
1337497391017160708
1337497369219362816
1337497317138698240
1337497218618511360
1337497023403220996
1337496971821670400
1337496873213554689
1337496863495294979
1337496808306716675
1337496712378716166
1337496620502577153
1337496379875352576
1337495982515380225
1337495951313952768
1337495929675509768
1337495836377268225
1337495825077989386
1337495731796631552
1337495632270020610
1337495543271067650
1337495325280526337
1337495184305770498
1337495147664314368
1337495017372454915
1337494836342108164
1337494668330881028
1337494662148452355
1337494576018370560
1337494478530228224
1337494286061989891
1337494264239038464
1337494100728279041
1337494038631608321
1337493966556557314
1337493902165729281
1337493828731871234
1337493781692608512
1337493746682908677
1337493738910707712
1337493727149961221
1337493546245509120
1337493421171281922
1337493402623983616
1337493357510205442
1337493356105125889
1337493288828497922
1337493207861571585
1337493148294021120
1337493092769808384
1337493040819175424
1337493026076307460
1337492828637769729
1337492756520968195
1337492661821992960
1337492600899719173
1337492527465676800
1337492363258818561
1337492203887849477
1337491992452845568
1337491915776937988
1337491830380752897
1337491828363452416
1337491798755848195
1337491749753786368
1337491723920920582
1337491662340284421
1337491429250240516
1337491357934497795
1337491342017097731
1337491331158052864
1337491068590415874
1337490863119884295
1337490845008764928
1337490800855273472
1337490466867130377
1337490124939128833
1337490035474620416
1337489998745133057
1337489934337384449
1337489871921795072
1337489855031422977
1337489684969238529
1337489652262047744
1337489537501696000
1337489489854394368
1337489442655887360
1337489429586345984
1337489369687609345
1337489227592970240
1337489167908040704
1337489123427438593
1337489103693230081
1337489038169804803
1337488999867289601
1337488941008752642
1337488934931214345
1337488800335839232
1337488786838708224
1337488585868644352
1337488420923449346
1337488384101519365
1337488283153162241
1337488155482550273
1337488142174199813
1337488036792242176
1337487990545911808
1337487957381492738
1337487937089441792
1337487605164806144
1337487465343541263
1337487419243892736
1337487323005472769
1337487282102788096
