1284154576195772416
1284154198280540168
1284153999336312832
1284153634628890624
1284153621148585985
1284153557059538944
1284153443087716352
1284153440978034694
1284153385701302272
1284152849832857607
1284152653665013760
1284152526154141696
1284152470382374913
1284152374534307842
1284152333300097025
1284151984774422534
1284151955779137542
1284151941136879616
1284151847482204160
1284151781094838273
1284151729597161473
1284151725079834626
1284151605613531136
1284151605529468930
1284151567592161280
1284151562257014785
1284151553293770758
1284151547287543808
1284151275689594881
1284150633310953473
1284150467073839104
1284150239230754819
1284150108288888832
1284149935177424897
1284149774443216898
1284149715613949955
1284149620222775296
1284149560462516224
1284149550765281280
1284149518083268608
1284149172183195648
1284149164130140160
1284149085163917313
1284149063122919446
1284148890737029123
1284148708326563840
1284148702421176321
1284148555058491394
1284148492215234560
1284148451345866753
1284148353870163969
1284148131949621254
1284147997421514752
1284147670538477571
1284147313695510534
1284147235614265345
1284147075819737088
1284147024456294403
1284146856851836928
1284146591050473472
1284146515154554882
1284146429511053312
1284146342256881664
1284146297528696838
1284146228066807808
1284146113344307200
1284146041110003713
1284146024676818944
1284145970477924353
1284145949544194053
1284145947572928512
1284145887896309765
1284145874965274624
1284145860176228357
1284145856145432577
1284145752638394368
1284145593401651201
1284145586212605952
1284145277285392385
1284145087157620738
1284145008644444161
1284144975865839617
1284144956303605760
1284144951656361990
1284144589532782592
1284144578031833088
1284144345743007744
1284144179342454787
1284144040808722433
1284143913054490625
1284143613392433153
1284143314141351937
1284143201058787329
1284142909407866880
1284142907826622465
1284142837282430977
1284142765115412480
1284142201606471680
1284142153971769344
1284142065392193538
1284141837834280960
1284141696456916992
1284141331800043522
1284141308769112072
1284141299130601472
1284141130611855360
1284141097481056261
1284140861710794757
1284140808854106114
1284140790776655872
1284140417970315265
1284140390262734849
1284140299598602240
1284140022224961536
1284139872471719959
1284139822412640257
1284139796240056323
1284139566774067202
1284139544665825280
1284032131400970241
1284032100740587523
1284032061456752640
1284030998825652224
1284030914142466048
1284030789739585537
1284030709515124736
1284030241636331527
1284030036195016705
1284029151968518149
1284029032896528385
1284028951011028992
1284028872938254336
1284028826213732353
1284028464203476993
1284028462748053505
1284028441084518405
1284028422629490688
1284028311291727873
1284028229368664064
1284027019475464195
1284026929826467840
1284026367378628608
1284026311988645889
1284025946740330497
1284025903035621376
1284025898287673345
1284025442295590913
1284025151949099009
1284024754152910849
1284023966328291328
1284023923412213761
1284023580746031105
1284022543293308930
1284022425869418496
1284022349243863041
1284022323708940289
1284021748703297536
1284021451063013377
1284021187769769984
1284021183453687809
1284020950917414912
1284020860593025025
1284020809586094080
1284020552915734531
1284020548809437187
1284020541779775488
1284020540265684997
1284020535400202243
1284020532896124928
1284020431008206852
1284020008415158272
1284019991193563137
1284019910717222912
1284019793419370496
1284019742232047617
1284019553752748035
1284019505891381250
1284018873965015040
1284018673813000192
1284018583740325888
1284017961406169088
1284017894800658433
1284017891554328577
1284123706529374208
1284123641916076032
1284123336902148103
1284123291326787587
1284123273228431362
1284123258053439491
1284123195214307329
1284123105057792001
1284123014229946369
1284123004415414273
1284122902120587269
1284122849666531330
1284122822126837761
1284122728954564608
1284122586268553218
1284122275646771203
1284122115944452096
1284121928463196161
1284121889372205058
1284121741997084675
1284121401297907713
1284121336009363460
1284121247224172544
1284120854633353217
1284120827793989632
1284120705056092164
1284120467599552512
1284120394589495298
1284120175948845057
1284119994696118272
1284119718476079104
1284119673899036672
1284119606135840768
1284119491375501320
1284119489198596096
1284119487005044738
1284119477899210752
1284119442796863489
1284119351545802753
1284119315755577344
1284119186923454464
1284119135996334082
1284118931561680898
1284118879057387520
1284118275148980224
1284118134153191425
1284118120228159489
1284118069971955713
1284118025399083009
1284117642379505665
1284117569692217344
1284117492235931648
1284117398702845952
1284117387135070208
1284117253395554304
1284117157245341696
1284117135908835335
1284116970078703617
1284116922477326336
1284116896502083586
1284116839035998209
1284116735675727873
1284116700976349185
1284116651902894081
1284116453311107072
1284116392153841664
1284115769521913858
1284115761984872449
1284115743424999426
1284115636948434944
1284115466730995712
1284115460548485122
1284115406551220225
1284115347344371717
1284115331359952896
1284115328839102469
1284115325861199873
1284115300007411716
1284115249629724674
1284115087008116736
1284115085070340096
1284115029902725120
1284115027256057856
1284114998776733702
1284114972146950144
1284114918598488065
1284114855608426498
1284114593657131009
1284114481673633792
1284114437432115205
1284114359833305088
1284114269634797574
1284114092727382018
1284113833704001544
1284113470733127681
1284113319276806144
1284113120458244096
1284113120445620224
1284113101634314240
1284112883861737472
1284112879784951808
1284112762524893184
1284112587882463233
1284112303621840897
1284112249423122432
1284112082292662272
1284112046347309057
1284111766973276161
1284111667597643777
1284111589658918912
1284111359253217280
1284111156962119680
1284111029648142338
1284110857782394880
1284110821384167425
1284110818112659460
1284110511681011718
1284110456500760577
1284110329937637377
1284110135464529921
1284110100588720129
1284110005071994880
1284109940576194566
1284109216983265281
1284109171873517569
1284109011839836161
1284108960409231360
1284108929933496321
1284108925160357890
1284108892629282818
1284108857422295040
1284108657018449925
1284108627339612160
1284108624755691522
1283939961629077504
1283939824399982592
1283939752174071811
1283939656485265408
1283939371243184132
1283938642411618304
1283938618701160448
1283938352501317632
1283938239867432961
1283938210515767296
1283938139044642816
1283938101442813953
1283938071906586624
1283937587078602760
1283937415946616832
1283937320274722816
1283937289069101057
1283937164871467018
1283937148559712256
1283937034533568512
1283936555372089345
1283936505354846208
1283936417995948032
1283936242220982273
1283936158687408128
1283936089359753216
1283935914658426880
1283935768633839622
1283935585351106566
1283935511539675136
1283935258531028992
1283935086757457920
1283935077366407169
1283935072911908864
1283935019212439552
1283934868028547073
1283934677271744517
1283934525899210753
1283934496941719552
1283934079948189696
1283934075548401664
1283933875266367488
1283933802797072384
1283933717636030466
1283933631531094017
1283933347350081538
1283933236205203456
1283933131515416576
1283933070752702467
1283932692619264000
1283932635224399873
1283932611342196738
1283932596922179584
1283932249642196992
1283932075222020098
1283932073548566529
1283932027788591110
1283931827967852550
1283931647096655873
1283931487818088450
1283931434173046785
1283931421694988298
1283931376748597248
1283931025857380352
1283930470799994880
1283930464114352129
1283930246601940995
1283929631322562560
1283929544689319936
1283929451198390272
1283929424002535428
1283929106980184064
1283929034985005057
1283928804772081665
1283928579903029249
1283928505781190657
1283928501423411202
1283928357252534272
1283928313099149314
1283928289405308929
1283928248443981824
1283928236745949184
1283928049877053441
1283928037755506689
1283928015706247169
1283928000489299968
1283927942490402817
1283927900408832000
1283927858990080000
1283927840275210242
1283927486045118464
1283927362053255168
1283927244943978496
1283927234328367106
1283926990890962944
1283926301187780609
1283925542883000325
1283925239450214400
1283924981403930624
1283924921387757568
1284001261076066307
1284000903268167680
1284000368427520000
1284000367282393091
1283999791299477504
1283999735372582912
1283999724568227840
1283998558694195201
1283998520266104832
1283998228342611971
1283998106913255424
1283997975807692800
1283997930290962432
1283997862670610442
1283997781498253312
1283997646051409920
1283997161726803968
1283996725422829569
1283996723359240192
1283996534246215683
1283995984737886208
1283995799983013891
1283995504905314304
1283995500174172161
1283995336781037571
1283994629839429632
1283994623610765312
1283994524096720896
1283994139952988161
1283993991831261185
1283993909698465792
1283993789665701888
1283993226039267329
1283993185631559680
1283993136105246724
1283992173785100288
1283991479476609025
1283991466839171072
1283991275209920512
1283990537905807360
1283990474462621698
1283990403193036800
1283990339712319489
1283989965966368768
1283989809422389248
1283989655038427136
1283989438012497920
1283989424645328897
1283988807813984262
1283988510601445376
1283988468675121155
1283988117897322502
1283988060900745216
1283987902288941056
1283987342332755968
1283987245087830017
1283987237990838273
1283987186224963585
1283986917416153089
1283986693012545536
1283986579808301064
1283986199175147520
1284169795525582849
1284169526091735041
1284169508870066178
1284169384970211328
1284169372408459271
1284169314812129283
1284169257803112449
1284169173820755968
1284169119860842499
1284168815354490884
1284168812837908480
1284168778281082882
1284168753920573440
1284168496352501762
1284168485178941442
1284168445819412480
1284168090071240704
1284168080336269316
1284167961989853191
1284167902346784769
1284167852598206466
1284167779059404802
1284167672201203712
1284167493565775872
1284167226958979073
1284167158633766913
1284167050622054400
1284167035455447049
1284166837752729601
1284166642528813057
1284166064276938754
1284165837784481792
1284165555528900608
1284165403535695872
1284164962110173184
1284164831600414724
1284164528553500674
1284164485184446464
1284164476573495299
1284164467018944513
1284164300828008448
1284164270826106891
1284164247522607105
1284164198885457922
1284164109454512128
1284164056560152577
1284163906706059269
1284163735742025731
1284163590040154113
1284163492598042624
1284163464970330112
1284163346342850560
1284163001516527617
1284162855382577153
1284162798499631105
1284162580492292097
1284162382143590410
1284162232104947713
1284162071983259655
1284162010351980544
1284161880437784576
1284161824359882755
1284161774892310528
1284161609699557376
1284161214633787393
1284161055367794688
1284161029342035968
1284160897141944320
1284160783895724032
1284160716048670720
1284160673241534467
1284160532912771072
1284160400758628354
1284160250384392192
1284160093425225728
1284160059321311232
1284159997161562112
1284159909332955140
1284159684379914243
1284159537805701120
1284159535423401984
1284159519409483777
1284159408428036097
1284159406482108417
1284159292682260480
1284159277184307200
1284159242270801920
1284159155700412417
1284159010611044354
1284158941270810625
1284158547660546050
1284158320589365248
1284158167266537473
1284157900299149314
1284157850026156032
1284157810981384192
1284157572724006919
1284157513601097730
1284157390632427525
1284157235820716033
1284156847927316486
1284156813873688576
1284156702183641088
1284156659586207744
1284156597196001280
1284156552820060160
1284156446519812101
1284156283399081984
1284156169595113472
1284156142395043840
1284156044042788864
1284155988887711745
1284155905290862595
1284155715582595072
1284155413173276673
1284155362829049862
1284155246315474946
1284155175821873152
1284155083131949056
1284154955566383104
1284154943960686592
1284154919289856001
1284154792806436865
1284154753794977792
1284093173065818112
1284093031478693888
1284092982908641283
1284092895700623360
1284092679316537346
1284092635716648960
1284092520935362560
1284092362881241088
1284092326533640192
1284092325526933504
1284091899993903104
1284091702668599296
1284091618484723713
1284091603087499264
1284091302498508800
1284091235737710592
1284091215630213122
1284091093907312641
1284090788201279491
1284090739706564609
1284090555501367296
1284090248453066753
1284090119738228736
1284090112545116162
1284089898270515200
1284089893711380481
1284089853139988481
1284089750471806976
1284089708734111749
1284089682876411904
1284089488969535488
1284089464684531714
1284089455066980354
1284089449413062656
1284089001822097411
1284089000895053830
1284088973472624642
1284088019692204033
1284087789697609728
1284087448193163271
1284087429914402816
1284087135688101889
1284087084786110469
1284086951629422592
1284086866506141696
1284086734482014209
1284086721777479680
1284086393120018436
1284086224815370242
1284086155059896322
1284086067591737344
1284085801287024640
1284085713529528320
1284085360423821312
1284085309517463553
1284085301242142722
1284084867836379137
1284084722449231873
1284084521382678529
1284083982246858753
1284083968980119552
1284083900327833605
1284083657385431041
1284083239494266882
1284083231059513344
1284083160469381120
1284082955049209856
1284082339258261504
1284081921585287168
1284081714386665473
1284081549735067651
1284081327520784385
1284081237531824129
1284081209216294912
1284080964952612864
1284080888494657537
1284080686899564544
1284080610533875713
1284080541034115073
1284080540610465793
1284080539087986688
1284080409572257793
1284079915516731393
1284079901394341888
1284079679805231106
1284079496384184320
1284079495075508225
1284079371523895296
1284079191261052929
1284079109669347329
1284078986470002692
1284078781360209920
1284078735562616832
1284078658068475905
1284078596257185792
1284078527382355968
1284078284947456001
1284108365564649473
1284108285986189312
1284108084781121543
1284108082784751616
1284107954363543552
1284107746808389632
1284107610405339136
1284107555791347712
1284107512233570305
1284107477311721473
1284107372013785088
1284107294695972864
1284107169215008770
1284107060813193219
1284107016047341570
1284106988549537795
1284106897201737728
1284106850762395648
1284106598340861952
1284106422092017665
1284106275723370497
1284105874638856193
1284105865918906369
1284105830300778497
1284105821140508672
1284105796381478912
1284105493678628864
1284105478990180352
1284105399696855040
1284105370856681473
1284105287981510657
1284105251973476353
1284105181114830849
1284105106875711489
1284105091100925957
1284104935957823489
1284104922745708547
1284104890365681666
1284104576979947520
1284104564174544896
1284104358024695809
1284104070345547778
1284104044689207296
1284104035755229189
1284104010765664256
1284103984895025153
1284103981174870016
1284103716254240772
1284103445243408384
1284103321905778689
1284103075377156096
1284103059258441728
1284103048462303233
1284102747357425664
1284102577454411776
1284102550820548609
1284102502493745153
1284102266329473025
1284102191628853249
1284102159718637568
1284102016105615360
1284101938728984577
1284101875655114752
1284101873138634752
1284101848719294468
1284101735787749376
1284101618481455112
1284101613896990721
1284101511593766912
1284101477636636672
1284101447806865408
1284101184345853954
1284101110626758658
1284101034684452864
1284101031731900417
1284100992502501376
1284100986450190336
1284100939293523968
1284100892988506114
1284100886713835526
1284100817432260609
1284100804354375680
1284100803922292736
1284100758720270336
1284100634258444288
1284100286894800897
1284100202056617984
1284100157638946817
1284099928474767361
1284099923319775232
1284099861294571527
1284099697330790401
1284099629886382081
1284099591705681921
1284099300683808768
1284099273265762304
1284099139182223362
1284099112758018048
1284099045372211203
1284098888870264832
1284098673325023233
1284098649035886596
1284098577346768897
1284098382223597569
1284098278792011776
1284098117412040706
1284097829456220162
1284097824750215168
1284097695536340993
1284097529462882304
1284097360839278593
1284097151258316800
1284097049617739778
1284096872227852288
1284096850589634560
1284096672448917505
1284096405838143488
1284096347864473601
1284096324011536386
1284096058067476480
1284096013611999234
1284095972465934343
1284095579153412097
1284095480952127490
1284095478674620417
1284095351046262786
1284095272130211840
1284095245169225728
1284095211434414086
1284095165276160000
1284095155822374918
1284094837936074752
1284094767719231489
1284094640967299072
1284094563821420549
1284094350440316928
1284094203526623237
1284094173549867011
1284094158878236672
1284093874131161088
1284093820406202370
1284093785618751489
1284093748276854784
1284093600649936896
1284093436270972928
1284093358349090816
1284078073575542784
1284078039941472256
1284077945766604801
1284077869199691776
1284077666711339008
1284077476810039296
1284077421269069824
1284077302129864704
1284077269582045184
1284077136886759424
1284077009187078144
1284076737639395330
1284076700574396416
1284076664415309824
1284076641942228992
1284076604361252864
1284076403584106498
1284076262055714816
1284076075547611137
1284076003778801664
1284075922547671040
1284075878524137474
1284075818130563072
1284075805207863297
1284075774421729282
1284075741299318793
1284075312532332549
1284075294371061760
1284075260342493184
1284075020101095424
1284074930850627584
1284074753133891586
1284074713396973568
1284074705297825792
1284074632648069121
1284074514893152256
1284074157244846081
1284073620608700417
1284073512894894086
1284073453491048448
1284073205162860546
1284073028717092864
1284072669596528641
1284072590089138176
1284072538910449664
1284072250321375233
1284072240196157440
1284072159573413888
1284072111020150785
1284072028824313856
1284071997450924032
1284071833667543040
1284071739526246400
1284071662003134464
1284071634362445824
1284071569539526656
1284071491768909824
1284071447707754496
1284071438455103488
1284071345085657089
1284070647610650624
1284070597102886912
1284070316126470144
1284070105790533635
1284069870800257024
1284069670782472193
1284069603564326912
1284069392167436288
1284069207093600257
1284069148818014208
1284069126818926592
1284069123811672064
1284069100046737415
1284068949613858817
1284068757237903360
1284068058156290048
1284068042268274688
1284067951029747713
1284067848088891392
1284067671923986432
1284067463265529857
1284067326502076417
1284067289222926337
1284066924196958208
1284066816021626880
1284066576174592001
1284066538702516224
1284066153049001984
1284065699305070592
1284065655633960961
1284065447428620288
1284065437391613952
1284064624262946816
1284064591878684672
1284064097319956481
1284064084342837251
1284063936036458496
1284063929157799939
1284063891350335492
1284063647699009537
1284063195729190912
1284063178574397440
1284062985812676609
1283986127595200514
1283985963539144704
1283985927694512129
1283985611880370177
1283985606566047749
1283985249131692032
1283985247013502976
1283985092151394307
1283985030348300288
1283984986803077120
1283984867756093441
1283984567678808064
1283984500880338944
1283984378008199169
1283984155563315200
1283983813106786310
1283983654801244161
1283983651521339392
1283983042894340100
1283982892318683136
1283981839607238656
1283981624028401664
1283981501839953922
1283981431430098945
1283981224361578496
1283980831464325121
1283980621367447558
1283980389057548289
1283980233356398594
1283980217611169792
1283980127508901894
1283979893026328577
1283979754534731777
1283978850011996161
1283978807163203586
1283978786057355265
1283978704771862528
1283978656440881154
1283978483333357570
1283978037000839168
1283978032538177536
1283977581956435968
1283977127591702533
1283977105236267011
1283977001934761984
1283976713605713921
1283976606948573184
1283976430993510400
1283975414558404609
1283975392831799297
1283975381733670912
1283975100275003397
1283975094872625152
1283974971816136710
1283974811761377282
1283974792228614144
1283974457103577095
1283973537003429890
1283972827306221569
1283971816487354370
1283971697700491265
1283971667585388544
1283971127119949824
1283971085659062273
1284185031590785025
1284184671958401025
1284184490378764290
1284184489988624384
1284184206826971136
1284184183930105856
1284184090556628992
1284183890752688128
1284183886856163329
1284183662679011334
1284183593497948160
1284183509440114688
1284183426128654338
1284183352099196928
1284183333308686337
1284183260910817288
1284183257483931648
1284182983025537025
1284182765563518977
1284182624467132416
1284182602832732160
1284182560050946048
1284182337614303233
1284182159306235905
1284181581159108614
1284181563278794754
1284181555657814016
1284181488104243202
1284181402385342466
1284181193915858945
1284181172256493570
1284181170566115328
1284181156947255296
1284181155277795328
1284181135015043072
1284181120762830848
1284181082817134593
1284179927798099969
1284179886672879621
1284179765231067137
1284179714278453248
1284179631969624064
1284179627242663936
1284179574834597888
1284179496506204165
1284179474272092163
1284179357360173057
1284179250703216645
1284179243581214720
1284179038202978305
1284178987242029056
1284178621603745800
1284178535150649345
1284178472991105024
1284178248059035650
1284178245726814208
1284178206711570432
1284178170162421760
1284178154962264065
1284178046467989506
1284178008513884160
1284177913345118209
1284177883976462336
1284177606334713856
1284177301140168706
1284177285613068288
1284177269334970368
1284177202796466177
1284177187999023109
1284177136518082562
1284177135385686018
1284176790219558914
1284176554747035653
1284176524636291072
1284176495154540544
1284176423813632000
1284176123258179584
1284176035005607937
1284175969578815489
1284175929829466113
1284175763550244864
1284175590715604993
1284175432510734341
1284175376051318785
1284175143783325698
1284175085746741248
1284174925641715712
1284174908768096258
1284174872369868801
1284174790857826304
1284174697073180672
1284174673425641473
1284174500649676800
1284174387869102080
1284174195073716231
1284174119584530439
1284173959420940289
1284173872380678145
1284173847449796613
1284173769414774786
1284173531505278977
1284173477059190786
1284173397090541574
1284173393688883200
1284173381819076609
1284173346301784064
1284173237421846529
1284173096031748096
1284173045494689797
1284172837297754112
1284172808445198338
1284172641851580418
1284172255476330496
1284172240234311681
1284172147359809537
1284172146718019584
1284172133338419200
1284172122441560065
1284172018632597504
1284171754265620480
1284171600590503943
1284171580847923205
1284171536711254016
1284171414958997509
1284171410211053571
1284171378187542531
1284171270045577216
1284171260545687552
1284171213695258625
1284171058778644480
1284170923747217409
1284170759628378114
1284170731983720448
1284170689776242688
1284170664312811521
1284170612525629440
1284170603772039168
1284170498583166978
1284170489334771713
1284170413577207808
1284170044176506881
1284170004859150336
1284169995107237894
1284169987612123136
1284200194100232193
1284200070255128576
1284200045303062528
1284199872095301632
1284199755678187520
1284199562303995906
1284199483933437954
1284199245365547010
1284199144450592769
1284199042768084998
1284198972886843400
1284198936761167872
1284198851335778304
1284198695093915649
1284198623463571462
1284198493758922754
1284198368437252099
1284198254255775745
1284198237168037888
1284198043357786112
1284197928517668866
1284197849585135616
1284197816298946561
1284197629434322944
1284197425939349506
1284197360432754688
1284197078810324992
1284197000863453189
1284196996568367104
1284196221083680773
1284196206940499970
1284196154339516416
1284196010739236864
1284195927436206081
1284195916174577665
1284195331090063363
1284194857188196358
1284194852285091840
1284194759268012032
1284194652267184131
1284194525758533633
1284194312801202178
1284194284112171018
1284194231695876096
1284194200309755904
1284194200242786305
1284194123327647744
1284193605595389952
1284193553275662340
1284193464549343232
1284193207450923009
1284193165919096832
1284193132779835393
1284193058922418177
1284192921881845760
1284192899975053312
1284192597410447366
1284192528066060289
1284192481509142528
1284192408381591552
1284192343277686785
1284192016457510913
1284191772277645315
1284191698768158720
1284191646729609216
1284191608842444806
1284191598218063873
1284191551745220608
1284191545214853120
1284191530509533184
1284191478420434944
1284191461563674624
1284191416353206272
1284191392508653569
1284191337730932736
1284191335105171456
1284191318588174338
1284191262606856192
1284191225638055937
1284191178733174784
1284191145564594176
1284191068322295809
1284191035195715586
1284190993559040001
1284190955898208256
1284190918711508992
1284190894334398466
1284190866144288768
1284190851850272778
1284190845684547591
1284190829309915136
1284190787811463168
1284190766286307328
1284190764713406465
1284190754592550912
1284190717460443136
1284190644613734402
1284190344922435586
1284190237162262528
1284190181348630531
1284190129104486400
1284189944211111936
1284189633585324039
1284189609618845696
1284189064875462657
1284189055299641345
1284188714642661377
1284188674880614401
1284188366511247360
1284188316343185408
1284188023970824193
1284187923718406144
1284187922695106571
1284187884556361728
1284187844106428417
1284187498462281729
1284187449594466304
1284187427792396288
1284187250432122881
1284187089484107781
1284186937289474048
1284186866502205442
1284186576122044417
1284186359708573696
1284186289315565569
1284186256222625792
1284186249356443649
1284186224823918596
1284186222038933506
1284186101335437312
1284185481412898816
1284185293881520129
1284246240612495362
1284245969564033024
1284245529996808192
1284245500124958721
1284245382059319298
1284245296852148224
1284245065456648198
1284245062617116673
1284244831351472136
1284244577357111302
1284244221361364993
1284244103895580672
1284243690274336769
1284243626093150209
1284243614957174791
1284243492777099264
1284243220344512512
1284243151910305795
1284242941125500929
1284242910343503875
1284242796132564993
1284242472953016321
1284242438266077184
1284242436567502849
1284242415029612545
1284242328954298369
1284241901873270785
1284241579264421888
1284241512679772165
1284241489002762242
1284241466017996800
1284241303686074370
1284241293514874881
1284241221771317248
1284241173146632193
1284241074089865216
1284240851993079808
1284240727334162432
1284240613412671488
1284240584018886656
1284240351495180289
1284240118161825795
1284239875500158976
1284239832395345920
1284239818709442562
1284239702606983172
1284239574823243776
1284239208593448962
1284239133171425282
1284239061755080705
1284239041173413888
1284238870553350144
1284238421435863050
1284238092593922052
1284238069646974978
1284238029385859073
1284237838427598849
1284237588350500870
1284237514455146497
1284237471237025792
1284237442632032264
1284237373144920064
1284237247483707395
1284237177870864387
1284236808289755137
1284236611807567874
1284236563627401216
1284236528789659648
1284236114174205953
1284236107861942278
1284236053948309508
1284235989125173248
1284235929779990530
1284235899849412608
1284235458462068740
1284235342107873280
1284235235132092417
1284234964070993920
1284234920915808258
1284234908588748800
1284234749829976064
1284234311579971587
1284234158659776513
1284234094650503170
1284233766081372164
1284233682384048138
1284233219836121089
1284233061979361280
1284233050176380928
1284232959319584768
1284232928793366530
1284232719497605121
1284232230408278016
1284231562607890434
1284231401592823808
1283955217390764032
1283955039611113474
1283954641219313664
1283954575620427782
1283954494330376193
1283954340072493056
1283954339325730817
1283954263748677632
1283954173155868677
1283954139177914369
1283954094952964096
1283953981895532544
1283953688009150465
1283953549022392320
1283953447780225025
1283953357615362048
1283953228300853248
1283953157450559488
1283953063766577152
1283952488895385607
1283952355256360960
1283952221059723266
1283952048682262529
1283951869010665472
1283951831715119104
1283951552663703553
1283950938294812675
1283950863887880194
1283950839317639168
1283950744190676999
1283950340338057216
1283950230413729792
1283949895582396418
1283949494229446656
1283949489716441090
1283949347550502912
1283949309336055808
1283949023519334400
1283949007811772416
1283948998752038912
1283948845785706496
1283948677841616898
1283948677736706048
1283948545180151809
1283948421611651072
1283948397083467776
1283948317890600961
1283948284248293377
1283948120968179712
1283948108318113793
1283948082196029443
1283947953636311040
1283947750426460160
1283947643136335872
1283947557954224130
1283947556310003713
1283947545958342656
1283947520570331136
1283947389049376769
1283946854489743360
1283946116996829184
1283945987866755072
1283945906123862017
1283945899907940353
1283945793016258561
1283945745880506368
1283945681800003584
1283945623893315586
1283945604943474688
1283945509556609024
1283945295131238401
1283945245269463042
1283945091204341766
1283945025626415104
1283945000347349002
1283944844415492096
1283944765264928769
1283944730750066689
1283943937036746752
1283943631062212610
1283943467442413569
1283943432227115008
1283943395489132546
1283943321493176320
1283942843300618244
1283942761192927235
1283942717270061057
1283942655832084481
1283942527133982720
1283942433542242305
1283942403037167618
1283942293540442112
1283942168407748614
1283942122337394692
1283942050623258624
1283942007946252291
1283941935590207488
1283941879848022017
1283941868447899648
1283941726835691520
1283941633378136065
1283941571881132032
1283941338304716800
1283941201994014723
1283940970653003779
1283940896204042242
1283940548491923456
1284062419250302976
1284062361561763842
1284062323062255617
1284062230254964736
1284061783918022658
1284061425774792706
1284061129862451200
1284061099797643264
1284060365068931072
1284059875656503296
1284059769033027586
1284059663198298113
1284059478132961280
1284059268543582216
1284059255675465728
1284059059574804481
1284059006445785089
1284058810911461376
1284058574939971586
1284058357930876928
1284058292956930048
1284058123276365829
1284057678218760198
1284057628369461249
1284057018714787843
1284056988901490688
1284056894013870080
1284056708936065027
1284056674660122626
1284056620184502272
1284056356522283009
1284056235973763074
1284056225982939138
1284056109867847681
1284056025981759489
1284055805755641856
1284055695432785926
1284055673936863235
1284055571931426817
1284054892634660864
1284054696429330433
1284054594725830658
1284054525834399744
1284054440652267521
1284054232115675138
1284054098375921664
1284054043728523264
1284054040645644294
1284053949910331392
1284053754137006085
1284053725242368000
1284053569004613634
1284053502516441088
1284053480047599619
1284053456991301632
1284053035954638849
1284053029965234179
1284052929591287812
1284052843180298240
1284052576670044160
1284052150822342656
1284052016613011457
1284051650857107462
1284051492085825536
1284051359915016192
1284051298359312389
1284051253346082818
1284050994972823556
1284050535788601344
1284050214970626048
1284049877064986624
1284049088313425921
1284048915772444672
1284048555322290176
1284048285204975616
1284048038219177984
1284047809621028866
1284047752608055296
1284047532839051265
1284047527248039937
1284047500853366784
1283924854740320259
1283924846662098944
1283924696258371585
1283924554583244800
1283924329189855234
1283923860031541248
1283923621719629824
1283923370103328769
1283923353359671296
1283923242865045510
1283922933866541057
1283922712990277632
1283922638302322689
1283922379010383874
1283922374669111296
1283922277449584643
1283921948490309633
1283921519844958213
1283921439498752000
1283921184497831936
1283920981652840450
1283920824857063424
1283920734671245313
1283920702995931136
1283920659802923008
1283920160034893827
1283919997379710978
1283919992145301506
1283919773374570497
1283919655132819456
1283919567731879936
1283919541165334530
1283919057767600128
1283918988511068160
1283918779400019969
1283918511878758400
1283918135154946050
1283917738533158920
1283917730387619840
1283917506541948935
1283917322491576320
1283917303365513216
1283916895603904515
1283916703827722241
1283916344547774464
1283916343113404416
1283916243213271040
1283916209558138882
1283915929555017728
1283915749703245824
1283915749162201089
1283915724361170944
1283915489819803649
1283915339198345216
1283915068854300672
1283914838410813440
1283914625512349697
1283914493240713218
1284276561718521856
1284276505393213440
1284276466860150784
1284276444739313665
1284276257031684099
1284275311060844549
1284274889504034817
1284274733559799809
1284274040442695681
1284273956833370113
1284273761345081344
1284273747260616705
1284273705829519372
1284273548199108610
1284273256690855936
1284273069503258624
1284272918948728832
1284272617038532614
1284272388662874112
1284272346229018624
1284272296853676036
1284272285470294023
1284272064036245510
1284272000194818048
1284271402972057600
1284271064051257345
1284270745003143168
1284270609082519554
1284269686402801665
1284269597517058048
1284269456068349963
1284269389110554624
1284269376649166848
1284269314967851008
1284269271653199877
1284269145270497288
1284269136785416193
1284268932715565057
1284268781028728832
1284268725802356742
1284268654402637827
1284268613915029504
1284268611192999937
1284268539210272769
1284268205263990785
1284268187823955968
1284268187316563970
1284268063915941894
1284267616970801152
1284267539015639040
1284267332664262656
1284267044414853121
1284266800931209216
1284266643074449417
1284266265373290497
1284266219881656320
1284265853912055808
1284265184320602112
1284264611919822850
1284264503610273792
1284264503555719168
1284264163662012421
1284264155965317122
1284263465620840449
1284263447299977216
1284263177786712064
1284263022219812864
1284262957136977926
1284262583260909568
1284262480345206787
1284262301038592000
1284262292687814657
1284262288334163968
1284262078409084936
1284261869176320000
1284261839010852864
1284261635893465094
1284261603236405250
1284261590573948928
1284230984167301123
1284230981910765569
1284230980006555648
1284230978140082177
1284230976399388677
1284230974545567746
1284230972687421441
1284230970741325830
1284230968602222594
1284230796732182528
1284230722887340033
1284230518213574656
1284230507564277761
1284230489205858313
1284230317646086146
1284230092852518912
1284230063177625600
1284230040071417856
1284229947696062471
1284229927223676928
1284229855324798982
1284229516756488195
1284229326951428096
1284229081098223617
1284229037859246086
1284229014064754689
1284228980267089920
1284228883169124357
1284228661214711808
1284228526166736897
1284228521758298112
1284228067297304576
1284227849235435525
1284227705983074305
1284227624886079488
1284227515830149120
1284227398154821632
1284227227928997894
1284227177328730112
1284227018524176384
1284226995472216064
1284226786197475328
1284226366834171917
1284226216120254464
1284226136516579329
1284226035471585280
1284225918395985924
1284225822866370560
1284225755086499841
1284225499577880584
1284225154113929216
1284225153279328258
1284225013823021056
1284225004075397120
1284224842431188992
1284224688764354565
1284224633579778048
1284224617717137418
1284224609709993984
1284224328247238662
1284224214191546369
1284224056334655489
1284224036432744449
1284224005424189440
1284223896032600064
1284223679363198977
1284223602804641793
1284223599906299906
1284223588661227520
1284223356795944960
1284223224465645568
1284223100754644992
1284223093922136065
1284223062251122688
1284222990989713408
1284222975483555842
1284222788140589056
1284222623770193921
1284222366579486720
1284222293745401857
1284222222903595008
1284222173230628866
1284222120428527618
1284222119455465473
1284222118629171201
1284222116842405890
1284222114967453697
1284222112022974464
1284222022629781504
1284222015889522689
1284221960906366977
1284221704219262987
1284221346117976064
1284221334541631488
1284221303512346624
1284221235518472193
1284221191935406081
1284221073114845185
1284221072884199424
1284220929841795072
1284220914465415169
1284220905560760322
1284220816599719937
1284220768688263168
1284220684521136128
1284220656524185602
1284220578552045568
1284220455218556930
1284220452366422016
1284220448990023680
1284220447211638790
1284220445332471808
1284220443575058433
1284220350373548033
1284220033908998145
1284219824483246080
1284219800705740800
1284219780606689281
1284219771647660040
1284219606119391245
1284219417358934017
1284218582746923009
1284218530536153088
1284218401142067201
1284218302894690305
1284218187060350976
1284217486519332864
1284217483902189569
1284217439585280002
1284217366516240384
1284217312661385216
1284217208328130560
1284217139512127489
1284217135749791744
1284216872595075079
1284216566863757315
1284216355865198592
1284216300307230723
1284216175006801926
1284216026239053824
1284047250503565312
1284047175157198854
1284047145658712069
1284046891903311872
1284046771325370368
1284046577036718080
1284046508501983237
1284045744752726017
1284045744580685825
1284045646140510208
1284045191049969664
1284045009440972805
1284044734059749378
1284044282429612032
1284044078133510144
1284043560426274816
1284043246985859073
1284042771154665472
1284042406246051840
1284041897447575554
1284041868767043584
1284041762164490241
1284041639699390464
1284041497596362753
1284041189709058048
1284041044741500928
1284041041532850177
1284040388966264833
1284040315712598017
1284039794306277379
1284039617621172226
1284039564206759936
1284039267472289793
1284039025523929089
1284038908771053568
1284038187384545288
1284037886321594369
1284037126921818113
1284036551761174528
1284035781984747520
1284035666305638407
1284035548940693504
1284035264076304386
1284035258078212097
1284035113559433216
1284034753893736449
1284034701133520896
1284034668053102593
1284034655650488321
1284034604676993024
1284034456584630274
1284034331044990976
1284034315370803205
1284034202032168967
1284034052824223744
1284033140718292993
1284032893128519680
1284032744083927040
1284032688916135937
1284032599610912768
1284032275395403776
1284016696215261185
1284016681086410752
1284015901449175040
1284015334458920960
1284015058360709121
1284014993252417538
1284014893679738886
1284014829964013569
1284014548098281472
1284013838447198208
1284013208521437184
1284013100111245312
1284012181835546624
1284012071974248449
1284012006580932608
1284011808005730304
1284011782433054725
1284011148715667456
1284010535537737728
1284010483486461952
1284010225901678593
1284010120964452352
1284009983395409921
1284009760455630849
1284009726733365248
1284009130215211008
1284008238908944384
1284007774028996609
1284007555669393409
1284007547528085505
1284007482877186048
1284007212411768833
1284006412897660928
1284005943294832640
1284005899670040580
1284005752747720704
1284005357380141058
1284005299121082368
1284005001510227969
1284004854374051842
1284004736191000577
1284004675415674882
1284004643710935040
1284004499808493569
1284004117141168128
1284003889453375489
1284003475764817921
1284003283405811713
1284003152178614273
1284003122105524225
1284003114635362304
1284003101029085184
1284003035367211009
1284002917704499211
1284002433614651393
1284002305344507904
1284002247693803522
1284001842700128256
1284001842016456704
1284261352387694592
1284261318745305095
1284261194333925376
1284261119369019392
1284260575770546179
1284260484892352515
1284260483944419329
1284260450641874944
1284260420014845953
1284260403963473920
1284259917751300098
1284259807168356352
1284259677832765440
1284259666118225920
1284259606483611650
1284259248927645697
1284259220943249408
1284258901660258304
1284258853358637057
1284258747343306755
1284258606356082688
1284258278080471041
1284258213278490625
1284258208228548608
1284258151097929731
1284258018796986368
1284257924655845377
1284257877637632001
1284257823879307270
1284257823703138306
1284257595616899074
1284257459167563776
1284257438384955398
1284256711105290245
1284256703903670278
1284256689575866370
1284256681724174336
1284256607854104577
1284256593773654016
1284256335907913740
1284256193381306369
1284256072924946433
1284256037973962758
1284255787410309122
1284255776467554305
1284255429887918086
1284255353463431170
1284255334253637634
1284255330659172352
1284255250757623808
1284255202514624513
1284254868778229761
1284254682173456384
1284254402304528390
1284254209362157568
1284254159236022275
1284254102663368705
1284254049114755073
1284253814716010496
1284253723724845056
1284253633530474496
1284253434041061378
1284253396195856384
1284253364793020417
1284252965360959488
1284252712901771264
1284252711949529088
1284252587571765251
1284252235250257925
1284252172700381185
1284252085215793155
1284252063942279169
1284252031805521931
1284251552635592705
1284251383269654528
1284251105078046720
1284251045938552840
1284250429329518592
1284250256553717760
1284249894929215489
1284249863102898176
1284249580545232902
1284249383446425602
1284249145314816001
1284248927458463746
1284248918008750081
1284248725385347079
1284248615632769025
1284248506979549185
1284248247825911809
1284248013926330368
1284247932863119361
1284247784841809920
1284247318062084097
1284247274076266501
1284247252828073993
1284247245374853121
1284246934119755778
1284246687985405964
1284246539745914880
1284246467297841163
1284246376814125056
1283971004163923968
1283970354789195781
1283970163683942401
1283969490762555393
1283969327495032833
1283969018836078592
1283969016202174465
1283968974514982912
1283968746831220736
1283968501099659264
1283968496892694528
1283968230759989248
1283968057006649344
1283967746154418177
1283967715519205376
1283967456717963264
1283967424354816004
1283966842613182464
1283966725692837888
1283966708278075392
1283966311236882432
1283966033728958465
1283966013642551296
1283965847170617346
1283965795182219265
1283965363680694272
1283965235909373952
1283965169928814592
1283965035136593922
1283964870199836672
1283964819645673473
1283964746031673344
1283964728092418048
1283964669275918336
1283964441751625728
1283964158409572353
1283964148569776129
1283963678522515456
1283963636806029314
1283963535211606017
1283963528026652673
1283963365895929857
1283963354088955906
1283963335432720386
1283963270949335040
1283963106486558727
1283963045585260545
1283962921144455169
1283962725828161536
1283962385510871041
1283962286739161088
1283962062796775426
1283961820424929281
1283961731841171456
1283961696479043585
1283961591566725120
1283961545551118338
1283961544313888768
1283961474768142336
1283961441666695169
1283960998404202496
1283960953407774721
1283960819869380609
1283960494341206016
1283960493472976896
1283960413789585409
1283960147967188992
1283959947244470279
1283959791153364993
1283959755422105601
1283959664216952832
1283959643589562368
1283959407865364485
1283958658167185408
1283958644732649477
1283958572934733824
1283958326913622016
1283958267832668160
1283958123825442816
1283958002060591106
1283957737165127681
1283957703233073152
1283957583816962048
1283957562753249285
1283957514229383168
1283957476153528322
1283957433098960899
1283957345891094528
1283957332393840641
1283957235916451843
1283957214961528833
1283957191829946369
1283957039828541444
1283957035030188032
1283956895145840641
1283956834563436544
1283956215777820673
1284215513304854528
1284215424830201862
1284215401409204224
1284215313744134146
1284215171322437632
1284215116859428866
1284214909677559809
1284214907441950720
1284214905495748611
1284214903558070275
1284214901762818051
1284214899888054274
1284214897719508995
1284214873757343744
1284214772276367360
1284214674951753730
1284214524854390784
1284214380947738627
1284214054018584577
1284214046066184198
1284213942978596864
1284213854793355266
1284213721817112578
1284213707308965890
1284213527373393922
1284213118264958976
1284213033301090305
1284212955631026178
1284212877897809920
1284212776664211456
1284212646775009283
1284212349180743680
1284212283011293184
1284212083983343623
1284212076454588416
1284212013544222727
1284211832501264385
1284211624056893441
1284211620961554438
1284211447191543811
1284210882332024833
1284210758281240582
1284210718632546312
1284210442513063941
1284210381116801024
1284210355225243648
1284210329627459585
1284210205669154816
1284210187788865536
1284210029923643393
1284209766500360192
1284209763174227969
1284209415042867202
1284209345211912198
1284209340354830336
1284209320532606976
1284209301737930755
1284209294716686339
1284209250110042112
1284209211790946304
1284209211463872513
1284209067938869248
1284208852351586304
1284208848207781899
1284208599074516996
1284208441536413698
1284208207817256961
1284208157057789957
1284208089307254785
1284207875318063105
1284207502301642754
1284207479119904775
1284207476200493056
1284207296138973185
1284207084314263553
1284206988956770309
1284206840956370945
1284206555513204736
1284206485631758336
1284206387636076544
1284206354958344193
1284206347609874432
1284206305624887298
1284206121100750848
1284206073096933377
1284205892343336965
1284205817412161536
1284205809019150337
1284205582937993216
1284205284261531650
1284205250765709312
1284205240238043136
1284205238698815489
1284205048742854656
1284204908753764352
1284204890798071808
1284204813580820481
1284204753380167681
1284204744735707136
1284204667514294275
1284204429676339200
1284204300193931264
1284204250390843392
1284204187509719043
1284204117846626309
1284204099991371776
1284204061223522309
1284203823293239296
1284203732301905920
1284203621341683712
1284203387307925512
1284203237093015553
1284202930229346304
1284202910537129986
1284202701052620800
1284202686565380096
1284202549491490817
1284202480318976008
1284202434298953728
1284202371707539460
1284202358918897664
1284202229352677376
1284202227029008384
1284202226412486661
1284202226332733440
1284202225967890433
1284202210893668352
1284202208775610369
1284202043557675008
1284201960166563840
1284201828314484740
1284201596281188353
1284201496381460486
1284201340827242497
1284201328420376576
1284201269066895365
1284201233792659456
1284201211588227072
1284201206315806720
1284200876287168514
1284200833169711105
1284200727263551495
1284200723161522176
1284200642920058880
1284139069748936705
1284139063784636423
1284139055333158913
1284138897778384903
1284138856166633473
1284138824042332160
1284138740890443776
1284138304955273221
1284137914276823040
1284137912175665152
1284137843724554241
1284137791224516609
1284137521815924736
1284137496863887361
1284137444699512832
1284137403347853314
1284137150649257991
1284137097046171648
1284136761858424832
1284136693667422211
1284136221359460353
1284135998276997122
1284135438983278594
1284135273723580422
1284135265058127872
1284135239397367814
1284135230207647745
1284135227875631104
1284135218035806208
1284135200855908359
1284135171252527104
1284134921678749696
1284134858005110784
1284134763054407680
1284134649556373504
1284134615167504384
1284134579461292033
1284134485668356096
1284134466198405120
1284134274871025664
1284134274195525635
1284134233087369216
1284134156704849921
1284133902102274048
1284133758598361090
1284133408432693249
1284133405437726721
1284133105612107776
1284133102793756672
1284133002147233792
1284131947892137984
1284131837762326535
1284131581066539008
1284131419632132096
1284131419489476609
1284131413063868417
1284131374262292481
1284131252312739842
1284130375040737281
1284130332267159552
1284129951210442754
1284129926325719040
1284129843697811457
1284129773401210884
1284129763414536195
1284129580782096384
1284129558183149570
1284129540604739585
1284129472900485120
1284129400468971520
1284129301349179392
1284129255274799106
1284129136525672449
1284128906832949248
1284128859219128320
1284128654512074753
1284128616029261824
1284128565307604992
1284128553458704385
1284128486135865350
1284128369152602113
1284128341281452034
1284128239586291713
1284128063622492163
1284128025492238337
1284127979250094082
1284127968487301123
1284127637141704705
1284127517129891840
1284127495927681024
1284127482573197314
1284127445394825221
1284127343129382913
1284127316378103808
1284127282827792384
1284127257133555714
1284127167132114946
1284126820745519104
1284126767620460544
1284126685277945856
1284126378842034176
1284126357451145216
1284126188416299009
1284125924519272449
1284125713117913088
1284125704007933955
1284125553268842496
1284125327560634368
1284125301409103877
1284125296808144896
1284124926866264064
1284124909795373057
1284124759119331328
1284124567020150784
1284124543360081921
1284124515602255873
1284124469934555136
1284124361415434242
1284124311612092418
1284124195836878848
1284124047454822400
