1263639821274304515
1263639589396164609
1263638529541881856
1263636838142509056
1263636477105172480
1263636302408400902
1263635479112671233
1263635226443431936
1263634194107740160
1263633583496810496
1263633481998860289
1263633406597820416
1263633292697505792
1263633205946531841
1263633129064955905
1263633027084816388
1263630868385378304
1263630411663437826
1263627472219693057
1263627074323054595
1263627037383720961
1263626989593919494
1263748404649193472
1263744980633387008
1263744732204859393
1263742723330207744
1263741989994082304
1263738523699613696
1263738152155480064
1263737582862495744
1263736198801043457
1263734320595783685
1263734286555009029
1263733464064385027
1263857929536638976
1263857825689808896
1263857807125815296
1263855554071388161
1263855048628584448
1263854954592296960
1263854087474343938
1263853127272296451
1263853063682560001
1263851538830761984
1263850635444858882
1263850405169172481
1263849844617117696
1263846094758383621
1263845332972077060
1263842964821983233
1263810951050035200
1263809209239580673
1263808996097560577
1263808815977422850
1263807802931245058
1263807195742953472
1263806689138049031
1263805378644578306
1263804764573315072
1263802163811115010
1263801957187231744
1263801255085948929
1263800450249302020
1263800119775956992
1263799935364993024
1263799608922251267
1263799157518667777
1263799076870643713
1263799005441667073
1263798189519507458
1263797559321124864
1263796571952594946
1263795992400363520
1263795878596403201
1263780399081234432
1263780363832365056
1263779833936523265
1263779010447904769
1263777488548900864
1263776872523071489
1263776605316489219
1263776295521050624
1263775356831576064
1263775233074499586
1263775190078685184
1263772992632389633
1263772946478370818
1263772824541544449
1263772717108658177
1263772634208014337
1263772357275123712
1263772107143512064
1263771680284999680
1263771427334955008
1263771388877438976
1263771277170483200
1263770343384190976
1263769126172008450
1263768719269994496
1263768037708218369
1263767150063489027
1263766672218914816
1263766475644551168
1263766326138605568
1263766271780413441
1263766131808129026
1263765633520619520
1263765524116312065
1263765337067192320
1263982064874991623
1263979707776643077
1263979698360668161
1263976550296424450
1263974836541575169
1263974144678510605
1263972300996648960
1263972183002550273
1263971541982855169
1263970332471250945
1263969513738874880
1263968821196578821
1263968717181984770
1263967885988442113
1263717291499405312
1263716857539891201
1263716847230148610
1263716340143206405
1263716207691214850
1263715422899060737
1263710824968962049
1263709662777610241
1263708799900233729
1263708580957483008
1263707947747532802
1263706633336532993
1263704562394730497
1263703941243637760
1263703703791566851
1263703166639472641
1263702802934751232
1263702675201261574
1263686947215564801
1263686761965850625
1263686694487777280
1263686629576904704
1263686056332988416
1263685941186584576
1263685074282860545
1263684899845873664
1263684436002050048
1263683856785215496
1263683553012805637
1263680987659034625
1263679292078055424
1263679254769909761
1263678566862069766
1263677934608371713
1263677718291460099
1263677586057711616
1263677227394162689
1263676590518603776
1263676296501972992
1263675215361368064
1263675192196415490
1263674766944284672
1263674586043871232
1263674344019877888
1263674251560747008
1263674173550850050
1263673980109586434
1263673500654620672
1263673414306410497
1263671109892931585
1263670995363168256
1263669650132332544
1263669083251318787
1263668358618243072
1263667834845925377
1263662329192800257
1263661624386297856
1263660847618023431
1263659828486045696
1263659696440979457
1263659296128069633
1263764130588172288
1263764014473138176
1263761871187959808
1263760924470640642
1263759197180760065
1263759127605645312
1263751805311336448
1263750105183600640
1263795724187287553
1263795525809307648
1263795267092074503
1263795207482617856
1263795191988850688
1263795152235180033
1263794992184778753
1263794390675394560
1263793682739654659
1263793254543351808
1263792789877395456
1263792627482271744
1263791919399792642
1263789198009683968
1263789195237171203
1263789143596949504
1263788944103260163
1263788694034698241
1263788616217694208
1263788464291614723
1263785893971791874
1263785667131301890
1263783989225164800
1263783624958259206
1263782889717731328
1263782366662836224
1263780947507515393
1263873377732878336
1263872286240669699
1263870088773545989
1263869966471880705
1263869046073720839
1263868867467776005
1263868374230069248
1263867853419225095
1263867117792751616
1263865968419364864
1263865599505182721
1263864179552710656
1263863400527872000
1263862781528420353
1263862503446110214
1263862286159998978
1263861994932879361
1263861100749225985
1263860015657635840
1263859471534690306
1263859312423849985
1263858416545603584
1263841590881050626
1263841058074447872
1263840759410601985
1263839972467015681
1263839911154720778
1263839877109555211
1263839421222326273
1263838742365814784
1263837946710392833
1263837628241072128
1263835590820270080
1263835485962715137
1263834560095309831
1263834549269655552
1263833737499942913
1263832246374420480
1263831739467694086
1263831590477725700
1263830546976817153
1263827395062177792
1263827053440204800
1263888666205868033
1263887866985357312
1263886727220883457
1263886125514526720
1263885676606631936
1263883356015558656
1263882802149437443
1263881855624978439
1263880457730605056
1263879591363579905
1263879035169447937
1263878799407542273
1263878321026273282
1263877878745202688
1263877466642239493
1263877193228120065
1263876827602288640
1263876299375820801
1263875921590784000
1263875683165646848
1263875613812764673
1263874848155070465
1263874599109918725
1263873644666724357
1263656010641793030
1263654943052816384
1263652298447872001
1263650672957947904
1263650188251533319
1263646414988546048
1263645343352328193
1263644012671414273
1263641417500499968
1263935310272122880
1263934156439875584
1263933827128406016
1263933253767114762
1263932433403166721
1263932222454652930
1263931224709464064
1263930880243961856
1263930465511256069
1263930398846914561
1263930234166022144
1263930191493115904
1263930056302157824
1263929757348978688
1263929744568881152
1263929248919834625
1263928623926521856
1263927677460807681
1263927600151330816
1263927277957468161
1263926314534223873
1263926102373916673
1263925959591374853
1263925725029171200
1263925458476904448
1263924398832136193
1263924298684694534
1263923468610924544
1263923120135475201
1263922573609521153
1263922504479002624
1263922488507015168
1263922394751795202
1263921974847459331
1263921644940046336
1263921593345925120
1263921397946081281
1263920875142656000
1263702074715406337
1263701411520565248
1263701404432113664
1263700630255865857
1263700618906087425
1263699380768583680
1263699240896913408
1263697126573379584
1263696390464704513
1263694297984974850
1263689894662037504
1263689846016614400
1263689812202205186
1263688771435819008
1263688400353271808
1263687674537410561
1263687341375459334
1263950492826243074
1263949610529087490
1263949181733015559
1263948992569683969
1263947828537196552
1263947065345916928
1263946961905950722
1263946835070156800
1263946089666957312
1263945396302368769
1263945297841082368
1263945209571926016
1263944500902322185
1263943796569640960
1263941615518957568
1263939746851684356
1263939676861169664
1263939460099604480
1263939378247843844
1263938520974077952
1263937509400227840
1263937121099771904
1263936958054760450
1263936319161499648
1263936244649807873
1263935590623588353
1263904583082029058
1263904480501923841
1263903560003129344
1263903332202151939
1263902603014012928
1263902485195849728
1263902350718181385
1263902012783185922
1263901836202831872
1263901535618170880
1263901459583811586
1263900723714109446
1263900392867405824
1263899744084115457
1263899209385689088
1263899046063869955
1263898997179154432
1263897950096445440
1263897530166923269
1263897358145904640
1263897067417673728
1263897002473070592
1263896899238744066
1263896812932534272
1263896735144980481
1263896340058173440
1263895635499065348
1263895625118203904
1263894262913077250
1263893305718439937
1263891887527800832
1263891859178500097
1263890997114810369
1263890826494705664
1263890815841112064
1263890589415813121
1263890444141854721
1263890269612711937
1263889926258593798
1263624416014987264
1263624383123337221
1263624325770420225
1263624278093844480
1263624225610510336
1263624200977252355
1263624158786748416
1263624158140915712
1263624113085730822
1263623906226843650
1263623800157016064
1263623710508007430
1263623666530738177
1263623616597499913
1263623585668702209
1263623545109852160
1263623148420956162
1263622397460205574
1263622279600226311
1263621820252655618
1263826408163479552
1263826101454778369
1263826026729222144
1263825283938910212
1263824218850025472
1263824217348485128
1263824012670631938
1263823851777122304
1263823727147573250
1263823017299390465
1263822336031109120
1263821266860994561
1263820557000245255
1263819335023448066
1263819297153003520
1263819176973656064
1263819170971398144
1263817871232098304
1263814329826250752
1263813365023023106
1263813146055237633
1263813136639025155
1263813135133270021
1263812425536745472
1263920031148044288
1263919988395696130
1263919794744709121
1263919526057349127
1263918998162300928
1263918865190445057
1263917254925627393
1263917161992552448
1263916056957136897
1263915879064109056
1263915062705762306
1263914482226642944
1263914071319027713
1263912903985508352
1263912686263455745
1263912593200119809
1263912520731045890
1263912440909135872
1263912374291042306
1263912305588408328
1263912299154333699
1263912198105116681
1263911908656025600
1263911852980961281
1263911712723476481
1263911691596836865
1263911367662284803
1263910738864885762
1263910306054467584
1263910204636307457
1263909223693455363
1263908981535240193
1263908740761128961
1263908283758198785
1263908152107569154
1263907321845100549
1263906967786975232
1263906734801932288
1263906627624763392
1263905693754589185
1263905198394785792
1263904985999237120
1263732511928127493
1263732305006379008
1263731405093208064
1263730218113462272
1263729977687568389
1263729438941949954
1263729414615031813
1263728749595500544
1263728645962698753
1263727319140773892
1263726903191580673
1263726901463592960
1263726899454509056
1263726877895581699
1263726873340755968
1263726732105916416
1263724809894219784
1263724244308983809
1263724176294187014
1263723745287507969
1263723661120294912
1263723462985764871
1263722768245223425
1263722391986933761
1263721832626008066
1263721696038727680
1263720047706427395
1263719973282820098
1263718828367847424
1263718665763028994
1263965895044497409
1263965337751609345
1263964460462551040
1263964101723648003
1263963334027751426
1263962607708303361
1263961899277959169
1263961486608814080
1263960919194861570
1263959676888195074
1263958571286478855
1263957576586231809
1263957554943664142
1263957208724799488
1263956884555472901
1263955832707977218
1263953956960718849
1263953541259018246
1263952746253877248
1263952073172881415
1263952012204523522
1263951506333552640
1263951143689846784
