1525511092797165570
1525506106985938945
1525487555436855296
1525484572556787713
1525480459815243776
1525479208553590784
1525475796525142018
1525096400098209792
1525082172599697408
1525080856796315649
1525078532665262081
1524986204256706561
1524979315905073175
1524978750760357893
1524978582682013704
1524977990798610447
1524977072065679362
1524976200334118917
1524975511528738827
1524974806541733898
1524971724546224128
1524971678949941259
1524971632384778251
1524971581965049867
1524971463161389077
1524971386820861954
1524971353014771722
1524970739878830088
1524930579703144451
1524930574649024514
1524930458202656769
1524930434320191488
1524929806952964112
1524927324759769088
1524906159664255003
1524899592982216704
1524893097733279745
1524858406439469076
1524856776243482625
1524854018023034880
1524853074665295877
1524852993203523584
1524852930267996161
1524852838966476809
1524852717155495937
1524845105277980688
1524839214650642449
1524838891747958784
1524838202485395485
1524837286134829073
1524837131138519055
1524836267606810624
1524834124082692096
1524806475188785154
1524788688043053069
1524786879798857729
1524786744973041668
1524783882465337356
1524783834319011841
1524783795353882625
1524783750130933762
1524783674771783682
1524783612046069761
1524783568773427200
1524783530559123457
1524783480412028930
1524783386606424065
1524783352133328902
1524783321657614336
1524783293664743424
1524783244691918850
1524783205622157313
1524783168896831489
1524783141046599683
1524783099451789312
1524783060201398273
1524783026915393536
1524782922699526146
1524782875232583682
1524782838385631237
1524782741379764225
1524782267385757696
1524781832864153602
1524780994640941056
1524774745308282881
1524208451588526081
1524135800295755778
1524113444273721344
1524106518219558912
1524106407330476032
1524103624883773440
1524098084791222272
1524095004502740992
1524089809207136256
1524084619536068608
1524080484002631682
1524074051337023488
1524071643458453504
1524063454406971392
1524059125834862592
1524058191734009856
1524047194893946880
1524046371094900737
1524045499602415616
1524033718104453120
1524021743500857345
1524019721737179136
1524018646749618176
1523921551418007557
1523921501451264000
1523914488595976192
1523913219999371264
1523912334653095936
1523909604878340097
1523893936871247872
1523877514103246849
1523877486794182656
1523877452581285888
1523877369156542464
1523877142563463169
1523876995263700993
1523876913961332742
1523876838207983616
1523876744758894592
1523876646612209666
1523876621219815427
1523875698485604352
1523875617757835265
1523875589622431744
1523875522689703936
1523875467014541312
1523875405798600705
1523776759245590529
1523766277986131968
1523763132312686595
1523761870984777728
1523759070502473729
1523758821771857920
1523757951361576960
1523748082315194368
1523732086921728000
1523731930251812864
1523731882076098561
1523731802686312448
1523731711128862721
1523731562096828416
1523731408556273664
1523731300812681217
1523731187377664001
1523731178720661505
1523731178532241408
1523731178385068034
1523730580239577089
1523730530281295873
1523730478922010628
1523730295328952320
1523730254614777856
1523730225565110273
1523730194007089153
1523730048896802817
1523730033172393984
1523729869808406528
1523729650265980928
1523727274855460864
1523723597725913093
1523440744001794048
1523440698879451136
1523440583074738176
1523440559276261376
1523440447435067392
1523440404988760064
1523440338966253569
1523439986233602048
1523439853144215552
1523439763004395520
1523437776657522688
1523436134742720513
1523435194320973824
1523434187214139394
1523432253010841600
1523431007134748673
1523430418812350464
1523428310679654400
1523428256984174593
1523428181184708611
1523427110752112640
1523426558823702528
1523425724744355840
1523424889905893377
1523424024910458880
1523423384981278721
1523423201967042561
1523422695328604161
1523422663317725184
1523422645030580224
1523422628723134464
1523422612667338752
1523422596779311104
1523422569465991168
1523422548079247361
1523422202745344000
1523421792034906281
1523421175434518530
1523421134250668033
1523420377690517504
1523419746472923136
1523419124453416961
1523418906160885760
1523418645111578624
1523418522084274176
1523415877915340801
1523410691117355008
1523410479896403968
1523409754571243521
1523408646993965056
1523407588569739264
1523407387809386498
1523407240509624320
1523406648793911297
1523406061675319296
1523405461944369152
1523403754866823168
1523403710763704320
1523403683873976320
1523403643428368384
1523403627548708865
1523403598805098496
1523403570648813568
1523403555054309376
1523403545780793345
1523403528319868929
1523403495641993216
1523403466592333825
1523403445515948032
1523403421893619713
1523403378704851129
1523403369821327361
1523403329442705408
1523403239701442560
1523402276022329344
1523401719626969088
1523401612311490560
1523399530946826240
1523391558254358528
1523387463334391808
1523387418191142912
1523387389732810752
1523387355691765761
1523387338298068993
1523387319817973761
1523387300893233152
1523387268123086848
1523387248447610881
1523387229049032704
1523387209147056128
1523387189731553280
1523387168344866816
1523386806594461697
1523386780044521472
1523386753049972736
1523386730530832385
1523386694782705665
1523386672771047425
1523386649412988928
1523386602608676864
1523386018283409408
1523385961849131008
1523385916932300801
1523385858765717504
1523381591434665984
1523381430885134336
1523381364879355905
1523381177184186368
1523342794361688064
1523338306850680832
1523338260465917953
1523331607716790272
1523330633786957825
1523329549622145025
1523329205911625729
1523325515817357312
1523324622053068802
1523321418477305857
1523189598079229957
1523187841915793409
1523183724275257344
1523178397102346240
1523178185084473344
1523178043350523904
1523017431790227456
1522989183995809793
1522988739269591040
1522988049612689408
1522987931668934663
1522983443721687040
1522983365363728384
1522983312167292929
1522983278478643200
1522983252742459392
1522983154260189184
1522983107980259329
1522983056516157440
1522982877654257665
1522981699088359425
1522981337023406080
1522981022488432640
1522975581847007232
1522975406193750016
1522975289403273216
1522975173925695488
1522974535317819392
1522973029868867586
1522972351947673601
1522972329298472960
1522972271500963842
1522972177913434112
1522972022698954752
1522971987060019206
1522971902741909504
1522971843803508736
1522971781522362368
1522971526143766528
1522971464600719361
1522971359160152064
1522964499887648773
1522964461102927872
1522961811430993920
1522961184806170624
1522961118754344960
1522959559920275456
1522958949552562177
1522957674467405824
1522957543588257794
1522957415083220993
1522957347945021442
1522957329490087936
1522957196979408896
1522956999478026241
1522956894104473600
1522956839201124353
1522956614138880000
1522956528076017664
1522956270507991040
1522956042832805888
1522955842013650945
1522955741245493250
1522955666855317504
1522955583967571970
1522955454665527296
1522955223941091329
1522954615771213825
1522838050727874560
1522838018712694784
1522837983904210945
1522837959296180224
1522837926802952192
1522837883039612928
1522837853339717632
1522837821660098560
1522837726348800001
1522836260938653697
1522835998081650688
1522835862555283458
1522835795870056449
1522835732414406656
1522835453476442112
1522835396047998976
1522835274924912641
1522835105344942080
1522784386143326211
1522782548484444161
1522782185933008897
1522668733289795584
1522642944863260672
1522641072735748096
1522626043776946178
1522486297809412096
1522485649982377984
1522481448963362816
1522481310744276994
1522481176857903104
1522454172402012160
1522452289306255360
1522451616032456706
1522450379220262912
1522450002492018688
1522447757851512832
1522446734764347393
1522428892748812288
1522424747753050113
1522424704295837696
1522424601506054144
1522424548989186048
1522424276078366723
1522424199578415104
1522424146898022400
1522424072080027648
1522424025632309248
1522423913732472832
1522423827627606018
1522423716734414850
1522423621972414464
1522423525650272256
1522423451708915713
1522423268145205248
1522423189644619776
1522417095790628865
1522415237844013056
1522412900379287553
1522412771287003137
1522411793842249728
1522402625383141377
1522402540393926657
1522402457283821568
1522402289947869184
1522402177012051968
1522398554349654016
1522395411511607296
1522388375600205826
1522381580836040707
1522374944755118080
1522362228694937600
1522361337988321280
1522360309947662336
1522360200442761216
1522359060883906560
1522358702732234752
1522358389552021504
1522355769768697857
1522355209720131584
1522355185468674049
1522352145932034048
1522270685308981250
1522268448859992064
1522266196132843522
1522266125827919874
1522266090985951235
1522266065648046091
1522265912635629568
1522263880965050368
1522263274586132480
1522123441012322304
1522093557225431040
1522089046318612482
1519551870108274688
1519550214822002688
1519548405856448512
1519539889900978176
1519539683557998593
1519539459896737792
1519539349368414208
1519535391174369280
1519531131061739520
1519528751998005248
1519527893059391488
1519525943588491265
1519525905336442880
1519525856162422785
1519525804689870849
1519525722854887424
1519525223690907648
1519524865698533376
1519524824124592130
1519524764049543168
1519524589453209600
1519524490639667200
1519524451750006784
1519524396662083585
1519524237911887873
1519524205657673728
1519524163064532992
1519524114368663552
1519523954284580866
1519523876971040768
1519523676323942400
1519523407460634624
1519523353484165120
1519523253110198272
1519523168058101760
1519523106917736448
1519523009588973569
1519522959919968258
1519522357848682497
1519521950212583424
1519521905778167808
1519521843023024130
1519521766544084992
1519521288347287552
1519521255178731522
1519521191504928770
1519521143224356864
1519520981630341120
1519520937770553351
1519520902559412224
1519520845772713985
1519520799572459520
1519520760456306689
1519520725429735424
1519520690608631808
1519520603232825344
1519520217243693056
1519520056035606529
1519515131872382976
1519515018886148097
1519512510688227328
1519512464622186496
1519511805181128704
1519511769860874240
1519511691762880512
1519470411905306624
1519470329709572098
1519470310143107072
1519470215335014400
1519470083403247616
1519470059772469248
1519470027958734850
1519469979749388289
1519469932177551360
1519469815915638784
1519469745237479424
1519469681429471232
1519469640053059584
1519461246843510784
1519383274115588096
1519383026274168833
1519382961522548736
1519382642784829440
1519380892673724417
1519380819080454144
1519380784389394432
1519380748431597568
1519380723660034049
1519380640717623296
1519380565136347136
1519380443493113856
1519380345467981824
1519380300609908737
1519380027216855041
1519379815354146816
1519379588391919616
1519379544225984512
1519379512479256576
1519379410398318592
1519379243569860609
1519379204189548544
1519379133972709376
1519379106223124480
1519379073977380864
1519378995355082752
1519378953806381056
1519378872713703424
1519378834012852225
1519378796524171264
1519378705545498624
1519378652277862402
1519378543695712256
1519378273536331777
1519378233510162432
1519378195056791552
1519376452549980160
1519374505554026497
1519374462893772800
1519374438327672833
1519374334275428354
1519374287815118848
1519370661373767680
1519369762807054336
1519369049137766400
1519369004753715201
1519368915347931136
1519366486036336640
1519365472096972800
1519365313413861376
1519363657091616768
1519363573842997248
1519362775520145408
1519362462910279680
1519362419532787713
1519362358329585664
1519362323122556928
1519356665140633601
1519356614565785600
1519356569485398021
1519356498039623680
1519355244081139712
1519355126049230848
1519355071175086081
1519354934461825024
1519354760775626753
1519352897619734533
1519352768271581184
1519352570342346752
1519352545738510336
1519352484480700416
1519352449219190786
1519352412414246913
1519352381405683712
1519352319690764288
1519352291635081216
1519352258072260611
1519352232239517699
1519352192875958272
1519352122445156353
1519352084902023168
1519352054346502145
1519352015280754688
1519351912448987137
1519351859533680640
1519351828550459394
1519351726716776454
1519351579450609666
1519351338068443136
1519351293323612160
1519350401878806529
1519348547115622400
1519346250335723520
1519343387794542592
1519342033340551168
1519335912609488896
1519221157215412224
1519212492131426305
1519209548220801024
1519209364585803776
1519191842377502720
1519182386231078912
1519179351882752000
1519175641454637058
1519165995234906112
1519165949676425218
1519165851626205185
1519165833896857602
1519138964937986048
1519138803490824192
1519138418592124928
1519129558636670977
1519084012035223552
1519082604032495616
1519082163718684672
1519077074568241152
1519073782727544833
1519071449725603840
1519064543766347776
1519063251476107264
1519063197021474817
1519063171771682816
1519063152045944838
1519062903554383877
1519062839075348480
1519062794825465859
1519062744196022272
1519062729855672320
1519062548980453376
1519062228342689792
1519062096352210944
1519059006391656448
1519058985814429697
1519058948640296960
1519058907078881280
1519058885461508096
1519058854490738688
1519058831958953984
1519058793845325824
1519058747242414081
1519058044818128898
1519056331189080064
1519055398027685888
1519054401834422272
1519053678140788736
1519049545371426818
1519048276103729152
1519047440694870016
1519046632263741440
1519045685416316928
1519038194787897349
1519035287531253760
1519032772580372481
1519031672334798848
1519031646866919424
1519031609369890816
1519031571969323009
1519031540734324738
1519031509100863488
1519031484312551424
1519031456164900870
1519031428259885057
1519031402804641792
1519031345304899584
1519031321007255552
1519031291982663681
1519031268259758080
1519031235036602369
1519031199850582017
1519031173111898112
1519031146083876869
1519031098935701504
1519031075388809217
1519031047601545216
1519031023547285504
1519030997274165248
1519030975509897217
1519030945004679169
1519030920354820096
1519030877396758529
1519030842940526594
1519030814259892224
1519030745049665536
1519030720756281344
1519030686413320192
1519030635439943680
1519030568813428736
1519030541823078400
1519030513792561152
1519030460537458688
1519030437279981568
1519030411174633472
1519030386851909632
1519030323413086208
1519030282237538304
1519030250428018689
1519030225480212481
1519030195746836480
1519030170195169281
1519030138813313024
1519030094903201792
1519030068164526081
1519030035771838465
1519030011855917056
1519029973721305090
1519029948274536448
1519029917291216896
1519029883850006528
1519029840229240835
1519029792360001536
1519029762038976512
1519029735891750913
1519029704216309761
1519029676248760321
1519029641578655744
1519029570183131136
1519029547336802304
1519029518865903616
1519029454563004417
1519029419565740032
1519029338535911426
1519029310559903744
1519029273222258688
1519029243216244736
1519029204272115712
1519029109799587840
1519029075007852544
1519029047837163521
1519029006519050240
1519028972041895936
1519028867599462400
1519028821059510272
1519028681594662912
1519028509477380099
1519028487419404288
1519028428808224768
1519028370066919424
1519028335543607298
1519028309975207936
1519028274252312576
1519028230723760128
1519028151862525952
1519028081385631744
1519028056098148352
1519027996933320705
1519027972988018690
1519027918973767681
1519027862891683840
1519027821133266944
1519027783300648960
1519027750010384384
1519027556791427072
1519026267399413761
1519024320437047296
1519024252594270208
1519024203478888448
1519024165252075520
1519024121409011714
1519024083354021889
1519024032313536512
1519023951451607040
1519023874934902784
1519023826834624513
1519023760161927168
1519023677299249153
1519023600128253952
1519023555475693568
1519023534604886016
1519023472755691520
1519023426840670208
1519023407555235841
1519023362206363648
1519023281608658944
1519023022325133312
1519020748622286848
1519019916438908928
1519019219093835776
1519017595424313344
1519014838713741312
1519013653650939905
1519012322311770112
1519009875522596864
1519009787572150272
1519008143522426880
1519007746317684736
1519006025122123777
1519003652895100929
1518997572177727493
1518997255990128640
1518997101220298752
1518991576290127872
1518990765711630337
1518988566876983296
1518985772208037888
1518984800547184640
1518982726388371457
1518982384879734786
1518981710636929026
1518979871929556993
1518978770509520897
1518977493654331392
1518977388033368064
1518898591510585344
1518885515075866625
1518885460721868802
1518885405604466688
1518885242873950209
1518884531142479872
1518884289328214016
1518883256493477888
1518883160297156610
1518883028256260096
1518881709789368320
1518879200937095168
1518878238407217152
1518876316266684417
1518871041900048385
1518869835890917376
1518868797519581185
1518867461369524224
1518865532270702594
1518863642212532224
1518863523677282304
1518860691305758720
1518860080015282176
1518857842517626880
1518857720887054337
1518855835438383104
1518855741754404866
1518855567573409793
1518855244158947328
1518855176206966784
1518854866176667648
1518854738850197504
1518854692314697728
1518854660664139776
1518854488810872832
1518854409513447424
1518854361983586304
1518854298976718848
1518854277518700544
1518854193544458241
1518854126771138560
1518854080591908864
1518853368969502720
1518853189050658822
1518852139577012224
1518851002241196032
1518834127679594496
1518832611317018624
1518830881502203904
1518829773350260736
1518827019672248320
1518826855427547137
1518826163694538753
1518823655794380801
1518822042195308546
1518820955031695360
1518819684220424194
1518819375381237761
1518819027803463681
1518817891151278080
1518816646818803712
1518800249120120832
1518800150700863488
1518800093553471488
1518799933159075841
1518799269427236864
1518799061721124864
1518799032692355073
1518788489831018497
1518787206994817024
1518785138116599808
1518782978444304385
1518781169143148545
1518778479541571584
1518778249538465792
1518746780921253888
1518746340179599360
1518746016161222656
1518634841368973312
1518634022762471424
1518632885959356416
1518629565228195845
1518627953935933440
1518627908989833216
1518627851863396352
1518627819974135808
1518627667938930689
1518627569888731139
1518619846300250118
1518619802130018304
1518619742713516032
1518619676426653697
1518619638661222400
1518619560252825601
1518619474684829696
1518619433962381312
1518619390945550336
1518619337879261186
1518619294539550720
1518619246154043392
1518619170434297857
1518619144127610880
1518619083108798472
1518619031053340673
1518618982617518080
1518618936794775552
1518618863528603648
1518618766707363840
1518618708737896448
1518618622981115904
1518618581864382464
1518618476750901248
1518618414394183680
1518618352029110275
1518618270470860801
1518618192230305795
1518618125037539328
1518618009530626049
1518617930975522816
1518617829360095234
1518617764696453120
1518617715744800768
1518617635516076032
1518617579010478080
1518617537889456128
1518617402920947712
1518617333438189568
1518616824153214977
1518492625996632064
1518492467053547520
1518454250702995456
1518447307645067267
1518435051041529856
1518421447802167296
1518421214024265728
1518421041575473152
1518420974714048513
1518420792823873536
1518420651647766528
1518420128085405696
1518417643027394560
1518405708332429312
1518402935390040064
1518402178695589888
1518401480050429952
1518400623133167616
1518400567214702592
1518400252465672192
1518399343245422592
1518398513771515904
1518397760940044288
1518397071451049984
1518396265876262913
1518395289383489536
1518394272482951168
1518365427633573888
1518365330208215041
1518365276474990592
1518364471533522945
1518364304533118978
1518361383288524800
1518360356812640256
1518358694290804736
1518351284444663808
1518344781734105088
1518344667166691329
1518342561319981057
1518341023868411904
1518340737980518400
1518338829005967361
1518337479203467265
1518331770009120768
1518329406665617409
1518328840157732865
1518328029608439808
1518326127256686592
1518323430923194369
1518322200280895488
1518321117227716608
1518320647746641920
1518318257387687936
1518318219039109120
1518318177121230848
1518318139921993728
1518318104882794496
1518318001044348928
1518317964918878208
1518317919217745920
1518317883671031808
1518317840952004608
1518317804864167936
1518317765228072960
1518317726715957248
1518317669665042433
1518317360590991362
1518317292525744128
1518316851431759872
1518316693411426304
1518316435814068224
1518316351319814144
1518316025527250946
1518315690293272577
1518314890569560064
1518314408010608640
1518313016860704770
1518310882933043200
1518309753935458304
1518308968145113089
1518302386514669568
1518301158967676928
1518300792649748480
1518300704611262464
1518300525501902848
1518299938823630848
1518298527272607744
1518296628704071680
1518285804698619905
1518276242910244864
1518274680305569792
1518274574328074241
1518274231385026560
1518274048878280704
1518273685156614144
1518273102798499840
1518265242156814338
1518265122497564677
1518264881866153984
1518264831509295105
1518264583336566785
1518263806379454465
1518261507527634945
1518260724019056647
1518260228722098176
1518258510550605824
1518091327480553472
1518090370436853761
1518084662840619008
1518082654083637254
1518081288455942150
1518080392124805120
1518050293539237889
1518049229427539969
1518047725266239488
1518045335079161856
1518044310595244033
1518015393654140929
1518015233205305344
1518014927994163200
1518014818652856320
1518014447507312640
1518014257954058240
1518014026487242753
1518013936095817728
1518013505613443072
1518013429071499264
1518013255494500352
1518013214037999616
1518013162657701888
1518013018671435776
1518012778035900416
1518012700156071936
1518012459109343239
1518009728609124352
1518009703376179200
1518009678290071552
1518009650834202628
1518009618462494720
1518009589165432836
1518009558601388032
1518009534819700738
1518009502930374656
1518009479954001920
1518009313951854593
1518009285006872576
1518009249787383808
1518009221521936384
1518007959120322560
1518007927319056384
1518007896558039040
1518007858008592384
1518007829373747200
1518007772268228608
1518007630597292032
1518007475718422528
1518000220772003845
1517995634355187712
1517991981535752192
1517991936249896960
1517991749649543168
1517991711670083585
1517991569214754816
1517991424305770496
1517991377031753728
1517991279744864256
1517991153370492928
1517991092553089024
1517990929629540352
1517990820535709696
1517990742253178880
1517990670622814208
1517990608270356480
1517990558383321088
1517990420101271552
1517990323623915520
1517990053712044032
1517989956202819584
1517988030413299712
1517987957356961792
1517987904479383552
1517987845092175873
1517987710786424832
1517987666335203328
1517987634680713216
1517987533207994369
1517987411883483136
1517987374633947137
1517987211211198464
1517987178625875969
1517982020474875904
1517977272669462533
1517917315068694529
1517916436064202754
1517910377178157056
1517910236589268992
1517907089187753989
1517907036247273474
1517906983307079681
1517905897489530880
1517903795895734272
1517898297993621504
1517898138270330881
1517898090354659328
1517897967721598976
1517897918480457730
1517897825794740224
1517897700070412289
1517897567652130817
1517897446864539649
1517897200319139840
1517897006064095233
1517896860853174274
1517896815617581057
1517896548885012480
1517896375777710081
1517896127206539267
1517895663027073024
1517895471187996673
1517895445409718273
1517895397833801728
1517895364317118464
1517894991682543618
1517893657663197185
1517893391266160640
1517893309837893632
1517890344708231168
1517889217619054592
1517889089281818626
1517886111598596096
1517877939957690371
1517735337061089280
1517735053106630657
1517735022370848768
1517734845497053184
1517734438058094592
1517731522157051904
1517730742486200320
1517725468878774272
1517723919859392512
1517723332346478592
1517723124262862849
1517705450396864513
1517703069101789185
1517699108575711232
1517691814282637312
1517691058737467392
1517691008556748801
1517678949093892097
1517591304162578432
1517571630075047936
1517567881835204608
1517566720323428352
1517562639102078976
1517562361141362688
1517562083579072513
1517561983985274880
1517561904884969472
1517561806662688768
1517561686277853185
1517559933721403398
1517559898980052992
1517559708030169088
1517558979164983298
1517558834205642753
1517558646523064320
1517557325480951808
1517554558179848192
1517551093747576832
1517550852084420609
1517550797415870464
1517550363146022912
1517550083096465409
1517549526042652673
1517549270634696705
1517548073890709505
1517546170817556480
1517546095961800704
1517534448434094081
1517534402271539205
1517533776464601088
1517529616117731328
1517528445831372802
1517528425061265409
1517528407797420036
1517528386335219712
1517528371495772160
1517528355364491264
1517528341909102593
1517528329494032385
1517528311546540032
1517528296388390912
1517528270077526016
1517528229552091136
1517528188737376258
1517528134685380608
1517528103475503104
1517522707394428928
1517513490914676736
1517513335977086981
1517513293618827266
1517513238136573952
1517513193748262912
1517513070339260417
1517513037963423744
1517512676171124736
1517511875373674496
1517511209662132224
1517508646787174401
1517508550125232128
1517508500397514752
1517508451194183686
1517508409259560961
1517508358944690176
1517508299943333889
1517508255680917510
1517508206318170113
1517508135958712321
1517508086063271936
1517508021202472960
1517507997550800896
1517507621690822656
1517507024724013056
1517506183766052864
1517506026068602880
1517360784916967424
1517236906341191680
1517236885109706753
1517236868697317378
1517236851228114944
1517236777643175936
1517236704029016065
1517236686756794368
1517236637821898753
1517236613859872768
1517236590623395840
1517236573133189120
1517236547652702209
1517236511166504960
1517236425820831744
1517236353628397569
1517236271864684544
1517236214125907968
1517219302965137409
1517149785253310464
1517007883459645440
1517003649850912768
1517002474317438976
1516963082550996992
1516942340723666944
1516942139556384768
1516942041250353155
1516941997289787396
1516941957204897793
1516941882873446400
1516941734474706944
1516940856720195584
1516905546699354112
1516899810795679744
1516898810340904960
1516898530450763776
1516897933978787841
1516884445525028864
1516884136077643778
1516870364772544512
1516864595100459008
1516862569671131137
1516861024678293506
1516860850262319104
1516859584983363586
1516859033344352256
1516858531462270976
1516858524550062081
1516858524516552704
1516857693952086016
1516857673710415872
1516857661022621696
1516857281425539074
1516857223305064449
1516857218326425600
1516857141776158721
1516857089355702272
1516857089154449408
1516857039045111809
1516856999253663744
1516856954924113922
1516856841229066240
1516856602103406593
1516855998463373320
1516855383079284737
1516855351802400769
1516855272869834752
1516855241865449475
1516855097631723521
1516855019097628673
1516854179767087107
1516852878794653696
1516852847517704193
1516852789829193729
1516852583763128320
1516852531590156289
1516852501261160448
1516852280665903104
1516852185853665285
1516852129335439363
1516851937123086337
1516851878419599361
1516851627923148801
1516851588555440128
1516851532871847936
1516851488923918337
1516851343394107392
1516851222804037632
1516851149155971074
1516850971455856640
1516850857546973185
1516850700050862083
1516850664801849345
1516850585894498305
1516850549802496002
1516850451404455936
1516850376594497536
1516850333107949568
1516850278338682880
1516850243383427072
1516850084285018113
1516850027913617409
1516849992610156545
1516849879988858880
1516849780009304064
1516849706252439552
1516849648618532864
1516849602158219270
1516849562995945472
1516849469492400128
1516849418695192577
1516849329415200768
1516849207037939713
1516849146530918400
1516849101438001153
1516849060262539264
1516849006978076672
1516848944122241024
1516848938053038081
1516848936467648514
1516848934928281601
1516848932927664129
1516848923364630530
1516848923356192769
1516848922798354434
1516848590135562240
1516848524100579329
1516848476381794304
1516848442462523392
1516848389601710082
1516848350519173121
1516848291299741696
1516848242062872578
1516848195711643648
1516848156041875456
1516848114895757313
1516848051364659200
1516847988986982402
1516847936860086274
1516847887690321920
1516847830492610561
1516847781184348163
1516847724599029761
1516847640301826049
1516847618944425987
1516847591316619265
1516847591140433924
1516847495069925376
1516847456289361922
1516847423972290562
1516847351645671426
1516847318472925186
1516847286940172288
1516847251737350145
1516846895150247937
1516846568216821761
1516844900360155136
1516843986127708162
1516842790302273540
1516842288529305600
1516838528826724358
1516837717602029569
1516836278305656836
1516835805280358403
1516834950657368066
1516834668867252227
1516834234190598144
1516834010126716929
1516833374446309377
1516831184180834306
1516830286801080322
1516829268042420226
1516828794455093249
1516828356578201601
1516827785473380353
1516826471733493763
1516825620927291394
1516824833056665600
1516822767148044291
1516822258806706177
1516821195907166209
1516821010170867716
1516820872228614146
1516820332417404928
1516817382693502976
1516817173003468806
1516817071497113601
1516816677614223361
1516816637638455303
1516816604931117057
1516816562703192066
1516816533174906881
1516816493631008768
1516816453458022400
1516816347992256518
1516816302748233732
1516816255570702336
1516816222892949504
1516816186754826240
1516816151333916672
1516816117561315331
1516816078520782848
1516816015786606595
1516815930126331908
1516815872861429760
1516815842146615297
1516815806637613057
1516815777201983494
1516815743186128901
1516815693789814784
1516815648860499969
1516815621341687809
1516815508426817536
1516815420518387717
1516815381188386817
1516815346535002116
1516815313265774597
1516815276397842433
1516815238091272194
1516815163155918849
1516815121770631168
1516815094172164097
1516815061884424198
1516815002849529867
1516814962324168710
1516814919814893572
1516814887162286083
1516814843726077956
1516814796342976512
1516814763166031874
1516814732669325316
1516814696195624964
1516814667242348544
1516814634795163653
1516814601249189889
1516814567438897158
1516814529153273856
1516814500845867009
1516814460949655553
1516814429937041408
1516814396084789248
1516814370616995840
1516814335221264386
1516814301339652099
1516814272390516744
1516814239322624001
1516814206997196804
1516814177381142531
1516814050788659204
1516813999148388353
1516813957176066050
1516813909767847937
1516813877371031555
1516813721103831041
1516813681081815040
1516813648601042949
1516813623129100292
1516813584881258497
1516813550760562692
1516813516522475525
1516813446926376963
1516813392870199297
1516813343645859842
1516812561768873989
1516810726937034758
1516804386730635267
1516802268170924033
1516799050967764998
1516797021742542849
1516796757052588038
1516795992271515649
1516794812619403272
1516794012807561218
1516789717383016449
1516788850147794955
1516788805725921288
1516786691104645122
1516783521594961924
1516783420658962438
1516679226476294146
1516679133564080129
1516679068451704835
1516678943784415238
1516678870665101313
1516678404212359168
1516678233156055041
1516677922437754881
1516677497865195522
1516677315467431941
1516677124333064192
1516676917717479430
1516676589152473089
1516676185698103299
1516673643538882563
1516640835487428608
1516634720439717888
1516625177513119746
1516624271065305095
1516624140828135427
1516605765867298817
1516603396135948289
1516603229865349124
1516602930954072069
1516602484285796357
1516602198561492993
1516601508590014467
1516600957328510979
1516587699074785281
1516587553100828680
1516584562465198082
1516584505183666178
1516584351005257728
1516584049627738115
1516529143952801793
1516529117675458560
1516529086809616385
1516529057713639430
1516529024406671365
1516516114741616644
1516516009875632128
1516515636297433088
1516499716929777665
1516498176319971336
1516498176307384320
1516498174956892163
1516498174952624131
1516495869620592641
1516495869478023171
1516495869427609600
1516495764347793408
1516494606996688896
1516494311570874370
1516494273868222471
1516494114623172609
1516494113113214978
1516494096042315776
1516494006997319683
1516494006988853248
1516493691661131776
1516493627333103620
1516493438304145410
1516492900833452035
1516492872958193665
1516492781925003265
1516492397022048257
1516490163123212291
1516485870018211843
1516485841815703555
1516485462294028291
1516485437296050177
1516485348842360836
1516485261101699072
1516485197482455044
1516485140347641856
1516485070923599874
1516485022370320385
1516484965986275331
1516484897476542464
1516484514062630912
1516484482848616451
1516484458873978880
1516484426988879874
1516484361771577344
1516484323158855680
1516484289084329987
1516484184121905156
1516484102525906944
1516484070410055681
1516484044162183172
1516483969591566338
1516483938067181570
1516483696890503169
1516483578510536704
1516483329700208642
1516481906887430144
1516481388333043716
1516480805895229442
1516479684430639104
1516474056500908033
1516270708451471365
1516270663278886917
1516262106290479106
1516256412011180035
1516256346508718086
1516256072859672579
1516224745963892739
1516224715882258435
1516224665722580996
1516224524596916224
1516222862004170753
1516221525665320961
1516220580491513857
1516220389516406789
1516202037066620928
1516201171832098817
1516201026419712006
1516200989778276354
1516200957851299840
1516200919481806849
1516200002787295232
1516199991789821954
1516199789699887114
1516199088034701320
1516196226781261826
1516196005879840769
1516189206200000518
1516189037697982464
1516188700136259585
1516188646432419843
1516188616187252737
1516188565553631233
1516188517595897860
1516187920251584516
1516187814274105346
1516187732007022593
1516187655666429952
1516187106804072449
1516185921560846336
1516185721664520192
1516185338846216192
1516184793330769926
1516177921001492482
1516177496026202115
1516177311502020617
1516177215448240129
1516177061064294402
1516177022283780102
1516176997168209922
1516176958454845441
1516176839646932992
1516176758009065472
1516176746403426305
1516176672508157955
1516176623258595333
1516176574512451591
1516176509085528065
1516176431654473733
1516176402600529920
1516176206105759744
1516175841096392704
1516175197916725248
1516173607612784642
1516172528527368197
1516172467911675905
1516172372201533445
1516171702069194755
1516171672469991429
1516171520262893571
1516171490542043139
1516171355556749321
1516171247314374657
1516169470875631620
1516169422544642049
1516169388663091206
1516169334275551232
1516169271574900740
1516169241782718465
1516169124119941121
1516169097016320001
1516169060462915585
1516169009623830528
1516168939742502915
1516168896759226369
1516168851246895108
1516168805407354882
1516168760922542081
1516168724885094400
1516168693532688386
1516168655247065088
1516168602499440641
1516168555678470147
1516168468596285443
1516168430981844992
1516168402431225856
1516168372819570698
1516168338832957443
1516168307295936515
1516168269245280257
1516168229223239681
1516168192439193600
1516168154929500161
1516168116790710279
1516168116073472001
1516168045898571776
1516168035907690496
1516167908392460288
1516167882568175619
1516167839459143682
1516167816084217863
1516167517978259456
1516167121666945024
1516167085654622218
1516166140279463936
1516165431140122628
1516162094625816579
1516162001856516096
1516161993610493952
1516161825381163009
1516161570362986498
1516161555770998784
1516161535315353601
1516161501953814534
1516161297473159168
1516161283015397377
1516161228229386242
1516161211817238533
1516157788661059584
1516156874831577088
1516155950222086148
1516154313680162816
1516148918576459779
1516146009104998400
1516143812044726272
1516141986494910464
1516140924283195394
1516138733220745216
1516138592233426944
1516133669567488001
1516133017403949059
1516132971203362818
1516132920917835776
1516132209756835842
1516132145709780992
1516132064168349700
1516132013115203584
1516131958681600001
1516131843040448512
1516130415802650627
1516130282222473217
1516130198642515970
1516129775298899969
1516128977370320900
1516128918691999745
1516128867391483905
1516128304947871749
1516127199593570304
1516124725973381120
1516120833462181888
1516120688871948292
1516120611751612416
1516113509574094849
1516113371329826817
1516113311795859456
1516113239305711618
1516113087899660289
1516112913420804096
1516112655647330307
1516112337425502209
1516110800905142272
1516110678100127744
1516110642826006531
1516110155984760833
1516109389593145346
1516109357259264004
1516109323306352645
1516109294755737601
1516109256822460416
1516109078828765185
1516108953360351237
1516100384208482304
1516100092125622274
1516099546178154499
1515991603449540610
1515991409085456384
1515991375388426241
1515991194232246276
1515991166436532235
1515991126888439811
1515991028917960706
1515990934432849923
1515990834549649409
1515990687417659392
1515990663396933632
1515990544597409792
1515990454373806081
1515990361767743491
1515990190434652164
1515989882044252162
1515985476938739716
1515985433070432259
1515985181072453632
1515984935579840512
1515984913266225162
1515984831124946945
1515984803559968769
1515984800376532997
1515984756382396419
1515984725940203521
1515984682302672900
1515984228772560897
1515984008718393346
1515981574256300037
1515981498888830976
1515981350997692418
1515981304268877828
1515981209767055366
1515981116200476672
1515981073095671809
1515980835861630978
1515980784947007495
1515980741942779909
1515980685189681153
1515980633259970565
1515980582882189314
1515980529497108486
1515980458990833669
1515980437486661635
1515980408365584391
1515980384122466307
1515980332037640195
1515980268863365122
1515980202047795204
1515980153934942212
1515980080333221891
1515980033990402052
1515979988943613956
1515979948560818179
1515979900158558212
1515979850669969413
1515979809888776193
1515979765978607618
1515979716154384386
1515979676426010628
1515979626287312899
1515979577893396481
1515979495034957824
1515979452869537795
1515979406606438401
1515979366299148289
1515979328185503744
1515979292311580672
1515979259856056320
1515979191811903490
1515979145250959365
1515979104889180162
1515979052951080964
1515979003949199363
1515978975851388930
1515978944599580675
1515978856687017990
1515978771743973378
1515978610368139265
1515978521729912832
1515978460954443783
1515978266544275458
1515978175922147329
1515978116329398275
1515977974037708803
1515977902621278209
1515977837634748420
1515977714259300356
1515977514258100225
1515977468057776138
1515977391633432576
1515977318547656706
1515977257386274817
1515977185504337926
1515977085281439746
1515977038477205505
1515976991530311680
1515976931245654019
1515976877420077059
1515976813008199683
1515976780640755714
1515976646674681858
1515976621286592512
1515976583336501249
1515976535227846657
1515976476624973828
1515976397537230852
1515976134357250048
1515975365230882817
1515975336223072256
1515975211098640385
1515975098938769408
1515972199684796423
1515972171616559109
1515972061188931588
1515971998102425603
1515971973767065601
1515971907757113347
1515971827541032962
1515971737191518211
1515971691687546881
1515971652470800385
1515971615623770120
1515971575966695428
1515971501328982017
1515971284001181698
1515971239147278342
1515971191739092999
1515970830777286660
1515970667899875331
1515969631801921540
1515968804102103042
1515968232686964738
1515968071508275209
1515967793736273921
1515967719249616896
1515967529360912384
1515967322653003783
1515967231707865093
1515967164267696130
1515967099952197632
1515966934726049796
1515966784452530180
1515966558748626950
1515966501148237832
1515966383078604803
1515966278401347585
1515966218041143298
1515966130808000517
1515965968375185411
1515965822098845698
1515965737617145861
1515965638165950468
1515965469081042945
1515965365406240770
1515965312742555652
1515965260452179969
1515965205578076165
1515965117275332612
1515965045057880068
1515964965785464837
1515964930335277058
1515964893391843333
1515960532322304001
1515958153241772032
1515930031553277960
1515928573789425668
1515927504870989826
1515926623987544065
1515924003243798528
1515923147458953218
1515920827585220611
1515920316526206980
1515919019043278849
1515918333891121157
1515918199081996291
1515916131592069122
1515916052512718850
1515915999723200512
1515915914616614912
1515915761658720261
1515915723675033601
1515915467465977856
1515915438462406658
1515915079052496902
1515914962576687111
1515913575780417538
1515912517276483589
1515911223438901249
1515910438088675328
1515910400126054403
1515910344014585856
1515910306010402816
1515910224342708225
1515910187835551747
1515910154096545794
1515910117769637888
1515910062262595585
1515910021040594948
1515909975821873154
1515909949792133120
1515909882607640582
1515909840790380544
1515909807840002050
1515909743952367617
1515909700042506240
1515909651979591687
1515909611601104896
1515909494252965894
1515909422215618563
1515909254082809857
1515909178237218818
1515909133236830213
1515909085606129665
1515909040034877440
1515909000461660166
1515908942643478529
1515908881116917761
1515908812468719616
1515908699067457536
1515908452677304322
1515908345432973316
1515908274125561860
1515908218383319040
1515908151065059330
1515908108660269056
1515908071037407233
1515908035771703296
1515908014951186436
1515907984181932034
1515907933783007234
1515907899955945474
1515907818066350081
1515907405216854019
1515907327349919747
1515907292096434176
1515907258437173252
1515907221573492737
1515907184378404866
1515907142129127425
1515907110449471489
1515907051452452864
1515907005583532041
1515906968300371978
1515906911903772678
1515906873861427200
1515906821873025029
1515906760552247296
1515906709411311625
1515906672551927811
1515906651353600002
1515906618700967938
1515906593467994113
1515906544054902784
1515906505056219137
1515906463989854211
1515906423284142083
1515906394238570497
1515906370997948417
1515906342535692288
1515906299942547459
1515906240907743232
1515906209676554244
1515906106593210370
1515906031854837760
1515905998426238983
1515905963739389958
1515905929077682180
1515905907607097349
1515905869170372609
1515905822647152641
1515905780771303424
1515905742452117505
1515905684444880905
1515905651775455235
1515905623287762948
1515905590911913986
1515905552827576322
1515905531273105411
1515905504551178240
1515905422850363392
1515905361022124034
1515905337332678660
1515905312233979908
1515905287391100928
1515905252716802048
1515905224598167554
1515905195254837250
1515905166423207940
1515905138254262272
1515905113746931714
1515905001264091136
1515904975695536130
1515904847144382464
1515904793541488647
1515904762373283846
1515904716986675201
1515904677186998277
1515904625378955268
1515904546370859014
1515904493891686400
1515904421158289408
1515904277922795521
1515904237321875461
1515903899403649028
1515900189130702855
1515898355192242177
1515897640143126535
1515892392913608711
1515891153731682305
1515890879059267587
1515889808056324096
1515888082574196739
1515887187052531714
1515886196508938241
1515886080079265802
1515886021166071809
1515881379271102464
1515877938155032579
1515877592166850562
1515877354538618882
1515872729769021441
1515871036029370368
1515870995478827009
1515870491092811782
1515870431219118087
1515863507866030083
1515863298058559492
1515860747942694912
1515860708767936513
1515860654871044101
1515860625183838214
1515860588366221312
1515860515230138368
1515860429511147523
1515860110546911232
1515859432265052163
1515859362522144768
1515859301901819905
1515859175720456197
1515859110658404352
1515859037992017922
1515858971143278592
1515858900863528962
1515858597946699776
1515858557173788673
1515858494389297152
1515858453901680640
1515858421890703368
1515858375598243841
1515858341452398596
1515858290135080963
1515858263689990145
1515858127098327040
1515858088632352771
1515857930871996417
1515857859312971776
1515857772591517696
1515857734922514438
1515857685329055745
1515857642861649925
1515857613778350083
1515857589556310017
1515857567213260804
1515857522522959873
1515857493078859783
1515857455447650304
1515857410904055811
1515857381799829506
1515857315999625220
1515857235536072705
1515857234462347266
1515857197481140225
1515857173024178179
1515857145601806339
1515857113779630084
1515857042082197505
1515856932283707395
1515856848917725185
1515856765220401157
1515852083412422658
1515850869937299456
1515850696272211973
1515825999858049026
1515820726997204998
1515815598319710208
1515813795285041152
1515813160829263879
1515812888207933447
1515812552701366278
1515811200059473925
1515810056356478977
1515805827361255426
1515803899902382083
1515803707115388930
1515802541635751938
1515802002562772993
1515784721145376768
1515784625641037824
1515784599669862401
1515784562181218305
1515784503918178306
1515784454505041920
1515784428894638081
1515784399849082880
1515784373219430401
1515784335919501315
1515784310476853250
1515784280793759751
1515784248120074240
1515784223629602816
1515784189789888515
1515784159075069954
1515783415416557569
1515782144508923906
1515780720425242625
1515777771292659713
1515775527499362304
1515772886425821184
1515772164787474432
1515772085343191042
1515771145789734917
1515770999559503873
1515760483390816259
1515760368601100288
1515760226401546242
1515760180834668544
1515760017177149440
1515727941136646146
1515724037472722944
1515723843398103041
1515722467288907776
1515715573329858564
1515715483131129863
1515712237901688836
1515712153713623045
1515711963589857280
1515711863241199620
1515710530761244681
1515703852238053377
1515585898427351042
1515585582155460614
1515517229709742080
1515517200580288514
1515512240069242883
1515420379128295424
1515407587839160320
1515401244910649351
1515400618390654978
1515400436462673920
1515400404560871424
1515400327599562753
1515399779739582466
1515396565812142081
1515396497340190721
1515396439911780354
1515396417149276160
1515396360362594306
1515396303542390784
1515396264187228161
1515396226677583874
1515396177851654153
1515396126915977216
1515396083127488512
1515396019315359744
1515395974318886913
1515395934305234944
1515395823026155520
1515393861362728965
1515393827170762752
1515393802151759872
1515393721956646914
1515393696702730240
1515393649009311746
1515393597155147776
1515393556487172096
1515393518356770816
1515393478833827843
1515393440158142464
1515393395614629892
1515393370054488064
1515393345543057409
1515392827886227456
1515392769572814850
1515392036353949697
1515391781793251330
1515391780446826498
1515384905550610432
1515379977604132865
1515377895702626304
1515374199639924738
1515371913555546113
1515371878851907589
1515371765513351170
1515371625117466627
1515371492871077888
1515371425858658310
1515371349321027588
1515371313929486338
1515370334261633028
1515370118133420034
1515366862036606986
1515366806487068672
1515366694960594949
1515366658180718594
1515366623917469698
1515366549028159488
1515366376373850112
1515366324033052672
1515366070239997961
1515366011486105602
1515362738804957191
1515360253449158659
1515360207580278787
1515360135580827650
1515360052265164802
1515360015724343296
1515359995092635648
1515359962364448770
1515359884648144898
1515359821440028672
1515359729677074434
1515359609577373698
1515359489637040134
1515359362616725504
1515359274431500289
1515359169762652162
1515359133876121602
1515359067933347840
1515359027470893063
1515358976598175747
1515358893240512514
1515357354476273665
1515356590555090949
1515356253236523013
1515356175239327747
1515356010323476488
1515355925749514241
1515355848486260737
1515355704940322825
1515355655044956166
1515355384612937738
1515355052138909696
1515352202210029571
1515349131073531906
1515349017722429444
1515348910285332488
1515348875237765121
1515348840370503680
1515348727258439684
1515348696568774656
1515348582919917568
1515348516540878849
1515348465190023169
1515348288861466625
1515348167180529666
1515348142748667909
1515348078642884610
1515348024091840513
1515347982530465794
1515347915216105473
1515347891853795333
1515347863869435912
1515347734097641473
1515342024379011073
1515340648043360260
1515340595820081152
1515222256175116288
1515222091544494080
1515216059447447553
1515215950659796992
1515215899610923009
1515215844132868099
1515215800151408642
1515215725912227842
1515215678441095170
1515215634220531714
1515215566490910724
1515215530063396871
1515215449432072196
1515215341525164032
1515215304766361600
1515215259379720194
1515215213011693572
1515215172280852482
1515215091817324547
1515215055612121088
1515215017276166145
1515214973986750468
1515214935038455810
1515214894412361730
1515214787680116738
1515214632272625668
1515214530179043330
1515214416521748484
1515214365208694786
1515214266004959232
1515214234145026050
1515213265185386498
1515210858917339136
1515193860342763524
1515191113581178880
1515187286752722948
1515187123694936064
1515187063586316289
1515187000889864192
1515186903015825411
1515185380500205570
1515184825166049281
1515181852226568193
1515181740448382977
1515181325526859778
1515181269423833090
1515181042784604160
1515180929924296706
1515180834776498181
1515180766321250305
1515179948331339783
1515179897513123840
1515179840269275138
1515179763689668608
1515179723705311238
1515179673386303495
1515179627236380673
1515179514241986567
1515179106526146561
1515178777231331332
1515178539292655617
1515178355502452740
1515178292373991428
1515178217056837632
1515178181753405444
1515177499562438657
1515177406692163584
1515177252719259648
1515177179956453377
1515177132229476354
1515175835619102723
1515175785748840451
1515175696015892480
1515175339642658816
1515175309259132932
1515175181261496322
1515175118321856513
1515175062835392514
1515175024969150468
1515174965229760518
1515174963111612416
1515174916898758657
1515174862729273344
1515174778331545604
1515174525788319747
1515174491428589568
1515174432305688581
1515174102780170245
1515174070484025351
1515173982659440640
1515173844662726659
1515173807828267009
1515173780498264064
1515173701955641346
1515173592249425925
1515173522217205763
1515173321872064518
1515173277274034182
1515173248471691267
1515173137532391432
1515173061678436352
1515172965213634561
1515172609066897411
1515172436811010052
1515172297501405184
1515172262667714561
1515171980776919040
1515171946459107332
1515171866389876739
1515164792180248580
1515164517910548484
1515164402827161602
1515164358195572739
1515164327363244037
1515164281314033666
1515164234543296512
1515164080176128003
1515163878069452804
1515163733466632193
1515163566323617793
1515163414254915584
1515163377366040583
1515162972183678976
1515162865023422469
1515162828566458370
1515162670562885638
1515162605874126849
1515162466581299201
1515160413033287680
1515160204941221888
1515159900619350018
1515159826237517824
1515159771648651266
1515159724836069379
1515159669211160578
1515159633907765248
1515158953834934272
1515158862621392898
1515158803158732801
1515157958694301702
1515157803073040386
1515157732415840257
1515157457936728066
1515157415628443649
1515157380798967808
1515157343608049664
1515157281880510467
1515157238276497412
1515157204256452612
1515157161764028420
1515157116293566466
1515157067991900164
1515157030255808512
1515156970457628674
1515156928510369798
1515156883648049154
1515156847795204097
1515156805629857796
1515156754589380612
1515156692132057089
1515153574946238468
1515153480360464386
1515153453596643331
1515153312584134658
1515153264638976004
1515151635227373571
1515151192120193024
1515151049081905152
1515149281774104576
1515148492326375427
1515146880388280324
1515146266451226630
1515145917761941505
1515145897209786372
1515145491503149057
1515118630228307968
1515118078329163779
1515118022465253376
1515117992094285825
1515117933894135816
1515117843448164359
1515117817988726784
1515117764947546112
1515117744529702912
1515117720827678720
1515117686727999489
1515117652963782657
1515117632285929474
1515117585724968960
1515117520713179140
1515117465872715778
1515117374927634434
1515117361786875909
1515112615646695425
1515112568917954560
1515111929798283267
1515110432444321794
1515110306451628035
1515099838160900099
1515092365555363846
1515088671778607105
1515084530339627010
1515084493899505664
1515084466129055744
1515084414232903680
1515084326160855040
1515084258729074690
1515084164340453377
1515084129574043649
1515084073026285570
1515083927320350721
1515053772552093699
1515052952561483776
1515051872041652226
1515051286504239107
1515050014694805512
1515049513735516162
1515042245119946752
1515040459285884929
1515039555275034628
1515039524199436289
1515039382620704770
1515038514282262530
1515036130378346496
1515035948119035905
1515033499333533701
1515032597570932736
1515022435220787201
1515019937630195718
1515019136404897795
1515017422700367873
1515016717293920256
1515015525314662400
1515005780201811973
1515005528749101062
1515005464316198922
1515005268928921601
1515005161751515143
1515005058219483146
1515004841298333700
1515004572724518916
1515004445851099145
1515004425739575300
1515004389265530885
1515004084113518602
1515004043151933441
1515003861253062661
1515003217326731268
1515003013919920128
1515002871313571846
1515002257909039106
1515000430371262465
1514998312021110784
1514997566940852226
1514994743125549064
1514994597977464833
1514994057277325312
1514993214637457415
1514991269612646400
1514991112213209097
1514988027118243841
1514988009220837382
1514987977067450374
1514987949405974529
1514987897534959628
1514987861560467461
1514987773245100032
1514979701344768011
1514979628787843081
1514979608537362432
1514979477423419392
1514979347660087297
1514977847823126531
1514977813794803712
1514976898408800260
1514976873779892226
1514976841622343684
1514976546502578178
1514811000461008905
1514810942663454734
1514810826082848769
1514810446636732417
1514810392920264711
1514810342529851402
1514810178415202309
1514810002510254089
1514809875179606016
1514809795689156611
1514809725203869696
1514809658413776896
1514809615019511809
1514809561894424586
1514809510862282756
1514809264128155659
1514809223229554698
1514809167864729604
1514793184664047629
1514792853284696071
1514792852923985921
1514792795076132865
1514792776436649984
1514792776239489025
1514792757100834823
1514792736758517764
1514792717909299225
1514792644399968267
1514791744985919491
1514791308681834509
1514790516403056646
1514790491992170504
1514790197451378694
1514790071966187524
1514789963899932676
1514789928068005888
1514789900075220993
1514789855598821396
1514789815723593732
1514789737684340743
1514789694524993545
1514789466958823428
1514789448591970309
1514789440006238220
1514789271760121857
1514789231746424833
1514789025432817666
1514788971393404929
1514788950606430215
1514788920516435977
1514788641792425990
1514788443313741827
1514788389769293836
1514788235892838404
1514788188966973451
1514788167496306710
1514788141751627780
1514788051561582595
1514787962151604227
1514787539072086031
1514786344253370371
1514786045690146825
1514786031198871559
1514761295056187417
1514757865973592071
1514755732507308046
1514755586243538958
1514755496191803393
1514755439132520451
1514755250938294303
1514754323300855815
1514751917339013121
1514751899752312833
1514751858476167187
1514747952421515273
1514746952071622667
1514710013717090305
1514709918569304072
1514709277285388309
1514709218753875975
1514709171844780035
1514709108309463051
1514708994069204992
1514708851278319632
1514708817023438858
1514708343595569154
1514708322259144724
1514707853122048008
1514706972750221332
1514704310432534547
1514703424863965187
1514703324460716036
1514703269758603285
1514702864899215379
1514702539412836373
1514702490859573261
1514702393715298313
1514702337079611400
1514702302707290153
1514702264107110408
1514702207391731722
1514702181114417167
1514702156087005200
1514702138173132805
1514702023651856391
1514701968714846210
1514701103669022746
1514700976560640019
1514700833467764757
1514700745353826312
1514700482693926913
1514699988932071426
1514699949195235331
1514699912440549393
1514699869654454284
1514699847286231049
1514699802331680784
1514699724795777059
1514699641945690121
1514699609003626508
1514699495585452041
1514699121034072064
1514699052922802195
1514699032924360706
1514698959461126158
1514698932391010306
1514698905786626049
1514698884966092808
1514698826447089665
1514698779647119363
1514698742133264392
1514698561086103552
1514698452151595009
1514698426126012421
1514698397059485724
1514698289840492557
1514698256764211205
1514698148156903449
1514698119228788746
1514697965406883849
1514697932938760192
1514697882141560849
1514697497289003021
1514697126386700314
1514697084166836234
1514696382350725123
1514696302986104836
1514696251530350592
1514696219691421705
1514696167879184391
1514696126846308352
1514695978737037313
1514695902002253829
1514695783777406983
1514695756078223367
1514695503883104257
1514695439873839109
1514695305958068224
1514695211431043072
1514695130153848861
1514695097908011010
1514695063569563648
1514694902658973696
1514694878436872192
1514694829418057729
1514694729736228875
1514694635532144640
1514694535174975490
1514694425531748355
1514693977546526720
1514693892746088462
1514693832251641866
1514693800798556171
1514693733723172865
1514693575006588931
1514693429833318401
1514693215269531649
1514692968556347393
1514691186597924866
1514690718593290245
1514689830088708105
1514689798224580615
1514689741723111441
1514689712274903051
1514689680121368583
1514689646692765705
1514689508616278036
1514688846847381515
1514685690541326349
1514685657704120321
1514685607410221057
1514685324928040980
1514683429727584272
1514682704549199884
1514682353351737352
1514682168169021453
1514681568421298190
1514681007844179970
1514680042340565026
1514679863520608280
1514679621257609230
1514679351630970882
1514679306579951644
1514679159691231244
1514678867113361433
1514678616927322115
1514678522169606158
1514678221324763156
1514678081943846923
1514674070582804484
1514672690333827075
1514672317439217664
1514671790869516289
1514671664449011713
1514670991833804812
1514670778238705666
1514670710412644354
1514670582410858497
1514670324452761601
1514669136953032714
1514668008127406082
1514667051515740167
1514666790168662016
1514666345140424704
1514665342466859008
1514665212267311108
1514664712461447169
1514663908342046735
1514663699889332268
1514663085906141184
1514661935790235657
1514661640104386590
1514660554190692363
1514660058428153863
1514659362005954566
1514658490635067415
1514658357570772996
1514658274162843666
1514658192378109953
1514658170936827910
1514658137264955409
1514658113416142862
1514657827322667020
1514657807894650884
1514657650541142030
1514657597420232706
1514657576289378308
1514657552214073379
1514657465429729295
1514657421087547393
1514657391605784589
1514657275851382799
1514657212504821760
1514657144196374547
1514656990462550024
1514656092441092105
1514656070135783448
1514656034253512727
1514655887142494226
1514655510116507679
1514655280369311759
1514654928454623249
1514653811284975644
1514653617050951706
1514653514504413192
1514652747101999104
1514651959654948877
1514650940002893824
1514649477923020824
1514648299055185921
1514648219472437258
1514648199138451466
1514648146344775681
1514648054183305219
1514647777006919696
1514647746954739715
1514647701035515906
1514647589467004950
1514647545305198594
1514647509565513731
1514647455907811328
1514647402526875651
1514647301989445633
1514647282129408001
1514647246519758849
1514647200751493140
1514647135685210113
1514647106375458823
1514647061718700036
1514647027015053313
1514646582376865793
1514646475954802691
1514646424373239818
1514645942644797441
1514645324165312514
1514643633210740737
1514643476205367296
1514643290305441793
1514643267589054473
1514643213016920065
1514643074655277060
1514642840743125009
1514642607246233600
1514642319944740864
1514642042181218307
1514642016394616839
1514641997331529728
1514641836723167234
1514641728585670659
1514641633228193794
1514641613246525441
1514640873182556162
1514640853624496137
1514640787388047367
1514640767326699522
1514640736561471501
1514640708388368385
1514640686100148224
1514640654181175298
1514640631657730050
1514640595184103424
1514640574904557572
1514640547389972484
1514640525852246016
1514640490456444928
1514640462316941312
1514640437629255680
1514640416821243906
1514640387310174210
1514640368494518280
1514640332465397763
1514640302681649153
1514640260239532040
1514640238169141252
1514640210272825344
1514640168002592769
1514640132237762563
1514640109458497538
1514640085811011596
1514640010707804164
1514639980731150336
1514639943020081152
1514639905413996549
1514639854004449286
1514639826112303111
1514639803005898754
1514639690942492672
1514639668146409473
1514639648127000577
1514639625754603527
1514639580669964288
1514639547048423427
1514639522734039040
1514639490001752066
1514639454144634885
1514639411295662080
1514639394132533260
1514639373010370560
1514639344656551941
1514639304508674053
1514639284447297536
1514639038770077697
1514638738176942093
1514638353383124992
1514637182941638657
1514629501648400384
1514465366004559873
1514465232541806595
1514465032121184258
1514460463223910403
1514460123330088960
1514459989447897090
1514459895734497291
1514458532447354881
1514457319823663104
1514455493078515712
1514455284017610752
1514452684991975425
1514452236469878786
1514450932532068353
1514450026935713800
1514449722047561729
1514449391171506177
1514449165018836993
1514448520748539909
1514447415822090244
1514445318384889856
1514445125698539524
1514445101946138624
1514445038708674560
1514444801273344005
1514444577813409795
1514444082050785286
1514442502723407878
1514442225857429508
1514441872277602306
1514441301340479491
1514440907990261761
1514440444821663745
1514417684640804867
1514417651652567041
1514417535696859140
1514416532469661696
1514414426291539970
1514409142290509825
1514408755626070020
1514408150937464834
1514407188298547202
1514407075144617984
1514406732574838788
1514406661556895744
1514406502722797570
1514378672098009090
1514371047172165634
1514369909928595461
1514369735244218372
1514369700083355653
1514369666268819459
1514369616545341442
1514369587571159043
1514369545175465984
1514369507438985217
1514369476237488130
1514369449419182080
1514369427948466177
1514369401767661568
1514369364463538177
1514369338748248065
1514369298441023488
1514369269139591169
1514369228110852096
1514369192933269506
1514369149832630273
1514369116550828032
1514368760710242304
1514368157921648643
1514368138346840067
1514365642580799490
1514353664239935489
1514352522483314690
1514349854390034433
1514348505535459329
1514348478561865729
1514348440896958468
1514348386983444480
1514348316347097091
1514348280540393474
1514348254304956419
1514348221065093122
1514348198227181568
1514348068484775940
1514348042899517440
1514348015766552577
1514347981662683139
1514347943783849984
1514347892676325376
1514347777622302730
1514347745590460421
1514347708722548737
1514347668742443009
1514347645304643585
1514347609355284482
1514347507454648322
1514347446670745601
1514347422188670979
1514347330337529861
1514347253959467012
1514347213828157444
1514347154038435840
1514347066146795524
1514346986127822848
1514346964145500162
1514346922005319680
1514346803205877760
1514344365027577856
1514343221886783489
1514340675822620673
1514340505722646529
1514338663332651010
1514337497001594886
1514336348819189763
1514336257966436353
1514335103836635147
1514333781007560704
1514332374091264004
1514331790697185284
1514331769348059136
1514331589613744131
1514330782495477762
1514330687859437568
1514329309388820482
1514328349673287681
1514327944583286784
1514327851427790852
1514327689095630848
1514327671236272131
1514327641620242437
1514327616563548162
1514327490818310145
1514327133299961858
1514325274757787652
1514323241526910978
1514323239152984064
1514322830044774400
1514322719688462337
1514322623823450115
1514322108540604416
1514321557803266049
1514321471526514692
1514320967291457540
1514320824471199750
1514320779982254081
1514320716186927104
1514320657173016581
1514320587581452289
1514320495339982852
1514320430105956354
1514320363735314433
1514320314720612356
1514320217555439618
1514319956191576068
1514319931026067456
1514319831721406464
1514319515588255744
1514319356598972417
1514318496401788928
1514317024872185859
1514316216835342340
1514315240782983168
1514314170702786565
1514314120555687938
1514312231638380546
1514311962825437191
1514311356933058562
1514311252352282624
1514310292368334848
1514309463183818752
1514306814325665796
1514306332643393541
1514306279501545472
1514304579374002181
1514303616609267712
1514302188331290629
1514300953150705668
1514300819335647235
1514300465520939014
1514300357588881408
